/*--------------------------------*- C++ -*----------------------------------*\
| =========                 |                                                 |
| \\      /  F ield         | OpenFOAM: The Open Source CFD Toolbox           |
|  \\    /   O peration     | Version:  2306                                  |
|   \\  /    A nd           | Website:  www.openfoam.com                      |
|    \\/     M anipulation  |                                                 |
\*---------------------------------------------------------------------------*/
FoamFile
{
    version     2.0;
    format      ascii;
    arch        "LSB;label=32;scalar=64";
    class       volScalarField;
    location    "0.5";
    object      gradTx;
}
// * * * * * * * * * * * * * * * * * * * * * * * * * * * * * * * * * * * * * //

dimensions      [0 -1 0 1 0 0 0];

internalField   nonuniform List<scalar> 
5712
(
-9223.3
-11830.7
-21295.9
-31663.9
-32531.9
-55866.7
-24413.1
-61508.5
-19451.5
-42604.8
-29079.1
-44577.4
-25688.1
-34421.8
-11437.4
-13284.7
-21849.6
-25000
-27477.2
-27413.8
-20985.2
-25183.4
-30547.9
-27237.5
-7906.24
-6322.36
-9798.03
-6955.62
-18594
-15598.2
-31240.1
-23577.2
-24031.3
-25137.2
-27918.7
-27564.2
-10771.2
-8058.98
-54849.9
-73404.8
-36211.1
-44277.8
-71043.7
-92536.4
-37299.8
-42801.4
-42048.8
-59369
-37702
-49485.3
-22634.9
-35885.5
-4666.4
-1616.93
-4867.93
-1796.85
-13991.9
-5799.55
-18835.8
-7132.77
-14164.2
-5442.41
-14315.8
-4745.77
-23865
-7831.03
-30767.9
-10679.4
-32385.7
-16845.8
-30198.4
-17971.1
-28663.5
-18466.3
-25825.8
-18538
-25479.6
-15733.3
-25467.9
-13935.6
-31561.6
-19656.2
-31854.7
-19766.4
-27675
-19460.5
-28148.3
-19416.7
-27573.4
-17722.5
-28624.4
-18124.9
-26820.9
-12470.7
-13837.1
-17864.4
-26641.9
-13709.5
-12337.1
-18276.2
-28505.1
-12311.5
-15392.7
-17895.9
-30042.3
-12588.3
-16561.4
-18580.5
-5956.11
-6497.62
-2091.23
-4398.44
-16999.3
-17883
-7067.22
-13331.8
-21573.6
-23150.4
-11793.7
-20354.1
-12155.4
638.406
-16870.4
-23696.7
-14609.1
1269.29
-5785.12
-15553.3
-27205.8
-23222.3
-12400.1
-16540.6
-16497
-16059.3
-26223.9
-5220.15
-3878.74
-3141.52
-2939.69
-14264.4
-10722.1
-9564.1
-8589.33
-17148
-12520.6
-12624.2
-10583.2
-4703.11
-6159.81
-10845.3
-11256.8
-16901.5
-14483.4
-20154.7
-15953.7
-16856.2
-13586.7
-9520.59
-8266.93
-13514
-8325.27
-13939.2
-7945.96
-13712.9
-7585.5
-18205.1
-10650.1
-11749.5
-3186.68
-10900.7
-9390.1
-13137.3
-14422
-14694.9
-18619
-10027.9
-8556.95
-11638.4
-1430.21
-9982.9
-15518.7
-9569.6
-16867.2
-14631.6
-23289.8
-14822.4
-25018.2
-8999.67
-14866.1
-8481.62
-16058.8
-13123.1
-7931.19
-19210.7
-6682.09
-12445.2
-495.631
-16579.2
181.596
-12916.4
-12132.4
-20098.4
-8488.44
-11266
-14363.9
-18342.9
-10976.5
-2613.37
-1956.71
-1337.79
-1982.98
-1546.57
-1119.9
-7346.28
-4576.57
-2975.81
-5369.09
-3244.24
-2128.32
-7839.02
-5064.5
-3871.42
-6345.86
-3750.19
-2856.66
-4387.83
-2659.92
-2124.83
-8611.58
-4414.24
-2819.17
-9758.75
-4983.6
-2919.75
-10366.7
-5856.44
-3995.34
-8764.31
-4251.61
-2503.95
-11749.6
-7382.77
-4667.4
-9007
-5545.27
-3154.48
-9647.54
-5476.44
-2872.05
-9536.93
-5113.63
-2559.01
-11911.3
-5414.43
-2099.77
-12147.1
-15768.9
-10132.6
-12530.3
-14679.7
-20407.2
-13700
-18729.4
16.1138
-634.61
474.702
-218.537
-3063.9
-3083.06
-1545.12
-930.603
-1483.2
-3044.89
-10209
-14062.5
-6189.69
-3988.85
-12021.7
-12086.2
-19925.5
-22060
125.361
4026.91
-8528.07
-7948.11
-7194.91
-5448.88
-1001.99
-514.529
-819.017
-432.543
-2169.88
-317.38
-301.023
273.816
-8878.34
-1987.37
-6550.89
-1720.06
-8899.29
-2510.37
-10504.4
-2927.31
-10765.3
-12138.2
-9850.82
-11822
-17843.4
-17012.9
-16998.8
-16067.7
-6215.07
-8362.8
-7157.62
-8310.55
-10306.8
-11412.9
-11114.8
-11372.7
-17756.6
-15796.1
-18492.9
-15712.1
-6175.31
-8081.53
-6496.43
-8069.13
-28.5231
-686.814
-5382.55
-2279.93
242.071
-430.909
-4958.97
-1988.69
-323.982
-858.936
-5457.33
-2467.94
-524.277
-941.457
-5359.42
-2470.74
394.009
449.796
-160.234
5.99167
1849.25
1723.26
67.7225
280.885
136.504
1015.52
-1018.71
-436.787
8366.67
9578.2
3941.03
2765.4
393.531
10335.8
8967.12
2859.18
3904.43
689.739
-11166.2
-8078.15
-6068.03
-4615.49
-1898.87
347.086
241.144
49.1679
43.4158
1184.9
859.687
182.958
142.226
1216.27
1157.81
-119.297
-52.5886
4158.72
1124.17
5698.03
2635.69
1912.07
992.85
2035.87
1332.12
75.6129
-147.936
-4194.07
-2382.61
-1681.85
133.653
-1138.42
121.116
-986.01
-113.021
-513.898
-385.073
-4896.77
-3750.9
-8706.89
-4822.43
-8207.45
-6903.73
-12075.7
-8693.27
-5813.65
-3043.33
-3058.95
-2458.38
-10100.8
-4290.24
-10911.7
-4719.22
-13334.2
-8967.42
-14063.1
-9643.22
-6977.4
-2585.85
-7643.8
-2912.32
-3504.33
-2143.56
-1477.62
-1814.05
-2187.64
-1874.26
-1217.26
-1657.95
-4021.97
-2071.32
-1637.49
-2074.82
-4861.69
-2211.8
-2283.29
-2096.75
153.188
110.32
103.764
16.7809
37.1627
35.0674
579.23
433.284
356.053
66.5937
112.355
96.2909
867.593
660.65
526.967
-79.6298
116.476
127.962
239.211
219.184
30.9587
1120.67
969.04
742.289
721.682
674.64
568.826
915.383
722.273
575.624
-256.605
34.528
57.0668
-3029.74
-1509.13
-743.574
-183.053
239.092
385.434
-80.7039
304.769
400.987
-75.5388
248.058
297.692
-501.167
35.0766
88.2459
-12.1734
-3.43658
-0.8005
1.10016
74.3475
23.9334
12.4799
6.44783
-54.4413
-15.8647
8.368
10.0596
90.4318
29.9935
32.3142
18.9246
-177.791
-46.0859
11.8806
21.2063
-77.7446
-13.1087
10.3802
10.0662
-102.901
-17.9184
-4.96356
-1.09168
-164.81
-39.2045
0.7137
5.82439
-496.779
-128.812
-33.8669
-4.1472
-618.842
-153.442
-50.1751
1.73061
-351.503
-86.3552
-13.2956
11.1357
-508.619
-122.937
-48.7513
-2.28298
-519.387
-135.663
-24.2692
4.27022
-684.076
-173.207
-53.3008
4.8068
-535.115
-143.561
-20.8418
9.10455
-715.834
-185.031
-56.9088
4.19009
-8.98948
-3.50723
-0.0708723
2.05142
12.0468
3.29229
-1.12862
1.57249
0.786099
-2.42932
5.67442
8.09964
57.9509
16.1504
0.313499
5.17361
-205.466
-57.7501
-8.34368
9.14011
-94.3292
-23.9907
-10.0269
7.44407
-77.1776
-11.7352
6.26226
13.939
-22.8803
-0.697143
-9.98795
6.81812
-431.238
-102.532
-41.4196
6.30089
25.9058
8.2977
2.17897
2.20471
48.6738
15.2181
4.43862
1.71491
52.6506
17.8917
1.86207
4.48666
128.333
40.4631
10.3962
4.06398
24.6625
13.5866
-1.0871
6.14782
172.015
56.0572
14.6193
5.78313
-45.5993
2.36162
-4.284
8.32446
148.732
57.2519
14.9198
6.19886
-206.379
-31.0242
-22.7962
2.85522
59.8888
42.3735
8.83468
4.61668
-461.784
-88.9633
-37.4123
0.194764
-143.059
-14.5768
-4.98984
0.24596
-353.39
-59.0995
-32.209
-0.127428
-70.3872
9.86738
1.56493
2.47194
-540.809
-113.135
-42.6369
-0.0636748
-193.495
-31.8483
-8.58847
-0.995304
-585.26
-129.302
-46.7381
-1.65065
-226.26
-43.7222
-11.4677
-1.96277
0.782085
0.241087
0.0706074
0.0207421
0.00734998
1.27762
0.371968
0.109732
0.032616
0.0116696
1.85941
0.53344
0.155725
0.0459641
0.0163625
2.47563
0.746555
0.226358
0.0683572
0.0247121
2.31275
0.633793
0.185283
0.0550326
0.0196984
2.89146
0.924885
0.285353
0.0869914
0.0316563
1.10201
0.398882
0.128052
0.0399325
0.0147756
0.722467
0.210995
0.0652244
0.0203249
0.00756576
1.72852
0.57437
0.176042
0.0533899
0.0193681
0.673672
0.218989
0.0670055
0.0203423
0.00739168
2.51018
0.74623
0.223581
0.0671866
0.0242408
0.823176
0.250595
0.0745836
0.0222885
0.00801121
1.04782
0.32152
0.0985856
0.0301844
0.0110513
0.606969
0.173214
0.0528919
0.0162834
0.00599742
0.894124
0.19506
0.0530681
0.0157276
0.00570873
0.448974
0.0884975
0.022931
0.00669871
0.00242444
0.654368
0.196367
0.0563312
0.01626
0.0056849
0.631117
0.181853
0.0509341
0.0144402
0.00498238
1.80216
0.496955
0.140356
0.040513
0.0142052
1.74873
0.473931
0.13114
0.0372473
0.0129106
2.12207
0.563683
0.15936
0.0463418
0.0163606
2.35243
0.620721
0.172797
0.0496725
0.0174059
2.34327
0.646244
0.187536
0.0554405
0.0198074
1.75072
0.463399
0.130454
0.03788
0.0133772
1.17009
0.340503
0.100914
0.0301394
0.0108396
-32.4256
-319.828
146.207
-726.013
646.415
-819.531
1599.26
-391.631
2362.23
975.227
-434.921
-1463.78
1563.1
1268.62
-1308.71
-2622.16
-1850.17
-3063.72
-1300.82
-338.576
-91.9362
-29.5669
-14.0186
-322.998
-193.902
-34.2498
-13.0284
-7.42049
-4003.38
-1036.29
-282.575
-90.7604
-43.1768
-756.897
-270.817
-87.0715
-28.912
-14.5195
-6703.64
-1742.42
-478.024
-154.532
-73.6511
-1311.61
-481.357
-150.528
-52.3476
-24.9559
-8953.5
-2342.68
-648.964
-211.738
-101.55
-1641.94
-631.705
-200.921
-70.1941
-33.5033
-11159.1
-2960.14
-830.991
-274.535
-133.006
-1974.73
-800.759
-258.261
-91.031
-44.0048
-13206.8
-3642.11
-1048.29
-353.415
-173.575
-3273.42
-1144.17
-350.546
-120.292
-58.1008
-12300.9
-3364.03
-958.412
-319.86
-156.012
-2486.01
-959.294
-303.698
-105.788
-51.0328
-13625.1
-3775.75
-1093.13
-370.596
-182.674
-3728.4
-1255.33
-378.189
-128.325
-61.9723
-14206.3
-3912.99
-1136.39
-385.908
-190.425
-3894.2
-1310.53
-396.319
-128.474
-63.9816
-1058.2
-9605.59
-8740.26
-3114.94
1805.47
3063.83
8294.89
12447.5
1138.49
8837.05
-3679.61
1318.2
1977.49
5102.23
10621.8
15609.8
16158.1
20719.4
6609.59
8682.52
-17575.7
-11627
-1418.97
-697.845
-459.13
-547.447
-770.549
-9960.74
-7181.57
-6462.16
-5375.12
-3292.23
-2473.5
-3978.31
-1800.4
-1497.76
-1558.11
-1043.57
-16379.1
-6545.99
-1338.78
-2539.4
-4590.09
-2711.28
-2533.6
-1630.69
-704.021
-929.769
-1354.11
-1513.43
-16972.6
-9862.5
-9095.64
-5819.57
-4779.28
-5990.64
-1493.31
-1447.35
-2736.34
-10841
-7909.96
-5308.22
-3601.02
-2174.65
-6904.66
-4281.42
-2786.35
-1679.45
-673.437
-1173.04
-896.957
-616.28
-356.747
-116.959
-589.931
-461.229
-322.663
-188.685
-61.9322
-386.748
-300.782
-209.066
-121.513
-39.7227
-466.388
-367.43
-258.565
-151.666
-49.7996
-646.41
-500.835
-347.272
-201.71
-65.9824
-5616.76
-3620.92
-2276.5
-1527.78
-1127.7
-3387.59
-2065.99
-1156.4
-720.516
-395.267
-3799.96
-2188.17
-1338.67
-768.139
-305.682
-2503.57
-1455.76
-805.964
-449.21
-199.3
-1411.6
-778.126
-410.619
-214.859
-81.0861
-1815.87
-1240.66
-775.803
-422.766
-136.812
-2573.83
-1589.45
-960.356
-521.071
-175.539
-1109.26
-641.898
-363.174
-184.274
-58.186
-1153.02
-819.254
-526.906
-290.952
-93.5057
-1157.63
-794.492
-494.517
-265.82
-84.0729
-814.513
-585.487
-379.333
-209.793
-67.0996
-9605.01
-6264.02
-4102.64
-2687.56
-1768.47
-4382.29
-2871.14
-1834.98
-1056.78
-402.598
-1036.11
-742.637
-483.132
-270.262
-88.223
-1993.16
-1452.27
-960.815
-545.455
-180.277
-3462.06
-2456.79
-1604.25
-913.793
-313.396
-2135.97
-1564.74
-1042.09
-595.466
-197.643
-2030.09
-1509.61
-1016.39
-583.438
-192.632
-1324.93
-995.124
-673.254
-385.988
-126.336
-570.775
-425.967
-285.159
-161.396
-52.1624
-771.963
-591.319
-405.628
-233.769
-76.2129
-1077.19
-790.484
-522.97
-294.636
-95.5712
-1225.46
-916.568
-617.27
-352.438
-115.075
-10342.4
-7250.74
-4870.25
-3191.83
-1922.35
-6218.93
-4004.68
-2612.47
-1559.88
-634.256
-6020.73
-4210.75
-2690.1
-1586.57
-627.105
-4180.24
-2848.3
-1860.82
-1078.88
-386.411
-3657.07
-2632.44
-1739.08
-998.307
-341.182
-4268.57
-2896.51
-1883.38
-1087.42
-384.572
-1184.94
-870.887
-579.79
-330.156
-108.67
-1200.01
-918.588
-630.527
-364.045
-118.927
-2190.21
-1623.92
-1089.25
-622.922
-204.876
-8199.28
-16866.2
-17117.6
-47820.7
-16166.7
-61206.2
-9016.53
-21934.9
-16445.6
-12794.3
-28067.2
-23372.5
-15564.9
-13967.1
-30213.1
-23320
-6208.84
-4770.91
-12285.8
-8781.02
-13916.8
-10673.8
-37976.8
-28971.6
-22354.5
-16440.9
-23823.1
-14299.8
-1793.03
-5980.78
-58175
-74869.5
-35204.7
-44212
-73890.8
-93813.2
-36081
-42535.6
-44743.7
-60783.6
-36865.4
-49624
-25576.3
-37367.6
-3243.54
-912.852
-5728.13
-1994.35
-10986
-5134.4
-22235.6
-8225.69
-5242.92
-3053.5
-11947
-3920.38
-24224.2
-7840.74
-31226.4
-10814.9
-21445.7
-11989.5
-26029.6
-15543.6
-17923.8
-13190.4
-21570.1
-16018.7
-22560
-13789
-17544.7
-10162.1
-30029
-18583.3
-31494.9
-19477.4
-25992.3
-18341.8
-27699.7
-19113.3
-26620.8
-16854.6
-28432.9
-17889.6
-25776.9
-12254.9
-12606.6
-17608.9
-22877.9
-12742.6
-9986.01
-17691.2
-28463.9
-12353.7
-14851.1
-17801.8
-30136.5
-12636.1
-16423.6
-18560.9
-1903.35
-1866.68
-582.373
-2565.8
-7661.19
-8271.12
-5193.46
-10981.2
-5527.44
-6661.9
-8665.87
-16560.8
-13345.4
-8751.24
-12807.3
-17198.3
-13085.4
-6224.54
-7991.32
-10295.7
-19685.9
-21235.9
-14453.2
-14175.2
-11931.3
-11691.6
-24667.9
-2070.64
-1505.44
-1332.76
-1461.42
-7223.6
-5433.28
-6666.31
-5827.4
-2538.58
-765.274
-8338.44
-6541.78
-8863.19
-9009.78
-8835.72
-8040.92
-9216.17
-6564.43
-12539.9
-9483.78
-14322.6
-10926.8
-11615.6
-9944.86
-11328.3
-6801.55
-9870.23
-5066.33
-10153
-5115.65
-16965.1
-9277.98
-10038.6
-3179.66
-9563.5
-8911.05
-12660.4
-14761.4
-13665.7
-18163.8
-8752.73
-8125.29
-9696.72
-1341.19
-9248.46
-15144.5
-9341.9
-16739.1
-13940.8
-22870.5
-14594.2
-24851
-8334.74
-14589.5
-8280.71
-15966.9
-12350.5
-7724.14
-19090.5
-6702.3
-11131.1
-720.325
-16454
-577.125
-12531.2
-11984.9
-20047
-8453.72
-11139
-14315.1
-18324.4
-10971.9
-1345.29
-1214.6
-1160.49
-1290.72
-4050.59
-3042.1
-4120.77
-3751.53
-0.595963
-736.596
-4814.39
-4891.95
-8256.41
-6801.17
-7259.42
-5266.78
-5127.58
-3731.13
-7401.37
-5717.04
-8963.92
-6220.94
-14045.9
-10165
-7495.91
-4771.2
-7104.25
-3843.39
-7020.92
-3168.09
-8795.55
-2583.78
-5908.37
-9278.24
-5043.75
-10092.1
-10111.7
-11874
-11758.3
-15719.1
-853.014
-454.966
-387.93
-210.023
-3310.26
-1860.43
-2330.87
-708.135
-718.613
-1376.51
-7931.35
-8106.08
-3404.56
-2789.48
-10498.5
-11563.4
-18254.7
-21518.7
698.696
4220.29
-7131.19
-7408.26
-6331.21
-5147.53
-725.639
-557.216
-695.284
-500.986
-1233.67
-482.917
-98.5238
80.3449
-6360.17
-2120.95
-5468.44
-1719.45
-7965.66
-2411.89
-10093.5
-2861.42
-5497.79
-9622.73
-7611.97
-10340.5
-9797.25
-12609.1
-13651.8
-13905.6
-4888.62
-7539.19
-4114.68
-7271.55
-9148.31
-10670.2
-10744.1
-11155.3
-16227.6
-14798.9
-18037.3
-15433.9
-5431.32
-7614.22
-6236.31
-7923.13
198.148
-722.053
-5119.92
-2307.13
239.215
-678.239
-4914.29
-2142.15
-100.07
-851.163
-5250.39
-2456.91
-416.331
-930.217
-5287.37
-2463.19
-699.986
-692.562
-537.321
-484.565
-1377.67
-1282.21
-589.63
-510.946
-6102.4
-5159.65
-1923.6
-1678.97
-2689.38
-3790.68
-2989
525.736
-353.855
-52.7722
-692.803
-3282.22
2042.6
101.656
-14823
-11061.8
-8260.32
-5683.44
-2369.77
-617.512
-465.917
-458.64
-450.131
-1173.81
-850.43
-593.866
-677.253
-4653.46
-3865.22
-1606.64
-1698.14
-3855.5
-5162.45
-2030.01
-3495.5
-3444.87
-3350.45
-304.807
-607.915
-722.221
-1047.4
-8751.29
-6127.83
-6041.18
-3712.85
-4267.23
-2614.08
-2812.24
-1689.49
-1159.13
-1033.13
-6182.33
-5334.25
-8667.04
-5140.66
-9076.12
-8428.85
-11633.4
-8861.31
-6004.26
-3348.44
-4191.71
-3647.23
-9833.91
-4351.8
-10793.4
-4700.25
-12838.3
-8893.96
-13878.5
-9575.01
-6894.8
-2685.72
-7587.84
-2916.27
-3740.17
-2368.27
-1677.5
-1999.79
-2996.53
-2643.69
-1639.33
-2090.69
-4052.33
-2163.94
-1710.92
-2156.71
-4850.31
-2226
-2296.9
-2113.34
-313.265
-272.059
-316.693
-266.571
-731.891
-804.091
-466.069
-415.479
-3288.81
-2757.35
-1048.33
-507.167
-5565.12
-4538.22
-3973.34
-3001.39
-2865.09
-2202.76
-842.485
-807.251
-961.648
-489.966
-6081.35
-4251.95
-3081.02
-2116.44
-2098.78
-1368.45
-1221.08
-706.009
-948.647
-72.7394
-54.0436
-18.6263
-6.13268
-0.596872
-2.02113
-4.51867
3.08968
3.52306
-157.76
-53.153
-2.5008
7.13538
-46.954
-24.5328
14.9633
13.5731
-307.416
-93.4603
-0.710257
18.961
-209.879
-71.7322
-11.4543
2.06384
-169.857
-51.2089
-18.2776
-5.83252
-186.387
-52.0507
-4.63277
3.8562
-551.273
-156.659
-45.9067
-9.23993
-653.059
-169.305
-56.5742
0.293421
-483.389
-134.04
-29.405
5.72331
-574.289
-146.287
-57.2286
-3.66994
-548.818
-153.951
-31.8931
1.63246
-700.396
-182.801
-57.7081
3.50246
-544.847
-150.479
-23.7954
8.06668
-720.605
-188.302
-58.4743
3.72418
-57.7652
-18.2906
-4.2743
1.12126
-46.5478
-12.8476
-6.2544
0.458039
-141.831
-44.7829
-5.71755
5.41867
-108.637
-30.1712
-13.9176
1.9759
-349.197
-100.282
-19.3961
7.1367
-296.59
-79.6222
-27.0795
3.98014
-335.149
-89.0783
-15.4627
8.65028
-253.383
-64.1206
-27.8919
4.64679
-560.515
-139.34
-52.7811
6.18987
-31.9041
-8.18806
-2.37802
0.987332
-10.2059
-2.67796
-0.504112
0.0723724
-99.4942
-25.1535
-11.0415
0.799185
-34.9646
-8.64289
-3.54393
-0.527357
-190.029
-46.0375
-18.9276
1.0878
-77.8241
-17.5731
-5.7308
-0.805766
-296.315
-68.341
-24.7531
3.10939
-146.762
-29.6139
-8.47195
-1.2238
-403.547
-90.0235
-41.9933
-3.00611
-199.779
-37.8931
-13.9222
-2.94022
-550.244
-123.916
-50.3034
-4.15368
-227.028
-47.0468
-15.8579
-3.76238
-510.545
-112.9
-50.5198
-6.03444
-233.07
-45.9101
-15.5216
-3.59012
-580.022
-131.015
-49.7958
-2.52105
-227.962
-47.1602
-14.069
-3.02809
-595.25
-134.434
-48.91
-2.41524
-234.13
-47.6835
-12.9858
-2.54521
0.166055
0.0127727
-0.00535686
-0.00353316
-0.00181964
0.173187
-0.0151897
-0.0167454
-0.00764186
-0.0035517
0.454499
0.0123193
-0.0174347
-0.00942043
-0.00459597
0.115533
-0.0910187
-0.0495584
-0.0200214
-0.00886693
0.628595
-0.000696779
-0.0258814
-0.0126041
-0.00593865
-0.239388
-0.172369
-0.0752826
-0.0286321
-0.0123529
-0.431069
-0.13688
-0.0494038
-0.0174283
-0.00720723
-0.0193373
-0.053347
-0.0234229
-0.00858478
-0.0035865
-0.184738
-0.0855012
-0.0399948
-0.0157588
-0.00692143
-0.04012
-0.0300239
-0.014849
-0.00591405
-0.00260312
0.000731344
-0.0991264
-0.0487231
-0.0192314
-0.00846517
0.0188183
-0.0212972
-0.0132991
-0.00562218
-0.00254657
-0.00615658
-0.0501415
-0.0246811
-0.00961429
-0.00417091
0.0199486
-0.0330757
-0.0153627
-0.00576426
-0.00244939
0.441374
0.0317764
-0.0017978
-0.0021467
-0.00117383
0.261871
0.0207189
0.000142002
-0.000730553
-0.000438804
0.193484
0.0218205
-0.00120773
-0.0019598
-0.00114988
0.12718
0.0172626
-0.00034559
-0.00140036
-0.000886927
0.519652
0.0359558
-0.00878239
-0.00644488
-0.00339848
0.36712
0.0320199
-0.00575097
-0.00503606
-0.00278743
0.723108
0.0377799
-0.0130133
-0.00828368
-0.00420002
0.423039
0.0100317
-0.0164936
-0.00902539
-0.00448083
0.180145
-0.0546141
-0.0334149
-0.0138989
-0.00626842
0.171324
-0.0201696
-0.0183291
-0.00825423
-0.003857
-0.0875287
-0.0521253
-0.0219972
-0.0084222
-0.0036795
155.786
-173.144
562.624
-391.005
1089.6
-451.52
1856.58
-167.259
2363.54
884.787
-382.063
-1485.68
1478.15
947.662
-1250.42
-2595.88
-1828.45
-3050.13
-1292.79
-340.213
-92.686
-29.7732
-14.073
-305.762
-191.842
-33.9509
-13.0167
-7.44842
-3991.46
-1042.58
-285.05
-91.4262
-43.3575
-722.172
-266.675
-86.5317
-28.8402
-14.5212
-6701.42
-1754.17
-482.182
-155.63
-73.9489
-1284.43
-478.977
-150.313
-52.3502
-24.968
-8980.65
-2360.1
-654.338
-213.088
-101.904
-1652.21
-634.368
-201.388
-70.2766
-33.5207
-11241.5
-2985.09
-837.522
-276.075
-133.4
-2036.06
-809.543
-259.501
-91.2176
-44.039
-13317.5
-3667.63
-1053.95
-354.624
-173.861
-3296.45
-1149.44
-351.472
-120.45
-58.1261
-12426.7
-3393.01
-965.096
-321.335
-156.373
-2550.82
-968.814
-305.047
-105.981
-51.0636
-13698.5
-3792.79
-1096.83
-371.376
-182.855
-3733.55
-1257.45
-378.626
-128.411
-61.9896
-14232.8
-3919.08
-1137.72
-386.19
-190.494
-3894.85
-1311.11
-396.464
-128.497
-63.9898
-779.466
-9318.76
-7908.28
-2366.48
-1786.15
-794.641
-4092.83
-2515.88
-8161.33
-7489.04
-4029.47
-2881.59
-14.3451
-28.9212
-65.1256
-139.061
-278.381
-522.762
-12.278
-34.8425
-91.7402
-206.259
-408.961
-726.037
-9.32412
-3.90771
-20.6332
-12.1496
-49.4691
-35.2159
-110.011
-89.9912
-214.494
-179.978
-402.475
-308.986
-887.616
-1364.16
-2003.9
-4039.98
-5617.8
-6862.46
-1152.07
-1625.61
-2035.97
-2329.57
-2501.07
-2571.13
-12.5708
-10.2432
-7.45688
-4.4913
-1.49558
-25.2645
-20.5067
-14.8679
-8.92548
-2.96671
-56.6867
-45.8102
-33.0644
-19.7779
-6.56099
-120.498
-96.8567
-69.5322
-41.417
-13.7086
-239.77
-191.377
-136.451
-80.8603
-26.6935
-446.458
-352.978
-249.453
-146.895
-48.3509
-10.7379
-8.72832
-6.33784
-3.80938
-1.26703
-30.3617
-24.5704
-17.7597
-10.6354
-3.5303
-79.6431
-64.1621
-46.1668
-27.5489
-9.12708
-178.225
-142.79
-102.184
-60.7225
-20.0741
-351.284
-279.525
-198.729
-117.525
-38.7592
-618.977
-488.429
-344.587
-202.686
-66.682
-8.18545
-6.68464
-4.87755
-2.94331
-0.981137
-3.43387
-2.80776
-2.05142
-1.23924
-0.413335
-18.0634
-14.7009
-10.6879
-6.43043
-2.14
-10.6526
-8.68607
-6.32762
-3.81318
-1.27011
-43.1656
-34.9883
-25.3309
-15.1887
-5.04519
-30.7807
-25.0016
-18.1393
-10.895
-3.62222
-95.5794
-77.0681
-55.498
-33.136
-10.9813
-78.3118
-63.2645
-45.642
-27.2893
-9.05009
-185.278
-148.367
-106.11
-63.0183
-20.8258
-155.778
-125.024
-89.5949
-53.2836
-17.6197
-344.576
-273.113
-193.407
-114.027
-37.5466
-265.268
-210.839
-149.635
-88.3255
-29.0925
-748.983
-584.622
-408.565
-238.854
-78.4135
-1130.84
-867.345
-597.694
-346.721
-113.73
-1617.57
-1211.56
-820.814
-472.895
-155.864
-3125.53
-2267.91
-1508.66
-868.207
-293.018
-4070.71
-2839.75
-1859.05
-1080.1
-386.465
-4766.28
-3250.08
-2108.78
-1234.66
-459.374
-972.854
-759.885
-531.36
-310.755
-102.017
-1355.67
-1045.65
-723.747
-420.802
-137.979
-1668.84
-1266.65
-866.306
-500.916
-164.443
-1860.2
-1381.16
-931.079
-536.141
-177.351
-1911.55
-1374.43
-910.719
-524.631
-177.847
-1893.18
-1326.22
-867.193
-500.732
-173.946
-14.4218
-29.2374
-65.999
-141.242
-283.373
-531.974
-12.3751
-35.2477
-92.8134
-208.608
-413.114
-731.704
-9.38555
-3.94972
-20.9217
-12.3987
-50.4127
-36.265
-112.819
-93.7111
-222.523
-194.678
-419.145
-344.8
-900.895
-1380.96
-2021.81
-4032.06
-5582.88
-6841.23
-1157.75
-1629.34
-2036.53
-2324.09
-2490.25
-2565.4
-12.643
-10.3075
-7.50808
-4.52444
-1.50706
-25.562
-20.7708
-15.0778
-9.06107
-3.01365
-57.507
-46.5367
-33.6401
-20.149
-6.6893
-122.546
-98.6687
-70.9658
-42.3397
-14.0273
-244.466
-195.536
-139.742
-82.9766
-27.4241
-455.26
-360.89
-255.787
-151
-49.7737
-10.8296
-8.81008
-6.40309
-3.85169
-1.2817
-30.745
-24.9126
-18.0331
-10.8127
-3.59179
-80.6629
-65.0765
-46.8997
-28.0252
-9.29244
-180.475
-144.825
-103.826
-61.7943
-20.447
-355.338
-283.256
-201.784
-119.537
-39.4627
-624.738
-493.929
-349.219
-205.795
-67.7782
-8.24272
-6.73499
-4.91723
-2.96879
-0.989927
-3.47264
-2.84143
-2.07763
-1.25592
-0.419063
-18.3313
-14.9351
-10.8715
-6.54781
-2.18042
-10.8809
-8.8828
-6.47953
-3.90923
-1.30298
-44.0371
-35.7456
-25.9203
-15.5636
-5.17388
-31.736
-25.818
-18.7645
-11.2876
-3.75607
-98.165
-79.3059
-57.2319
-34.2346
-11.3576
-81.6927
-66.1463
-47.8418
-28.667
-9.5191
-192.619
-154.664
-110.943
-66.0571
-21.8624
-168.943
-136.045
-97.8546
-58.3813
-19.3415
-359.938
-286.392
-203.663
-120.501
-39.7594
-297.261
-237.537
-169.567
-100.585
-33.2239
-762.125
-596.818
-418.571
-245.442
-80.7152
-1148.45
-884.436
-612.158
-356.428
-117.157
-1638.67
-1233.6
-840.321
-486.336
-160.688
-3130.82
-2282.2
-1525.91
-881.982
-298.419
-4054.51
-2836.94
-1863.94
-1086.66
-389.672
-4754.36
-3245.05
-2108.2
-1235.92
-460.257
-979.169
-766.367
-537.099
-314.724
-103.437
-1360.95
-1051.89
-729.736
-425.127
-139.559
-1672.05
-1271.77
-871.842
-505.142
-166.029
-1858.86
-1383.06
-934.541
-539.252
-178.611
-1905.52
-1372.2
-910.889
-525.645
-178.41
-1889.63
-1324.44
-866.615
-500.753
-174.049
-17492.4
-11580.1
-1451.07
-729.399
-546.618
-620.033
-833.77
-10225.4
-9508.23
-7237.86
-7774.71
-3155.96
-5623.82
-2107.3
-2289.57
-1455.2
-16379.6
-6864.27
-1615.38
-2779.18
-4771.1
-2808.89
-2613.1
-1739.97
-881.709
-1082
-1686.51
-1689.74
-16727.6
-9771.61
-9130.28
-5816.61
-4832.85
-6052.36
-1614.56
-1550.66
-2861.76
-10792
-7883.65
-5300.89
-3605.53
-2182.87
-6882.25
-4273.91
-2786.66
-1682.79
-675.386
-1205.72
-927.838
-641.84
-373.638
-122.877
-619.333
-486.907
-342.653
-201.367
-66.2783
-464.705
-365.595
-257.244
-151.041
-49.6557
-531.238
-421.551
-298.972
-176.52
-58.1761
-704.72
-551.124
-385.909
-225.959
-74.2394
-6346.81
-4390.93
-2917.01
-1969.21
-1361.87
-6010.47
-4326.99
-2886.59
-1847
-861.414
-4701.91
-3002.96
-1965.26
-1156.34
-432.722
-4972.36
-3478.42
-2307.94
-1400.55
-553.943
-2452.16
-1783.39
-1184.37
-673.759
-221.026
-4031.72
-2747.53
-1794.76
-1019.74
-341.108
-1696.68
-1267.32
-855.654
-490.16
-160.165
-1834.95
-1365.05
-918.744
-525.35
-171.591
-1187.76
-897.274
-610.438
-350.863
-114.505
-9944.39
-6702.11
-4511.22
-2987.88
-1922.89
-4773.25
-3254.05
-2147.04
-1259.25
-474.988
-1291.62
-960.6
-647.737
-371.95
-122.579
-2225.24
-1659.04
-1122.66
-648.067
-215.531
-3672.03
-2665.49
-1778.98
-1029.3
-354.476
-2239.4
-1663.63
-1123.62
-648.998
-216.434
-2112.11
-1587.29
-1080.48
-625.655
-207.443
-1429.51
-1088.16
-746.383
-432.572
-142.346
-731.626
-561.386
-386.691
-223.955
-73.2793
-908.97
-706.4
-491.954
-287.032
-94.2027
-1377.5
-1042.28
-710.811
-409.862
-134.366
-1389.36
-1058.28
-725.97
-420.487
-138.24
-10224.6
-7207.24
-4875.95
-3222.03
-1957.92
-6187.11
-4006.02
-2629.23
-1578.62
-642.938
-6193.85
-4416
-2884.5
-1726.84
-683.46
-4219.36
-2909.72
-1923.51
-1125.41
-404.021
-3735.14
-2720.26
-1818.67
-1053.72
-361.577
-4378.65
-3022.04
-1997.51
-1167.07
-414.456
-1301.82
-975.277
-661.969
-382.542
-126.702
-1296.31
-1002.46
-695.467
-405.025
-132.929
-2315.78
-1739.62
-1182.49
-683.287
-225.836
-132.028
-401.528
-705.131
-1061.9
-1461.14
-1882.12
-3733.04
-9818.84
-8795.71
-3440.62
-12182.7
-10727.8
-11327.9
-12314.6
-3524
-2279.31
-8338.77
-4442.89
-14392.1
-11667.4
459.139
-2959.35
-7953.7
-6944.37
-2674.75
-9980.19
-8324.74
-9066.43
-9783.28
-2917.36
-1234.12
-7297.45
-2037.01
-11057
-7124.98
2828.08
-2040.74
-5652.08
-4805.35
-1802.26
-7307.49
-4322.47
-6641.12
-6756.33
-2110.75
-1166.68
-4960.31
-2253.08
-7923.21
-2153.7
3011.05
-1338.82
-3909.42
-3249.39
-1184.8
-4880.79
-1885.64
-4730.66
-4900.5
-1464.66
-1238.12
-3432.52
-2327.51
-6091.56
29.4939
2232.48
-942.469
-2907.03
-2369.17
-846.222
-3263.61
-1130.58
-3607.51
-4108.55
-1035.1
-1393.82
-2178.77
-2276.83
-4794.45
335.517
369.702
-731.407
-2241.69
-1888.98
-662.401
-2634.46
-1455.19
-2891.87
-3562.08
-702.3
-1104.55
-1485.05
-2111.5
-4687.78
-1040.41
-892.747
-1462.81
-3533.38
-5915.86
-2330.83
-5487.64
-9348.99
-8309.68
-11489.5
-860.388
-429.767
-3425.33
-1502.63
-944.92
-7971.34
-3235.39
-1309.73
-3163.95
-4976.91
-1945
-4837.08
-8017.59
-7117.78
-9189.59
-839.661
-287.134
-3409.53
-1191.63
-82.5239
-7260.83
-1801.6
-1054.65
-2547.5
-3703.46
-1425.92
-4015.28
-6252.59
-5481.36
-7085.77
-663.983
-303.16
-2578.57
-1112.42
-224.759
-4897.17
-1389.76
-777.523
-1984.85
-2613.12
-987.844
-3201.43
-4691.74
-4179.76
-5413.06
-505.813
-282.263
-2019.38
-1020.35
-125.604
-3758.39
-1167.19
-592.454
-1535.46
-1956.56
-728.101
-2411.71
-3601.68
-3251.02
-4447.29
-389.646
-325.344
-1510.24
-1046.03
-236.027
-3052.63
-1197.46
-474.381
-1164.39
-1572.43
-577.706
-1928.9
-3297.96
-2614.47
-3879.66
-351.949
-371.395
-1156.66
-957.226
-456.587
-3038.51
-1464.64
8387.84
10627
21345.6
31773
32572
55844.6
24424.6
61511.2
19468.7
42611.3
29138.7
44579.6
25716.7
34542.8
9821.67
11317
21866.3
25003.7
27470
27410
20987.9
25181
30544.5
27233.8
7293.36
5878.1
8916
6346.54
18597
15563.3
31315.2
23618.1
23996.4
25141.4
27906.3
27564
10767.4
8026.33
54857.3
73414.1
36211.8
44280.4
71052
92546.5
37299.6
42802.7
42054.6
59377.5
37701
49489
22643.8
35893.5
4396.12
1550.46
4469.65
1668.53
13950
5776.89
18848.2
7135.77
14154.8
5437
14295.8
4737.75
23866.3
7831
30772.3
10680.9
32384.7
16844.3
30195.8
17969.2
28660
18463.5
25822.5
18535.4
25475.5
15731.3
25466.1
13933.8
31560.6
19654.8
31854.5
19765.1
27673
19458.4
28147.1
19414.8
27572.4
17721.3
28624.8
18124
26814.7
12468.6
13834.9
17864.1
26636.9
13707.3
12334.6
18275.5
28504.5
12311.4
15391.6
17895.9
30044
12589
16560.8
18580.8
5602.02
6040.61
2011.3
4134.11
16916.9
17816.1
7025.1
13268.7
21560
23135.8
11787
20342.3
12154.8
-637.605
16868.5
23690.9
14606.4
-1268.36
5785.01
15551.9
27199.1
23218
12398.4
16539.1
16494.9
16055.8
26222.6
4735.99
3475.22
2806.47
2669.19
14328.1
10777
9676.24
8659.7
17136.4
12517.3
12619
10581.7
4703.07
6159.5
10844.6
11256
16899.3
14481.8
20148.6
15950.7
16854
13586.3
9519.58
8266.29
13512.8
8324.6
13937.3
7945
13710.4
7584.37
18204.5
10650.1
11748.4
3186.28
10899.3
9389.5
13135.7
14420.8
14693
18617.6
10026.7
8556.6
11637.1
1429.85
9981.7
15518.1
9568.43
16866.7
14629.9
23288.3
14820.8
25016.8
8998.79
14865.9
8480.8
16058.8
13122.5
7931.1
19211.1
6682.28
12444
495.382
16579.3
-181.43
12916.2
12132.5
20099
8488.67
11265.7
14364.2
18343.4
10976.8
2282.6
1732.59
1209.4
1790.44
1411.91
1038.64
7409.86
4603.29
2981.55
5428.83
3269.98
2132.78
7840.91
5067.13
3873.13
6346.91
3753.15
2859.05
4387.67
2659.95
2124.92
8611.2
4414.33
2819.37
9758.2
4983.85
2920.16
10366.5
5857.69
3996.59
8764.65
4252.87
2505.25
11749
7382.59
4667.47
9006.6
5545.17
3154.59
9647.2
5476.48
2872.29
9536.74
5113.87
2559.43
11911.4
5414.73
2100.19
12117.6
15750.2
10099.9
12513.9
14666.1
20396.7
13683.2
18719.9
35.1609
555.189
-383.992
175.887
3059.41
3149.41
1540.04
1001.27
1454.58
3016.83
10190.3
14039.8
6172.01
3974.29
12013.3
12082.4
19920.5
22057.7
-132.008
-4028.98
8517.26
7942.99
7188.69
5446.43
885.885
469.809
716.378
389.389
2215.23
326.456
350.562
-261.709
8866.43
1986.02
6542.73
1719.72
8891.54
2508.49
10500.2
2925.98
10754
12132.2
9841.78
11817.2
17835.4
17008.1
16992.5
16063.8
6206.96
8358.35
7147.81
8305.31
10301.2
11409.4
11111.6
11370.2
17752.5
15793.2
18490.3
15709.8
6170.17
8078.28
6493.62
8066.86
24.229
686.152
5379.39
2278.77
-246.767
430.259
4955.58
1987.56
320.681
858.061
5454.82
2466.85
522.493
940.827
5357.64
2469.88
-376.18
-425.112
146.586
-9.3493
-1829.64
-1706.26
-63.9837
-274.845
-135.666
-1014.36
1018.59
437
-8366.48
-9577.15
-3941.33
-2765.7
-393.457
-10334.3
-8965.6
-2859.07
-3903.22
-689.335
11163.7
8074.55
6064.5
4612.68
1897.85
-332.415
-229.188
-53.8154
-46.3172
-1171.57
-851.433
-174.395
-136.109
-1215.06
-1156.58
119.561
52.7741
-4158.43
-1124.19
-5697.66
-2635.64
-1912.41
-992.996
-2035.46
-1331.68
-75.5989
147.882
4192.86
2382.08
1680.24
-134.151
1136.99
-121.524
985.054
112.768
513.482
384.806
4894.2
3749.62
8704.13
4821
8205.28
6902.49
12073.2
8691.82
5811.21
3042.12
3056.74
2457.27
10098.5
4288.97
10909.8
4718.13
13332.1
8966.05
14061.2
9641.97
6975.34
2584.81
7642.12
2911.44
3502.61
2142.61
1476.73
1813.28
2186.03
1873.37
1216.44
1657.21
4020.5
2070.44
1636.67
2074.05
4860.41
2211.06
2282.53
2096.08
-146.749
-103.623
-96.7694
-20.174
-36.8147
-34.0088
-573.412
-430.736
-354.708
-62.1139
-110.475
-95.3202
-866.731
-660.113
-526.653
79.5179
-116.366
-127.887
-239.219
-219.142
-30.9283
-1120.7
-968.984
-742.24
-721.672
-674.555
-568.751
-915.032
-721.997
-575.435
256.455
-34.5209
-57.0394
3029.33
1509.02
743.591
182.782
-239.117
-385.389
80.4967
-304.751
-400.921
75.4409
-247.998
-297.614
500.92
-35.095
-88.2296
12.3461
3.59088
0.905242
-0.94877
-69.3226
-22.1952
-11.6479
-6.00534
55.1137
16.0615
-8.33727
-10.0588
-87.8199
-29.2566
-31.9205
-18.7369
178.024
46.1962
-11.8152
-21.1688
78.2925
13.3011
-10.3025
-10.0334
102.874
17.9416
4.97817
1.09884
164.736
39.2017
-0.707183
-5.81965
496.699
128.841
33.8926
4.16387
618.603
153.41
50.1756
-1.71832
351.452
86.3965
13.332
-11.11
508.426
122.923
48.756
2.29609
519.213
135.653
24.2818
-4.25913
683.822
173.163
53.2953
-4.7969
534.959
143.544
20.8497
-9.09504
715.617
184.99
56.9022
-4.18206
9.4036
3.62186
0.15957
-1.85558
-11.075
-2.95871
1.07032
-1.4508
-0.383097
2.5963
-5.55886
-8.0582
-56.3796
-15.6377
-0.14013
-5.09135
205.647
57.8517
8.40029
-9.10775
94.5405
24.1094
10.0834
-7.41074
77.2604
11.8095
-6.21885
-13.9133
23.0253
0.784436
10.0247
-6.79649
431.108
102.542
41.4336
-6.28274
-25.3921
-7.97816
-2.13142
-2.07162
-45.9799
-14.2618
-4.14648
-1.5918
-50.2595
-17.1842
-1.57453
-4.37569
-126.949
-40.0487
-10.2547
-4.0144
-24.4633
-13.4749
1.12808
-6.11765
-171.683
-55.9016
-14.5602
-5.75529
45.6871
-2.28878
4.31709
-8.30084
-148.55
-57.1526
-14.8798
-6.17858
206.317
31.0459
22.8089
-2.84024
-59.8293
-42.3223
-8.81255
-4.60401
461.546
88.9196
37.4019
-0.189325
142.962
14.5591
4.98668
-0.244818
353.211
59.0831
32.2082
0.136678
70.3373
-9.86051
-1.5583
-2.46617
540.573
113.085
42.6232
0.0671964
193.392
31.824
8.58252
0.994909
585.068
129.262
46.727
1.65376
226.18
43.7048
11.4638
1.9628
-0.711889
-0.217396
-0.063243
-0.0184902
-0.00652645
-1.16281
-0.33576
-0.0986218
-0.0292264
-0.0104301
-1.84215
-0.528552
-0.154177
-0.0454523
-0.0161591
-2.45393
-0.740793
-0.224487
-0.0677312
-0.0244624
-2.30394
-0.631255
-0.184459
-0.0547502
-0.0195815
-2.8818
-0.92204
-0.284413
-0.0866669
-0.0315218
-1.09951
-0.398114
-0.127801
-0.0398466
-0.0147396
-0.721389
-0.210681
-0.0651263
-0.0202919
-0.00755196
-1.72273
-0.572652
-0.175497
-0.0532076
-0.0192938
-0.671535
-0.218368
-0.0668129
-0.0202791
-0.0073662
-2.50306
-0.744069
-0.222886
-0.0669532
-0.0241453
-0.820558
-0.249828
-0.0743445
-0.02221
-0.00797962
-1.04498
-0.320701
-0.0983328
-0.0301015
-0.0110177
-0.605735
-0.172863
-0.0527839
-0.0162481
-0.00598316
-0.892193
-0.19454
-0.0529146
-0.0156788
-0.00568931
-0.448084
-0.0882723
-0.022866
-0.0066783
-0.00241641
-0.592092
-0.17594
-0.0500499
-0.0143536
-0.00499182
-0.570135
-0.162366
-0.0450407
-0.0126717
-0.00434464
-1.787
-0.492546
-0.138949
-0.0400449
-0.0140181
-1.73549
-0.470212
-0.129927
-0.0368362
-0.012744
-2.11356
-0.561211
-0.158566
-0.0460735
-0.0162505
-2.34354
-0.618091
-0.171955
-0.0493903
-0.0172911
-2.33694
-0.644317
-0.18692
-0.0552358
-0.0197245
-1.7458
-0.461897
-0.129978
-0.0377226
-0.0133137
-1.1673
-0.339632
-0.100634
-0.030047
-0.0108023
-21.9023
246.765
-107.271
769.126
-637.547
825.697
-1596.43
393.815
-2361.4
-974.453
435.015
1463.9
-1562.86
-1268.31
1308.79
2622.26
1850.27
3063.83
1140.53
295.086
79.9579
25.6836
12.1683
270.486
170.011
28.8911
11.0777
6.40406
4058.35
1051.75
286.776
92.0918
43.7965
783.953
279.65
89.4774
29.7394
14.8808
6700.25
1741.59
477.802
154.456
73.6119
1313.6
482.101
150.766
52.4248
24.9919
8953.17
2342.54
648.911
211.713
101.533
1642.7
631.982
201.017
70.2281
33.5199
11159.3
2960.15
830.977
274.522
132.996
1975.1
800.891
258.308
91.0485
44.0136
13207.2
3642.2
1048.3
353.413
173.572
3273.56
1144.21
350.56
120.296
58.1027
12301.2
3364.09
958.415
319.854
156.005
2486.23
959.372
303.725
105.798
51.0379
13625.6
3775.85
1093.14
370.597
182.672
3728.53
1255.37
378.198
128.327
61.9728
14206.7
3913.1
1136.41
385.911
190.424
3894.32
1310.57
396.327
128.476
63.9815
1055.79
9604.2
8736.16
3107.82
-1570.15
-2719.36
-8316.27
-12465.6
-1190.81
-8900.42
3660.03
-1344.59
-1995.16
-5122.69
-10663.3
-15657.7
-16073.8
-20618.9
-5683.85
-7478.99
17574.6
11626.1
1418.8
697.751
459.065
547.368
770.446
9959.96
7181.17
6461.61
5374.91
3292.21
2473.25
3977.98
1800.29
1497.6
1557.96
1043.45
16377.8
6545.38
1338.63
2539.11
4589.6
2710.97
2533.31
1630.49
703.932
929.646
1353.95
1513.24
16971.5
9861.74
9094.86
5819.03
4778.8
5990.08
1493.13
1447.16
2736.03
10840
7908.95
5307.33
3600.28
2174.12
6903.93
4280.8
2785.85
1679.09
673.276
1172.88
896.822
616.176
356.681
116.936
589.846
461.157
322.608
188.65
61.9205
386.689
300.733
209.028
121.49
39.7148
466.316
367.37
258.52
151.637
49.79
646.316
500.756
347.211
201.672
65.9695
5615.97
3620.18
2275.87
1527.27
1127.29
3387.28
2065.72
1156.18
720.338
395.14
3799.48
2187.76
1338.34
767.911
305.577
2503.4
1455.6
805.844
449.127
199.251
1411.55
778.079
410.584
214.837
81.0736
1815.64
1240.47
775.661
422.674
136.779
2573.54
1589.22
960.177
520.953
175.494
1109.17
641.829
363.124
184.243
58.1748
1152.87
819.133
526.814
290.893
93.4852
1157.5
794.386
494.438
265.771
84.0558
814.41
585.401
379.269
209.752
67.0857
9603.77
6262.86
4101.63
2686.75
1767.88
4381.72
2870.65
1834.58
1056.51
402.477
1035.98
742.523
483.044
270.205
88.2027
1992.89
1452.04
960.636
545.339
180.235
3461.61
2456.39
1603.93
913.583
313.316
2135.69
1564.5
1041.9
595.343
197.599
2029.83
1509.38
1016.21
583.321
192.59
1324.75
994.97
673.135
385.911
126.309
570.696
425.901
285.109
161.364
52.1515
771.852
591.225
405.556
233.723
76.1973
1077.05
790.362
522.876
294.577
95.5504
1225.29
916.424
617.159
352.367
115.05
10341.3
7249.68
4869.31
3191.06
1921.81
6218.23
4004.07
2611.97
1559.53
634.091
6019.98
4210.06
2689.52
1586.15
626.912
4179.74
2847.87
1860.47
1078.63
386.312
3656.62
2632.05
1738.77
998.097
341.103
4268.05
2896.05
1883
1087.16
384.469
1184.78
870.749
579.682
330.085
108.645
1199.85
918.445
630.418
363.976
118.903
2189.93
1623.67
1089.06
622.798
204.831
7584.9
15347.3
17155.3
48014.4
16220.4
61450.1
8315.11
19793
16426.7
12782.4
27991.9
23345.2
15546.5
13957.5
30137.7
23298
5751.3
4471.59
11203.8
8013.13
13926.3
10622
38152.8
29076.8
22293.1
16428.2
23792.8
14286.6
1785.57
5929.93
58188.2
74881.6
35199.1
44213.6
73901.4
93824.7
36076.1
42535.9
44754.5
60795
36858.7
49627
25591.6
37378.9
3118.47
908.934
5260.69
1851.33
10908.5
5100.66
22264.3
8232.86
5228.43
3046.89
11916.1
3909.25
24224.5
7840.44
31231.1
10816.4
21437.6
11984.6
26018.1
15538.4
17917.3
13186.1
21561.2
16014
22549.2
13784.2
17537.9
10157.6
30024.2
18580.2
31493.7
19475.6
25987.9
18338.7
27697.8
19111.2
26617
16851.9
28432.6
17888.3
25767.7
12252
12603.1
17608.2
22872.1
12740.2
9982.45
17690.4
28462.5
12353.4
14849.3
17801.6
30138.1
12636.8
16422.8
18561.1
1911.99
1836.98
623.052
2455.11
7529.58
8148.62
5135.62
10897.9
5520.01
6656.71
8660.08
16550.7
13342.3
8749.41
12804.6
17196.3
13083.4
6224.23
7990.51
10294.5
19685.5
21232.8
14449.1
14170.6
11927.2
11688.3
24666.8
1908.02
1391.7
1160.52
1331.37
7227.16
5419.54
6749.91
5859.49
2532.83
762.996
8333.63
6540.88
8863.1
9010.14
8835.87
8041.6
9215.85
6564.77
12538
9482.7
14320.9
10926.5
11613.8
9944.33
11326.4
6801.32
9868.72
5066.21
10151.7
5115.37
16964.9
9278.13
10036.2
3179.19
9560.96
8910.14
12658
14760
13663.1
18162
8750.67
8124.78
9694.81
1340.93
9246.56
15143.7
9340.52
16738.5
13938.6
22868.8
14592.5
24849.4
8333.24
14589.2
8279.7
15966.7
12349.5
7724.02
19090.8
6702.5
11129.9
720.233
16454.2
577.307
12530.6
11984.9
20047.5
8453.95
11138.6
14315.3
18324.9
10972.3
1239.56
1157.67
1062.69
1215.82
4035.44
3008.62
4142.1
3748.27
0.364448
737.122
4814.41
4893.21
8256.85
6801.73
7260
5267.56
5128.12
3731.91
7401.11
5717.38
8963.96
6221.41
14045.5
10165.2
7495.83
4771.46
7104.24
3843.67
7020.88
3168.27
8795.68
2583.99
5911.64
9277.74
5051.09
10091.7
10110
11870
11753.7
15712.1
755.01
361.707
314.794
131.345
3351.68
1930.36
2391.6
792.485
725.072
1379.54
7932.86
8106.72
3407.02
2795.05
10497.2
11561.6
18250.8
21516.7
-697.424
-4219.85
7131.4
7406.8
6331.17
5147
624.481
505.734
593.203
450.895
1274.91
490.489
142.636
-72.0104
6363.11
2122
5473.24
1721.6
7966.09
2412.51
10092.1
2861.17
5497.23
9621.2
7610.78
10338.7
9794.19
12606.1
13647.4
13902.5
4888.8
7538.26
4115.01
7270.84
9146.68
10668.4
10742
11153.3
16224.4
14796.3
18035
15431.7
5430.79
7612.99
6234.93
7921.47
-196.18
722.933
5119.6
2307.09
-237.297
679.075
4914.19
2142.26
100.928
851.574
5249.66
2456.62
416.049
930.121
5286.15
2462.62
608.562
598.732
490.371
438.324
1413.25
1321.24
594.587
518.224
6103.93
5160.54
1924.36
1679.55
2689.81
3790.37
2989.46
-524.316
354.575
53.4362
693.546
3282.28
-2041.43
-101.086
14820.1
11060.2
8259.59
5683.34
2369.97
525.423
387.103
408.151
401.667
1209.85
881.972
607.384
692.348
4654.44
3865.9
1606.98
1698.07
3855.85
5162.82
2030.66
3495.9
3445.1
3350.57
305.561
608.304
722.619
1047.53
8750.22
6127.56
6040.73
3712.85
4267.18
2614.16
2812.43
1689.64
1159.37
1033.24
6181.54
5333.74
8665.71
5139.92
9074.54
8427.93
11631.3
8860.13
6003.49
3348
4191.43
3646.96
9832.4
4351.01
10791.8
4699.31
12836.4
8892.79
13876.7
9573.83
6893.73
2685.22
7586.47
2915.58
3739.81
2367.99
1677.43
1999.55
2996.51
2643.55
1639.43
2090.58
4051.7
2163.55
1710.65
2156.31
4849.32
2225.43
2296.34
2112.8
242.163
212.861
280.377
236.482
761.76
826.799
480.514
427.288
3289.65
2758.3
1047.99
507.326
5565.44
4538.61
3973.53
3001.65
2865.17
2202.89
842.724
807.548
961.564
489.956
6081.23
4252.16
3081.05
2116.62
2098.82
1368.59
1221.15
706.148
948.605
72.7599
49.4261
17.1091
5.71497
0.612209
0.536807
3.87833
-3.05158
-3.33278
157.981
53.2238
2.43699
-7.19214
48.5128
24.9981
-14.6525
-13.4208
307.71
93.5496
0.753984
-18.9358
210.571
71.9437
11.5289
-2.03484
170.158
51.3095
18.3129
5.84501
186.494
52.0941
4.65167
-3.84802
551.524
156.743
45.9406
9.25651
653.088
169.327
56.5843
-0.284102
483.633
134.123
29.4419
-5.70167
574.367
146.319
57.2407
3.67836
548.94
154.002
31.9169
-1.62048
700.344
182.801
57.7125
-3.49317
544.822
150.491
23.8096
-8.05623
720.464
188.278
58.472
-3.71611
52.8169
16.7623
3.91061
-1.01317
41.4025
11.4469
5.67432
-0.449019
141.907
44.8109
5.74236
-5.43385
109.561
30.418
13.9612
-1.95022
349.39
100.337
19.4247
-7.11781
296.78
79.6795
27.1034
-3.96193
335.387
89.1647
15.4989
-8.63124
253.566
64.1842
27.9141
-4.63515
560.633
139.384
52.7972
-6.18038
26.9987
6.98701
2.00367
-0.972955
7.84057
2.139
0.377553
-0.0916326
101.53
25.6069
11.2293
-0.733956
36.3973
8.9074
3.61658
0.544978
190.238
46.1039
18.9385
-1.07332
78.1134
17.6728
5.75901
0.818116
296.489
68.4094
24.776
-3.09535
146.949
29.696
8.49878
1.23597
403.665
90.0788
42.0137
3.01869
199.916
37.9621
13.947
2.95165
550.281
123.954
50.3186
4.16409
227.077
47.0824
15.8726
3.76944
510.64
112.955
50.5405
6.04661
233.159
45.9618
15.5418
3.59971
579.981
131.025
49.8017
2.52876
227.967
47.1776
14.0773
3.03237
595.127
134.417
48.9062
2.42003
234.089
47.6813
12.9871
2.54696
-0.147073
-0.00870453
0.00610367
0.00366458
0.00184468
-0.15252
0.0181287
0.0169348
0.00755564
0.0034812
-0.451333
-0.01112
0.0179736
0.00964071
0.00469503
-0.109151
0.0923237
0.0501383
0.0202604
0.0089745
-0.622528
0.00246904
0.0264975
0.0128288
0.00603586
0.248
0.174895
0.0761405
0.0289349
0.0124801
0.434903
0.138069
0.0497867
0.0175553
0.0072582
0.0215994
0.0540439
0.0236401
0.00865411
0.00361344
0.190346
0.0871735
0.0405347
0.0159417
0.00699652
0.0423378
0.0306841
0.0150568
0.00598272
0.00263076
0.00618807
0.101245
0.0494167
0.0194677
0.00856275
-0.0164394
0.0220048
0.0135246
0.00569775
0.00257744
0.00957476
0.0511604
0.024999
0.0097178
0.00421212
-0.0181051
0.0336308
0.0155345
0.00581917
0.00247079
-0.438903
-0.0310712
0.00201022
0.00221368
0.00119984
-0.260725
-0.0204043
-4.87513e-05
0.000759618
0.000449979
-0.173651
-0.0178778
0.00199362
0.0021216
0.00119038
-0.114644
-0.0141803
0.00103196
0.00154938
0.000924855
-0.517611
-0.034757
0.00933272
0.00666795
0.00349878
-0.364802
-0.0308511
0.00628954
0.00525468
0.00288606
-0.717981
-0.0362394
0.0135524
0.00848106
0.00428594
-0.417989
-0.0084411
0.0170577
0.00923051
0.00456944
-0.174522
0.0563502
0.0339844
0.0140929
0.00634854
-0.167576
0.0213406
0.0187185
0.00838843
0.003913
0.0905298
0.0530567
0.0222974
0.00852206
0.00371984
-181.332
124.386
-532.237
423.225
-1083.47
455.791
-1854.63
168.791
-2362.91
-884.208
382.141
1485.8
-1477.94
-947.404
1250.49
2595.97
1828.54
3050.24
1134.13
296.567
80.612
25.8617
12.2149
256.449
168.281
28.6126
11.0613
6.42812
4046.72
1058.26
289.314
92.773
43.9811
748.499
275.578
88.974
29.678
14.8851
6697.92
1753.37
481.966
155.554
73.9098
1285.95
479.679
150.55
52.4285
25.0043
8980.32
2359.97
654.291
213.064
101.888
1652.74
634.606
201.481
70.3105
33.5373
11241.8
2985.12
837.513
276.063
133.389
2036.34
809.655
259.544
91.2348
44.0479
13318
3667.73
1053.96
354.623
173.858
3296.59
1149.49
351.485
120.454
58.128
12427.1
3393.09
965.104
321.33
156.367
2551.01
968.882
305.072
105.991
51.0687
13699
3792.9
1096.85
371.377
182.853
3733.68
1257.49
378.635
128.413
61.9901
14233.3
3919.19
1137.74
386.192
190.493
3894.98
1311.15
396.472
128.498
63.9898
778.946
9317.89
7905.63
2366.62
1630.87
674.072
4126.61
2594.1
8208.52
7605.4
3700.39
2541.98
14.3428
28.9168
65.1159
139.041
278.342
522.692
12.276
34.8373
91.7269
206.23
408.905
725.941
9.3226
3.90708
20.63
12.1477
49.4616
35.2105
109.995
89.9774
214.463
179.951
402.419
308.941
887.502
1364
2003.67
4039.58
5617.31
6861.91
1151.93
1625.41
2035.74
2329.33
2500.84
2570.91
12.5687
10.2415
7.45558
4.4905
1.4953
25.2605
20.5034
14.8654
8.92393
2.96618
56.678
45.8029
33.0589
19.7745
6.55984
120.48
96.8414
69.5207
41.4098
13.7062
239.734
191.348
136.429
80.8463
26.6888
446.395
352.924
249.413
146.87
48.3422
10.7362
8.72688
6.33676
3.80872
1.2668
30.3571
24.5665
17.7568
10.6336
3.52969
79.6312
64.1521
46.1592
27.5442
9.12549
178.199
142.768
102.167
60.7121
20.0706
351.234
279.482
198.697
117.505
38.7524
618.891
488.356
344.531
202.652
66.6702
8.18409
6.68349
4.8767
2.94278
0.980958
3.43331
2.80729
2.05107
1.23902
0.413261
18.0606
14.6985
10.6861
6.42931
2.13962
10.6509
8.68464
6.32655
3.81251
1.26988
43.1589
34.9827
25.3266
15.1861
5.0443
30.7758
24.9975
18.1362
10.8931
3.62157
95.5647
77.0557
55.4887
33.1302
10.9793
78.2994
63.2541
45.6341
27.2844
9.04843
185.25
148.344
106.092
63.0072
20.822
155.754
125.003
89.5794
53.2739
17.6165
344.525
273.07
193.374
114.007
37.5397
265.227
210.805
149.609
88.3092
29.087
748.88
584.535
408.499
238.812
78.3991
1130.69
867.218
597.597
346.659
113.709
1617.37
1211.39
820.678
472.808
155.833
3125.16
2267.59
1508.41
868.04
292.956
4070.26
2839.36
1858.74
1079.88
386.379
4765.78
3249.65
2108.44
1234.42
459.276
972.722
759.774
531.275
310.702
101.999
1355.49
1045.5
723.633
420.73
137.954
1668.63
1266.47
866.169
500.829
164.413
1859.97
1380.97
930.932
536.046
177.318
1911.33
1374.25
910.573
524.535
177.812
1892.97
1326.05
867.057
500.641
173.911
14.4192
29.2321
65.9875
141.218
283.327
531.893
12.3729
35.2414
92.7976
208.574
413.051
731.598
9.38384
3.94897
20.9178
12.3963
50.4036
36.2582
112.799
93.694
222.485
194.644
419.079
344.742
900.768
1380.78
2021.58
4031.64
5582.37
6840.67
1157.59
1629.13
2036.29
2323.84
2490.01
2565.17
12.6408
10.3056
7.50665
4.52357
1.50676
25.5573
20.7669
15.0749
9.05929
3.01305
57.4968
46.5281
33.6337
20.1451
6.68799
122.525
98.6512
70.9528
42.3317
14.0246
244.425
195.503
139.717
82.9614
27.419
455.189
360.831
255.744
150.974
49.7647
10.8276
8.80844
6.40187
3.85093
1.28144
30.7394
24.908
18.0296
10.8106
3.59108
80.6488
65.0649
46.8911
28.0199
9.29064
180.445
144.8
103.808
61.7829
20.4431
355.282
283.209
201.749
119.516
39.4555
624.643
493.851
349.161
205.759
67.7662
8.2412
6.73372
4.91628
2.9682
0.989729
3.47197
2.84087
2.07721
1.25566
0.418976
18.3279
14.9322
10.8694
6.54649
2.17997
10.8788
8.88102
6.47821
3.90842
1.3027
44.029
35.7388
25.9153
15.5605
5.17284
31.7299
25.813
18.7607
11.2853
3.7553
98.1473
79.2912
57.221
34.2279
11.3553
81.6774
66.1336
47.8324
28.6612
9.51716
192.586
154.637
110.922
66.0446
21.8582
168.912
136.02
97.8359
58.3698
19.3377
359.879
286.344
203.627
120.48
39.7521
297.21
237.495
169.536
100.566
33.2176
762.013
596.725
418.502
245.4
80.7011
1148.29
884.307
612.062
356.369
117.137
1638.46
1233.43
840.194
486.257
160.661
3130.45
2281.9
1525.69
881.841
298.369
4054.07
2836.58
1863.66
1086.48
389.603
4753.87
3244.63
2107.88
1235.7
460.168
979.029
766.251
537.012
314.671
103.419
1360.77
1051.74
729.623
425.057
139.535
1671.84
1271.59
871.711
505.06
166.001
1858.64
1382.87
934.403
539.165
178.581
1905.3
1372.02
910.755
525.559
178.379
1889.43
1324.27
866.485
500.667
174.017
17491.3
11579.2
1450.88
729.29
546.535
619.933
833.649
10224.6
9507.95
7237.33
7774.54
3155.7
5623.47
2107.09
2289.35
1455.04
16378.2
6863.62
1615.21
2778.86
4770.59
2808.57
2612.78
1739.75
881.6
1081.85
1686.32
1689.53
16726.3
9770.8
9129.42
5816.04
4832.33
6051.76
1614.36
1550.45
2861.42
10790.9
7882.68
5300.08
3604.87
2182.4
6881.53
4273.33
2786.2
1682.47
675.244
1205.55
927.701
641.739
373.577
122.856
619.237
486.828
342.595
201.332
66.2665
464.633
365.536
257.201
151.014
49.647
531.15
421.479
298.919
176.488
58.1653
704.614
551.038
385.846
225.92
74.2265
6346.15
4390.48
2916.72
1969.02
1361.73
6010.28
4326.82
2886.48
1846.93
861.368
4701.52
3002.71
1965.09
1156.25
432.685
4972.23
3478.3
2307.85
1400.49
553.91
2451.94
1783.22
1184.25
673.692
221.004
4031.44
2747.32
1794.62
1019.66
341.079
1696.5
1267.18
855.555
490.1
160.145
1834.76
1364.9
918.641
525.289
171.571
1187.63
897.168
610.362
350.818
114.49
9943.29
6701.3
4510.65
2987.48
1922.62
4772.73
3253.68
2146.78
1259.09
474.927
1291.48
960.488
647.658
371.903
122.563
2224.97
1658.82
1122.51
647.975
215.499
3671.59
2665.15
1778.74
1029.15
354.425
2239.12
1663.41
1123.46
648.901
216.401
2111.83
1587.06
1080.32
625.556
207.41
1429.32
1088.01
746.271
432.505
142.323
731.532
561.311
386.637
223.923
73.2684
908.838
706.294
491.877
286.985
94.1871
1377.34
1042.14
710.717
409.805
134.347
1389.18
1058.13
725.864
420.424
138.219
10223.6
7206.35
4875.24
3221.5
1957.56
6186.43
4005.49
2628.83
1578.35
642.821
6193.16
4415.46
2884.12
1726.6
683.363
4218.88
2909.35
1923.23
1125.24
403.956
3734.69
2719.9
1818.41
1053.56
361.521
4378.15
3021.65
1997.23
1166.9
414.393
1301.65
975.141
661.872
382.483
126.682
1296.13
1002.31
695.358
404.959
132.907
2315.48
1739.39
1182.32
683.184
225.801
132.014
401.486
705.059
1061.79
1461.01
1881.96
3452.33
9829.01
8806.23
3180.57
12178.2
10722
11323.4
12309.6
3267.14
2197.66
8312.7
4319.39
14392
11662.1
-451.435
2730.46
7964.56
6955.06
2467.11
9980.25
8321.95
9066.07
9780.83
2702.63
1218.16
7263.93
1903.31
11062.3
7124.56
-2813.89
1877.73
5660.23
4813.09
1658.09
7310.84
4323.29
6643.64
6756.62
1948.41
1126.19
4934.29
2169.59
7929.07
2156.72
-3002.53
1229.9
3914.1
3253.47
1088.85
4884.06
1887.43
4733.07
4901.64
1354.38
1188.37
3409.78
2247.3
6096.09
-26.4509
-2227.36
865.006
2909.85
2371.28
777.519
3266.21
1132.34
3609.27
4109.69
958.216
1303.21
2159.08
2232.58
4797.98
-332.864
-366.445
670.925
2243.45
1890.05
608.706
2636.54
1456.65
2893.12
3563.04
650.158
1038.08
1468.64
2079.41
4690.93
1042.78
895.837
1347.82
3539.11
5925.11
2149.85
5489.55
9348.49
8310.04
11487.1
770.77
351.779
3452.25
1557.66
945.954
7971.41
3235.72
1206.38
3168.94
4985.17
1791.88
4838.87
8017.44
7119.25
9188.54
753.525
220.237
3432.26
1248.37
83.0591
7260.75
1801.65
970.896
2551.22
3709.26
1311.8
4016.86
6253.02
5483.62
7086.15
596.294
238.513
2594.2
1160.09
224.913
4897.33
1389.35
715.699
1987
2616.19
908.39
3202.49
4692.3
4181.56
5413.88
453.624
231.539
2031.8
1050.93
125.603
3758.55
1166.71
545.556
1536.57
1958.07
669.683
2412.35
3602.17
3252.22
4448.06
348.99
279.455
1520.21
1064.46
235.761
3052.71
1196.67
436.937
1164.98
1573.13
531.558
1929.28
3298.31
2615.26
3880.29
314.137
325.944
1167.17
971.167
456.375
3038.56
1464.22
)
;

boundaryField
{
    patch1
    {
        type            calculated;
        value           nonuniform List<scalar> 
2440
(
-10771.2
-6189.69
-5990.64
-1493.31
-1447.35
-2736.34
-6052.36
-1614.56
-1550.66
-2861.76
10767.4
6172.01
5990.08
1493.13
1447.16
2736.03
6051.76
1614.36
1550.45
2861.42
-9223.3
-21295.9
-32531.9
-24413.1
-19451.5
-29079.1
-25688.1
-11437.4
-432.288
1805.47
8294.89
1138.49
-3679.61
1977.49
10621.8
16158.1
6609.59
-17575.7
-11627
-1418.97
-697.845
-459.13
-547.447
-770.549
-9960.74
-7181.57
-6462.16
-5375.12
-3292.23
-2473.5
-3978.31
-1800.4
-1497.76
-1558.11
-1043.57
-16379.1
-6545.99
-1338.78
-2539.4
-4590.09
-2711.28
-2533.6
-1630.69
-704.021
-929.769
-1354.11
-1513.43
-16972.6
-9862.5
-9095.64
-5819.57
-4779.28
353.392
-9.32412
-3.90771
-20.6332
-12.1496
-49.4691
-35.2159
-110.011
-89.9912
-214.494
-179.978
-402.475
-308.986
-9.38555
-3.94972
-20.9217
-12.3987
-50.4127
-36.265
-112.819
-93.7111
-222.523
-194.678
-419.145
-344.8
-17492.4
-11580.1
-1451.07
-729.399
-546.618
-620.033
-833.77
-10225.4
-9508.23
-7237.86
-7774.71
-3155.96
-5623.82
-2107.3
-2289.57
-1455.2
-16379.6
-6864.27
-1615.38
-2779.18
-4771.1
-2808.89
-2613.1
-1739.97
-881.709
-1082
-1686.51
-1689.74
-16727.6
-9771.61
-9130.28
-5816.61
-4832.85
8387.84
21345.6
32572
24424.6
19468.7
29138.7
25716.7
9821.67
431.338
-1570.15
-8316.27
-1190.81
3660.03
-1995.16
-10663.3
-16073.8
-5683.85
17574.6
11626.1
1418.8
697.751
459.065
547.368
770.446
9959.96
7181.17
6461.61
5374.91
3292.21
2473.25
3977.98
1800.29
1497.6
1557.96
1043.45
16377.8
6545.38
1338.63
2539.11
4589.6
2710.97
2533.31
1630.49
703.932
929.646
1353.95
1513.24
16971.5
9861.74
9094.86
5819.03
4778.8
-353.921
9.3226
3.90708
20.63
12.1477
49.4616
35.2105
109.995
89.9774
214.463
179.951
402.419
308.941
9.38384
3.94897
20.9178
12.3963
50.4036
36.2582
112.799
93.694
222.485
194.644
419.079
344.742
17491.3
11579.2
1450.88
729.29
546.535
619.933
833.649
10224.6
9507.95
7237.33
7774.54
3155.7
5623.47
2107.09
2289.35
1455.04
16378.2
6863.62
1615.21
2778.86
4770.59
2808.57
2612.78
1739.75
881.6
1081.85
1686.32
1689.53
16726.3
9770.8
9129.42
5816.04
4832.33
-27564.2
-14062.5
0.0133772
0.0108396
-0.003857
-0.0036795
-1882.12
-1040.41
-892.747
-3038.51
-1464.64
27564
14039.8
-0.0133137
-0.0108023
0.003913
0.00371984
1881.96
1042.78
895.837
3038.56
1464.22
-25137.2
2448.04
749.324
1019.14
3535.42
-548.093
-698.893
-459.735
-612.643
686.489
554.623
4459.32
5285.37
-524.536
-423.668
-415.7
-344.734
-1337.79
-1119.9
-2975.81
-2128.32
-3871.42
-2856.66
-2124.83
-2819.17
-2919.75
-3995.34
-2503.95
-4667.4
-3154.48
-2872.05
-2559.01
-2099.77
-3044.89
103.764
35.0674
356.053
96.2909
526.967
127.962
30.9587
742.289
568.826
575.624
57.0668
-743.574
385.434
400.987
297.692
88.2459
2.20471
1.71491
4.48666
4.06398
6.14782
5.78313
8.32446
6.19886
2.85522
4.61668
0.194764
0.24596
-0.127428
2.47194
-0.0636748
-0.995304
-1.65065
-1.96277
0.00734998
0.0116696
0.0163625
0.0247121
0.0196984
0.0316563
0.0147756
0.00756576
0.0193681
0.00739168
0.0242408
0.00801121
0.0110513
0.00599742
0.00570873
0.00242444
0.0056849
0.00498238
0.0142052
0.0129106
0.0163606
0.0174059
0.0198074
-14.0828
-7.17169
-43.3681
-13.7971
-73.966
-23.7935
-101.97
-31.9498
-133.506
-42.1436
-173.789
-56.9914
-156.366
-49.086
-182.766
-61.5347
-190.447
-63.9026
-292.843
-389.991
-1852.92
3303.39
10928.9
7585.75
3642.49
6592.16
14281.8
19120.7
8756.98
2081.5
833.84
1203.68
3368.7
-426.49
-651.62
-316.263
-562.638
827.674
603.142
4212.48
4767.2
-406.4
-350.136
-373.127
-315.703
-1214.68
-1290.81
-3042.1
-3751.53
-736.596
-4891.95
-6801.17
-5266.78
-3731.13
-5717.04
-6220.94
-10165
-4771.2
-3843.39
-3168.09
-2583.78
-272.068
-266.574
-804.091
-415.479
-2757.35
-507.167
-4538.22
-3001.39
-2202.76
-807.251
-489.966
-4251.95
-2116.44
-1368.45
-706.009
-72.7394
0.987332
0.0723724
0.799185
-0.527357
1.0878
-0.805766
3.10939
-1.2238
-3.00611
-2.94022
-4.15368
-3.76238
-6.03444
-3.59012
-2.52105
-3.02809
-2.41524
-2.54521
-0.00181964
-0.0035517
-0.00459597
-0.00886693
-0.00593865
-0.0123529
-0.00720723
-0.0035865
-0.00692143
-0.00260312
-0.00846517
-0.00254657
-0.00417091
-0.00244939
-0.00117383
-0.000438804
-0.00114988
-0.000886927
-0.00339848
-0.00278743
-0.00420002
-0.00448083
-0.00626842
-14.1382
-7.1963
-43.5516
-13.7896
-74.2681
-23.7923
-102.33
-31.9509
-133.905
-42.1606
-174.076
-57.0099
-156.73
-49.1013
-182.947
-61.5503
-190.516
-63.9107
393.572
1807.88
-182.367
198.022
301.87
-1124.4
-703.131
-731.341
-2241.65
-1888.86
-662.253
-2634.46
-1455.19
-2891.87
-3562.08
-702.3
-1104.55
-1485.05
-2111.5
-4687.78
-474.348
-1164.36
-1572.33
-577.589
-1928.9
-3297.96
-2614.47
-3879.66
-351.949
-371.395
-1156.66
-957.226
-456.587
25141.4
-2448.08
-749.45
-1019.3
-3535.56
548.049
698.894
459.7
612.658
-686.604
-554.659
-4459.51
-5285.41
524.521
423.676
415.717
344.753
1209.4
1038.64
2981.55
2132.78
3873.13
2859.05
2124.92
2819.37
2920.16
3996.59
2505.25
4667.47
3154.59
2872.29
2559.43
2100.19
3016.83
-96.7694
-34.0088
-354.708
-95.3202
-526.653
-127.887
-30.9283
-742.24
-568.751
-575.435
-57.0394
743.591
-385.389
-400.921
-297.614
-88.2296
-2.07162
-1.5918
-4.37569
-4.0144
-6.11765
-5.75529
-8.30084
-6.17858
-2.84024
-4.60401
-0.189325
-0.244818
0.136678
-2.46617
0.0671964
0.994909
1.65376
1.9628
-0.00652645
-0.0104301
-0.0161591
-0.0244624
-0.0195815
-0.0315218
-0.0147396
-0.00755196
-0.0192938
-0.0073662
-0.0241453
-0.00797962
-0.0110177
-0.00598316
-0.00568931
-0.00241641
-0.00499182
-0.00434464
-0.0140181
-0.012744
-0.0162505
-0.0172911
-0.0197245
12.2268
6.17263
43.9878
14.1587
73.9267
23.8298
101.954
31.9665
133.496
42.1526
173.785
56.9933
156.359
49.0911
182.764
61.5352
190.446
63.9026
290.988
384.363
1843.29
-2962.19
-10943.8
-7630.96
-3660.32
-6607.77
-14322.4
-19031.8
-7573.34
-2081.38
-834.023
-1203.88
-3368.64
426.362
651.588
316.152
562.621
-827.8
-603.192
-4212.5
-4767.22
406.333
350.111
373.118
315.706
1157.73
1215.91
3008.62
3748.27
737.122
4893.21
6801.73
5267.56
3731.91
5717.38
6221.41
10165.2
4771.46
3843.67
3168.27
2583.99
212.869
236.485
826.799
427.288
2758.3
507.326
4538.61
3001.65
2202.89
807.548
489.956
4252.16
2116.62
1368.59
706.148
72.7599
-0.972955
-0.0916326
-0.733956
0.544978
-1.07332
0.818116
-3.09535
1.23597
3.01869
2.95165
4.16409
3.76944
6.04661
3.59971
2.52876
3.03237
2.42003
2.54696
0.00184468
0.0034812
0.00469503
0.0089745
0.00603586
0.0124801
0.0072582
0.00361344
0.00699652
0.00263076
0.00856275
0.00257744
0.00421212
0.00247079
0.00119984
0.000449979
0.00119038
0.000924855
0.00349878
0.00288606
0.00428594
0.00456944
0.00634854
12.2743
6.1936
44.1753
14.1537
74.229
23.8289
102.314
31.9677
133.895
42.1695
174.072
57.0118
156.723
49.1064
182.946
61.5508
190.515
63.9107
-392.997
-1812.1
183.012
-232.731
-246.81
1211.37
569.598
670.865
2243.4
1889.92
608.57
2636.54
1456.65
2893.12
3563.04
650.158
1038.08
1468.64
2079.41
4690.93
436.907
1164.96
1573.03
531.45
1929.28
3298.31
2615.26
3880.29
314.137
325.944
1167.17
971.167
456.375
-18474.6
3600.69
-1882.12
18473
-3600.57
1881.96
-21849.6
-25000
-20985.2
-25183.4
-7906.24
-6322.36
-18594
-15598.2
-7078.46
-8082.47
-18594.2
-19887.6
-20124.9
-21203.3
-11241.9
-3178.67
-18972.5
-5562.85
-4330.67
-13879.1
-11179.4
-14044.1
-10523.4
-2799.09
-2045.6
-1383.48
-7521.13
-4471.56
-2874.38
-6567.22
-4060.5
-3094.29
-12147.1
-15768.9
-14679.7
-20407.2
16.1138
-634.61
-3063.9
-3083.06
629.075
559.283
2286.99
1874.02
1244.15
1416.54
4769.48
2342.7
4792.39
393.255
256.561
1202.06
827.145
1213.35
973.252
177.879
127.33
116.019
599.024
453.836
365.214
774.731
614.502
493.864
210.454
910.15
1949.96
3197.26
3465.77
540.798
1816.33
114.781
1.34028
385.292
1279.06
2305.27
3316.16
3368.49
603.65
1791.77
170.182
22.1534
21866.3
25003.7
20987.9
25181
7293.36
5878.1
18597
15563.3
6633.81
7500.33
18526.6
19831.8
20118.3
21195.6
11241.5
3178.7
18971.2
5058.8
3893.93
13936.4
11230.1
14038.1
10522
2452.1
1814.49
1252.1
7581.74
4497.19
2879.9
6568.58
4062.42
3095.65
12117.6
15750.2
14666.1
20396.7
35.1609
555.189
3059.41
3149.41
-592.928
-525.706
-2270.1
-1859.51
-1243.01
-1415.55
-4769.64
-2342.8
-4792.23
-374.752
-242.871
-1190.69
-819.836
-1212.52
-972.497
-168.656
-118.757
-107.824
-593.653
-451.499
-364.021
-774.2
-614.163
-493.662
-239.339
-872.849
-1942.06
-3195.01
-3465.25
-540.806
-1816.26
-114.785
-1.33706
-387.78
-1249.95
-2299.82
-3314.62
-3368.12
-603.686
-1791.73
-170.211
-22.1611
2216.77
4867.48
1.87197
0.507767
0.144885
0.042395
0.0150493
1.89638
0.572037
0.171612
0.051569
0.0186138
-1497.71
61.729
3098.36
10093.5
2413.84
316.093
0.00783743
0.0494234
0.0254927
0.0104152
0.00470077
0.33435
0.115402
0.0430567
0.0158064
0.00678505
132.014
401.486
705.059
1061.79
1461.01
-2937.53
-2594.97
-9597.66
-8499.15
-17222.9
-13879.8
-2030.94
-1350.18
-969.395
-6626.72
-4362.81
-3136.58
-9335.43
-5784.15
-4053.75
0
0
0
0
0
0
0
0
-1600.87
-366.321
-281.946
-81.3512
8.83994
-4.05931
-18.7041
-11.6103
-8.38739
-5.76053
-4.21064
-1.77592
-0.934188
-0.274819
-0.0910973
-0.0306643
-0.0123285
-0.429162
-0.146647
-0.0492898
-0.0163144
-0.00640559
-0.651491
-6.97941
-26.4515
-77.6507
-170.681
-291.102
-0.573454
-0.469924
-0.344175
-0.208345
-0.0695736
-6.13126
-5.01183
-3.66091
-2.21121
-0.737477
-23.1691
-18.8701
-13.7312
-8.26786
-2.75269
-67.7401
-54.8969
-39.7412
-23.8302
-7.9161
-148.201
-119.423
-85.956
-51.3091
-17.0032
-251.162
-200.881
-143.524
-85.1915
-28.1487
-863.922
-719.36
-553.817
-382.429
-221.734
-72.5265
0
0
0
0
0
0
0
0
0
0
0
0
2064.54
296.888
475.959
87.2507
-2006.65
-1675.74
-4055.19
-2963.83
-3224.49
-2404.17
-1232.61
-845.193
-625.238
-2046.62
-1449.9
-1108.95
-1788.2
-1311.56
-1043.68
-108.203
-42.4894
-0.0750298
4.53375
-18.8554
-10.1391
-2.57322
-0.802196
-1.37795
-0.530854
-0.175744
-0.055767
-0.0208844
-0.505283
-0.187888
-0.0634377
-0.0206106
-0.00789248
609.043
493.831
368.283
246.096
138.918
44.7763
0.62822
6.8061
25.6033
74.3348
154.117
251.343
0.552078
0.451451
0.329861
0.199268
0.0664619
5.97303
4.87612
3.55658
2.14548
0.715024
22.3987
18.2135
13.2299
7.95379
2.64575
64.7326
52.3393
37.7934
22.6125
7.50196
133.466
107.185
76.8595
45.7315
15.1262
215.925
171.75
121.978
72.0353
23.7322
-3098.36
-10093.9
-2421.18
-317.989
-0.00371777
-0.04812
-0.0250617
-0.0102684
-0.0046404
-0.329304
-0.113801
-0.0425395
-0.0156351
-0.00671622
-132.028
-401.528
-705.131
-1061.9
-1461.14
-2216.83
-4867.33
-1.86726
-0.50628
-0.144408
-0.0422373
-0.0149858
-1.8923
-0.570695
-0.171175
-0.0514234
-0.0185548
1499.57
-60.6462
-10716.2
-14948
-24849.2
-28425.3
-27820.6
-32059.6
-13136.9
-14227
-1982.98
-1546.57
-1119.9
-5369.09
-3244.24
-2128.32
-6345.86
-3750.19
-2856.66
-8764.31
-4251.61
-2503.95
-11911.3
-5414.43
-2099.77
564.919
-52.0069
-745.718
7.20654
-1403.37
22.5627
-389.633
-213.205
948.269
758.342
138.846
42.1947
16.8019
6.99323
243.293
73.4689
40.184
18.8857
65.0972
19.4274
5.79754
2.09404
173.958
51.8004
14.2794
5.17639
235.966
70.7764
20.0608
7.33154
223.184
71.4155
21.8643
8.08942
150.613
56.511
18.5058
7.09902
42.0869
19.4571
6.88703
2.82429
73.1437
33.6492
12.3456
5.01107
17.2548
8.3114
2.83688
1.24944
3.38703
1.72528
0.699635
0.325866
1.36638
0.391111
0.114294
0.033794
0.0120539
2.33878
0.68054
0.204144
0.0614037
0.0221584
0.838807
0.303851
0.0989571
0.0311227
0.011574
1.27119
0.425469
0.132197
0.0404354
0.014756
0.582431
0.206217
0.0686233
0.0220634
0.00835831
0.191579
0.0666744
0.0224457
0.0073519
0.00283977
0.669059
0.191185
0.0532842
0.0150619
0.00518778
1.76857
0.479124
0.132234
0.0374914
0.0129828
2.29277
0.607795
0.169622
0.0488543
0.0171473
223.516
873.063
1694.63
2919.75
4222.09
377.233
2478.18
-311.772
-453.757
47.6711
-84.5021
-0.0397826
-1.88943
-2.4289
374.337
91.9256
18.5232
5.78215
1.77029
501.848
101.732
19.2841
3.62735
1.38014
667.866
119.659
20.1985
3.52448
1.53697
831.043
130.132
18.1212
1.75989
0.278135
-135.178
-76.029
-27.4075
-9.38214
-3.34881
281.296
-4.09203
-13.4293
-6.28853
-2.46584
-292.966
-98.1581
-29.3695
-8.60473
-2.40345
-321.064
-103.117
-28.8801
-7.55604
-1.71798
10270.9
14659.8
18944
23532.5
23050.1
27366.4
8957.47
11241.2
-377.409
-2367.71
-1387.85
-832.021
-318.221
-247.731
-172.32
-100.19
-32.7542
-926.58
-491.414
-237.328
-117.114
-45.7002
-812.834
-439.679
-233.402
-111.328
-33.8822
-651.865
-469.925
-304.897
-168.604
-53.8571
-1160.49
-1290.72
-4120.77
-3751.53
-4814.39
-4891.95
-8963.92
-6220.94
-8795.55
-2583.78
144.743
119.72
-419.936
525.251
-174.631
525.529
-458.321
-387.899
689.282
357.765
34.3973
6.62058
5.6286
3.57008
62.8434
10.5488
21.3517
13.3153
4.5489
0.426481
0.411572
0.243695
9.28059
0.68895
-0.599461
0.0937843
-4.96033
-2.3066
-0.846827
0.21094
-38.2257
-7.40097
-0.309631
0.486347
-58.9936
-10.2786
-1.25975
-0.114795
-18.6642
-5.07771
-2.01678
-0.985095
-51.2435
-10.5033
-2.0651
-0.733958
-5.16255
-2.29859
-1.49441
-0.7327
-1.56353
-0.9941
-0.504477
-0.251742
0.157739
-0.0187785
-0.01754
-0.00787503
-0.00364976
0.0755454
-0.0939161
-0.0466761
-0.0183527
-0.00805143
-0.522669
-0.140136
-0.0439485
-0.014593
-0.00589238
-0.468936
-0.123135
-0.0414153
-0.0144955
-0.00606462
-0.377923
-0.124119
-0.0405997
-0.0134104
-0.00532469
-0.147416
-0.0547953
-0.0186573
-0.00617666
-0.00242203
0.0961374
0.014468
-0.000744716
-0.00150868
-0.000933818
0.260958
0.0217101
-0.00705525
-0.00526233
-0.00285042
0.263974
-0.00908926
-0.0193443
-0.00953192
-0.00460377
277.814
952.978
1715.28
2774.74
3847.31
398.289
2250.26
-265.243
-434.965
64.0853
-81.1235
0.722305
-1.76072
-2.42925
406.618
99.4524
20.3082
6.19342
1.86159
525.2
108.927
21.3233
4.11764
1.50028
657.279
122.709
21.7916
4.00558
1.67832
786.729
129.315
19.2103
2.15631
0.395804
-128.669
-73.3103
-26.5328
-9.16131
-3.28374
251.804
-4.52427
-12.6421
-5.99533
-2.37593
-279.451
-95.0424
-28.6359
-8.44946
-2.36368
-315.382
-101.86
-28.6087
-7.49931
-1.70414
-2.08184
-21.1676
-71.7894
-179.7
-381.721
-712.476
-1167.46
-1649.4
-1928.23
-1677.67
-872.176
-116.423
-1.81587
-1.47112
-1.06443
-0.637899
-0.21182
-18.4424
-14.9217
-10.7834
-6.4567
-2.14306
-62.3453
-50.2489
-36.1728
-21.5936
-7.15567
-155.337
-124.514
-89.151
-52.9995
-17.525
-327.983
-261.078
-185.682
-109.841
-36.2306
-607.483
-479.42
-338.274
-198.992
-65.4697
-985.756
-769.883
-538.3
-314.794
-103.34
-1375.5
-1060.93
-734.325
-426.959
-139.997
-1582.71
-1202.91
-823.671
-476.58
-156.439
-1350.96
-1010.39
-684.764
-395.044
-130.285
-690.403
-509.476
-342.635
-197.474
-65.5161
-91.4612
-67.1946
-45.1604
-26.1
-8.70446
-2.14736
-21.482
-72.7396
-182.026
-386.11
-718.534
-1172.15
-1648.58
-1920.47
-1668.61
-870.155
-117.63
-1.8774
-1.52564
-1.1077
-0.665841
-0.221489
-18.7381
-15.184
-10.9917
-6.59117
-2.18959
-63.2424
-51.0479
-36.8092
-22.0053
-7.29826
-157.548
-126.495
-90.7365
-54.0284
-17.8819
-332.225
-264.943
-188.819
-111.895
-36.9465
-613.579
-485.19
-343.098
-202.214
-66.6034
-991.2
-775.643
-543.504
-318.435
-104.65
-1376.58
-1063.55
-737.53
-429.534
-140.98
-1577.59
-1200.27
-822.855
-476.635
-156.568
-1343.51
-1004.66
-680.793
-392.75
-129.545
-687.701
-506.356
-339.668
-195.338
-64.7369
-91.8138
-66.8323
-44.4198
-25.4153
-8.42868
-478.509
-7774.71
-1284.02
-407.523
-321.242
-226.446
-133.125
-43.7909
-4972.36
-3478.42
-2307.94
-1400.55
-553.943
-1051.98
-797.401
-543.821
-312.932
-102.109
10728.8
14953.9
24896.9
28424.9
27846.2
32161
11257.2
12154.9
1790.44
1411.91
1038.64
5428.83
3269.98
2132.78
6346.91
3753.15
2859.05
8764.65
4252.87
2505.25
11911.4
5414.73
2100.19
-468.224
28.2231
740.178
42.6562
1394.66
-24.5628
330.116
191.603
-912.666
-749.788
-128.491
-38.9459
-15.6511
-6.53499
-241.476
-72.9554
-39.9045
-18.7517
-61.4059
-18.2222
-5.42464
-1.94829
-172.564
-51.3828
-14.1361
-5.12756
-235.621
-70.6226
-20.0024
-7.30482
-222.989
-71.3224
-21.8269
-8.07109
-150.527
-56.4651
-18.4856
-7.08841
-42.1117
-19.4648
-6.889
-2.82465
-73.1385
-33.6392
-12.3392
-5.0071
-17.2818
-8.32297
-2.84133
-1.25127
-3.39814
-1.7306
-0.701805
-0.32684
-1.24907
-0.354797
-0.103248
-0.0304382
-0.0108295
-2.32298
-0.676236
-0.202739
-0.0609323
-0.0219697
-0.83818
-0.303554
-0.0988459
-0.0310829
-0.011557
-1.26885
-0.424639
-0.131919
-0.0403417
-0.0147176
-0.582632
-0.20623
-0.0686165
-0.0220581
-0.00835506
-0.191923
-0.0667784
-0.0224763
-0.00736077
-0.00284278
-0.605286
-0.171033
-0.047225
-0.0132496
-0.00453548
-1.75586
-0.475539
-0.131067
-0.0370968
-0.0128232
-2.28488
-0.605419
-0.16886
-0.0486
-0.0170441
-259.917
-831.355
-1689.04
-2917.86
-4221.49
-377.21
-2478.02
311.788
453.779
-79.6037
66.7857
-3.35303
0.584603
1.70251
-346.229
-82.7505
-16.0039
-4.91224
-1.38591
-499.449
-100.828
-18.9891
-3.52679
-1.33107
-667.019
-119.334
-20.0789
-3.47838
-1.51261
-830.717
-130
-18.0676
-1.73643
-0.264598
135.215
76.0471
27.4157
9.38632
3.3515
-281.175
4.14461
13.4521
6.29945
2.47257
292.984
98.1652
29.3723
8.60607
2.40428
321.078
103.121
28.8812
7.55633
1.71809
-10282.7
-14669.9
-18979
-23569.8
-22976.7
-27277.2
-7563.73
-9533.18
377.354
2367.74
1387.79
831.928
318.172
247.69
172.288
100.171
32.7476
926.584
491.408
237.325
117.113
45.6965
812.785
439.644
233.378
111.314
33.8773
651.782
469.855
304.845
168.572
53.846
1062.69
1215.82
4142.1
3748.27
4814.41
4893.21
8963.96
6221.41
8795.68
2583.99
-167.954
-165.484
462.617
-464.523
176.397
-524.494
382.711
350.876
-657.527
-351.996
-32.5518
-6.2295
-5.38704
-3.39688
-61.7761
-10.2238
-21.1283
-13.2045
-5.96441
-0.77119
-0.481324
-0.252186
-7.85748
-0.421338
0.675318
-0.0762953
5.23684
2.4046
0.875912
-0.198635
38.3915
7.47478
0.335119
-0.474572
59.11
10.3364
1.2823
0.125551
18.725
5.11033
2.03083
0.991863
51.3264
10.5472
2.08371
0.743024
5.19958
2.31826
1.50284
0.736703
1.57561
1.00026
0.507077
0.25295
-0.139409
0.0212982
0.0176645
0.00777811
0.00357663
-0.0698182
0.0952943
0.0472385
0.0185726
0.00814816
0.525466
0.141071
0.0442501
0.0146902
0.00593011
0.472802
0.124386
0.0418192
0.0146281
0.00611731
0.379819
0.124753
0.0408032
0.013475
0.00534925
0.147986
0.0549819
0.0187159
0.00619479
0.00242871
-0.0861092
-0.0116325
0.00139085
0.00164653
0.000967133
-0.258602
-0.0205478
0.00758271
0.00547456
0.00294571
-0.25912
0.01063
0.0198833
0.00972512
0.00468633
-296.264
-921.768
-1711.42
-2773.42
-3846.88
-398.288
-2250.15
265.237
434.977
-92.9285
63.8036
-4.06991
0.457647
1.70051
-379.299
-90.2187
-17.7538
-5.31319
-1.47463
-523.325
-108.082
-21.0314
-4.01655
-1.45094
-656.705
-122.434
-21.6789
-3.96017
-1.654
-786.516
-129.213
-19.1621
-2.13368
-0.382389
128.693
73.3238
26.5399
9.16525
3.28638
-251.721
4.5646
12.6622
6.00574
2.38256
279.461
95.0475
28.6383
8.45069
2.36449
315.393
101.864
28.6097
7.49957
1.70424
2.0816
21.1646
71.779
179.674
381.668
712.382
1167.31
1649.21
1928.01
1677.49
872.085
116.41
1.81565
1.47093
1.06428
0.637811
0.211789
18.4397
14.9194
10.7817
6.45562
2.14269
62.3359
50.241
36.1669
21.5899
7.15442
155.314
124.495
89.1364
52.9905
17.5219
327.936
261.038
185.652
109.822
36.2242
607.398
479.349
338.22
198.958
65.4582
985.623
769.771
538.214
314.74
103.322
1375.32
1060.78
734.209
426.886
139.972
1582.52
1202.75
823.543
476.499
156.411
1350.8
1010.25
684.66
394.978
130.262
690.323
509.409
342.585
197.442
65.5048
91.45
67.1858
45.1543
26.0963
8.70321
2.1469
21.4781
72.727
181.996
386.05
718.429
1171.99
1648.37
1920.25
1668.44
870.072
117.621
1.87699
1.52531
1.10745
0.665688
0.221438
18.7346
15.1811
10.9895
6.58985
2.18915
63.2313
51.0386
36.8023
22.0011
7.29684
157.521
126.473
90.7201
54.0183
17.8785
332.172
264.899
188.786
111.875
36.9397
613.486
485.113
343.041
202.179
66.5916
991.059
775.526
543.417
318.382
104.632
1376.4
1063.4
737.416
429.464
140.956
1577.4
1200.11
822.732
476.558
156.542
1343.35
1004.53
680.693
392.688
129.523
687.626
506.292
339.618
195.306
64.7254
91.805
66.8242
44.413
25.4106
8.42694
478.435
7774.54
1283.88
407.458
321.189
226.407
133.101
43.7831
4972.23
3478.3
2307.85
1400.49
553.91
1051.86
797.305
543.753
312.891
102.096
0
0
0
0
0
0
0
0
0
0
0
0
-2069.3
-297.742
-477.271
-87.6707
2006.66
1675.79
4055.38
2964
3224.58
2404.36
1232.66
845.216
625.245
2046.75
1449.99
1109.01
1788.41
1311.71
1043.78
108.193
42.5058
0.0805172
-4.53167
18.7704
10.1176
2.56718
0.80057
1.37945
0.531373
0.17593
0.055836
0.0209148
0.504828
0.187748
0.0633979
0.0206003
0.00788956
-609.121
-493.901
-368.341
-246.14
-138.945
-44.7856
-0.628299
-6.80715
-25.6073
-74.3463
-154.141
-251.38
-0.552149
-0.451511
-0.329906
-0.199296
-0.0664716
-5.97398
-4.87691
-3.55718
-2.14585
-0.715149
-22.4023
-18.2166
-13.2321
-7.95519
-2.64623
-64.7429
-52.348
-37.7999
-22.6165
-7.50333
-133.487
-107.203
-76.8729
-45.7398
-15.129
-215.959
-171.779
-122
-72.0487
-23.7368
2937.46
2594.88
9597.16
8498.74
17221.3
13878.8
2030.88
1350.17
969.415
6626.57
4362.91
3136.77
9335.28
5784.55
4054.26
0
0
0
0
0
0
0
0
1602.79
367.445
282.781
81.7657
-8.44448
4.18842
18.746
11.6242
8.52322
5.80309
4.22407
1.78034
0.938915
0.276349
0.0915956
0.0308284
0.0123933
0.430634
0.147127
0.0494419
0.0163624
0.00642367
0.651339
6.97801
26.4464
77.6363
170.65
291.053
0.573319
0.469812
0.344091
0.208294
0.0695563
6.13002
5.01079
3.66014
2.21074
0.737317
23.1646
18.8664
13.7283
8.26614
2.75211
67.7273
54.8863
39.7333
23.8254
7.91448
148.174
119.4
85.9394
51.299
16.9998
251.118
200.844
143.497
85.1752
28.1432
863.814
719.266
553.741
382.375
221.701
72.5158
)
;
    }
    patch2
    {
        type            calculated;
        value           nonuniform List<scalar> 
348
(
-132.028
132.014
-384.572
-108.67
-118.927
-204.876
-414.456
-126.702
-132.929
-225.836
384.469
108.645
118.903
204.831
414.393
126.682
132.907
225.801
-2174.65
-673.437
-116.959
-61.9322
-39.7227
-49.7996
-65.9824
-1127.7
-395.267
-305.682
-199.3
-81.0861
-136.812
-175.539
-58.186
-93.5057
-84.0729
-67.0996
-1768.47
-402.598
-88.223
-180.277
-313.396
-197.643
-192.632
-126.336
-52.1624
-76.2129
-95.5712
-115.075
-1922.35
-634.256
-627.105
-386.411
-341.182
-1.49558
-2.96671
-6.56099
-13.7086
-26.6935
-48.3509
-1.26703
-3.5303
-9.12708
-20.0741
-38.7592
-66.682
-0.981137
-0.413335
-2.14
-1.27011
-5.04519
-3.62222
-10.9813
-9.05009
-20.8258
-17.6197
-37.5466
-29.0925
-78.4135
-113.73
-155.864
-293.018
-386.465
-459.374
-102.017
-137.979
-164.443
-177.351
-177.847
-173.946
-1.50706
-3.01365
-6.6893
-14.0273
-27.4241
-49.7737
-1.2817
-3.59179
-9.29244
-20.447
-39.4627
-67.7782
-0.989927
-0.419063
-2.18042
-1.30298
-5.17388
-3.75607
-11.3576
-9.5191
-21.8624
-19.3415
-39.7594
-33.2239
-80.7152
-117.157
-160.688
-298.419
-389.672
-460.257
-103.437
-139.559
-166.029
-178.611
-178.41
-174.049
-2182.87
-675.386
-122.877
-66.2783
-49.6557
-58.1761
-74.2394
-1361.87
-861.414
-432.722
-553.943
-221.026
-341.108
-160.165
-171.591
-114.505
-1922.89
-474.988
-122.579
-215.531
-354.476
-216.434
-207.443
-142.346
-73.2793
-94.2027
-134.366
-138.24
-1957.92
-642.938
-683.46
-404.021
-361.577
2174.12
673.276
116.936
61.9205
39.7148
49.79
65.9695
1127.29
395.14
305.577
199.251
81.0736
136.779
175.494
58.1748
93.4852
84.0558
67.0857
1767.88
402.477
88.2027
180.235
313.316
197.599
192.59
126.309
52.1515
76.1973
95.5504
115.05
1921.81
634.091
626.912
386.312
341.103
1.4953
2.96618
6.55984
13.7062
26.6888
48.3422
1.2668
3.52969
9.12549
20.0706
38.7524
66.6702
0.980958
0.413261
2.13962
1.26988
5.0443
3.62157
10.9793
9.04843
20.822
17.6165
37.5397
29.087
78.3991
113.709
155.833
292.956
386.379
459.276
101.999
137.954
164.413
177.318
177.812
173.911
1.50676
3.01305
6.68799
14.0246
27.419
49.7647
1.28144
3.59108
9.29064
20.4431
39.4555
67.7662
0.989729
0.418976
2.17997
1.3027
5.17284
3.7553
11.3553
9.51716
21.8582
19.3377
39.7521
33.2176
80.7011
117.137
160.661
298.369
389.603
460.168
103.419
139.535
166.001
178.581
178.379
174.017
2182.4
675.244
122.856
66.2665
49.647
58.1653
74.2265
1361.73
861.368
432.685
553.91
221.004
341.079
160.145
171.571
114.49
1922.62
474.927
122.563
215.499
354.425
216.401
207.41
142.323
73.2684
94.1871
134.347
138.219
1957.56
642.821
683.363
403.956
361.521
16.7809
37.1627
35.0674
66.5937
112.355
96.2909
-79.6298
116.476
127.962
-256.605
34.528
57.0668
-501.167
35.0766
88.2459
-316.693
-266.571
-466.069
-415.479
-1048.33
-507.167
-961.648
-489.966
-948.647
-72.7394
-20.174
-36.8147
-34.0088
-62.1139
-110.475
-95.3202
79.5179
-116.366
-127.887
256.455
-34.5209
-57.0394
500.92
-35.095
-88.2296
280.377
236.482
480.514
427.288
1047.99
507.326
961.564
489.956
948.605
72.7599
)
;
    }
    patch3
    {
        type            calculated;
        value           nonuniform List<scalar> 
96
(
-14.3451
-28.9212
-65.1256
-139.061
-278.381
-522.762
-12.278
-34.8425
-91.7402
-206.259
-408.961
-726.037
-887.616
-1364.16
-2003.9
-4039.98
-5617.8
-6862.46
-1152.07
-1625.61
-2035.97
-2329.57
-2501.07
-2571.13
-14.4218
-29.2374
-65.999
-141.242
-283.373
-531.974
-12.3751
-35.2477
-92.8134
-208.608
-413.114
-731.704
-900.895
-1380.96
-2021.81
-4032.06
-5582.88
-6841.23
-1157.75
-1629.34
-2036.53
-2324.09
-2490.25
-2565.4
14.3428
28.9168
65.1159
139.041
278.342
522.692
12.276
34.8373
91.7269
206.23
408.905
725.941
887.502
1364
2003.67
4039.58
5617.31
6861.91
1151.93
1625.41
2035.74
2329.33
2500.84
2570.91
14.4192
29.2321
65.9875
141.218
283.327
531.893
12.3729
35.2414
92.7976
208.574
413.051
731.598
900.768
1380.78
2021.58
4031.64
5582.37
6840.67
1157.59
1629.13
2036.29
2323.84
2490.01
2565.17
)
;
    }
    patch4
    {
        type            calculated;
        value           nonuniform List<scalar> 
384
(
-14259.2
-39131.5
-65936.4
-87604.1
-70552.1
-56177.1
-40855.2
-15382.2
-20320.8
-57045.6
-80811.4
-29597.8
12745.1
39268.3
65948
87625.2
70574.9
56196.5
40988.8
13052.3
18393.8
57313.1
81124.7
26619.6
-62566.3
-90277
-97144.9
-133653
-66909
-92379.5
-101303
-135702
62577
90290.9
97159
133670
66930.8
92398.6
101323
135722
-30559.9
-49452.2
34259.9
51513.8
-26591.6
-9637.85
-34474.2
-12987.6
28237
10262.5
35468.4
13369.4
-34240.2
-51497.4
30570.7
49463.9
-11702.9
-8228.58
-36530.2
-26884.7
-45779.5
-66815.2
-5477.21
-1970.1
-19833.4
-7239.99
-14469.8
-10185.7
-43775.8
-32620.1
-49579.4
-68831.8
-6524.52
-2238.19
-23531.6
-8456.24
10595.3
7468.01
36649.7
26963.3
45789.4
66827.6
5000.63
1817.34
19871
7252.33
13110
9229.62
44012.8
32774.1
49599.1
68849
5946.98
2059.38
23593.3
8475.42
-28228.1
-10259
-35459.2
-13365.7
26597.7
9640.32
34481.8
12990.7
-23222.3
-26223.9
-21235.9
-24667.9
23218
26222.6
21232.8
24666.8
-1616.93
-1796.85
-5799.55
-7132.77
-5442.41
-4745.77
-7831.03
-10679.4
-12470.7
-17864.4
-13709.5
-18276.2
-12311.5
-17895.9
-12588.3
-18580.5
-912.852
-1994.35
-5134.4
-8225.69
-3053.5
-3920.38
-7840.74
-10814.9
-12254.9
-17608.9
-12742.6
-17691.2
-12353.7
-17801.8
-12636.1
-18560.9
1550.46
1668.53
5776.89
7135.77
5437
4737.75
7831
10680.9
12468.6
17864.1
13707.3
18275.5
12311.4
17895.9
12589
18580.8
908.934
1851.33
5100.66
8232.86
3046.89
3909.25
7840.44
10816.4
12252
17608.2
12740.2
17690.4
12353.4
17801.6
12636.8
18561.1
-2091.23
-4398.44
-7067.22
-13331.8
-11793.7
-20354.1
-14609.1
-582.373
-2565.8
-5193.46
-10981.2
-8665.87
-16560.8
-13085.4
2011.3
4134.11
7025.1
13268.7
11787
20342.3
14606.4
623.052
2455.11
5135.62
10897.9
8660.08
16550.7
13083.4
-1934.31
-5919.34
-9887.99
-13219.4
-16157.1
-19758.9
-18262.2
-20536.5
-21018.1
-1942.28
-5949.7
-9942.35
-13304.2
-16301.9
-19936.4
-18461.5
-20654.8
-21059.4
1710.31
5976.45
9885.53
13219.4
16157.5
19759.6
18262.8
20537.2
21018.8
1718.49
6007.26
9939.92
13304.2
16302.4
19937.1
18462.1
20655.6
21060.2
-449.439
-1369.78
-2294.97
-3079.13
-3812.3
-4863.04
-4420.88
-5098.13
-5226.22
-452.888
-1381.09
-2314.07
-3104.86
-3846.29
-4897.59
-4460.04
-5121.23
-5234.29
394.199
1385.78
2294.41
3079.06
3812.33
4863.16
4420.97
5098.26
5226.36
397.312
1397.32
2313.55
3104.82
3846.35
4897.73
4460.15
5121.38
5234.44
-120.394
-367.495
-619.169
-838.185
-1052.23
-1379.65
-1239.91
-1455.37
-1495.49
-121.519
-371.04
-624.976
-845.477
-1060.74
-1387.04
-1248.63
-1460.24
-1497.19
105.372
371.827
619.008
838.141
1052.22
1379.67
1239.91
1455.39
1495.52
106.363
375.437
624.823
845.441
1060.73
1387.07
1248.64
1460.26
1497.22
-38.9678
-119.251
-202.106
-276.094
-350.878
-470.613
-418.595
-499.308
-513.999
-39.2642
-120.18
-203.615
-277.92
-352.891
-472.197
-420.529
-500.333
-514.354
34.0835
120.619
202.044
276.066
350.861
470.61
418.586
499.309
514.003
34.3421
121.564
203.553
277.894
352.876
472.195
420.522
500.335
514.357
-18.7551
-57.3873
-97.4987
-134.048
-171.95
-235.189
-207.185
-251.007
-259.057
-18.8337
-57.6381
-97.909
-134.53
-172.47
-235.57
-207.663
-251.252
-259.142
16.4038
58.0222
97.4634
134.029
171.936
235.184
207.176
251.005
259.056
16.4721
58.277
97.874
134.511
172.456
235.565
207.654
251.249
259.14
)
;
    }
}


// ************************************************************************* //
