/*--------------------------------*- C++ -*----------------------------------*\
| =========                 |                                                 |
| \\      /  F ield         | OpenFOAM: The Open Source CFD Toolbox           |
|  \\    /   O peration     | Version:  2306                                  |
|   \\  /    A nd           | Website:  www.openfoam.com                      |
|    \\/     M anipulation  |                                                 |
\*---------------------------------------------------------------------------*/
FoamFile
{
    version     2.0;
    format      ascii;
    arch        "LSB;label=32;scalar=64";
    class       volScalarField;
    location    "0.5";
    object      gradTz;
}
// * * * * * * * * * * * * * * * * * * * * * * * * * * * * * * * * * * * * * //

dimensions      [0 -1 0 1 0 0 0];

internalField   nonuniform List<scalar> 
5712
(
10380
33837.3
8374.99
34581.8
6097.73
35110.5
9207.78
51939.2
11237.1
70808
11415.6
52902.6
11267.5
44652.3
11744.6
40323.9
7030.95
4542.9
19024.4
11438.2
6665.54
3555.37
19860.6
9703.32
8210.37
6399.7
26128.4
19577
6208.42
4920.38
25612
19764.9
14670.5
6321.49
12757.5
5838.4
6274.95
14206.8
47074.2
12409.8
16932.5
5158.54
58331.7
15335.1
15034.2
4503.55
34982.3
10644.6
17886.6
5909.3
31594.3
9884.73
11796.4
5845.54
14946.9
6046
12789.8
6858.93
14458.2
5793.55
15401.7
8970.71
12342.4
5649.16
17301.9
6469.4
5816.91
2107.18
18592.6
13035.9
10972
7902.82
18039.9
14500.5
9593.11
7838.24
11505.6
8054.57
17395.6
12132.2
6819.97
4856.2
2927.87
2345.34
5797.35
4720.18
2391.65
2319.46
7259.56
4834.01
3285.15
2065.86
11089.7
6357.35
8826.36
10834.2
15976.5
11769.5
13403
18855.4
6961.38
3510.4
4948.48
6047.23
3136.56
1408
1876.11
2112.03
16862
29538.4
11169.7
32884.5
19192
28495.9
13493.1
33896.6
20998.2
25124.8
16858.3
32252
19105.7
19306.2
17259
17517.5
19100
18908.8
21024.8
23926.9
26667.6
38668.4
15641.9
14587.3
14562.5
17257.6
26741.9
34185.7
30125.3
39473.1
37541.2
31103.8
28367
38586.1
36393.2
26436.1
25454.3
35611.5
34563.7
13818.6
10868.9
16067.6
14292.7
19541.9
18300.2
22930.4
22526.5
31885.9
32738.3
12690.8
11360.2
14633.4
15322.3
17096.9
19458.3
20626.7
24191.1
27473.3
32373.8
11598.3
8730.57
7382.56
8493.59
13192.8
14320.5
8596.3
12401.5
7283.54
8490.34
11566.9
9224.49
1920.77
5305.66
467.907
1544.63
4045.49
7908.28
1010.94
2367.39
1490.44
5127.27
287.319
1478.72
7904.26
7351.81
9587.13
5917.66
13064
10254.7
16039.1
11047.2
2378.45
3857.54
4728.4
2658.02
2060.09
2469.11
2979.04
2129.38
23845.3
14301.2
4561.33
26876.5
15278.3
4960.86
22799.7
14058.5
4777.96
26143.8
15163
4923.2
20613.8
12745.4
4171.17
25046.1
14938.2
4911.27
7689.17
4642.94
1445.85
11718.3
7670.25
2566.92
15587.2
10339.5
3489.09
19273.9
12303
4040.84
24442.9
15029.4
5079.84
8641.89
5311.93
1865.4
11963.5
8518.39
3202.41
15593.5
11120.7
4074.72
19754.4
13517.2
4802.76
24773.1
15377.3
5396.24
249.053
1994.61
2777.97
4063.11
2728.51
2880.56
6636.87
6055.93
547.771
774.407
583.57
803.732
341.993
1076.17
686.429
1436.07
2565.99
1307.03
3505.16
2101.91
1682.24
2779.51
3237.75
-156.952
7168.33
915.959
-3131.01
-904.046
970.747
41.0513
58.1533
-522.113
7315.26
2697.83
1928.95
983.206
7478.81
2765.15
2432.59
1207.19
7508.69
2924.23
3326.32
1793.37
2040.46
1098.7
106.255
224.262
12722.4
10649.9
5676.69
5505.57
15604.7
13920.7
7447.08
6995.11
4268.11
4118.2
9588.19
7362.1
2943.72
3019.54
1025.66
1469.05
4181.59
3952.43
1669.08
1939.15
2024.82
2267.24
537.783
1161.53
3179.98
1609.48
2933.42
1459.85
5427
2276.6
4669.58
2159.1
1471.99
957.213
1647.08
809.449
277.137
304.983
828.868
330.325
8136.03
4443.07
3240.17
2624.78
8236.59
4763.82
3229.8
2630.06
8946.38
5459.1
3286.71
2659.01
13877.1
17135.1
10970.2
6168.76
2472.8
15753.9
12560.1
9961.61
6862.45
3059.86
14737.9
11524.3
7895.92
5001.9
2154.52
2734.37
1754.58
2035.42
1654.68
3122.87
1957.35
2171.46
1753.48
3844.95
2454.69
2401.13
1946.76
11475.7
7894.76
9033.18
5825.91
5940.43
4188.41
4468.49
3147.89
2394.43
2116.56
9615.59
8015.62
7249.94
5803.19
5154.91
4113.78
3546.82
2923.22
1810.61
1984.61
6483.39
4207.09
4073.21
2492.38
9751.84
7089.38
6396.77
5028.55
2767.66
1632.77
4245.03
2855.6
3674.57
1711.19
933.177
465.287
4487.33
3185.43
1097.44
908.232
2693.53
1133.9
730.606
315.221
1699.45
1313.12
927.25
1145.88
2552.1
1971.81
1239.61
1461.68
1696.91
888.254
654.662
765.715
295.464
101.298
-217.59
-5.36387
1009.18
410.258
114.929
956.748
271.839
71.2695
1169.11
500.373
147.321
1036.1
310.807
84.6397
1420.88
643.606
178.419
1164.8
366.438
94.3474
5029.83
2804.59
814.406
3446.01
1774.38
514.789
2505.69
1229.63
363.099
1814.03
831.34
222.308
1291.82
406.614
91.2188
5828.59
3131.84
993.59
4047.89
2009.65
606.713
2835.29
1363.35
404.424
1974.29
871.739
241.897
1412.83
402.981
104.177
806.548
224.521
52.4485
5.31651
332.125
94.6488
23.8541
4.04913
830.153
234.179
58.2883
9.46589
389.523
113.728
39.0981
12.9473
857.025
244.489
71.8217
18.8201
575.001
174.705
38.2632
5.76725
302.969
103.987
3.49104
-9.08039
130.891
60.6822
13.2768
3.02625
598.91
183.156
36.8959
-4.77704
457.644
135.49
41.9515
1.1909
787.183
227.578
62.4989
9.67491
643.186
182.185
57.2138
1.0876
380.722
125.259
26.9032
-0.92564
285.618
89.912
30.8158
4.59462
160.235
61.8767
18.1928
5.77817
118.316
43.4356
17.6744
6.05848
979.33
272.395
65.9409
4.04902
873.065
244.165
79.4227
6.31787
964.926
268.575
65.4804
3.58466
848.027
235.585
78.281
5.59837
929.12
258.284
74.2565
10.1508
801.855
219.899
81.2222
9.22023
773.975
218.775
75.5406
21.6992
868.756
235.849
99.3939
13.1633
645.355
180.42
66.3728
10.5483
606.61
163.013
61.8515
9.47074
223.465
57.4795
18.5212
5.20311
641.318
171.568
63.7089
9.64837
239.433
61.4555
20.2582
6.05143
676.813
179.443
67.8965
10.7279
255.49
65.2729
21.7325
6.82173
625.102
165.367
69.5661
11.6638
257.821
65.6268
24.6475
7.93363
567.148
153.035
65.2019
12.3117
233.959
63.1008
26.916
8.80284
332.239
91.0492
30.0494
5.02707
178.289
54.1374
19.0693
6.56255
431.441
114.765
43.9176
7.99759
207.942
59.8625
23.7046
8.06532
217.59
63.0956
19.9758
3.81969
120.892
39.4238
12.7567
4.76396
93.6076
31.9655
12.5307
4.23329
57.1868
22.1876
8.38974
3.57976
1.38949
0.344668
0.089862
0.024618
0.00835725
0.707666
0.173174
0.0457673
0.0127303
0.00437253
1.96454
0.509005
0.14172
0.0409075
0.01441
1.41161
0.37271
0.108302
0.0321806
0.0115483
2.33036
0.655786
0.195288
0.0586858
0.0212063
2.78458
0.942573
0.298087
0.0921077
0.033835
2.24977
0.883742
0.295276
0.0941866
0.0354017
2.49507
0.939401
0.318411
0.103636
0.0397343
1.8766
0.711103
0.23232
0.0729127
0.0270509
1.67865
0.621277
0.204609
0.0647362
0.0241657
2.12186
0.674808
0.208732
0.0638056
0.023284
2.12234
0.727878
0.228463
0.0702498
0.0257223
1.74366
0.700098
0.237429
0.0764276
0.0289071
1.74014
0.630006
0.211231
0.0681543
0.0258761
2.0133
0.735772
0.249724
0.0816937
0.0314749
1.70271
0.600082
0.202775
0.0665072
0.0257073
1.14862
0.289117
0.0743447
0.0200162
0.00669873
0.455657
0.114649
0.0293734
0.00786487
0.00261872
1.49845
0.401626
0.108873
0.0306121
0.0105806
0.587059
0.158428
0.0425695
0.0118444
0.00405984
1.73627
0.475147
0.135863
0.0398029
0.014153
1.10734
0.298977
0.0842509
0.0244468
0.00863415
2.48107
0.716838
0.212575
0.0635573
0.022882
1.70505
0.476274
0.138025
0.0407386
0.0145446
2.76884
0.846354
0.255016
0.0767971
0.0277549
3397.82
7937.44
3547.51
7896.11
3972.02
7824.57
4546.17
7926.61
4479.38
7857.55
1664.79
2640.07
2837.7
4587.01
815.264
1252.39
168.027
326.48
19379.4
5012.18
1351.23
429.556
199.91
5372.8
1567.65
480.059
151.982
65.0756
18992.4
4890.38
1321.77
419.374
196.705
5476.21
1728.36
493.948
158.472
71.2727
17864
4597.9
1245.83
397.051
187.012
5299.43
1663.69
474.776
152.048
68.6471
16070
4136.19
1126.78
361.698
171.316
5076.08
1566.91
443.322
141.319
63.6027
13253.2
3425.62
942.491
305.844
146.044
4693.98
1422.66
400.94
127.875
57.6602
6204.82
1697.47
481.543
159.67
77.1983
2244.96
693.01
194.857
61.872
28.1947
9279.57
2488.39
696.083
228.251
109.7
3332.88
1016.44
288.025
92.5391
42.2454
3629.65
1005.42
287.926
96.3636
46.825
1243.42
397.93
111.375
35.4277
16.3338
1230.01
340.812
98.2562
33.139
16.1817
447.85
132.887
35.1096
13.0795
5.1173
-1474.09
-544.845
5420.83
-1664.1
843.434
902.871
2553.57
3318.16
2120.39
4073.87
3701.26
5733.27
4762.81
5888.23
2395.53
3198.73
2407.16
2862.72
1248.96
1298.28
1748.98
986.175
408.783
57.9008
-8.15459
-10.3185
165.424
13135.6
4603.79
4541.93
3613.42
813.616
665.819
2776.32
205.09
335.456
246.647
48.0896
7012.04
3630.37
1707.81
1093.17
2588.28
1534.77
550.693
896.46
-90.8073
122.999
797.769
673.365
7671.61
3041.03
4650.02
2052.43
2485.01
4178.47
1074.64
90.079
980.902
1007.63
658.065
455.942
320.613
183.439
669.192
456.527
299.166
178.194
67.1029
340.818
262.899
182.072
105.968
34.7836
49.7557
39.5973
28.1679
16.6754
5.49945
-7.67003
-6.59256
-4.9128
-2.94529
-0.96775
-9.54584
-8.08975
-5.97151
-3.56428
-1.16799
140.137
110.133
77.6832
45.8491
15.1535
8206.79
5751.65
3832.82
2502.62
1533.17
3252.56
2213.13
1523.32
932.492
377.885
3162.22
2190.03
1466.21
875.165
342.469
2430.64
1573.79
1033.82
607.143
213.577
577.117
367.979
250.837
149.462
52.5358
557.077
432.166
302.408
178.822
60.0269
2108.43
1512.36
994.836
572.02
198.466
235.179
215.127
161.28
100.121
34.8866
278.893
216.727
152.864
91.2969
30.8583
233.709
198.656
148.674
91.971
31.577
31.1776
18.9282
11.1421
6.21648
2.1654
4450.09
3229.43
2195.34
1459.23
899.245
2558.13
1780.84
1204.13
719.419
274.103
1381.57
1043.81
716.911
420.165
142.034
880.563
661.97
452.198
263.435
88.2483
1999.64
1452.44
967.523
557.523
189.957
1249.62
946.459
649.487
378.742
125.673
446.953
338
231.749
135.006
44.8569
738.61
563.842
387.783
225.213
74.1325
-73.7868
-54.4106
-35.2843
-19.0278
-5.8383
101.538
77.9598
54.2212
31.932
10.6194
651.443
493.649
338.035
196.304
64.9905
555.221
424.667
292.9
170.654
56.3641
4411.14
2718.61
1853.26
1233.94
735.048
2080.64
1413.06
921.807
544.291
204.964
3049.83
2136.78
1414.38
857.526
334.51
1476.73
1049.82
695.479
410.353
150.135
1944.2
1427.62
960.13
556.407
187.569
2948.45
1994.4
1330.85
787.091
278.341
878.155
665.661
455.661
264.221
87.139
73.8141
56.2152
38.8183
22.7524
7.54729
795.91
601.124
411.671
239.791
79.7286
-43729.8
-69155.8
-36575
-55812.6
-37554
-74590.9
-44659.3
-94867.6
-28226.6
-19790
-30598.9
-19756.6
-25259.4
-16526.5
-30100
-16622.6
-37841.8
-29885.3
-53364.8
-40069.5
-32676.4
-27324.7
-44303.5
-34637.2
-25525.6
-27014.2
-21245.4
-21270.9
-26183.5
-23655.2
-56746.9
-15718.2
-22626.3
-8753.38
-66941.2
-18880.3
-19910.3
-7953.67
-43845.2
-13833.9
-23389
-9210.62
-40185.1
-12375.9
-21147.9
-8740.92
-25907.2
-9581.55
-20245.1
-9181.73
-22458.7
-8347.57
-20802.6
-10621.2
-17915.6
-7387.37
-22183.4
-8067.83
-7762.56
-2802.41
-16518.1
-11873.2
-14222.9
-9187.82
-13741.4
-11297.7
-11973.5
-8586.48
-15084.8
-9441.1
-18025.9
-12476.1
-9855.95
-6273.25
-5490.37
-3723.44
-8329.31
-5850.33
-4669.26
-3520.37
-10324.9
-6202.82
-5765.34
-3351.14
-13844.2
-7339.91
-9908.34
-11347.3
-17960.5
-12606.6
-14202.3
-19333
-9278.15
-4326.42
-5969.7
-6492.74
-4985.74
-2081.08
-2817.21
-2503.98
-21999.3
-28021
-12855.1
-32720.3
-22833.3
-26639.5
-14827.2
-33392.1
-22907.2
-23840.8
-17682.2
-31564.1
-14185.8
-11046.8
-16647.3
-19255.4
-19921.7
-14625.3
-18181.3
-22589.9
-26000.3
-38032.8
-10565
-12090.7
-14018.4
-17434.9
-26824.2
-27247.9
-19080.5
-35321.7
-27373.4
-25178.7
-18648.1
-34796.6
-27297.1
-22043
-17508.5
-32456.6
-27072.1
-11822.6
-9376.14
-13942.9
-11447.4
-16545.3
-13969.7
-19413.6
-17010.8
-29430.4
-27162
-10524
-9472.09
-12396.4
-12100.8
-14959.9
-15446.3
-18788.6
-19843.1
-26251.8
-27871.8
-10324.9
-7948.93
-7442.38
-8387.88
-10933.9
-12841.8
-8138.84
-11689.6
-7661.18
-8666.94
-11111.8
-8805.12
-2504.99
-5588.53
-1209.22
-1993.46
-4364.53
-7869.29
-1584.96
-2615.06
-2153.86
-5535.08
-1052.46
-1975.35
-8339.25
-7577.31
-9931.65
-6057.66
-13037.1
-9979.32
-16153.4
-10698.9
-2945
-4235.11
-5114.1
-2918.33
-2693.65
-2908.61
-3390.05
-2440.34
-11711.6
-4015.84
-16097.3
-5436.12
-11937.7
-4210.2
-16454.9
-5834.23
-11794.7
-4110.32
-17168.4
-6438.92
-5849.73
-1871.4
-7996.07
-2929.08
-9899.71
-3718
-12535.9
-4600.21
-18158.2
-7021.8
-6704.6
-2327.29
-8381.75
-3653.11
-10877.3
-4630.24
-14405.3
-5879.47
-19197.9
-7163.34
-9495.01
-8623.48
-7743.93
-7320.95
-16003
-12196.3
-13398.7
-10994.8
-5876.44
-4259.24
-2497.9
-1594.26
-5764.01
-4690.9
-2557.54
-2224.65
-4936.22
-6557.58
-5476.35
-6884.55
-5092.25
-4008.2
-5808.32
-2341.57
-10747.4
-3963.33
936.995
-1523.94
-2787.34
-2045.65
-1378.73
-1259.6
-2495.87
-1211.66
-1012.2
-448.109
-2791.25
-1335.37
-1574.58
-631.507
-3336.7
-1615.29
-2705.37
-1170.8
-2359.09
-883.255
-971.754
-241.761
-7174.51
-7006.07
-5961.86
-5049.98
-10216.4
-9722.6
-8751.26
-7038.5
-3855.17
-3474.66
-4975.29
-4838.65
-4131.41
-3299.12
-2413.62
-1999.67
-6037.31
-4637.95
-3527.79
-2816.15
-2628.09
-2257.4
-1454.8
-1394.45
-2315.09
-1096.09
-2350.5
-1126.71
-2918.6
-1403.09
-3227.67
-1575.62
-1506.1
-750.607
-1504.66
-650.523
-672.969
-258.736
-873.036
-257.253
-3137.87
-3228.03
-1712.2
-1912.8
-3268.47
-3437.56
-1753.29
-1918.81
-3694.28
-3568
-1871.1
-1882.22
-5008.95
-7839.81
-3783.52
-2510.94
-1322.79
-10866.2
-7397.09
-5666.23
-4125.11
-2195.32
-8613.3
-6440.46
-4542.77
-3154.39
-1466.08
-3012.08
-2392.32
-2146.45
-2632.37
-3157.8
-2448.62
-2142.36
-2601.16
-3410.62
-2780.46
-2105.37
-2552.6
-9651.9
-7299.79
-7572.7
-5572.86
-5429.63
-4047.85
-3920.75
-3064.02
-2051.09
-2404.11
-7605.48
-6893.7
-5556.46
-5051.68
-3924.87
-3557.86
-2763.97
-2593.72
-1347.91
-1963.89
-4562.2
-3226.96
-3353.63
-1869.51
-7296.85
-5879.6
-5641.77
-4295.86
-2188.18
-1142.46
-2968.18
-2134.73
-3558.55
-1519.61
-1108.26
-469.79
-4528.4
-3028.42
-1460.53
-998.477
-2518.77
-954.547
-771.887
-277.46
-1316.84
-1000.45
-734.451
-1003.83
-1827.47
-1523.86
-930.86
-1290.59
-1531.07
-753.377
-542.359
-686.923
-255.511
-48.2477
279.274
50.7844
-1540.85
-486.644
-1655.88
-185.708
-1635.04
-569.844
-1675.8
-207.301
-1715.88
-549.808
-1596.19
-168.619
-4316.33
-1285.18
-3321.37
-1009.49
-2637.27
-877.431
-1841.53
-518.399
-1523.2
-225.788
-4877.4
-1376.08
-3516.46
-879.36
-2536.12
-634.826
-1815.2
-384.065
-1549.35
-244.922
-447.309
-133.696
-27.7595
2.70135
-178.151
-53.6593
-13.1086
-0.981695
-473.899
-139.489
-31.6794
-0.833564
-202.733
-58.2134
-23.9797
-8.79396
-520.333
-148.704
-43.4546
-9.60403
-320.178
-83.7261
-6.55116
5.66524
-132.639
-25.4319
28.2756
21.2357
6.77335
19.759
21.088
10.0498
-394.398
-108.419
-8.90406
16.0324
-305.231
-74.7203
-18.2845
9.14522
-526.206
-145.474
-35.2903
0.586229
-423.908
-105.729
-29.726
11.3949
-242.415
-61.9335
-1.17559
11.1486
-184.948
-42.3844
-10.3347
4.48815
-60.0164
-5.14731
7.07697
4.54013
-44.5601
-3.03281
1.15672
2.51931
-594.622
-171.691
-36.3916
7.07681
-619.006
-165.657
-58.4746
4.92986
-589.169
-167.54
-35.1115
7.98823
-604.11
-159.785
-57.6751
5.55365
-576.228
-159.728
-45.4966
0.340467
-570.488
-148.649
-62.3103
1.387
-446.018
-120.217
-45.1753
-10.5284
-615.775
-156.03
-76.6714
-0.28158
-406.085
-100.38
-38.4001
2.9083
-491.929
-114.567
-48.6866
-1.29374
-196.816
-41.3705
-12.2241
-2.29962
-483.874
-112.286
-47.6368
-0.819676
-195.83
-41.0132
-12.7543
-2.74085
-457.742
-105.285
-49.0207
-1.5191
-183.492
-37.9476
-12.0972
-2.67044
-409.839
-94.4752
-51.9206
-3.14772
-167.683
-34.5597
-14.079
-3.26539
-355.067
-81.3323
-45.5118
-3.77691
-127.02
-25.9569
-14.6871
-3.4113
-231.86
-49.3918
-13.4855
3.18897
-80.2815
-13.7673
-3.91659
0.272159
-298.615
-66.1253
-27.0399
0.230478
-93.6073
-17.6088
-8.96594
-1.55416
-142.667
-27.1253
-4.26541
4.01767
-51.4576
-6.25389
1.02025
1.68653
-35.2399
-0.0830595
2.1352
3.12606
-6.46079
5.71167
3.98667
2.3713
0.280235
0.0523299
0.0140645
0.00493594
0.00220839
0.0388287
0.0208366
0.00746627
0.00277265
0.0012381
0.194743
0.0856185
0.0307732
0.0111609
0.0048286
0.00605832
0.0688739
0.0279529
0.0102131
0.00435942
0.447012
0.177427
0.0598269
0.0206808
0.00862046
1.02392
0.324358
0.110038
0.0379829
0.0156645
1.73421
0.503442
0.164188
0.0547338
0.0218718
2.23942
0.755925
0.252983
0.0835695
0.0327693
1.36116
0.340322
0.104931
0.0347092
0.0140005
1.24603
0.323927
0.0987241
0.0322628
0.0129137
0.840459
0.228859
0.0725229
0.024553
0.0101119
1.00978
0.246696
0.078658
0.0268501
0.0110968
1.63945
0.459201
0.144658
0.0473637
0.0187542
1.26701
0.402913
0.130281
0.0428029
0.0169417
1.75937
0.61765
0.207461
0.0684621
0.0268118
1.3774
0.50351
0.170675
0.0564175
0.022106
0.551636
0.0593651
0.0110041
0.00350921
0.00157991
0.310459
0.0273855
0.004184
0.00126237
0.000573712
0.491525
0.0689218
0.0189076
0.00678455
0.00301735
0.284518
0.0286983
0.00651135
0.00231647
0.00105209
0.439716
0.10443
0.0332744
0.0116711
0.00497092
0.158714
0.0407879
0.0156478
0.00602167
0.00267953
0.536095
0.159151
0.0547191
0.0195254
0.00830096
0.213239
0.0736376
0.0289582
0.0109713
0.00480579
0.584342
0.18236
0.0659187
0.0239262
0.0102225
-3224.11
-6705.77
-3424.91
-6787.17
-3904.12
-6933.47
-4404.08
-7178.35
-4283.4
-7193.89
-1813.11
-2716.88
-2842.79
-4428.86
-1036.69
-1420.1
-422.048
-529.826
-19509.2
-5067.88
-1368.25
-433.925
-201.052
-5358.94
-1584.04
-486.115
-153.581
-65.45
-19108
-4941.64
-1337.68
-423.465
-197.788
-5467.93
-1745.32
-500.1
-160.142
-71.7151
-17948.3
-4640.96
-1259.59
-400.634
-187.969
-5292.86
-1679.06
-480.439
-153.602
-69.0648
-16130.7
-4170.94
-1138.03
-364.626
-172.1
-5062.95
-1579.32
-448.207
-142.68
-63.9706
-13316.9
-3454
-951.07
-308.012
-146.616
-4675.01
-1432.49
-405.036
-129.024
-57.9724
-6282.53
-1715.3
-485.684
-160.594
-77.4256
-2281.49
-704.49
-197.913
-62.5972
-28.3789
-9364.39
-2511.84
-702.153
-229.684
-110.067
-3337.11
-1025.65
-291.239
-93.3916
-42.4745
-3689.21
-1017.95
-290.662
-96.9539
-46.9678
-1300.71
-411.872
-114.563
-36.1203
-16.4985
-1276.76
-350.034
-100.203
-33.5479
-16.2784
-514.784
-148.23
-38.4228
-13.7777
-5.27874
-1872.23
-3333.15
-9505.77
-1348.61
-9912.24
-4415.23
-9642.41
-4662.03
-17774.5
-9500.08
-19750.5
-10349.5
-6.8516
-21.1099
-34.9297
-42.7396
-25.7132
68.9273
-14.4686
-45.4175
-78.2352
-103.338
-92.4731
8.89974
-4.36292
-3.82439
-13.0708
-12.1735
-19.2048
-20.4176
-13.3846
-21.0624
3.36101
-19.9935
50.2944
1.26659
357.511
854.74
1567.23
1123.72
969.35
345.206
270.555
740.677
1340.67
1688.4
1433.55
560.506
-5.99442
-4.8744
-3.54045
-2.12834
-0.707954
-18.4635
-15.0095
-10.8999
-6.55198
-2.17938
-30.5021
-24.7488
-17.9378
-10.7661
-3.57815
-37.2736
-30.1973
-21.8537
-13.1008
-4.35119
-22.6319
-18.5331
-13.5513
-8.18597
-2.72938
58.0888
45.1977
31.4395
18.2933
5.98468
-12.6164
-10.2172
-7.38972
-4.42711
-1.46978
-39.5683
-32.0125
-23.1329
-13.8504
-4.59702
-67.9648
-54.7999
-39.4656
-23.5676
-7.81135
-89.4208
-71.7689
-51.4541
-30.6218
-10.1316
-79.7064
-63.69
-45.4729
-26.9812
-8.9141
7.07768
5.10785
3.274
1.7806
0.561739
-3.82765
-3.12336
-2.277
-1.37297
-0.457448
-3.3609
-2.74835
-2.00816
-1.21313
-0.404617
-11.4638
-9.35163
-6.81581
-4.1091
-1.36898
-10.6881
-8.73012
-6.37136
-3.84531
-1.28186
-16.8303
-13.7163
-9.98702
-6.01602
-2.00331
-17.8865
-14.5693
-10.6017
-6.38302
-2.12494
-11.8194
-9.72007
-7.1406
-4.3306
-1.44706
-18.4303
-14.9897
-10.8892
-6.54646
-2.17746
2.50269
1.62115
0.887376
0.403219
0.112088
-17.492
-14.216
-10.313
-6.1902
-2.05676
42.3677
32.9564
22.9244
13.3423
4.36627
0.710304
0.226817
-0.0609263
-0.128025
-0.0563508
301.233
234.725
163.785
95.6551
31.3864
710.438
546.476
377.62
219.49
72.0353
1272.16
959.317
654.357
378.868
125.056
895.914
667.444
453.836
263.44
87.1511
799.136
598.268
404.284
231.441
72.2071
299.58
228.711
156.257
89.5361
26.7973
227.775
177.296
123.582
72.1178
23.6523
617.645
476.357
329.716
191.723
62.8621
1103.44
840.892
577.096
334.344
109.73
1371.65
1033.6
704.301
407.085
133.847
1163.03
873.219
592.899
341.813
111.836
457.018
344.278
234.563
135.623
44.3154
7.1383
21.5796
35.8565
44.6505
29.7153
-59.9516
14.962
46.1385
79.3952
105.062
94.8622
-5.14705
4.55732
3.98047
13.426
12.5087
19.9505
21.1898
14.9241
22.4466
0.619025
19.4266
-37.0229
3.8583
-339.786
-826.271
-1521.65
-1092.02
-969.464
-367.909
-263.712
-729.385
-1323.56
-1674.17
-1432.38
-570.584
6.26102
5.10806
3.72398
2.24595
0.748493
18.8975
15.387
11.194
6.73932
2.24374
31.3516
25.4804
18.5023
11.1227
3.70009
39.0087
31.6747
22.9803
13.8057
4.59102
26.2281
21.5559
15.8253
9.59339
3.20534
-50.1431
-38.641
-26.6011
-15.3456
-4.99643
13.0797
10.6278
7.71548
4.63742
1.54256
40.2454
32.6123
23.6085
14.1572
4.70313
69.054
55.7639
40.2291
24.0594
7.98134
91.0367
73.1955
52.5805
31.3456
10.3813
81.9186
65.6152
46.9716
27.9336
9.24087
-3.72369
-2.3076
-1.18237
-0.493661
-0.127937
4.00703
3.27918
2.39836
1.45023
0.48399
3.50427
2.87224
2.10414
1.274
0.425479
11.789
9.63128
7.03143
4.24527
1.41555
10.9938
8.99188
6.57231
3.97178
1.32504
17.5064
14.2911
10.4248
6.28981
2.09644
18.5859
15.1633
11.0537
6.66541
2.22094
13.1972
10.8733
8.00475
4.8639
1.62712
19.6753
16.038
11.6796
7.03673
2.34348
1.03673
1.31717
1.29535
0.934165
0.337693
17.086
13.9777
10.2114
6.16524
2.05534
-30.6748
-23.3632
-15.8868
-9.07428
-2.93877
3.85924
3.57617
2.89227
1.86574
0.641534
-285.782
-222.209
-154.727
-90.2263
-29.5839
-685.826
-526.714
-363.44
-211.055
-69.2489
-1232.2
-926.61
-630.414
-364.402
-120.246
-862.622
-635.522
-427.217
-245.768
-80.8917
-789.841
-583.001
-387.762
-218.749
-67.3168
-308.719
-227.089
-148.681
-81.7442
-23.4782
-221.863
-172.561
-120.197
-70.1098
-22.9896
-608.008
-468.744
-324.352
-188.582
-61.8342
-1088.4
-828.57
-568.064
-328.877
-107.907
-1357.5
-1020.47
-693.551
-400.024
-131.374
-1157.94
-865.352
-584.456
-335.366
-109.403
-460.208
-341.715
-228.919
-130.332
-42.1719
-1846.58
-1031.44
-363.627
-26.0851
52.5746
69.3333
-97.2561
-11673.5
-3216.51
-3706.86
-1784.35
-340.714
-2654.88
-44.8238
692.891
167.601
-6417.09
-3117.98
-1220.76
-872.015
-2412.35
-1313.41
-478.831
-786.125
336.034
30.5054
-611.438
-508.796
-7532.13
-3007.82
-4397.11
-1950.54
-2352.54
-3779.44
-962.102
26.4465
-801.365
-1037.98
-648.257
-427.998
-292.685
-170.604
-686.588
-453.684
-285.459
-163.94
-60.7949
-301.323
-230.766
-158.706
-91.9074
-30.1059
-21.4487
-16.1129
-10.7563
-6.0321
-1.92539
46.6624
38.4391
28.1659
16.9935
5.65558
61.1094
49.9917
36.4244
21.8993
7.27535
-79.8597
-60.5204
-41.2168
-23.7237
-7.75768
-7297.89
-5166.53
-3484.04
-2355.82
-1569.51
-2125.25
-1340.54
-922.339
-590.666
-265.125
-2518.41
-1702.95
-1134.35
-687.104
-284.614
-1154.13
-712.575
-479.651
-294
-106.588
-270.006
-199.686
-135.258
-79.2193
-27.0628
-2021.07
-1461.37
-967.369
-559.499
-195.409
-24.6892
-11.7484
-5.50568
-3.20007
-1.54705
558.94
417.368
280.725
159.715
51.656
147.542
118.825
84.4685
49.5274
16.1175
-3933.89
-2836.06
-1928.96
-1317.32
-873.89
-2119.59
-1428.36
-952.106
-571.444
-226.949
-962.833
-710.671
-480.255
-280.574
-96.2803
-690.642
-510.608
-344.373
-199.67
-67.3107
-1865.32
-1357.72
-907.693
-525.713
-180.486
-1051.06
-781.449
-527.725
-304.867
-100.989
-382.985
-284.87
-192.348
-110.95
-36.8001
-643.192
-487.298
-332.958
-192.649
-63.3878
285.639
224.201
157.031
91.6186
29.9078
31.4976
29.1049
22.8443
14.1288
4.66615
-492.004
-367.634
-249.125
-144.056
-47.8421
-412.984
-310.685
-211.318
-122.183
-40.3581
-4277.82
-2599.34
-1757.64
-1174.73
-719.84
-2041.72
-1372.49
-885.971
-519.664
-196.091
-2787.99
-1906.04
-1235.29
-745.486
-292.806
-1376.7
-958.973
-623.336
-364.234
-134.355
-1827.84
-1332.4
-890.794
-514.819
-173.826
-2604.94
-1713.15
-1127.32
-666.202
-239.239
-780.681
-587.2
-399.224
-230.584
-76.0263
27.7497
26.0529
20.7581
13.0072
4.34168
-638.651
-473.175
-318.796
-184.068
-61.2476
-18.128
-51.3021
-92.0424
-152.302
-244.887
-379.143
-32101.7
-28532.8
-26118
-29652.8
-23808.8
-18947.6
-20598.6
-15636.2
-29339.9
-26842.3
-27134.8
-26451.1
-24016.8
-20625.4
-25655.3
-27110.9
-24405.1
-21513.6
-24143.1
-20658.8
-17426.3
-17660.2
-14074.9
-26968.6
-25202.1
-24961.7
-23786.3
-21783.2
-20081.4
-21765.3
-21946.7
-20212.2
-17379.7
-18983.9
-17617.2
-15167
-14949.5
-12614.2
-23118.2
-22446.1
-21568.4
-21024.7
-18874.2
-17285.2
-19018.8
-15914.7
-15001.2
-12543
-13337.4
-13473.5
-12049.9
-11276.5
-10004
-17467.6
-18146.2
-16492.3
-17175.8
-14792.9
-13397
-15349.7
-10411.2
-9948.62
-8166.96
-8563.76
-9134.31
-8236.55
-7511.44
-6761.27
-11737.4
-12086.6
-11184.2
-11429.7
-10213.2
-9241.17
-10374.8
-3786.17
-3644.34
-2968.51
-3091.8
-3389.21
-3119.71
-2763.62
-2517.81
-4367.05
-4544.51
-4133.59
-4157.78
-3825.84
-3493.33
-3874.92
-11210.6
-10913.2
-17321.1
-18724.4
-10277.3
-8990.1
-15086.7
-12101.1
-7681.51
-5028.66
-7672.7
-5196.76
-7597.76
-7378.71
-5511.01
-11054.7
-10430.4
-15566.1
-16986.9
-9581.41
-8509.33
-13461.2
-11296.1
-7646.8
-4211.6
-7529.24
-4522.76
-6850.29
-6680.16
-5055.97
-9899.71
-9349.52
-13209.4
-14222.4
-8630.12
-7802.4
-11679.6
-10036.5
-6235.24
-3922.82
-6175.37
-4270.3
-5640.87
-5665.35
-4636.86
-7719.48
-7335.99
-9856.86
-10436
-6818.79
-6185.32
-8958.7
-7912.44
-5335.88
-3142.13
-5226.62
-3426.63
-4789.39
-4760.31
-3712.93
-5152.05
-4923.08
-6465.81
-6776.4
-4528.75
-4058.84
-5973.36
-5314.98
-3539.46
-2135.78
-3467.29
-2335.32
-3192.43
-3138.98
-2472.29
-1882.46
-1803.06
-2351.27
-2452.17
-1658.53
-1483.55
-2189.43
-1963.01
-1205.12
-767.659
-1230.15
-848.308
-1163.37
-1135.38
-885.51
10336
33157.4
8331.63
34582
6075.69
35114.2
9201.65
51948.9
11229.9
70821
11392.8
52897.2
11220.9
44629.1
11716.8
39485.8
7021.09
4540.59
19025.9
11438.4
6663.11
3554.97
19864.4
9704.58
8160.16
6356.61
25614.1
19216.2
6179.34
4907.74
25636.3
19794
14680.5
6312.49
12758.7
5835.22
6268.66
14220
47087.2
12411.4
16935.3
5158.27
58344.3
15337.4
15036.7
4503.87
35001.5
10648
17892
5910.04
31620.4
9889.38
11698.4
5796.41
14697.4
5949.93
12790.7
6860.29
14481.8
5802.66
15400.5
8971.23
12350.3
5652.99
17316.6
6475.06
5820.42
2108.58
18591.2
13035.1
10971.8
7902.57
18037.8
14498.9
9593.12
7837.92
11506.1
8054.65
17394.6
12132
6820.4
4856.15
2927.09
2344.91
5797.92
4720.18
2391.31
2319.2
7260.84
4834.15
3284.7
2065.5
11091.3
6358.34
8826.78
10834.7
15976.5
11770.1
13403.4
18856.2
6963.64
3511.4
4948.82
6047.56
3136.79
1408.18
1875.94
2112.05
16787.1
29551.5
11112.4
32890.7
19195.2
28489.3
13500
33891.9
20998.5
25123.3
16860
32251.3
19104.5
19303.5
17258.6
17518.4
19101.5
18906.4
21023.3
23925.8
26667.2
38668.8
15639.9
14586.3
14562.2
17257.9
26742.8
34254.4
30216.5
39513.2
37529.1
31090.8
28358.6
38571.3
36385.3
26431.5
25448.4
35609.9
34561.6
13816.9
10867.6
16066.2
14291.3
19540.3
18298.2
22928
22523.6
31885.2
32737.3
12689.4
11359
14632.4
15321.1
17096
19457
20626
24190
27473.7
32373.5
11597.7
8730.28
7382.29
8493.53
13191.5
14319.5
8595.7
12400.8
7283.53
8490.52
11566.6
9224.46
1920.59
5305.63
467.693
1544.52
4045.22
7907.93
1010.8
2367.24
1490.36
5127.37
287.121
1478.65
7904.48
7352.07
9587.54
5917.89
13064.1
10254.9
16039.6
11047.5
2378.51
3857.68
4728.6
2658.13
2060.07
2469.14
2979.11
2129.42
23910.3
14338.3
4582.52
26906.5
15306.2
4970.21
22793.8
14057.9
4778.27
26139.3
15161.2
4923.41
20609.9
12743.9
4170.93
25043.7
14936.7
4910.95
7688.25
4642.38
1445.67
11717
7669.45
2566.67
15585.4
10338.4
3488.76
19271.4
12301.6
4040.46
24441.5
15028.2
5079.45
8640.92
5311.31
1865.18
11962.3
8517.53
3202.09
15592.2
11119.6
4074.34
19753.1
13516.1
4802.35
24772.3
15376.3
5395.84
255.124
1996.9
2794.42
4068.1
2730.99
2881.7
6645.96
6058.75
531.902
765.341
565.717
791.536
346.149
1075.25
690.835
1434.84
2579.59
1312.5
3510.21
2103.21
1685.56
2788.05
3243.01
-152.758
7171.42
917.86
-3117.33
-894.668
977.16
46.768
69.1018
-513.413
7326.99
2699.9
1923.12
981.226
7469.55
2764.21
2430.15
1206.61
7502.93
2922.77
3327.75
1792.83
2044.95
1099.24
111.742
226.114
12718
10647.4
5677.65
5505.52
15601.5
13918.4
7447.54
6994.94
4269.13
4118.1
9583.92
7360
2946.02
3020.06
1027.42
1469.54
4182.9
3952.69
1669.7
1939.26
2027.48
2267.79
540.212
1162.17
3180.29
1609.36
2933.23
1459.71
5424.24
2275.7
4668.13
2158.43
1473.9
957.735
1647.49
809.66
279.416
305.992
829.466
330.738
8157.72
4442.3
3244.02
2625.05
8227.93
4762.39
3228.05
2629.29
8937.93
5455.37
3284.64
2657.61
13871.3
17130.7
10964.3
6164.86
2471.52
15750.4
12555.5
9956.72
6858.5
3058.3
14734.9
11521
7893.05
4999.87
2153.66
2728.88
1749.45
2034.5
1652.79
3121.86
1957.49
2170.04
1752.88
3843
2453.81
2400.06
1946.11
11473.4
7893.41
9030.34
5824.38
5937.77
4186.94
4466.25
3146.63
2393.31
2115.72
9613.71
8014.23
7247.69
5801.67
5152.83
4112.38
3545.21
2922.08
1809.8
1983.81
6481.49
4205.96
4072.54
2491.85
9750.08
7088.24
6396.08
5027.95
2767.13
1632.35
4243.49
2854.66
3674.44
1710.99
933.358
465.342
4487.12
3185.17
1097.46
908.204
2693.43
1133.77
730.863
315.315
1699.09
1312.75
927.038
1145.56
2551.07
1971.08
1239.12
1461.14
1696.86
888.137
654.679
765.6
295.747
101.415
-217.322
-5.2585
1006.26
409.168
114.804
956.493
272.478
71.3813
1169.09
500.549
147.381
1035.66
310.572
84.6393
1420.51
643.509
178.408
1164.43
366.285
94.3151
5029.02
2804.16
814.278
3445.22
1774.02
514.686
2504.95
1229.32
363.017
1813.43
831.122
222.255
1291.35
406.464
91.1832
5827.66
3131.35
993.435
4046.97
2009.23
606.59
2834.46
1363
404.327
1973.61
871.473
241.828
1412.31
402.842
104.143
804.711
223.804
52.227
5.25622
329.652
93.8247
23.6542
3.99659
830.149
234.179
58.2867
9.46215
389.427
113.698
39.0716
12.933
856.796
244.44
71.8072
18.8127
574.742
174.624
38.2361
5.75445
302.972
103.967
3.48892
-9.0801
131.32
60.7937
13.3096
3.03569
598.832
183.136
36.8962
-4.77353
457.629
135.497
41.9569
1.19807
786.936
227.521
62.4861
9.67205
643.021
182.149
57.2048
1.09075
380.841
125.295
26.9195
-0.917939
285.722
89.9576
30.834
4.60318
160.56
61.9806
18.228
5.78931
118.514
43.5147
17.7052
6.07033
979.676
272.435
65.835
3.96656
874.12
244.531
79.4908
6.25839
964.576
268.474
65.4607
3.58114
847.769
235.509
78.2718
5.59523
928.726
258.187
74.2337
10.1478
801.514
219.814
81.1982
9.21652
773.629
218.679
75.5077
21.687
868.379
235.758
99.3604
13.1594
645.129
180.363
66.3495
10.5398
608.615
163.697
62.1148
9.4727
224.558
57.8239
18.6298
5.2266
640.402
171.291
63.6236
9.63086
239.071
61.3465
20.2177
6.04355
676.436
179.32
67.8597
10.7191
255.323
65.2169
21.7114
6.8141
624.802
165.282
69.5355
11.658
257.684
65.5844
24.6306
7.92653
566.918
152.974
65.1778
12.3076
233.858
63.0705
26.9021
8.79683
332.211
91.0555
30.0539
5.03182
178.294
54.1458
19.0723
6.56403
431.317
114.74
43.9092
7.99804
207.889
59.8481
23.6973
8.06214
217.652
63.1324
19.992
3.82851
120.957
39.4576
12.7708
4.77038
93.7389
32.0274
12.5562
4.2452
57.2946
22.2413
8.41193
3.5899
1.35979
0.335356
0.0870046
0.0237399
0.008034
0.686781
0.166929
0.0438742
0.0121511
0.00415992
1.96174
0.507836
0.141323
0.0407752
0.0143565
1.4093
0.371863
0.108011
0.0320806
0.011507
2.32742
0.654628
0.194884
0.0585477
0.0211495
2.77944
0.940819
0.29748
0.0918952
0.0337458
2.24819
0.883131
0.295039
0.0940945
0.0353598
2.49766
0.940197
0.318638
0.103697
0.0397523
1.8751
0.71037
0.232042
0.0728121
0.0270077
1.67826
0.620882
0.204441
0.064673
0.0241379
2.11916
0.673707
0.20834
0.0636701
0.0232276
2.11919
0.726654
0.228042
0.0701059
0.025663
1.74435
0.700104
0.237387
0.0764022
0.0288929
1.74122
0.630168
0.211244
0.0681484
0.02587
2.0165
0.736747
0.25001
0.0817757
0.0315023
1.70595
0.601059
0.203062
0.0665905
0.0257358
1.13313
0.284039
0.0727561
0.0195242
0.00651685
0.449507
0.112771
0.0287866
0.00768301
0.00255148
1.49497
0.400388
0.108473
0.030483
0.01053
0.585134
0.15783
0.0423826
0.0117848
0.00403679
1.73381
0.474181
0.135538
0.0396957
0.0141103
1.10502
0.298192
0.0839975
0.024364
0.00860119
2.47671
0.715298
0.212061
0.0633854
0.0228126
1.70139
0.475054
0.137628
0.0406068
0.0144917
2.76313
0.844434
0.254386
0.0765868
0.0276695
3340.56
7905.54
3546.12
7892.7
3971.13
7823.89
4545.64
7926.08
4479.22
7857.32
1664.85
2640.13
2837.72
4587.01
815.298
1252.43
167.995
326.46
19404.3
5011
1350.44
429.24
199.754
5415.8
1579.65
482.968
152.857
65.4749
18982.9
4886.92
1320.65
418.972
196.498
5465.08
1724.73
492.863
158.083
71.0833
17864.5
4597.71
1245.66
396.96
186.954
5297.42
1662.92
474.511
151.947
68.5943
16070
4136.05
1126.68
361.638
171.275
5075.47
1566.64
443.211
141.27
63.5749
13253.3
3425.58
942.444
305.812
146.021
4693.79
1422.56
400.888
127.848
57.6434
6204.99
1697.49
481.542
159.665
77.1937
2244.98
693.002
194.847
61.8649
28.1895
9279.78
2488.4
696.069
228.238
109.69
3332.85
1016.41
288.003
92.5258
42.2363
3629.76
1005.45
287.928
96.362
46.8232
1243.44
397.929
111.37
35.4242
16.3311
1230.04
340.818
98.2569
33.1386
16.1812
447.851
132.886
35.1079
13.0784
5.11646
-1465.41
-540.405
5429.93
-1648.71
800.701
856.877
2556.38
3321.55
2129.55
4084.87
3703.63
5736.58
4761.66
5887.27
2396.91
3200.87
2405.41
2860.96
1176.34
1222.02
1748.86
986.087
408.739
57.8971
-8.15
-10.3129
165.409
13134.5
4603.27
4541.47
3613
813.491
665.734
2776.01
205.027
335.413
246.597
48.0888
7011.57
3630.05
1707.62
1093.05
2588.01
1534.62
550.641
896.362
-90.7921
122.99
797.676
673.29
7671.15
3040.8
4649.73
2052.28
2484.78
4178.14
1074.53
90.0748
980.804
1007.56
658.042
455.942
320.614
183.429
669.132
456.494
299.152
178.191
67.1029
340.778
262.865
182.045
105.951
34.7778
49.7523
39.5944
28.1657
16.6741
5.49899
-7.66605
-6.58936
-4.91052
-2.94395
-0.967313
-9.54093
-8.08575
-5.96861
-3.56255
-1.16742
140.123
110.121
77.6738
45.8431
15.1514
8205.66
5750.57
3831.87
2501.87
1532.65
3252.06
2212.67
1522.94
932.218
377.761
3161.78
2189.64
1465.88
874.933
342.366
2430.27
1573.48
1033.57
606.972
213.51
577.012
367.895
250.771
149.418
52.5191
556.997
432.095
302.351
178.784
60.0133
2108.14
1512.11
994.629
571.88
198.412
235.121
215.075
161.238
100.091
34.8758
278.852
216.691
152.835
91.2769
30.851
233.663
198.615
148.64
91.948
31.5687
31.1764
18.9267
11.1404
6.21511
2.16482
4449.59
3228.95
2194.91
1458.88
898.98
2557.82
1780.56
1203.9
719.258
274.032
1381.39
1043.65
716.782
420.079
142.002
880.454
661.875
452.122
263.385
88.23
1999.39
1452.22
967.348
557.406
189.913
1249.49
946.34
649.394
378.681
125.651
446.906
337.959
231.718
134.985
44.8496
738.52
563.765
387.722
225.174
74.1189
-73.7738
-54.4006
-35.2774
-19.0239
-5.8371
101.53
77.9518
54.2145
31.9274
10.6178
651.358
493.575
337.976
196.266
64.9768
555.152
424.607
292.853
170.623
56.3533
4410.71
2718.26
1852.97
1233.7
734.866
2080.44
1412.9
921.681
544.206
204.928
3049.57
2136.55
1414.19
857.386
334.448
1476.59
1049.71
695.391
410.294
150.11
1943.99
1427.43
959.984
556.311
187.534
2948.14
1994.13
1330.63
786.931
278.275
878.052
665.572
455.591
264.176
87.1231
73.8098
56.211
38.8147
22.7499
7.54634
795.819
601.045
411.608
239.75
79.7138
-43879.7
-68734.5
-36509.6
-55885
-37479.3
-74665.5
-44903.1
-94510.6
-28206
-19782.2
-30627.2
-19761.4
-25241.8
-16520.8
-30125.3
-16625.6
-37929.7
-29943.5
-53008.4
-39800.5
-32621.4
-27286.9
-44363
-34680.9
-25547.8
-26995.1
-21250.2
-21260.3
-26164.8
-23677.1
-56798.7
-15730.6
-22637.9
-8759.56
-66983.1
-18890.8
-19917.3
-7957.64
-43889.3
-13846
-23403.5
-9217.96
-40233.4
-12386.7
-21155.6
-8717.8
-25723.6
-9504.47
-20235.3
-9180.35
-22486.8
-8358.4
-20793.6
-10619.6
-17925.5
-7391.84
-22206.1
-8075.81
-7769.53
-2804.9
-16514
-11871.3
-14223.7
-9187.94
-13738
-11295.7
-11973.7
-8586.23
-15086.1
-9441.46
-18021.9
-12474.8
-9859.82
-6274.35
-5492.82
-3724.25
-8331.73
-5850.96
-4670.66
-3520.8
-10329.5
-6204
-5768.17
-3351.97
-13845.9
-7340.95
-9908.85
-11347.9
-17957.7
-12606.4
-14201.7
-19333.5
-9282.5
-4328.05
-5970.71
-6493.32
-4988.12
-2081.96
-2817.84
-2504.3
-22004.9
-28037.7
-12820.3
-32747.7
-22826.4
-26632.3
-14831.9
-33387.3
-22899.7
-23837.3
-17682
-31563.3
-14181.5
-11043.3
-16642.8
-19252.4
-19922.2
-14620.7
-18176
-22584.6
-25997
-38032.7
-10562.5
-12088.1
-14016.3
-17433.7
-26824.8
-27281
-19114.8
-35387.9
-27357.4
-25174.5
-18639.7
-34784.4
-27292.2
-22040.7
-17505.7
-32455.6
-27070.9
-11819.3
-9374.15
-13939
-11445.1
-16541.9
-13967.6
-19411.2
-17009
-29429.8
-27161.5
-10521.8
-9470.31
-12394
-12098.8
-14957.9
-15444.6
-18787.5
-19842
-26252
-27871.7
-10323.4
-7948.27
-7442
-8387.76
-10932.2
-12840.4
-8138.16
-11688.8
-7661.11
-8667.12
-11110.8
-8804.79
-2505.21
-5588.68
-1209.56
-1993.67
-4364.49
-7869.01
-1585.12
-2615.08
-2154.16
-5535.4
-1052.84
-1975.62
-8339.47
-7577.6
-9932.13
-6057.94
-13036.8
-9979.32
-16153.8
-10699.2
-2945.34
-4235.43
-5114.49
-2918.57
-2694.05
-2908.91
-3390.36
-2440.55
-11727.3
-4019.24
-16094.8
-5436.6
-11933.6
-4208.89
-16452.1
-5832.47
-11792.8
-4109.64
-17167.2
-6438.25
-5848.75
-1871.1
-7994.91
-2928.71
-9898.5
-3717.58
-12534.6
-4599.72
-18157.6
-7021.46
-6703.46
-2326.88
-8380.47
-3652.63
-10876.1
-4629.78
-14404.4
-5879.12
-19197.6
-7163.1
-9492.43
-8621.21
-7740.19
-7319.53
-15995.5
-12192.6
-13399.9
-10994.8
-5867.89
-4252.69
-2485.67
-1584.94
-5765.03
-4689.14
-2555.66
-2220.55
-4932.91
-6556.71
-5474.63
-6883.24
-5091.76
-4004.73
-5807.5
-2339.68
-10749.3
-3964.15
939.811
-1518.97
-2785.39
-2042.17
-1374.79
-1254.25
-2491.4
-1211.39
-1008.15
-447.326
-2790.63
-1335.85
-1572.19
-631.349
-3336.36
-1615.21
-2702.57
-1169.44
-2355.34
-881.27
-967.332
-239.575
-7172.87
-7004.63
-5960.75
-5049.09
-10214
-9720.8
-8750.68
-7037.85
-3853.89
-3473.7
-4974.18
-4837.52
-4130.58
-3298.5
-2412.31
-1998.99
-6037.89
-4637.9
-3527.78
-2815.99
-2626.53
-2256.53
-1452.75
-1393.53
-2313.83
-1095.29
-2349.64
-1126.13
-2917.99
-1402.71
-3226.83
-1575.12
-1504.27
-749.474
-1503.8
-649.933
-670.784
-257.526
-872.146
-256.69
-3137.88
-3231.09
-1712.22
-1910.08
-3270.3
-3440.04
-1753.6
-1919.57
-3694.54
-3568.01
-1871.15
-1882.36
-5007.43
-7837.33
-3782.52
-2510.45
-1322.5
-10862.9
-7395.07
-5665.02
-4124.56
-2195.15
-8611.24
-6438.94
-4541.71
-3153.66
-1465.68
-3015.19
-2391.84
-2139.57
-2627.66
-3157.74
-2451.02
-2141.68
-2600.98
-3410.46
-2780.31
-2105.5
-2552.75
-9649.38
-7298.25
-7571.03
-5571.78
-5428.73
-4047.2
-3920.39
-3063.7
-2051
-2404.02
-7603.82
-6892.35
-5555.33
-5050.74
-3924.18
-3557.27
-2763.57
-2593.36
-1347.7
-1963.68
-4561.3
-3226.34
-3353.03
-1869.12
-7295.5
-5878.65
-5641.07
-4295.32
-2187.67
-1142.17
-2967.58
-2134.32
-3558.03
-1519.32
-1107.97
-469.628
-4528.07
-3028.14
-1460.44
-998.393
-2518.19
-954.278
-771.486
-277.274
-1316.44
-1000.17
-734.16
-1003.57
-1827.09
-1523.57
-930.637
-1290.35
-1530.57
-753.121
-542.025
-686.676
-255.154
-48.0856
279.506
50.9271
-1542.29
-488.251
-1656.24
-186.208
-1634.26
-569.554
-1674.75
-206.67
-1715.61
-549.643
-1596.15
-168.514
-4315.57
-1284.94
-3320.81
-1009.31
-2636.89
-877.298
-1841.3
-518.3
-1523.12
-225.751
-4876.53
-1375.78
-3515.85
-879.156
-2535.72
-634.694
-1814.95
-383.984
-1549.21
-244.893
-446.017
-133.386
-27.729
2.67898
-176.718
-53.2622
-13.0731
-0.989704
-474.046
-139.507
-31.6743
-0.824674
-202.712
-58.1935
-23.9528
-8.77787
-520.246
-148.651
-43.4286
-9.58932
-319.7
-83.5631
-6.49117
5.68991
-131.984
-25.2196
28.3427
21.2574
7.46194
19.9728
21.1545
10.0713
-394.057
-108.292
-8.85746
16.0488
-304.964
-74.6111
-18.2407
9.16032
-526.008
-145.389
-35.2557
0.601428
-423.68
-105.632
-29.6846
11.4113
-241.967
-61.7757
-1.12315
11.1651
-184.668
-42.2724
-10.2899
4.50443
-59.5705
-4.99669
7.12819
4.55796
-44.3028
-2.93047
1.19776
2.53532
-594.639
-171.799
-36.3373
7.14031
-619.789
-165.983
-58.5626
5.00285
-589.135
-167.501
-35.1038
7.99351
-604.031
-159.733
-57.6759
5.55828
-576.145
-159.674
-45.4765
0.349544
-570.425
-148.604
-62.2963
1.39497
-445.846
-120.138
-45.1406
-10.5106
-615.67
-155.974
-76.6448
-0.268285
-405.898
-100.298
-38.3607
2.92928
-493.209
-115.075
-48.945
-1.27494
-197.636
-41.629
-12.3036
-2.31133
-483.19
-112.095
-47.5809
-0.808829
-195.547
-40.9385
-12.7229
-2.73743
-457.591
-105.214
-49.0022
-1.51091
-183.416
-37.9135
-12.0835
-2.66572
-409.725
-94.4177
-51.899
-3.13857
-167.626
-34.5319
-14.0668
-3.25934
-354.929
-81.268
-45.4842
-3.76556
-126.952
-25.9243
-14.6717
-3.40346
-231.698
-49.3211
-13.4552
3.20246
-80.1639
-13.7094
-3.89136
0.284336
-298.485
-66.0677
-27.0138
0.242339
-93.5143
-17.5637
-8.94539
-1.54391
-142.485
-27.0456
-4.23224
4.03217
-51.3269
-6.18902
1.04781
1.6995
-35.0673
-0.00580341
2.16735
3.1404
-6.33119
5.77599
4.01358
2.3837
0.282232
0.0518828
0.0136602
0.00475872
0.00212835
0.0404459
0.0204577
0.00718816
0.00265605
0.001186
0.198258
0.0869924
0.0312442
0.0113196
0.004893
0.00905107
0.0699292
0.0283147
0.010337
0.0044103
0.452181
0.179207
0.0604192
0.0208776
0.00869924
1.03219
0.32703
0.110927
0.0382825
0.0157857
1.74188
0.505957
0.16501
0.0550041
0.021978
2.24667
0.758298
0.253735
0.0838063
0.0328584
1.36733
0.342412
0.105615
0.0349327
0.0140882
1.25164
0.325845
0.0993458
0.0324624
0.0129906
0.846136
0.230773
0.0731547
0.024762
0.0101953
1.01632
0.248857
0.0793578
0.0270787
0.0111871
1.64547
0.461261
0.145328
0.0475789
0.0188368
1.27271
0.404845
0.130902
0.043
0.0170165
1.76527
0.619596
0.208074
0.0686529
0.0268825
1.38249
0.505182
0.171201
0.0565802
0.0221659
0.555319
0.0595639
0.010855
0.003425
0.00153959
0.313772
0.0276659
0.00416603
0.00124052
0.000562086
0.493839
0.0698401
0.019231
0.00689432
0.00306195
0.285342
0.029018
0.00662859
0.00235712
0.00106873
0.443093
0.105603
0.0336628
0.0117992
0.00502172
0.160927
0.0415137
0.0158874
0.006102
0.00271205
0.542046
0.16109
0.0553524
0.0197352
0.00838478
0.217117
0.0748822
0.0293671
0.0111087
0.00486132
0.591812
0.184747
0.0666907
0.0241814
0.010325
-3182.24
-6680.14
-3423.87
-6784.44
-3903.55
-6933.01
-4403.74
-7178
-4283.31
-7193.76
-1813.25
-2716.99
-2842.86
-4428.9
-1036.83
-1420.23
-422.15
-529.913
-19538.1
-5067.1
-1367.52
-433.616
-200.897
-5402.64
-1596.25
-489.08
-154.469
-65.8524
-19099.7
-4938.35
-1336.58
-423.064
-197.581
-5457.28
-1741.73
-499.013
-159.751
-71.5249
-17949.5
-4640.92
-1259.45
-400.547
-187.912
-5291.21
-1678.36
-480.184
-153.503
-69.0121
-16131
-4170.9
-1137.94
-364.57
-172.061
-5062.56
-1579.11
-448.106
-142.633
-63.9431
-13317.2
-3454.01
-951.034
-307.982
-146.594
-4674.94
-1432.42
-404.991
-128.999
-57.9558
-6282.75
-1715.34
-485.686
-160.589
-77.4212
-2281.54
-704.492
-197.906
-62.5907
-28.3739
-9364.67
-2511.88
-702.145
-229.672
-110.056
-3337.14
-1025.63
-291.222
-93.3792
-42.4655
-3689.35
-1017.98
-290.665
-96.9527
-46.966
-1300.76
-411.879
-114.56
-36.1172
-16.4959
-1276.82
-350.045
-100.205
-33.5477
-16.2779
-514.819
-148.236
-38.4228
-13.777
-5.27798
-1869.28
-3335.61
-9512.85
-1347.32
-9921.43
-4408.28
-9640.71
-4659.85
-17759
-9488.98
-19806.4
-10351.6
-6.85087
-21.1068
-34.9244
-42.733
-25.7083
68.9204
-14.467
-45.411
-78.2238
-103.323
-92.4598
8.89975
-4.36244
-3.82392
-13.0689
-12.1716
-19.2018
-20.4143
-13.3822
-21.0589
3.36169
-19.9899
50.2899
1.26766
357.469
854.643
1567.06
1123.61
969.25
345.155
270.523
740.591
1340.52
1688.22
1433.4
560.433
-5.99376
-4.87384
-3.54002
-2.12808
-0.707862
-18.4608
-15.0072
-10.8981
-6.55089
-2.17901
-30.4974
-24.7448
-17.9348
-10.7643
-3.57752
-37.2676
-30.1922
-21.8499
-13.0984
-4.35039
-22.6276
-18.5294
-13.5486
-8.18428
-2.72881
58.0826
45.1925
31.4355
18.2908
5.98382
-12.6149
-10.216
-7.38877
-4.42651
-1.46958
-39.5624
-32.0076
-23.1292
-13.8481
-4.59624
-67.9546
-54.7913
-39.4592
-23.5635
-7.80999
-89.4074
-71.7577
-51.4456
-30.6166
-10.1298
-79.6944
-63.6799
-45.4653
-26.9765
-8.9125
7.07768
5.10785
3.27399
1.78058
0.561731
-3.82721
-3.12299
-2.27672
-1.37279
-0.457389
-3.36048
-2.748
-2.0079
-1.21297
-0.404561
-11.4621
-9.35014
-6.81469
-4.10841
-1.36875
-10.6865
-8.7287
-6.3703
-3.84465
-1.28164
-16.8276
-13.714
-9.98529
-6.01495
-2.00295
-17.8836
-14.5669
-10.5999
-6.38188
-2.12455
-11.8172
-9.71824
-7.13923
-4.32975
-1.44678
-18.4272
-14.9872
-10.8873
-6.54526
-2.17706
2.50329
1.62164
0.887728
0.403428
0.112157
-17.4888
-14.2133
-10.3109
-6.18896
-2.05634
42.3636
32.953
22.9218
13.3406
4.36569
0.711241
0.227578
-0.0603773
-0.127699
-0.0562439
301.196
234.693
163.761
95.6399
31.3812
710.351
546.402
377.563
219.455
72.023
1272.01
959.191
654.26
378.806
125.034
895.82
667.367
453.779
263.404
87.1391
799.053
598.205
404.241
231.418
72.2009
299.544
228.69
156.249
89.5356
26.7991
227.746
177.272
123.564
72.1062
23.6484
617.568
476.291
329.666
191.692
62.8514
1103.3
840.779
577.01
334.29
109.712
1371.49
1033.46
704.199
407.021
133.825
1162.9
873.107
592.816
341.763
111.818
456.958
344.233
234.534
135.606
44.3104
7.13662
21.5753
35.8497
44.6419
29.7082
-59.9471
14.9588
46.1301
79.3814
105.045
94.8464
-5.14857
4.55622
3.97952
13.4233
12.5061
19.9465
21.1856
14.9205
22.4421
0.616812
19.4223
-37.0215
3.8557
-339.746
-826.177
-1521.49
-1091.93
-969.394
-367.897
-263.68
-729.298
-1323.41
-1674
-1432.25
-570.543
6.25953
5.10682
3.72307
2.24539
0.748305
18.8937
15.3838
11.1917
6.73789
2.24326
31.3456
25.4753
18.4985
11.1204
3.69932
39.0011
31.6683
22.9756
13.8028
4.59005
26.2219
21.5507
15.8215
9.59106
3.20455
-50.1391
-38.6376
-26.5985
-15.3439
-4.99587
13.0768
10.6254
7.71371
4.63634
1.5422
40.2379
32.606
23.6038
14.1544
4.70217
69.0417
55.7537
40.2215
24.0548
7.97977
91.021
73.1825
52.5708
31.3397
10.3793
81.9046
65.6036
46.963
27.9284
9.23909
-3.72501
-2.30866
-1.18313
-0.494101
-0.12808
4.00605
3.27837
2.39775
1.44986
0.483865
3.50342
2.87154
2.10362
1.27368
0.425371
11.7865
9.62925
7.02991
4.24434
1.41523
10.9915
8.98999
6.5709
3.97092
1.32474
17.5028
14.2881
10.4226
6.28845
2.09598
18.5822
15.1602
11.0514
6.66399
2.22047
13.194
10.8707
8.00282
4.86272
1.62673
19.6713
16.0347
11.6772
7.03521
2.34296
1.03478
1.31557
1.29417
0.933459
0.337458
17.0821
13.9745
10.2091
6.16381
2.05486
-30.6735
-23.3621
-15.8859
-9.07368
-2.93856
3.85696
3.5743
2.89092
1.86492
0.641265
-285.746
-222.179
-154.705
-90.2126
-29.5792
-685.742
-526.644
-363.388
-211.022
-69.2377
-1232.06
-926.491
-630.324
-364.345
-120.226
-862.537
-635.446
-427.156
-245.728
-80.8772
-789.771
-582.934
-387.705
-218.709
-67.3029
-308.698
-227.061
-148.652
-81.7218
-23.4698
-221.835
-172.537
-120.179
-70.0989
-22.9859
-607.931
-468.68
-324.304
-188.552
-61.824
-1088.27
-828.461
-567.981
-328.825
-107.889
-1357.35
-1020.34
-693.451
-399.96
-131.352
-1157.81
-865.244
-584.371
-335.31
-109.383
-460.166
-341.674
-228.884
-130.307
-42.1627
-1846.55
-1031.41
-363.589
-26.088
52.5619
69.3168
-97.2504
-11672.2
-3215.98
-3706.39
-1784.13
-340.661
-2654.59
-44.817
692.833
167.576
-6416.55
-3117.64
-1220.59
-871.911
-2412.08
-1313.27
-478.788
-786.035
335.988
30.4936
-611.363
-508.736
-7531.68
-3007.62
-4396.83
-1950.41
-2352.31
-3779.1
-961.998
26.4333
-801.279
-1037.91
-648.15
-427.88
-292.577
-170.536
-686.539
-453.623
-285.395
-163.889
-60.7717
-301.289
-230.738
-158.685
-91.8941
-30.1013
-21.4509
-16.1144
-10.7572
-6.03249
-1.92549
46.6514
38.4301
28.1594
16.9896
5.65428
61.0949
49.98
36.4159
21.8942
7.27365
-79.8543
-60.5155
-41.2127
-23.721
-7.7567
-7296.87
-5165.77
-3483.52
-2355.48
-1569.3
-2124.83
-1340.24
-922.134
-590.542
-265.076
-2518.03
-1702.67
-1134.15
-686.985
-284.567
-1153.96
-712.459
-479.574
-293.955
-106.573
-269.959
-199.648
-135.23
-79.202
-27.0568
-2020.84
-1461.18
-967.242
-559.423
-195.383
-24.6833
-11.7436
-5.50185
-3.19748
-1.54606
558.892
417.33
280.699
159.7
51.6511
147.52
118.807
84.4556
49.5197
16.1149
-3933.41
-2835.66
-1928.65
-1317.09
-873.738
-2119.3
-1428.13
-951.942
-571.339
-226.906
-962.687
-710.553
-480.168
-280.52
-96.2615
-690.552
-510.534
-344.319
-199.636
-67.2989
-1865.09
-1357.54
-907.563
-525.633
-180.458
-1050.93
-781.343
-527.643
-304.815
-100.97
-382.946
-284.837
-192.322
-110.933
-36.7942
-643.113
-487.232
-332.909
-192.618
-63.3774
285.599
224.168
157.008
91.605
29.9033
31.4875
29.0969
22.8387
14.1256
4.66516
-491.938
-367.581
-249.086
-144.032
-47.834
-412.932
-310.642
-211.286
-122.163
-40.3513
-4277.42
-2599
-1757.35
-1174.5
-719.686
-2041.54
-1372.33
-885.835
-519.567
-196.05
-2787.73
-1905.8
-1235.09
-745.337
-292.737
-1376.57
-958.863
-623.245
-364.17
-134.329
-1827.64
-1332.23
-890.664
-514.736
-173.796
-2604.65
-1712.92
-1127.14
-666.085
-239.194
-780.589
-587.125
-399.167
-230.548
-76.0141
27.7384
26.0439
20.7518
13.0035
4.34051
-638.574
-473.111
-318.748
-184.037
-61.2368
-18.1271
-51.3001
-92.0389
-152.296
-244.877
-379.128
-32224.6
-28499.9
-26086.4
-29787.4
-23792
-18939.1
-20584.6
-15629.7
-29424.9
-26906.2
-27104.2
-26426.4
-24001.5
-20615.3
-25641.3
-27216.9
-24386
-21496.1
-24248.7
-20646.5
-17419
-17649.8
-14069.2
-27035.1
-25237.9
-24945.9
-23776.2
-21773
-20073.6
-21758.9
-22020.1
-20203.5
-17372
-19053.2
-17609.9
-15161.8
-14943.1
-12610
-23174.3
-22475.7
-21563.2
-21026.6
-18869.2
-17280.6
-19016.3
-15955.3
-14999.1
-12541.3
-13373.6
-13470.6
-12047.3
-11273.9
-10001.7
-17505.4
-18155.6
-16491.3
-17169.2
-14790.9
-13394.8
-15348.3
-10432
-9948.2
-8166.7
-8582.08
-9133.21
-8235.33
-7510.46
-6760.15
-11759.8
-12091.5
-11183.9
-11429
-10212.1
-9240.03
-10373.6
-3792.64
-3644.26
-2968.51
-3097.53
-3388.9
-3119.34
-2763.36
-2517.47
-4383.22
-4554.15
-4133.39
-4157.12
-3825.44
-3492.93
-3874.38
-11237.3
-10912.4
-17311.9
-18786.3
-10274.7
-8987.62
-15079.7
-12096.8
-7690.3
-5031.94
-7674.37
-5198.43
-7596.95
-7377.29
-5510.97
-11081.9
-10428.5
-15559.1
-17047
-9578.83
-8506.94
-13455.4
-11292.2
-7665.05
-4217.52
-7528.86
-4524.88
-6849.24
-6678.81
-5055.56
-9924.17
-9348.22
-13205.8
-14267.3
-8628.16
-7800.45
-11675.7
-10033.5
-6248.09
-3931.89
-6174.57
-4270.3
-5639.96
-5664.25
-4636.37
-7736.95
-7335.49
-9855.94
-10462.6
-6817.72
-6184.12
-8956.92
-7910.67
-5345.02
-3150.92
-5226.02
-3429.03
-4788.75
-4759.56
-3712.55
-5162.51
-4922.93
-6465.69
-6790.79
-4528.25
-4058.23
-5972.64
-5314.1
-3544.61
-2141.5
-3466.94
-2334.99
-3192.05
-3138.56
-2471.99
-1886.04
-1803.02
-2351.28
-2456.83
-1658.38
-1483.36
-2189.24
-1962.74
-1207.27
-769.365
-1229.94
-847.954
-1163.22
-1135.24
-885.345
)
;

boundaryField
{
    patch1
    {
        type            calculated;
        value           nonuniform List<scalar> 
2440
(
0
0
4178.47
1074.64
90.079
980.902
-3779.44
-962.102
26.4465
-801.365
0
0
4178.14
1074.53
90.0748
980.804
-3779.1
-961.998
26.4333
-801.279
0
0
0
0
0
0
0
0
-2454.12
0
0
0
0
0
0
0
0
1748.98
986.175
408.783
57.9008
-8.15459
-10.3185
165.424
13135.6
4603.79
4541.93
3613.42
813.616
665.819
2776.32
205.09
335.456
246.647
48.0896
7012.04
3630.37
1707.81
1093.17
2588.28
1534.77
550.693
896.46
-90.8073
122.999
797.769
673.365
7671.61
3041.03
4650.02
2052.43
2485.01
-1320.05
-4.36292
-3.82439
-13.0708
-12.1735
-19.2048
-20.4176
-13.3846
-21.0624
3.36101
-19.9935
50.2944
1.26659
4.55732
3.98047
13.426
12.5087
19.9505
21.1898
14.9241
22.4466
0.619025
19.4266
-37.0229
3.8583
-1846.58
-1031.44
-363.627
-26.0851
52.5746
69.3333
-97.2561
-11673.5
-3216.51
-3706.86
-1784.35
-340.714
-2654.88
-44.8238
692.891
167.601
-6417.09
-3117.98
-1220.76
-872.015
-2412.35
-1313.41
-478.831
-786.125
336.034
30.5054
-611.438
-508.796
-7532.13
-3007.82
-4397.11
-1950.54
-2352.54
0
0
0
0
0
0
0
0
-2449.58
0
0
0
0
0
0
0
0
1748.86
986.087
408.739
57.8971
-8.15
-10.3129
165.409
13134.5
4603.27
4541.47
3613
813.491
665.734
2776.01
205.027
335.413
246.597
48.0888
7011.57
3630.05
1707.62
1093.05
2588.01
1534.62
550.641
896.362
-90.7921
122.99
797.676
673.29
7671.15
3040.8
4649.73
2052.28
2484.78
-1322.58
-4.36244
-3.82392
-13.0689
-12.1716
-19.2018
-20.4143
-13.3822
-21.0589
3.36169
-19.9899
50.2899
1.26766
4.55622
3.97952
13.4233
12.5061
19.9465
21.1856
14.9205
22.4421
0.616812
19.4223
-37.0215
3.8557
-1846.55
-1031.41
-363.589
-26.088
52.5619
69.3168
-97.2504
-11672.2
-3215.98
-3706.39
-1784.13
-340.661
-2654.59
-44.817
692.833
167.576
-6416.55
-3117.64
-1220.59
-871.911
-2412.08
-1313.27
-478.788
-786.035
335.988
30.4936
-611.363
-508.736
-7531.68
-3007.62
-4396.83
-1950.41
-2352.31
0
0
0.0145446
0.0277549
0.00480579
0.0102225
-379.143
0
0
0
0
0
0
0.0144917
0.0276695
0.00486132
0.010325
-379.128
0
0
0
0
0
3621.85
2659.03
2979.76
4736.09
534.137
-73.0716
535.673
-66.7424
2392.48
1753.48
5807.92
6482.89
157.824
87.6681
1073.52
1065.61
0
0
0
0
0
0
0
0
0
0
0
0
0
0
0
0
0
0
0
0
0
0
0
0
0
0
0
0
0
0
0
0
0
9.47074
5.20311
9.64837
6.05143
10.7279
6.82173
11.6638
7.93363
12.3117
8.80284
5.02707
6.56255
7.99759
8.06532
3.81969
4.76396
4.23329
3.57976
0.00835725
0.00437253
0.01441
0.0115483
0.0212063
0.033835
0.0354017
0.0397343
0.0270509
0.0241657
0.023284
0.0257223
0.0289071
0.0258761
0.0314749
0.0257073
0.00669873
0.00261872
0.0105806
0.00405984
0.014153
0.00863415
0.022882
200.789
61.8386
197.539
68.1785
187.787
65.744
171.994
60.9808
146.589
55.4388
77.44
27.8501
110.149
41.0386
46.9323
16.3362
16.208
5.15007
-1635.32
-453.812
-2556.39
-324.484
5950.42
5701.11
2804.31
3105.25
6067.2
7176.16
725.171
-3179
-2780.3
-3298.42
-4547.9
-897.543
-383.854
-986.019
-434.092
-2655.94
-1854.28
-5552.17
-5919.11
-544.867
-335.609
-1513.64
-1374.12
-0.258561
0.0141104
0
0
0
0
0
0
0
0
0
0
0
0
0
0
0.117753
-0.0457214
0
0
0
0
0
0
0
0
0
0
0
0
0
0
-1.29374
-2.29962
-0.819676
-2.74085
-1.5191
-2.67044
-3.14772
-3.26539
-3.77691
-3.4113
3.18897
0.272159
0.230478
-1.55416
4.01767
1.68653
3.12606
2.3713
0.00220839
0.0012381
0.0048286
0.00435942
0.00862046
0.0156645
0.0218718
0.0327693
0.0140005
0.0129137
0.0101119
0.0110968
0.0187542
0.0169417
0.0268118
0.022106
0.00157991
0.000573712
0.00301735
0.00105209
0.00497092
0.00267953
0.00830096
-201.944
-62.169
-198.634
-68.5811
-188.754
-66.128
-172.787
-61.3215
-147.167
-55.7303
-77.6687
-28.0323
-110.519
-41.2581
-47.0755
-16.5009
-16.3048
-5.31156
-1625.11
-2670.18
195.633
179
-439.152
366.25
543.756
-0.542232
-0.135505
-0.117425
-0.523684
0
0
0
0
0
0
0
0
0
0.38154
0.124526
0.2405
0.509914
0
0
0
0
0
0
0
0
0
0
3621.88
2659.24
2980.06
4736.26
534.263
-73.1258
535.815
-66.8011
2392.73
1753.59
5808.16
6482.97
157.935
87.7085
1073.53
1065.62
0
0
0
0
0
0
0
0
0
0
0
0
0
0
0
0
0
0
0
0
0
0
0
0
0
0
0
0
0
0
0
0
0
9.4727
5.2266
9.63086
6.04355
10.7191
6.8141
11.658
7.92653
12.3076
8.79683
5.03182
6.56403
7.99804
8.06214
3.82851
4.77038
4.2452
3.5899
0.008034
0.00415992
0.0143565
0.011507
0.0211495
0.0337458
0.0353598
0.0397523
0.0270077
0.0241379
0.0232276
0.025663
0.0288929
0.02587
0.0315023
0.0257358
0.00651685
0.00255148
0.01053
0.00403679
0.0141103
0.00860119
0.0228126
200.625
62.2438
197.333
67.9906
187.729
65.6918
171.954
60.9533
146.566
55.4222
77.4354
27.8449
110.138
41.0295
46.9305
16.3335
16.2075
5.14924
-1626.53
-445.796
-2542.77
-523.794
5959.14
5735.73
2818.42
3113.34
6085.33
7143.09
371.081
-3178.86
-2780.6
-3298.78
-4547.85
-897.922
-384.125
-986.404
-434.368
-2656.22
-1854.41
-5552.24
-5919.17
-545.157
-335.764
-1513.92
-1374.3
-0.254148
0.0176655
0
0
0
0
0
0
0
0
0
0
0
0
0
0
0.118379
-0.0456086
0
0
0
0
0
0
0
0
0
0
0
0
0
0
-1.27494
-2.31133
-0.808829
-2.73743
-1.51091
-2.66572
-3.13857
-3.25934
-3.76556
-3.40346
3.20246
0.284336
0.242339
-1.54391
4.03217
1.6995
3.1404
2.3837
0.00212835
0.001186
0.004893
0.0044103
0.00869924
0.0157857
0.021978
0.0328584
0.0140882
0.0129906
0.0101953
0.0111871
0.0188368
0.0170165
0.0268825
0.0221659
0.00153959
0.000562086
0.00306195
0.00106873
0.00502172
0.00271205
0.00838478
-201.782
-62.5773
-198.428
-68.3924
-188.697
-66.0759
-172.748
-61.2942
-147.144
-55.7138
-77.6642
-28.0272
-110.509
-41.2492
-47.0737
-16.4983
-16.3043
-5.3108
-1622.39
-2676.16
196.555
196.351
-402.266
422.91
540.929
-0.544571
-0.135504
-0.117398
-0.528886
0
0
0
0
0
0
0
0
0
0.380677
0.124547
0.240545
0.506127
0
0
0
0
0
0
0
0
0
23916.8
9964.17
0
23915.7
9959.29
0
0
0
0
0
0
0
0
0
16862
29582.1
19192
28581.5
21001.6
25105.3
19105.7
19306.2
17251.7
34185.5
30067.6
31103.8
28358.1
26436.2
25445.3
23845.3
14301.2
4563.33
22799.7
14058.5
4779.72
20612.4
12744.3
4170.35
0
0
0
0
0
0
0
0
8136.03
4440.05
8236.59
4757.37
8948.95
5455.08
13877.1
17135.1
10973.1
2734.38
1756.54
3122.87
1956.72
3844.95
2455.52
1009.18
410.258
114.392
1169.11
500.373
147.48
1420.98
643.655
178.455
15.1106
208.219
801.792
2032.91
3331.31
1238.86
2665.12
460.3
16.3621
-27.6641
-292.546
-948.017
-2108.39
-3237.93
-1382.81
-2629.05
-682.424
-270.471
0
0
0
0
0
0
0
0
16787.1
29591.8
19195.2
28575.4
21001.8
25103.8
19104.5
19303.5
17251.3
34254.3
30154
31090.9
28349.7
26431.6
25439.4
23910.3
14338.3
4584.79
22793.8
14057.9
4780.03
20608.5
12742.8
4170.1
0
0
0
0
0
0
0
0
8157.72
4439.52
8227.93
4755.84
8940.5
5451.34
13871.3
17130.7
10967.2
2728.9
1751.49
3121.86
1956.88
3843
2454.64
1006.26
409.168
114.218
1169.09
500.549
147.542
1420.61
643.558
178.443
15.6519
199.685
798.546
2031.48
3330.81
1238.88
2665.02
460.313
16.3227
-25.3593
-285.89
-945.777
-2107.41
-3237.57
-1382.9
-2629
-682.543
-270.565
15753.9
12560.1
1.55952
0.423017
0.120703
0.035319
0.0125375
2.11879
0.639125
0.191739
0.057617
0.0207968
2127.02
-136.519
18906.4
21023.3
-3393.98
-1619.48
0.00652832
0.041168
0.0212345
0.0086755
0.00391558
0.373617
0.128954
0.0481133
0.0176627
0.0075819
0
0
0
0
0
13818.6
10863.5
16067.6
14299.7
19541.9
18299.5
7689.17
4642.94
1445.85
11718.3
7670.25
2566.92
15586.9
10340.1
3489.94
-8381.75
-3653.11
-10877.3
-4630.24
-14405.3
-5879.47
-19197.9
-7163.34
2201.96
516.824
1118.27
324.623
-13.229
6.07475
27.9906
17.3748
42.1735
28.9651
21.1719
8.92967
1.39801
0.411267
0.136327
0.0458891
0.0184496
2.15791
0.73737
0.247839
0.0820323
0.0322086
4.46204
15.0259
29.8779
48.2782
74.4456
126.97
3.92757
3.2185
2.35724
1.42695
0.476507
13.1999
10.7899
7.88154
4.7605
1.58771
26.1703
21.3145
15.5098
9.33884
3.10926
42.1165
34.1314
24.7086
14.8161
4.92173
64.6407
52.0884
37.4913
22.3795
7.41629
109.549
87.618
62.6008
37.1579
12.2776
376.814
313.76
241.556
166.803
96.7127
31.6336
11962.3
8517.53
3202.09
15592.2
11119.6
4074.34
19753.1
13516.1
4802.35
24772.3
15376.3
5395.84
-2847.04
-414.476
-2023.59
-352.224
11473.4
7892.57
9030.32
5825.22
5937.8
4185.25
5029.02
2804.16
814.279
3445.22
1774.02
514.686
2504.16
1228.84
362.661
161.927
63.5861
0.112283
-6.78483
94.8077
50.9808
12.9385
4.03356
2.06213
0.794432
0.263003
0.0834562
0.0312538
2.54064
0.94473
0.318974
0.103633
0.0396846
-290.044
-235.177
-175.387
-117.198
-66.1569
-21.3238
-4.30266
-14.6528
-28.9198
-46.2178
-73.8807
-119.688
-3.78116
-3.09197
-2.25921
-1.36478
-0.455196
-12.8593
-10.4977
-7.65692
-4.61897
-1.53937
-25.3001
-20.5728
-14.9436
-8.98408
-2.98847
-40.2475
-32.542
-23.4981
-14.0593
-4.66435
-63.9811
-51.3824
-36.8449
-21.9228
-7.25119
-102.822
-81.7863
-58.0851
-34.3027
-11.3011
18908.8
21024.8
-3404.12
-1628.29
0.00309678
0.0400824
0.0208756
0.00855323
0.0038653
0.367977
0.127166
0.0475353
0.0174713
0.00750497
0
0
0
0
0
15750.4
12555.5
1.5556
0.421778
0.120306
0.0351876
0.0124846
2.11423
0.637625
0.19125
0.0574543
0.0207308
2129.58
-131.518
11237
70875.9
11415.5
52891.4
11267.6
44646.3
11744.8
40325.9
26876.5
15278.3
4960.86
26143.8
15163
4923.2
25046.1
14938.2
4911.27
24442.9
15029.4
5079.84
24773.1
15377.3
5396.24
175.139
31.9905
-501.617
11.3866
-2040.54
-50.4813
-83.148
-45.1103
546.82
494.805
29.6019
8.99592
3.58217
1.49096
167.519
50.5869
27.6686
13.0037
4.89134
1.45975
0.435621
0.157344
39.7462
11.8354
3.26257
1.18271
92.6934
27.8028
7.8804
2.88002
127.786
40.8896
12.5186
4.63167
121.449
45.5685
14.9225
5.72441
76.715
35.4659
12.5535
5.14804
86.3197
39.7107
14.5695
5.91376
56.2875
27.1129
9.25431
4.07584
34.8991
17.7768
7.20887
3.35764
0.291314
0.0833849
0.0243676
0.00720489
0.0025699
1.61037
0.468585
0.140563
0.0422794
0.0152571
1.59163
0.576554
0.18777
0.0590548
0.0219615
1.8072
0.60487
0.187938
0.0574852
0.020978
1.74831
0.619012
0.20599
0.0662287
0.0250896
1.73119
0.602497
0.202828
0.0664349
0.0256613
0.0649778
0.0185675
0.00517487
0.00146279
0.000503828
0.519546
0.140751
0.0388459
0.0110137
0.00381392
1.2195
0.32328
0.0902202
0.0259851
0.00912046
766.087
963.27
1454.76
2053.63
3794.09
1580.63
3502.42
516.002
65.3597
499.418
140.674
37.8068
9.33037
1.71679
585.175
168.306
42.1926
10.83
2.32276
709.055
190.323
46.4962
11.1812
2.51632
916.459
228.026
53.3626
12.6203
3.0442
1241.47
273.717
58.8105
12.683
2.52142
443.061
82.4256
10.9778
-0.950454
-2.67274
857.32
166.081
30.8787
4.832
-0.342698
149.938
30.7149
1.04299
-2.31733
-2.38666
90.4851
12.1608
-1.63421
0.990516
-1.10544
4762.81
5911.66
2395.34
3193.21
2406.86
2845.76
1248.67
1292.69
-179.744
-1127.63
-661.046
-396.182
-151.555
-117.984
-82.0687
-47.7165
-15.5995
-441.286
-234.037
-113.028
-55.7758
-21.7648
-387.162
-209.424
-111.172
-53.0268
-16.1385
-310.398
-223.763
-145.182
-80.2839
-25.6451
-16097.3
-5436.12
-16454.9
-5834.23
-17168.4
-6438.92
-18158.2
-7021.8
-19197.9
-7163.34
-85.8454
-65.6594
282.412
-351.202
314.038
-2311.51
98.5185
82.2039
-385.547
-223.622
-7.33352
-1.41151
-1.20002
-0.761143
-43.2707
-7.26337
-14.7017
-9.16827
-0.341613
-0.0320278
-0.0309082
-0.018301
-2.11977
-0.157362
0.136922
-0.0214212
1.94901
0.906312
0.332736
-0.0828827
21.8858
4.23736
0.177276
-0.278454
47.5709
8.28842
1.01583
0.0925678
34.0228
9.25611
3.67637
1.79572
60.4718
12.3948
2.43699
0.866134
16.841
7.49832
4.87497
2.39017
16.1103
10.243
5.19801
2.59389
-0.03363
0.00400358
0.00373953
0.00167896
0.00077813
-0.0520167
0.0646658
0.0321388
0.0126367
0.0055438
0.991708
0.265893
0.0833875
0.0276887
0.0111802
0.66671
0.175068
0.0588823
0.020609
0.00862238
1.13446
0.372584
0.121874
0.0402558
0.0159838
1.33211
0.495153
0.168595
0.0558149
0.0218865
-0.0093321
-0.00140442
7.229e-05
0.000146448
9.06462e-05
-0.0766961
-0.00638063
0.00207355
0.00154661
0.000837744
-0.140385
0.0048338
0.0102876
0.00506921
0.00244835
-750.281
-961.575
-1443.33
-1961.08
-3486.1
-1632.77
-3260.76
-677.264
-268.185
-496.469
-141.388
-38.3222
-9.46736
-1.74373
-587.626
-170.556
-42.9828
-11.0476
-2.36915
-712.042
-193.657
-47.6075
-11.4862
-2.58556
-904.17
-230.141
-54.5735
-13.0013
-3.14821
-1201.64
-273.783
-60.0437
-13.1014
-2.63978
-462.633
-89.334
-13.0045
0.441249
2.53815
-829.883
-167.18
-32.1948
-5.25953
0.219135
-201.299
-43.0064
-3.86643
1.69953
2.23988
-156.786
-27.3173
-1.63663
-1.68081
0.946202
-15.8111
-51.0839
-93.5459
-137.939
-158.201
-93.9427
153.689
683.237
1480.95
2188.21
2107.62
883.848
-13.7911
-11.1728
-8.08406
-4.8447
-1.60872
-44.5072
-36.0106
-26.0237
-15.582
-5.17185
-81.2396
-65.4773
-47.1353
-28.1378
-9.32426
-119.238
-95.5781
-68.433
-40.6829
-13.4523
-135.93
-108.201
-76.9542
-45.5224
-15.0154
-80.0989
-63.2134
-44.6027
-26.2378
-8.63243
129.769
101.351
70.8643
41.4409
13.6042
569.777
439.472
304.181
176.86
57.9913
1215.58
923.879
632.608
366.03
120.151
1762.08
1317.87
893.148
515.262
169.932
1668.37
1231.16
827.983
477.197
158.32
694.345
510.12
342.844
198.143
66.0815
16.3087
51.8426
94.7981
139.698
160.02
94.7414
-154.266
-682.957
-1474.7
-2176.66
-2102.79
-893.011
14.2584
11.5869
8.41272
5.0569
1.68216
45.2207
36.6435
26.5262
15.9065
5.28416
82.4209
66.5283
47.9717
28.6785
9.51149
120.911
97.0799
69.6365
41.4646
13.7236
137.688
109.803
78.2543
46.3739
15.3121
80.9028
63.9741
45.2388
26.6627
8.78191
-130.451
-102.082
-71.53
-41.909
-13.7729
-570.277
-440.598
-305.537
-177.944
-58.4039
-1211.41
-921.673
-631.859
-366.001
-120.227
-1752.57
-1310.55
-888.074
-512.331
-168.988
-1661.88
-1223.65
-820.832
-472.049
-156.441
-697.022
-507.37
-337.222
-192.945
-63.9879
208.72
0
560.052
177.757
140.122
98.7733
58.0675
19.1011
0
0
0
0
0
458.844
347.802
237.199
136.491
44.5369
11229.8
70888.9
11392.7
52885.9
11221
44623
11717
39488.5
26906.5
15306.2
4970.21
26139.3
15161.2
4923.41
25043.7
14936.7
4910.95
24441.5
15028.2
5079.45
24772.3
15376.3
5395.84
148.188
40.8675
-497.89
-21.4471
-2028.33
-41.0885
-64.1636
-36.8564
523.342
489.001
24.951
7.56272
3.0392
1.269
166.268
50.2333
27.4762
12.9115
4.30066
1.27622
0.379923
0.136452
39.4278
11.74
3.22984
1.17155
92.558
27.7423
7.85745
2.86952
127.674
40.8363
12.4972
4.62118
121.38
45.5315
14.9062
5.71585
76.7601
35.4799
12.5571
5.1487
86.3135
39.699
14.562
5.90906
56.3756
27.1507
9.26881
4.08182
35.0136
17.8317
7.23123
3.36768
0.242551
0.0688963
0.0200493
0.00591065
0.00210294
1.59948
0.465622
0.139596
0.0419549
0.0151272
1.59044
0.575989
0.187559
0.0589793
0.0219293
1.80386
0.60369
0.187543
0.057352
0.0209234
1.74892
0.619052
0.20597
0.0662129
0.0250798
1.73429
0.603438
0.203105
0.066515
0.0256886
0.0537617
0.0151912
0.00419454
0.00117683
0.000402843
0.515813
0.139698
0.0385031
0.0108978
0.00376703
1.2153
0.322016
0.0898151
0.0258498
0.00906558
765.233
953.767
1452.62
2052.58
3793.63
1580.63
3502.28
516.014
65.3316
501.119
142.126
37.9714
9.41215
1.77772
578.6
166.144
41.5917
10.6216
2.23103
708.09
189.957
46.3749
11.1395
2.49632
915.994
227.841
53.2933
12.5931
3.02986
1241.22
273.613
58.7671
12.6638
2.51042
443.022
82.4012
10.9648
-0.957605
-2.6775
857.205
166.027
30.8537
4.81962
-0.350403
149.924
30.7041
1.03667
-2.32106
-2.38925
90.4746
12.156
-1.63653
0.989359
-1.10626
4761.66
5910.67
2396.72
3195.36
2405.1
2843.98
1176.05
1215.37
-179.718
-1127.64
-661.019
-396.138
-151.532
-117.964
-82.0538
-47.7072
-15.5963
-441.288
-234.034
-113.027
-55.7755
-21.7631
-387.139
-209.407
-111.16
-53.0203
-16.1361
-310.358
-223.731
-145.158
-80.2685
-25.6398
-16094.8
-5436.6
-16452.1
-5832.47
-17167.2
-6438.25
-18157.6
-7021.46
-19197.6
-7163.1
-92.2317
-75.493
311.131
-311.222
316.5
-2306.67
75.1061
67.6339
-364.507
-219.693
-6.32107
-1.20968
-1.04608
-0.659622
-42.5358
-7.03959
-14.5479
-9.09196
-0.4175
-0.0539821
-0.0336919
-0.0176527
-1.79472
-0.0962372
0.154249
-0.0174265
2.05766
0.944816
0.344164
-0.0780479
21.9807
4.27962
0.191869
-0.271712
47.6647
8.33498
1.03401
0.101241
34.1336
9.31558
3.70197
1.80806
60.5697
12.4466
2.45896
0.876833
16.9618
7.56249
4.90246
2.40323
16.2347
10.3065
5.2248
2.60634
-0.0270712
0.00413579
0.00343019
0.00151039
0.000694529
-0.0480733
0.0656148
0.032526
0.0127882
0.00561041
0.997015
0.267667
0.0839598
0.0278731
0.0112517
0.672207
0.176846
0.0594565
0.0207974
0.0086973
1.14015
0.374489
0.122484
0.0404497
0.0160576
1.33726
0.496839
0.169125
0.0559788
0.0219469
-0.0076445
-0.0010327
0.000123475
0.000146174
8.58589e-05
-0.0760036
-0.00603903
0.00222857
0.00160898
0.00086575
-0.137804
0.00565321
0.0105742
0.00517196
0.00249226
-748.732
-954.471
-1441.85
-1960.35
-3485.78
-1632.82
-3260.67
-677.356
-268.263
-498.086
-142.819
-38.4819
-9.54854
-1.80483
-581.267
-168.389
-42.3753
-10.837
-2.27683
-711.296
-193.319
-47.4886
-11.4445
-2.56549
-903.862
-229.989
-54.509
-12.9747
-3.13392
-1201.49
-273.704
-60.0052
-13.0829
-2.62891
-462.621
-89.3186
-12.9939
0.447908
2.5428
-829.814
-167.141
-32.1732
-5.24781
0.226714
-201.313
-43.003
-3.86188
1.70288
2.24238
-156.808
-27.32
-1.63592
-1.67998
0.946949
-15.8093
-51.0766
-93.5323
-137.919
-158.179
-93.9303
153.67
683.155
1480.78
2187.97
2107.4
883.747
-13.7895
-11.1714
-8.08299
-4.84402
-1.60849
-44.5006
-36.0051
-26.0195
-15.5794
-5.17097
-81.2274
-65.467
-47.1276
-28.133
-9.32263
-119.22
-95.5633
-68.4218
-40.6759
-13.45
-135.91
-108.185
-76.9417
-45.5146
-15.0128
-80.0877
-63.2039
-44.5955
-26.2334
-8.63091
129.752
101.336
70.853
41.4339
13.6017
569.703
439.41
304.134
176.83
57.9809
1215.43
923.751
632.51
365.968
120.129
1761.87
1317.69
893.012
515.175
169.902
1668.17
1230.99
827.861
477.12
158.293
694.26
510.054
342.797
198.115
66.0721
16.3052
51.8332
94.7818
139.675
159.995
94.7276
-154.245
-682.871
-1474.53
-2176.43
-2102.59
-892.941
14.2553
11.5843
8.41083
5.05574
1.68177
45.2123
36.6365
26.5211
15.9033
5.28309
82.4064
66.5162
47.9627
28.673
9.50963
120.891
97.063
69.624
41.4569
13.721
137.666
109.785
78.2407
46.3655
15.3093
80.8905
63.9639
45.2313
26.6581
8.78035
-130.432
-102.066
-71.5185
-41.9019
-13.7705
-570.201
-440.535
-305.49
-177.915
-58.394
-1211.26
-921.548
-631.765
-365.943
-120.206
-1752.36
-1310.38
-887.944
-512.249
-168.959
-1661.7
-1223.49
-820.712
-471.972
-156.414
-696.955
-507.308
-337.17
-192.909
-63.9747
208.688
0
559.991
177.729
140.099
98.7564
58.0572
19.0977
0
0
0
0
0
458.791
347.761
237.169
136.474
44.5311
11963.5
8518.39
3202.41
15593.5
11120.7
4074.72
19754.4
13517.2
4802.76
24773.1
15377.3
5396.24
-2853.67
-415.714
-2029.69
-354.26
11475.7
7893.93
9033.16
5826.75
5940.45
4186.72
5029.83
2804.59
814.406
3446.01
1774.38
514.789
2504.9
1229.15
362.743
161.913
63.6106
0.120495
-6.78173
94.3802
50.873
12.9082
4.02539
2.06438
0.795208
0.263283
0.0835596
0.0312994
2.53835
0.944025
0.318774
0.103581
0.0396699
-290.081
-235.21
-175.415
-117.219
-66.1699
-21.3282
-4.3032
-14.655
-28.9243
-46.2249
-73.892
-119.706
-3.78165
-3.09238
-2.25952
-1.36497
-0.455262
-12.8613
-10.4994
-7.65821
-4.61977
-1.53964
-25.3041
-20.5762
-14.9462
-8.98567
-2.989
-40.254
-32.5474
-23.5021
-14.0619
-4.6652
-63.9913
-51.3909
-36.8514
-21.9268
-7.25254
-102.838
-81.7999
-58.0954
-34.3091
-11.3033
13816.9
10862.3
16066.3
14298.3
19540.3
18297.5
7688.25
4642.38
1445.67
11717
7669.45
2566.67
15585.1
10339
3489.61
-8380.47
-3652.63
-10876.1
-4629.78
-14404.4
-5879.12
-19197.6
-7163.1
2204.64
518.468
1122.22
326.673
-12.6372
6.26796
28.0533
17.3956
42.8565
29.1791
21.2395
8.95191
1.40508
0.413555
0.137073
0.0461346
0.0185466
2.16532
0.739785
0.248604
0.0822733
0.0322995
4.461
15.0229
29.8722
48.2693
74.4322
126.948
3.92665
3.21773
2.35667
1.4266
0.476389
13.1972
10.7877
7.87987
4.75947
1.58736
26.1652
21.3102
15.5066
9.33689
3.1086
42.1086
34.1248
24.7037
14.8131
4.92072
64.6289
52.0786
37.4841
22.375
7.4148
109.53
87.6023
62.5892
37.1509
12.2752
376.766
313.72
241.523
166.779
96.6986
31.6289
)
;
    }
    patch2
    {
        type            calculated;
        value           nonuniform List<scalar> 
348
(
-18.128
-18.1271
278.341
87.139
7.54729
79.7286
-239.239
-76.0263
4.34168
-61.2476
278.275
87.1231
7.54634
79.7138
-239.194
-76.0141
4.34051
-61.2368
183.439
67.1029
34.7836
5.49945
-0.96775
-1.16799
15.1535
1533.17
377.885
342.469
213.577
52.5358
60.0269
198.466
34.8866
30.8583
31.577
2.1654
899.245
274.103
142.034
88.2483
189.957
125.673
44.8569
74.1325
-5.8383
10.6194
64.9905
56.3641
735.048
204.964
334.51
150.135
187.569
-0.707954
-2.17938
-3.57815
-4.35119
-2.72938
5.98468
-1.46978
-4.59702
-7.81135
-10.1316
-8.9141
0.561739
-0.457448
-0.404617
-1.36898
-1.28186
-2.00331
-2.12494
-1.44706
-2.17746
0.112088
-2.05676
4.36627
-0.0563508
31.3864
72.0353
125.056
87.1511
72.2071
26.7973
23.6523
62.8621
109.73
133.847
111.836
44.3154
0.748493
2.24374
3.70009
4.59102
3.20534
-4.99643
1.54256
4.70313
7.98134
10.3813
9.24087
-0.127937
0.48399
0.425479
1.41555
1.32504
2.09644
2.22094
1.62712
2.34348
0.337693
2.05534
-2.93877
0.641534
-29.5839
-69.2489
-120.246
-80.8917
-67.3168
-23.4782
-22.9896
-61.8342
-107.907
-131.374
-109.403
-42.1719
-170.604
-60.7949
-30.1059
-1.92539
5.65558
7.27535
-7.75768
-1569.51
-265.125
-284.614
-106.588
-27.0628
-195.409
-1.54705
51.656
16.1175
-873.89
-226.949
-96.2803
-67.3107
-180.486
-100.989
-36.8001
-63.3878
29.9078
4.66615
-47.8421
-40.3581
-719.84
-196.091
-292.806
-134.355
-173.826
183.429
67.1029
34.7778
5.49899
-0.967313
-1.16742
15.1514
1532.65
377.761
342.366
213.51
52.5191
60.0133
198.412
34.8758
30.851
31.5687
2.16482
898.98
274.032
142.002
88.23
189.913
125.651
44.8496
74.1189
-5.8371
10.6178
64.9768
56.3533
734.866
204.928
334.448
150.11
187.534
-0.707862
-2.17901
-3.57752
-4.35039
-2.72881
5.98382
-1.46958
-4.59624
-7.80999
-10.1298
-8.9125
0.561731
-0.457389
-0.404561
-1.36875
-1.28164
-2.00295
-2.12455
-1.44678
-2.17706
0.112157
-2.05634
4.36569
-0.0562439
31.3812
72.023
125.034
87.1391
72.2009
26.7991
23.6484
62.8514
109.712
133.825
111.818
44.3104
0.748305
2.24326
3.69932
4.59005
3.20455
-4.99587
1.5422
4.70217
7.97977
10.3793
9.23909
-0.12808
0.483865
0.425371
1.41523
1.32474
2.09598
2.22047
1.62673
2.34296
0.337458
2.05486
-2.93856
0.641265
-29.5792
-69.2377
-120.226
-80.8772
-67.3029
-23.4698
-22.9859
-61.824
-107.889
-131.352
-109.383
-42.1627
-170.536
-60.7717
-30.1013
-1.92549
5.65428
7.27365
-7.7567
-1569.3
-265.076
-284.567
-106.573
-27.0568
-195.383
-1.54606
51.6511
16.1149
-873.738
-226.906
-96.2615
-67.2989
-180.458
-100.97
-36.7942
-63.3774
29.9033
4.66516
-47.834
-40.3513
-719.686
-196.05
-292.737
-134.329
-173.796
956.748
271.839
71.2695
1036.1
310.807
84.6397
1164.8
366.438
94.3474
1291.82
406.614
91.2188
1412.83
402.981
104.177
-1655.88
-185.708
-1675.8
-207.301
-1596.19
-168.619
-1523.2
-225.788
-1549.35
-244.922
956.493
272.478
71.3813
1035.66
310.572
84.6393
1164.43
366.285
94.3151
1291.35
406.464
91.1832
1412.31
402.842
104.143
-1656.24
-186.208
-1674.75
-206.67
-1596.15
-168.514
-1523.12
-225.751
-1549.21
-244.893
)
;
    }
    patch3
    {
        type            calculated;
        value           nonuniform List<scalar> 
96
(
-6.8516
-21.1099
-34.9297
-42.7396
-25.7132
68.9273
-14.4686
-45.4175
-78.2352
-103.338
-92.4731
8.89974
357.511
854.74
1567.23
1123.72
969.35
345.206
270.555
740.677
1340.67
1688.4
1433.55
560.506
7.1383
21.5796
35.8565
44.6505
29.7153
-59.9516
14.962
46.1385
79.3952
105.062
94.8622
-5.14705
-339.786
-826.271
-1521.65
-1092.02
-969.464
-367.909
-263.712
-729.385
-1323.56
-1674.17
-1432.38
-570.584
-6.85087
-21.1068
-34.9244
-42.733
-25.7083
68.9204
-14.467
-45.411
-78.2238
-103.323
-92.4598
8.89975
357.469
854.643
1567.06
1123.61
969.25
345.155
270.523
740.591
1340.52
1688.22
1433.4
560.433
7.13662
21.5753
35.8497
44.6419
29.7082
-59.9471
14.9588
46.1301
79.3814
105.045
94.8464
-5.14857
-339.746
-826.177
-1521.49
-1091.93
-969.394
-367.897
-263.68
-729.298
-1323.41
-1674
-1432.25
-570.543
)
;
    }
    patch4
    {
        type            calculated;
        value           nonuniform List<scalar> 
384
(
46279.6
47525.5
48205.5
84823.5
123010
77958.2
62010.4
56469
-85144.5
-69637.7
-104982
-133185
45200.2
47573.7
48253.2
84856.5
123053
77990.2
62021
55135.8
-84204
-69820.7
-105165
-132211
52530
15964.2
76694.6
23892.8
-62922.1
-19407
-86226.5
-27598.7
52545.3
15966.7
76711.3
23896.7
-62980.1
-19420.8
-86274.8
-27611.1
37342.1
12809.6
-46520.5
-15434.1
19255.8
7706.27
6606.41
2577.56
-25081.5
-9733.8
-8672.16
-3325.17
-46469.1
-15422.1
37369.6
12815.1
34752.2
25476.2
33473.9
24789.5
37643.5
12231.8
17802
6858.05
15964
5951.2
-63254.7
-46581.3
-52921.8
-40179.1
-47294.5
-15549.5
-29640.1
-10724.8
-24414.8
-8686.54
33938.4
24917.3
33564.2
24875.8
37665.6
12236
17429.2
6715.75
16025.7
5974.03
-62458.9
-45986.7
-53071.9
-40296.9
-47345
-15562.8
-29255.5
-10575.5
-24492.6
-8715.02
-25052.7
-9723.26
-8664.22
-3322.25
19273.9
7713.64
6610.62
2579.3
38668.4
26741.9
-38032.8
-26824.2
38668.8
26742.8
-38032.7
-26824.8
5845.54
6046
6858.93
5793.55
8970.71
5649.16
6469.4
2107.18
6357.35
10834.2
11769.5
18855.4
3510.4
6047.23
1408
2112.03
-8740.92
-9581.55
-9181.73
-8347.57
-10621.2
-7387.37
-8067.83
-2802.41
-7339.91
-11347.3
-12606.6
-19333
-4326.42
-6492.74
-2081.08
-2503.98
5796.41
5949.93
6860.29
5802.66
8971.23
5652.99
6475.06
2108.58
6358.34
10834.7
11770.1
18856.2
3511.4
6047.56
1408.18
2112.05
-8717.8
-9504.47
-9180.35
-8358.4
-10619.6
-7391.84
-8075.81
-2804.9
-7340.95
-11347.9
-12606.4
-19333.5
-4328.05
-6493.32
-2081.96
-2504.3
11169.7
32884.5
13493.1
33896.6
16858.3
32252
19100
-12855.1
-32720.3
-14827.2
-33392.1
-17682.2
-31564.1
-19921.7
11112.4
32890.7
13500
33891.9
16860
32251.3
19101.5
-12820.3
-32747.7
-14831.9
-33387.3
-17682
-31563.3
-19922.2
28202.4
27367.3
25608.4
22779.2
18452.9
9065.02
13342.4
5353.09
1787.99
-28555.6
-27669.6
-25829.2
-22930.9
-18581.4
-9171.91
-13477.2
-5423.95
-1835.91
28117
27367.1
25611.1
22779.6
18453.2
9065.3
13342.7
5353.26
1788.04
-28474.3
-27671.3
-25833
-22931.9
-18581.9
-9172.25
-13477.7
-5424.16
-1835.99
6556.22
6348.11
5941.71
5294.45
4312.17
2230.44
3208.65
1335.17
448.383
-6637.38
-6421.61
-6002.44
-5342.33
-4349.92
-2252.23
-3239.04
-1349.23
-457.758
6526.57
6347.01
5942.17
5294.42
4312.15
2230.48
3208.69
1335.21
448.393
-6607.86
-6420.74
-6003.1
-5342.42
-4349.96
-2252.29
-3239.1
-1349.27
-457.773
1747.57
1692.97
1589.09
1424.38
1172.66
626.191
887.926
378.256
127.672
-1769.88
-1713.62
-1606.82
-1438.66
-1183.29
-631.094
-895.387
-381.288
-129.646
1739.06
1692.42
1589.07
1424.29
1172.61
626.192
887.914
378.259
127.673
-1761.34
-1713.11
-1606.83
-1438.59
-1183.25
-631.098
-895.381
-381.292
-129.648
560.488
543.911
512.751
462.913
385.269
210.83
295.54
128.459
43.6314
-566.13
-549.176
-517.318
-466.596
-387.926
-211.919
-297.287
-129.113
-44.0454
557.686
543.668
512.694
462.85
385.232
210.825
295.526
128.458
43.6311
-563.313
-548.937
-517.266
-466.536
-387.892
-211.915
-297.273
-129.112
-44.0453
265.878
258.821
245.009
222.428
186.561
104.095
144.576
63.8647
21.8036
-267.367
-260.222
-246.232
-223.416
-187.262
-104.364
-145.022
-64.0244
-21.9011
264.521
258.681
244.961
222.382
186.534
104.089
144.563
63.8627
21.803
-266.005
-260.082
-246.185
-223.371
-187.236
-104.359
-145.01
-64.0224
-21.9006
)
;
    }
}


// ************************************************************************* //
