/*--------------------------------*- C++ -*----------------------------------*\
| =========                 |                                                 |
| \\      /  F ield         | OpenFOAM: The Open Source CFD Toolbox           |
|  \\    /   O peration     | Version:  2306                                  |
|   \\  /    A nd           | Website:  www.openfoam.com                      |
|    \\/     M anipulation  |                                                 |
\*---------------------------------------------------------------------------*/
FoamFile
{
    version     2.0;
    format      ascii;
    arch        "LSB;label=32;scalar=64";
    class       volScalarField;
    location    "2.6";
    object      gradTz;
}
// * * * * * * * * * * * * * * * * * * * * * * * * * * * * * * * * * * * * * //

dimensions      [0 -1 0 1 0 0 0];

internalField   nonuniform List<scalar> 
5322
(
-0.0624981
-0.057867
-0.0500515
-0.0541352
-0.04281
-0.0329381
-0.0246543
-0.0180362
-0.0130652
-0.00968679
-0.00764035
-0.00697766
-0.00504649
-0.00707829
-0.00782839
-0.0065051
-0.00764067
-0.0059582
-0.00883966
-0.00993718
-0.0117205
-0.0134709
-0.0161473
-0.0188543
-0.0225309
-0.0258579
-0.0305679
-0.0350336
-0.0407781
-0.0456814
-0.0523037
-0.0581792
-0.065039
-0.0698001
-0.0728346
-0.0636585
-0.0749681
-0.0742102
-0.0764835
-0.055858
-0.0709049
-0.0731927
-0.0547725
-0.0732302
-0.072494
-0.0557404
-0.074297
-0.0702265
-0.055152
-0.0731023
-0.0834004
-0.0567849
-0.0791974
-0.0704256
-0.0630599
-0.0666768
-0.0823481
-0.0654152
-0.0632232
-0.0665268
-0.083219
-0.0662931
-0.0632121
-0.0649
-0.0832192
-0.068658
-0.0629934
-0.0617276
-0.0816166
-0.073276
-0.0524397
-0.0778251
-0.0740681
-0.0729691
-0.07367
-0.0733162
-0.073266
-0.0730751
-0.0742273
-0.070812
-0.0687234
-0.0553522
-0.0574052
-0.0740342
-0.0480289
-0.0657603
-0.0953046
-0.0616585
-0.0619149
-0.0538426
-0.0666342
-0.0485635
-0.0511662
-0.0510451
-0.0654342
-0.0621926
-0.0592038
-0.0630246
-0.0969051
-0.0598608
-0.0605596
-0.0546102
-0.0635253
-0.0647238
-0.0706466
-0.0575849
-0.0605683
-0.0546173
-0.0433063
-0.0334191
-0.0250205
-0.0182615
-0.0131491
-0.00967079
-0.00875767
-0.00799504
-0.00569566
-0.0061112
-0.0085402
-0.00669846
-0.00584459
-0.00698184
-0.00688374
-0.00962386
-0.00720706
-0.00943037
-0.00681938
-0.00712105
-0.00927504
-0.00680113
-0.00697892
-0.00936339
-0.00690808
-0.0068517
-0.0094046
-0.00699976
-0.00688874
-0.00965266
-0.0072224
-0.0094448
-0.00684442
-0.00586858
-0.00670557
-0.00602991
-0.00570889
-0.00854761
-0.00611647
-0.00608076
-0.0056415
-0.00568344
-0.00856693
-0.00608945
-0.00606694
-0.0056506
-0.00568741
-0.00856127
-0.00609505
-0.00602379
-0.00586117
-0.00783296
-0.00650002
-0.00765651
-0.00978687
-0.0107073
-0.00635009
-0.00885275
-0.00596448
-0.00776314
-0.00511029
-0.00685334
-0.0070919
-0.00660079
-0.00717678
-0.00803538
-0.00686283
-0.00926466
-0.00919034
-0.0099836
-0.0078149
-0.00997333
-0.0118135
-0.0118256
-0.013654
-0.0105395
-0.0136763
-0.0162226
-0.0162333
-0.0189941
-0.014659
-0.0190203
-0.0224976
-0.0225107
-0.0261827
-0.0203196
-0.0262287
-0.0307108
-0.030746
-0.0352656
-0.0275991
-0.0353524
-0.0408873
-0.0409712
-0.0461659
-0.0364686
-0.0463096
-0.052794
-0.0529605
-0.0586287
-0.0465658
-0.0588665
-0.0649791
-0.0651495
-0.0629084
-0.0969139
-0.0598482
-0.0596594
-0.0547842
-0.0752369
-0.0750584
-0.0511697
-0.0511007
-0.065292
-0.062705
-0.0586438
-0.0637144
-0.0967855
-0.0602271
-0.0596024
-0.0549131
-0.0626538
-0.0650472
-0.0591637
-0.0592596
-0.0545169
-0.0433189
-0.0334586
-0.0250509
-0.01828
-0.0131591
-0.00967574
-0.00876154
-0.00800123
-0.00568029
-0.00566921
-0.00566511
-0.00567723
-0.00856045
-0.00606591
-0.00609392
-0.00601261
-0.00697983
-0.0100665
-0.00606718
-0.00856284
-0.00609559
-0.0100067
-0.00710796
-0.00925365
-0.00680131
-0.00601558
-0.00698063
-0.00925532
-0.0049792
-0.00681172
-0.00686694
-0.00685933
-0.00718025
-0.00918789
-0.00998726
-0.0118262
-0.0136571
-0.0162391
-0.0189957
-0.0225225
-0.0261849
-0.0307671
-0.0352671
-0.0410117
-0.0461545
-0.0530408
-0.0585678
-0.0655984
-0.0621454
-0.0969454
-0.0632963
-0.0591929
-0.0648374
-0.0590268
-0.0466002
-0.0527925
-0.0463834
-0.0364952
-0.0409191
-0.0353816
-0.027616
-0.0307406
-0.026239
-0.0203291
-0.0225197
-0.0190224
-0.0146642
-0.0162416
-0.013672
-0.010542
-0.0118327
-0.00996448
-0.00781428
-0.00927839
-0.00723444
-0.00927092
-0.00997279
-0.00781542
-0.00919613
-0.00718116
-0.00803806
-0.00659108
-0.00503737
-0.00711427
-0.00651456
-0.00929789
-0.00998488
-0.0118092
-0.0137082
-0.0162481
-0.019045
-0.0225783
-0.0262484
-0.0308786
-0.0353577
-0.0412596
-0.0461467
-0.0535884
-0.0580887
-0.065947
-0.0625529
-0.0958172
-0.0664282
-0.0573396
-0.0706517
-0.0637996
-0.0452664
-0.0572439
-0.0498339
-0.0354169
-0.0441442
-0.037832
-0.0267421
-0.0330481
-0.0279943
-0.0196652
-0.0241821
-0.0202866
-0.0141807
-0.0174102
-0.0145803
-0.0101973
-0.0126529
-0.0107095
-0.00755887
-0.00978526
-0.00765942
-0.00783795
-0.00685805
-0.00714324
-0.00632669
-0.00778412
-0.00509974
-0.00582663
-0.00687038
-0.00636089
-0.00948335
-0.0103641
-0.0100112
-0.009972
-0.00777918
-0.00918343
-0.00933562
-0.0066181
-0.00805396
-0.00733133
-0.00726694
-0.00711004
-0.00967885
-0.00761173
-0.00722538
-0.00997905
-0.0077283
-0.00724634
-0.0071036
-0.0069067
-0.00927965
-0.00996732
-0.00903762
-0.0118408
-0.0136736
-0.0162491
-0.0190222
-0.017043
-0.022538
-0.0262218
-0.0307896
-0.0353139
-0.0312737
-0.0410316
-0.0462008
-0.0529975
-0.0586788
-0.0511215
-0.0511877
-0.0407151
-0.040753
-0.0314408
-0.0313621
-0.041231
-0.046244
-0.0364936
-0.0467202
-0.0526547
-0.053389
-0.0583989
-0.0465368
-0.0597005
-0.0642296
-0.0723395
-0.0608597
-0.0969387
-0.0615447
-0.0584412
-0.0566443
-0.0732854
-0.0484934
-0.0439319
-0.0611682
-0.0383242
-0.0525536
-0.0471082
-0.0295167
-0.040963
-0.0353725
-0.0221819
-0.0308745
-0.0261431
-0.0163088
-0.0225114
-0.0187821
-0.0117549
-0.0162299
-0.013462
-0.00846414
-0.0116883
-0.00986805
-0.00633568
-0.00887631
-0.00644385
-0.00619925
-0.00815926
-0.00749011
-0.00886673
-0.010728
-0.0120065
-0.014122
-0.0166018
-0.0195883
-0.0190047
-0.0190667
-0.01463
-0.0162789
-0.0162698
-0.0137123
-0.0105167
-0.0136453
-0.0122826
-0.0117007
-0.00858265
-0.00755758
-0.0089551
-0.00851693
-0.00815179
-0.00959528
-0.00964788
-0.00762989
-0.0070095
-0.00523723
-0.00865878
-0.00484122
-0.00676042
-0.00755812
-0.00825192
-0.0109405
-0.0131222
-0.0130299
-0.0180441
-0.0183108
-0.0151535
-0.0148536
-0.014106
-0.0171917
-0.0205345
-0.0231703
-0.026973
-0.0317512
-0.0363394
-0.0354746
-0.0353992
-0.0275898
-0.0308324
-0.0308834
-0.026282
-0.0202937
-0.026254
-0.023443
-0.0222914
-0.0162494
-0.0143693
-0.0169021
-0.0165859
-0.0158529
-0.012161
-0.0116199
-0.0111343
-0.0122851
-0.01013
-0.0103248
-0.0112027
-0.00972408
-0.00767651
-0.0069928
-0.00673162
-0.00641269
-0.00697843
-0.00594786
-0.00839154
-0.00832393
-0.00998528
-0.00901373
-0.0118323
-0.0118271
-0.0136777
-0.0105455
-0.0136608
-0.0122573
-0.0162435
-0.016244
-0.0190203
-0.0146721
-0.0190173
-0.0170123
-0.0225251
-0.0225434
-0.0262174
-0.0203457
-0.0262411
-0.0233377
-0.030762
-0.0308089
-0.0353085
-0.0276456
-0.0353907
-0.0312464
-0.0409541
-0.0410884
-0.0461706
-0.0365355
-0.0464126
-0.0406314
-0.0527803
-0.0531444
-0.0585515
-0.0466061
-0.0590296
-0.0509691
-0.0648337
-0.065443
-0.0628354
-0.0590888
-0.0628621
-0.0552079
-0.0599818
-0.0578061
-0.0526541
-0.0726686
-0.0485615
-0.0632529
-0.0486862
-0.0466042
-0.0573708
-0.0576364
-0.051279
-0.0547324
-0.0551468
-0.0496134
-0.0444399
-0.0435446
-0.0332658
-0.0339766
-0.0286656
-0.0252201
-0.0247653
-0.0245842
-0.0179552
-0.0130044
-0.00964803
-0.00760511
-0.00693364
-0.00506484
-0.0070423
-0.00622903
-0.00676615
-0.00680725
-0.00664706
-0.00686729
-0.00805767
-0.00600202
-0.00737917
-0.0071676
-0.00722514
-0.00745063
-0.00585463
-0.00735514
-0.00724248
-0.00722935
-0.00806159
-0.00556362
-0.0056071
-0.00559785
-0.00557786
-0.00556101
-0.00553165
-0.0086189
-0.00558943
-0.0055729
-0.00557446
-0.00862128
-0.00559816
-0.00811787
-0.00883496
-0.00879552
-0.00773368
-0.00771162
-0.00720377
-0.00904253
-0.0123282
-0.0171208
-0.0234679
-0.0313682
-0.0298266
-0.0265363
-0.0311471
-0.0305763
-0.0292139
-0.0323529
-0.037447
-0.0427343
-0.0471059
-0.0566728
-0.0463665
-0.0474981
-0.0376657
-0.0432386
-0.0356608
-0.0382501
-0.0388878
-0.0329268
-0.0429136
-0.0543452
-0.0679401
-0.0676242
-0.0677447
-0.0585823
-0.0543223
-0.0569256
-0.0625741
-0.0524728
-0.0595887
-0.0853431
-0.0770552
-0.0758621
-0.0783549
-0.0501713
-0.063709
-0.0668707
-0.080168
-0.0516536
-0.0659546
-0.0671619
-0.0805509
-0.0518743
-0.0651329
-0.068013
-0.080377
-0.0530917
-0.0645678
-0.0724449
-0.100286
-0.079167
-0.0774151
-0.0980539
-0.0960288
-0.0765012
-0.0561896
-0.0792063
-0.0704837
-0.0630316
-0.0665422
-0.0703723
-0.0551824
-0.0729824
-0.0834429
-0.0567715
-0.0687691
-0.0553839
-0.0574548
-0.0740587
-0.0640542
-0.0486443
-0.0599747
-0.0522196
-0.0392516
-0.0464581
-0.0407063
-0.0301266
-0.0351813
-0.0306692
-0.0225129
-0.0260062
-0.0224957
-0.0163883
-0.0188401
-0.0162025
-0.0117999
-0.0135201
-0.0117284
-0.00845999
-0.00996154
-0.00885161
-0.0064981
-0.00776874
-0.00629096
-0.00712718
-0.00684489
-0.00765458
-0.00979279
-0.0107093
-0.00755836
-0.00931261
-0.00649978
-0.00783642
-0.00710679
-0.00503556
-0.00658071
-0.00681501
-0.00803794
-0.00678498
-0.00698879
-0.00767824
-0.00972067
-0.0130982
-0.0131116
-0.0181278
-0.0248398
-0.0232167
-0.0223771
-0.0214504
-0.0239854
-0.0282633
-0.0267022
-0.0195939
-0.0210226
-0.0213758
-0.0225747
-0.0225869
-0.0170804
-0.0190254
-0.0225085
-0.0203466
-0.0262436
-0.0307333
-0.027641
-0.0353806
-0.0409151
-0.0365144
-0.0463429
-0.0527819
-0.0465698
-0.0587841
-0.049659
-0.0503435
-0.0610539
-0.0612108
-0.0545797
-0.0429106
-0.0329164
-0.0245891
-0.0179713
-0.0130231
-0.00966317
-0.00763254
-0.00696167
-0.00503605
-0.00681345
-0.00677786
-0.00697444
-0.00764853
-0.00969183
-0.0130687
-0.0180514
-0.0247066
-0.0330717
-0.0431104
-0.0547201
-0.069059
-0.0685919
-0.0555544
-0.105067
-0.0774949
-0.0743278
-0.0672199
-0.0805267
-0.0519444
-0.052084
-0.056589
-0.0832177
-0.0538648
-0.0546888
-0.0557557
-0.0836809
-0.0541112
-0.0549301
-0.0553782
-0.0835044
-0.0555666
-0.0565355
-0.0621491
-0.106071
-0.0801512
-0.0782002
-0.0785514
-0.0778719
-0.0627431
-0.0588113
-0.0624094
-0.105679
-0.0617106
-0.0637752
-0.0831646
-0.0663862
-0.0631695
-0.0647949
-0.0736067
-0.054736
-0.0728254
-0.0728676
-0.0558658
-0.0740196
-0.0655933
-0.0631905
-0.0662876
-0.0733779
-0.0731309
-0.0737712
-0.0728014
-0.0632329
-0.0625038
-0.0680526
-0.0833147
-0.0713898
-0.0563878
-0.0759825
-0.0667931
-0.0563627
-0.0915363
-0.0494749
-0.0649126
-0.0545284
-0.0637459
-0.0586541
-0.0463116
-0.0535122
-0.0475693
-0.0377645
-0.0418553
-0.0372515
-0.0284645
-0.0321693
-0.0278487
-0.0217838
-0.0236766
-0.0205995
-0.0154573
-0.0173047
-0.0147229
-0.0113729
-0.0122971
-0.0107517
-0.00806684
-0.00897526
-0.00808797
-0.00621504
-0.00687073
-0.00481611
-0.00861279
-0.00622372
-0.00523245
-0.00963011
-0.00688144
-0.00720319
-0.00941288
-0.00682431
-0.00710316
-0.00925729
-0.00678683
-0.00698274
-0.00935363
-0.00691898
-0.00682686
-0.00938876
-0.00507475
-0.0066344
-0.00805489
-0.00688156
-0.00723325
-0.0092521
-0.00780872
-0.00996814
-0.0099672
-0.00900525
-0.0117973
-0.0101843
-0.0136788
-0.0145621
-0.010322
-0.0173882
-0.0117315
-0.02023
-0.0143341
-0.0240819
-0.0162284
-0.0279027
-0.0196604
-0.0328342
-0.0220248
-0.0375992
-0.0263108
-0.0435681
-0.0290662
-0.0493268
-0.0342358
-0.0561629
-0.0372874
-0.0628726
-0.0432393
-0.0694964
-0.0461858
-0.0543562
-0.0661571
-0.0646326
-0.0514791
-0.0602431
-0.0445456
-0.0538858
-0.0523061
-0.0406884
-0.0474393
-0.034815
-0.0417541
-0.0406554
-0.0312752
-0.0361979
-0.0264009
-0.0314693
-0.0306445
-0.0233644
-0.0269014
-0.0194556
-0.0230509
-0.0224992
-0.0170441
-0.0195065
-0.0140634
-0.0166278
-0.016248
-0.0122807
-0.0140732
-0.0101164
-0.0120475
-0.0118392
-0.00903584
-0.0103
-0.00749333
-0.00952381
-0.00917157
-0.00726105
-0.00632696
-0.00581225
-0.00509782
-0.00684784
-0.00712893
-0.00628536
-0.00776045
-0.0064701
-0.00695332
-0.00642285
-0.0067384
-0.00678247
-0.00678959
-0.00803265
-0.00686089
-0.00715775
-0.00719571
-0.00928664
-0.00755423
-0.0106948
-0.0075615
-0.0126416
-0.00845716
-0.0112129
-0.00840561
-0.00833927
-0.00919402
-0.00770397
-0.00998699
-0.00608884
-0.00855579
-0.00606539
-0.0059999
-0.00736389
-0.00721612
-0.00715734
-0.00722447
-0.00724566
-0.0100639
-0.00773068
-0.00723559
-0.00906272
-0.00906885
-0.00905912
-0.0118532
-0.0118557
-0.00903479
-0.0111563
-0.00839237
-0.00835601
-0.00919774
-0.00782214
-0.00999598
-0.0118169
-0.0105491
-0.0136762
-0.0162304
-0.0146749
-0.0159541
-0.0123601
-0.0123136
-0.0171628
-0.023523
-0.0234244
-0.0235056
-0.0171548
-0.0123549
-0.0122891
-0.0123205
-0.00903913
-0.00901049
-0.00996464
-0.0118116
-0.0126479
-0.0145715
-0.0173925
-0.0202413
-0.0117429
-0.0162101
-0.0103243
-0.0135139
-0.00846921
-0.0117355
-0.0075672
-0.00995743
-0.00844468
-0.00809548
-0.0107392
-0.0101309
-0.0123448
-0.0140705
-0.0122904
-0.0162499
-0.0145932
-0.0189716
-0.0190243
-0.0170577
-0.022443
-0.0202703
-0.0261625
-0.0261729
-0.0233221
-0.0305698
-0.0274598
-0.0352271
-0.0352424
-0.0311454
-0.0406727
-0.0350208
-0.0461446
-0.0523789
-0.0447612
-0.0587571
-0.0641062
-0.0547261
-0.0608198
-0.054751
-0.0433337
-0.0334154
-0.0250132
-0.0182562
-0.0131454
-0.00966846
-0.00875485
-0.00799025
-0.00567937
-0.00564334
-0.00567382
-0.00608265
-0.0100503
-0.00772706
-0.00772482
-0.00996124
-0.00607792
-0.00599269
-0.00737991
-0.00721692
-0.00760602
-0.00721512
-0.0099988
-0.0077067
-0.00719911
-0.00930136
-0.00756234
-0.00841761
-0.00829509
-0.00879689
-0.00805961
-0.00557536
-0.0055581
-0.00862087
-0.00552959
-0.00563372
-0.00856031
-0.00829792
-0.00906192
-0.00858092
-0.0071047
-0.00965784
-0.00955058
-0.00727114
-0.00916554
-0.00777399
-0.0100213
-0.00994873
-0.00905567
-0.011807
-0.0105359
-0.013653
-0.0122827
-0.0162044
-0.0146344
-0.0189903
-0.0189744
-0.0169866
-0.0224791
-0.019584
-0.0261699
-0.0306404
-0.0265546
-0.0352392
-0.0312919
-0.023416
-0.0170933
-0.0123141
-0.00903454
-0.00829004
-0.00879286
-0.00805473
-0.00816463
-0.00971673
-0.00830392
-0.00842195
-0.00829418
-0.00816627
-0.00971448
-0.00905819
-0.00903701
-0.0123501
-0.0122865
-0.0171494
-0.0170417
-0.0180809
-0.0247469
-0.0331369
-0.0332873
-0.0434174
-0.0405198
-0.039475
-0.050577
-0.0610196
-0.0521297
-0.0744757
-0.056696
-0.10762
-0.0760528
-0.0746044
-0.0706508
-0.0862846
-0.0783781
-0.081195
-0.0779818
-0.10695
-0.0750716
-0.0742223
-0.0671506
-0.0801722
-0.0518036
-0.0528408
-0.0571963
-0.0827654
-0.053635
-0.055596
-0.0565614
-0.0832206
-0.0538819
-0.0556754
-0.056343
-0.0830381
-0.0554494
-0.0569237
-0.0788495
-0.0605783
-0.0511778
-0.0510657
-0.0589368
-0.062829
-0.0451172
-0.0569542
-0.0377729
-0.0452038
-0.0549393
-0.0406884
-0.0519752
-0.0593795
-0.0513972
-0.0635786
-0.0689908
-0.0589212
-0.0551212
-0.0465304
-0.056738
-0.0549913
-0.0707987
-0.0743013
-0.0729587
-0.0643724
-0.0512711
-0.0637448
-0.0562824
-0.0640467
-0.0512093
-0.0637385
-0.0563353
-0.0641225
-0.0513643
-0.0638116
-0.074264
-0.0726183
-0.0633297
-0.0586051
-0.0702313
-0.0836653
-0.0626036
-0.0789186
-0.0801366
-0.0769703
-0.0637433
-0.0617086
-0.0621314
-0.105119
-0.0623632
-0.0691757
-0.101487
-0.0808201
-0.0774637
-0.0626181
-0.0615908
-0.0790177
-0.0565208
-0.0563344
-0.078335
-0.0595305
-0.0548212
-0.0546265
-0.0433156
-0.0334274
-0.0250262
-0.0182654
-0.0131514
-0.00967211
-0.00875854
-0.00799585
-0.00552998
-0.00556215
-0.00734045
-0.00715777
-0.00721836
-0.00924667
-0.00710526
-0.0058614
-0.00602586
-0.00669786
-0.00611274
-0.00584762
-0.00688504
-0.00964092
-0.00721029
-0.00965818
-0.00682846
-0.00941802
-0.00760796
-0.00745216
-0.00721883
-0.00996519
-0.00607933
-0.00608508
-0.0085624
-0.00566098
-0.00565763
-0.00608674
-0.00607522
-0.00598732
-0.00692596
-0.00947367
-0.00693115
-0.0100477
-0.00772539
-0.00772401
-0.00710651
-0.0059703
-0.00697925
-0.00641079
-0.00675004
-0.00699141
-0.00767457
-0.00973151
-0.0131226
-0.0181253
-0.0248072
-0.0332058
-0.0432796
-0.0432103
-0.0549392
-0.0550207
-0.0684967
-0.0560189
-0.0594058
-0.0597162
-0.0969994
-0.0690205
-0.0750761
-0.0774362
-0.104785
-0.0553561
-0.0596254
-0.0597876
-0.0564041
-0.0605607
-0.0616114
-0.0953188
-0.0637012
-0.0657614
-0.0538722
-0.0619193
-0.0716466
-0.0597747
-0.0505779
-0.0549059
-0.0691679
-0.0689606
-0.0609495
-0.0612032
-0.0509542
-0.0391979
-0.029318
-0.0214863
-0.0155021
-0.0152865
-0.0110529
-0.0110544
-0.00832808
-0.00840896
-0.00898018
-0.0121972
-0.0169003
-0.0231543
-0.0309897
-0.0402959
-0.0501849
-0.0494549
-0.049598
-0.0384037
-0.0288664
-0.0211825
-0.0211608
-0.0152806
-0.0154855
-0.0112092
-0.0118253
-0.0126556
-0.0145748
-0.0174035
-0.0202465
-0.0141588
-0.0162469
-0.0136879
-0.0101899
-0.0116302
-0.00903946
-0.00901467
-0.0099639
-0.00771023
-0.00999598
-0.00679923
-0.00720401
-0.0082924
-0.00841894
-0.00854101
-0.00569729
-0.00564434
-0.00738773
-0.0072114
-0.00727255
-0.007339
-0.0055279
-0.00862356
-0.00734011
-0.00736278
-0.00600832
-0.0074516
-0.00734174
-0.00714914
-0.00720892
-0.0072333
-0.00760234
-0.00721311
-0.00723496
-0.00738797
-0.00745252
-0.00568724
-0.00611228
-0.00669147
-0.00853484
-0.00602473
-0.00585339
-0.00841426
-0.00830048
-0.008795
-0.00805333
-0.00816505
-0.00830232
-0.00906497
-0.00858338
-0.00757336
-0.0116965
-0.0103332
-0.0123213
-0.0122578
-0.0171059
-0.0170036
-0.0190241
-0.0225333
-0.024136
-0.0279054
-0.0329539
-0.0376073
-0.0266451
-0.0307522
-0.0262316
-0.0196166
-0.0223514
-0.0162283
-0.0143509
-0.0222319
-0.0196895
-0.0234396
-0.0233128
-0.0235002
-0.023367
-0.0314035
-0.0312825
-0.0407153
-0.0406608
-0.0387037
-0.034769
-0.0409394
-0.0399982
-0.030354
-0.0223893
-0.0161762
-0.0116372
-0.0114718
-0.0112809
-0.0132083
-0.0159376
-0.0156536
-0.0183466
-0.0220488
-0.0216458
-0.0183488
-0.0132103
-0.0114845
-0.0114702
-0.011277
-0.00975306
-0.0132512
-0.0184043
-0.025211
-0.0251371
-0.0298678
-0.0292984
-0.0335649
-0.0393132
-0.038521
-0.0434534
-0.0499967
-0.0509006
-0.0510591
-0.0748207
-0.0525145
-0.0788883
-0.0604978
-0.0592237
-0.0755889
-0.0553248
-0.078025
-0.079289
-0.0813336
-0.0777132
-0.106163
-0.0750484
-0.0692533
-0.0650669
-0.0821197
-0.0830033
-0.061661
-0.069417
-0.0798238
-0.0829479
-0.0766726
-0.0750211
-0.105547
-0.0780498
-0.0815796
-0.081837
-0.0820478
-0.0816269
-0.0777357
-0.0821793
-0.0732289
-0.0680167
-0.0803808
-0.0531214
-0.0518453
-0.0563531
-0.0830599
-0.0554048
-0.0544274
-0.0553894
-0.083548
-0.0554712
-0.054675
-0.0550018
-0.0833357
-0.0567041
-0.062264
-0.105434
-0.0824341
-0.0771651
-0.0639727
-0.0616318
-0.0783496
-0.0594976
-0.0548112
-0.0434603
-0.0335428
-0.0251179
-0.0183346
-0.0132016
-0.00971168
-0.0114739
-0.0116276
-0.0101945
-0.0136843
-0.0162313
-0.0141647
-0.0190155
-0.0225136
-0.0241207
-0.0278975
-0.0329337
-0.0375967
-0.0220764
-0.0306838
-0.0196728
-0.0260079
-0.0162567
-0.0225073
-0.0143389
-0.0188382
-0.0163691
-0.0156688
-0.0205214
-0.0194859
-0.0237959
-0.026885
-0.0233724
-0.0306339
-0.0273927
-0.0352888
-0.0352703
-0.031244
-0.0404905
-0.0361838
-0.046122
-0.0405473
-0.0521195
-0.0461634
-0.0587375
-0.0588352
-0.0512155
-0.0641438
-0.0563248
-0.06389
-0.0639852
-0.051243
-0.0587269
-0.0587747
-0.0638124
-0.0562679
-0.0594058
-0.0513124
-0.0406702
-0.0313532
-0.0234688
-0.0171345
-0.0123464
-0.0116919
-0.0162212
-0.0171041
-0.0169963
-0.0234359
-0.0233018
-0.0262164
-0.0307272
-0.0266539
-0.0353436
-0.0409141
-0.0438973
-0.0493132
-0.0569147
-0.0628418
-0.0377678
-0.0522516
-0.0344126
-0.0464688
-0.0292419
-0.0407268
-0.0263672
-0.035189
-0.0300978
-0.0287853
-0.0371312
-0.0350437
-0.0423974
-0.0471063
-0.0406899
-0.0519786
-0.0460469
-0.0593365
-0.0585329
-0.0512762
-0.0643187
-0.055996
-0.0636076
-0.0689591
-0.0514062
-0.0589068
-0.0550708
-0.0566966
-0.0549534
-0.0584389
-0.0546922
-0.0464793
-0.048605
-0.0599834
-0.0640906
-0.0434571
-0.0504478
-0.0401752
-0.0308928
-0.0230799
-0.0168442
-0.0121548
-0.00894856
-0.00695863
-0.00641589
-0.00713466
-0.00629066
-0.00481968
-0.00581984
-0.00687756
-0.00632596
-0.00862626
-0.00522548
-0.00620798
-0.0080511
-0.00732262
-0.00660024
-0.00724533
-0.00918558
-0.00781592
-0.00994903
-0.00903245
-0.0118032
-0.0105288
-0.0136646
-0.013637
-0.0122476
-0.0162154
-0.0141475
-0.0189961
-0.015478
-0.0152775
-0.0162199
-0.0110701
-0.0118259
-0.00966092
-0.00965173
-0.00759591
-0.00693392
-0.00678403
-0.00703992
-0.00700576
-0.00677271
-0.00756071
-0.00623309
-0.00808112
-0.00750602
-0.0102959
-0.00904527
-0.0118383
-0.0105026
-0.0136462
-0.013685
-0.0123077
-0.0162089
-0.0146428
-0.0189925
-0.0170261
-0.0224463
-0.0202604
-0.0261616
-0.0261584
-0.0232798
-0.0305721
-0.0284961
-0.021077
-0.0224532
-0.0179548
-0.0179381
-0.0130123
-0.0111563
-0.0118606
-0.0084042
-0.00934537
-0.00763301
-0.00827715
-0.00899972
-0.00962059
-0.00966527
-0.0109653
-0.0120781
-0.0131497
-0.0112814
-0.0147806
-0.0140731
-0.0195191
-0.0170502
-0.0224998
-0.0202031
-0.0261609
-0.0262079
-0.0233658
-0.0305529
-0.027471
-0.0352385
-0.0311888
-0.0405388
-0.036181
-0.0461208
-0.0461738
-0.0405115
-0.0521143
-0.0406216
-0.0392551
-0.029813
-0.0292815
-0.0251261
-0.0183405
-0.0132057
-0.00971499
-0.0112779
-0.0114683
-0.0159308
-0.0161592
-0.0123516
-0.0171427
-0.0234804
-0.030283
-0.0298513
-0.022037
-0.0216378
-0.0156484
-0.0159423
-0.0114792
-0.0105415
-0.011834
-0.00903309
-0.0118202
-0.0136679
-0.0122872
-0.0162165
-0.0162305
-0.0136599
-0.0136656
-0.0123107
-0.0162163
-0.0162568
-0.013688
-0.0118577
-0.00905561
-0.0118149
-0.00998923
-0.00995755
-0.00996678
-0.00997488
-0.0090497
-0.0118364
-0.01182
-0.0105388
-0.013651
-0.0123036
-0.0162348
-0.0162199
-0.0146475
-0.0189831
-0.0170554
-0.0224851
-0.0224551
-0.0224519
-0.0224694
-0.0170312
-0.0190052
-0.018997
-0.0146507
-0.0189991
-0.0170635
-0.0224502
-0.0225146
-0.0190277
-0.0146054
-0.0162532
-0.016655
-0.0122904
-0.0136517
-0.0105108
-0.0118403
-0.012089
-0.00904397
-0.0100229
-0.0099529
-0.00933793
-0.00724338
-0.00919273
-0.00782122
-0.00927604
-0.00723499
-0.00926122
-0.00781889
-0.00920156
-0.00723885
-0.00931873
-0.00995593
-0.0100025
-0.00777273
-0.00840494
-0.00756423
-0.00692377
-0.00508933
-0.00701045
-0.00667518
-0.0068376
-0.00685046
-0.00506606
-0.0069154
-0.00681779
-0.00666571
-0.00702339
-0.00509116
-0.00942731
-0.0069916
-0.00681833
-0.00599048
-0.00805552
-0.00709685
-0.00688449
-0.00689615
-0.00708115
-0.00661601
-0.00730281
-0.00804503
-0.00584006
-0.00698579
-0.00941911
-0.00682034
-0.00995895
-0.00772092
-0.0090612
-0.0090618
-0.0123514
-0.0171445
-0.0220459
-0.0202806
-0.0261737
-0.0233264
-0.0305669
-0.030596
-0.0305593
-0.0306805
-0.0233725
-0.0261837
-0.0262112
-0.0202213
-0.0225045
-0.0231119
-0.0170512
-0.0189819
-0.0195251
-0.0140877
-0.0147964
-0.0172708
-0.015693
-0.0205426
-0.023826
-0.0215529
-0.0280111
-0.0321849
-0.0288261
-0.037171
-0.0424432
-0.0374841
-0.0473777
-0.0479613
-0.0436678
-0.0374271
-0.0335768
-0.028352
-0.0250727
-0.0209248
-0.0182809
-0.01515
-0.0131623
-0.0112937
-0.0123657
-0.014072
-0.0101418
-0.0107461
-0.00901231
-0.0081105
-0.00962743
-0.0109716
-0.00827925
-0.00808705
-0.00751395
-0.00955485
-0.00726837
-0.00916738
-0.00777947
-0.00841349
-0.00762211
-0.00700719
-0.00523143
-0.00621972
-0.00862465
-0.0048217
-0.00688518
-0.00623574
-0.00755991
-0.00677364
-0.00582355
-0.00632853
-0.0073193
-0.0066112
-0.00805086
-0.00678381
-0.00692583
-0.00757015
-0.00961973
-0.00965209
-0.0130328
-0.0180033
-0.0246234
-0.0233737
-0.0306408
-0.0315524
-0.0268955
-0.0261764
-0.0212637
-0.0154094
-0.0111744
-0.01113
-0.0129752
-0.0178877
-0.0244291
-0.0287823
-0.0274181
-0.0352711
-0.0312521
-0.0404907
-0.0407477
-0.0405881
-0.0420932
-0.031279
-0.0353115
-0.0361826
-0.02649
-0.0220822
-0.029147
-0.0288082
-0.038281
-0.0387587
-0.0409399
-0.0439261
-0.0493203
-0.0344393
-0.038577
-0.0297178
-0.0263884
-0.0313289
-0.0312078
-0.0353705
-0.040647
-0.040613
-0.046359
-0.0352398
-0.0398965
-0.031368
-0.0406857
-0.0508456
-0.050025
-0.039301
-0.0385203
-0.0292892
-0.0298513
-0.0335531
-0.0336539
-0.0335665
-0.0251393
-0.0220704
-0.0220383
-0.0159327
-0.015647
-0.0159345
-0.0161546
-0.0223442
-0.0196246
-0.0214484
-0.0155005
-0.0153081
-0.0153484
-0.015423
-0.0110987
-0.0110731
-0.00833842
-0.00841124
-0.00673999
-0.0112181
-0.0212642
-0.0211983
-0.0288554
-0.0289626
-0.0291553
-0.0384886
-0.0383359
-0.0388021
-0.0291794
-0.0463098
-0.0528851
-0.0451314
-0.0588494
-0.0502411
-0.0495177
-0.0610946
-0.0612992
-0.0597276
-0.071752
-0.0960848
-0.0980083
-0.0561825
-0.0724249
-0.100304
-0.0791491
-0.0627597
-0.0778507
-0.0787096
-0.0638727
-0.0621214
-0.106246
-0.0806681
-0.0780589
-0.10135
-0.0867387
-0.0868272
-0.0818533
-0.0793024
-0.0555635
-0.0782109
-0.0593357
-0.0546986
-0.0434542
-0.0393449
-0.029895
-0.0298507
-0.0314072
-0.0313225
-0.0311907
-0.040638
-0.0405914
-0.0385613
-0.0297041
-0.0222215
-0.0315268
-0.0361676
-0.0312769
-0.0405813
-0.0361095
-0.046371
-0.0460994
-0.0406097
-0.0519973
-0.0461375
-0.052138
-0.0406596
-0.0313455
-0.0298365
-0.0302722
-0.0398827
-0.0352512
-0.0392981
-0.0385157
-0.0292855
-0.0216354
-0.0220348
-0.0171331
-0.0123433
-0.00905575
-0.0118411
-0.0110965
-0.0136606
-0.00836086
-0.00998933
-0.009284
-0.00681677
-0.00710252
-0.00686002
-0.00502113
-0.00695134
-0.00762246
-0.0153109
-0.0153823
-0.0162551
-0.0130469
-0.0151398
-0.0172481
-0.018263
-0.0180214
-0.02091
-0.0230925
-0.0250481
-0.0215232
-0.0279807
-0.0264611
-0.0321457
-0.028331
-0.0335441
-0.032959
-0.0246481
-0.0212246
-0.0225088
-0.0211199
-0.0224666
-0.0244994
-0.0287279
-0.0306696
-0.0285532
-0.0352399
-0.0327163
-0.0378418
-0.0407288
-0.0374013
-0.042061
-0.0436288
-0.0374347
-0.0473325
-0.0451657
-0.0549043
-0.0479357
-0.0429035
-0.0542365
-0.0639543
-0.0635165
-0.0630549
-0.0678884
-0.0646135
-0.0588382
-0.0483029
-0.052473
-0.0425076
-0.0536972
-0.0634333
-0.0690419
-0.065775
-0.058365
-0.0477259
-0.0375153
-0.0461585
-0.0405625
-0.0327441
-0.0245202
-0.0425473
-0.053779
-0.0635957
-0.0693894
-0.0658259
-0.0583614
-0.0476725
-0.037447
-0.0405386
-0.0380494
-0.0289067
-0.0213637
-0.0168161
-0.0121426
-0.00893861
-0.00840695
-0.0118959
-0.0230199
-0.0307372
-0.0398841
-0.0485582
-0.0591195
-0.063953
-0.0706079
-0.0655038
-0.0530222
-0.0592169
-0.064181
-0.0634377
-0.0538478
-0.0534954
-0.0423652
-0.0326014
-0.0244076
-0.0178683
-0.0129592
-0.00960839
-0.00960638
-0.00757334
-0.00838145
-0.00837867
-0.00681467
-0.00805347
-0.00677479
-0.00700158
-0.00760955
-0.00963341
-0.0111668
-0.010503
-0.0136304
-0.0136891
-0.012347
-0.0114765
-0.0112748
-0.00816373
-0.0114622
-0.0116234
-0.00857739
-0.0071009
-0.0096521
-0.00978386
-0.00633799
-0.0116885
-0.0161497
-0.0159387
-0.0156435
-0.0159193
-0.0220149
-0.0216306
-0.0220413
-0.0171369
-0.0234743
-0.023481
-0.0313638
-0.0392916
-0.0362007
-0.0405777
-0.0311902
-0.0405167
-0.0461854
-0.0405426
-0.052045
-0.0521685
-0.0460943
-0.0462053
-0.0406144
-0.0519768
-0.0525025
-0.0460904
-0.0361426
-0.0464022
-0.0471242
-0.0350814
-0.0292488
-0.0379131
-0.032926
-0.04286
-0.0541742
-0.0547231
-0.0584487
-0.0635125
-0.0630673
-0.0638848
-0.0679112
-0.0646044
-0.0589062
-0.0483864
-0.0423834
-0.032622
-0.0376261
-0.0286408
-0.0352719
-0.0352326
-0.0352678
-0.0352355
-0.031257
-0.0406335
-0.0405433
-0.0362024
-0.0461368
-0.0406505
-0.052251
-0.0521266
-0.046177
-0.0587125
-0.0589567
-0.0588142
-0.0461112
-0.0508679
-0.0500758
-0.0434712
-0.0435585
-0.0489391
-0.0546977
-0.0511925
-0.0511465
-0.0751972
-0.0549163
-0.0520051
-0.0780525
-0.0792021
-0.0819327
-0.0777644
-0.0817201
-0.0820854
-0.078867
-0.0546017
-0.0771377
-0.0576158
-0.0759591
-0.0762967
-0.0759659
-0.0761542
-0.0752765
-0.0645302
-0.0811418
-0.105591
-0.056531
-0.0783624
-0.0860358
-0.0816069
-0.086852
-0.0813664
-0.0774308
-0.102633
-0.0813326
-0.0569178
-0.0623552
-0.105744
-0.0617698
-0.0782054
-0.0566666
-0.0765595
-0.057744
-0.0548224
-0.0489727
-0.05002
-0.0500299
-0.0508312
-0.0500166
-0.0392741
-0.050028
-0.0490166
-0.0385217
-0.0392985
-0.0298478
-0.0302587
-0.0313671
-0.0407154
-0.0406771
-0.0500326
-0.0513226
-0.0485771
-0.0434832
-0.0707024
-0.0480383
-0.0612627
-0.0646489
-0.0575444
-0.0610204
-0.0666307
-0.075271
-0.0546713
-0.0518258
-0.0782309
-0.0593399
-0.0577477
-0.0761495
-0.0544177
-0.0773277
-0.0789652
-0.0792726
-0.0821214
-0.0733696
-0.0811078
-0.105525
-0.0783534
-0.08163
-0.081865
-0.0819785
-0.082203
-0.0789598
-0.0549344
-0.0773268
-0.0808654
-0.0820294
-0.0808036
-0.0790712
-0.0547713
-0.0775207
-0.0578787
-0.0765549
-0.0767323
-0.0689262
-0.0513464
-0.0513235
-0.0687961
-0.0684672
-0.0487788
-0.0514595
-0.0513311
-0.059414
-0.0684371
-0.0687125
-0.0689763
-0.0635535
-0.0758904
-0.0579373
-0.0474984
-0.0426999
-0.0328558
-0.0245845
-0.017976
-0.0130095
-0.015402
-0.0190261
-0.0189596
-0.0145971
-0.0162205
-0.0223361
-0.0202081
-0.0261394
-0.0262168
-0.0233672
-0.0306317
-0.0305747
-0.0261617
-0.0202767
-0.0261877
-0.021181
-0.0178614
-0.01296
-0.0153585
-0.0153559
-0.0111276
-0.0211855
-0.0243856
-0.0325613
-0.0423033
-0.0478508
-0.0588468
-0.0586412
-0.0588421
-0.0478189
-0.0376011
-0.0286294
-0.0274804
-0.0287365
-0.0353077
-0.0352308
-0.0273977
-0.0297019
-0.0222168
-0.0398697
-0.0361175
-0.0461733
-0.0462507
-0.037783
-0.037222
-0.0282758
-0.0208913
-0.015129
-0.0109508
-0.00826193
-0.00676279
-0.00754917
-0.00961261
-0.013151
-0.0182596
-0.0212492
-0.0250505
-0.03349
-0.0435171
-0.0481358
-0.0587452
-0.0561684
-0.0584739
-0.0534206
-0.0535271
-0.0632503
-0.0689722
-0.0657388
-0.0584726
-0.0631656
-0.0688141
-0.0659642
-0.0631531
-0.0698807
-0.0657597
-0.0697023
-0.038579
-0.046152
-0.0584934
-0.0460822
-0.0545252
-0.0643464
-0.0781881
-0.0809116
-0.0813239
-0.0860228
-0.0813497
-0.0868243
-0.0868228
-0.0867166
-0.0809867
-0.0818715
-0.0865438
-0.10252
-0.0828169
-0.0869443
-0.0933323
-0.0915825
-0.103065
-0.103119
-0.101535
-0.102805
-0.102667
-0.0689838
-0.0690354
-0.0489773
-0.0788493
-0.0588551
-0.068976
-0.0765194
-0.0274843
-0.0560277
-0.082331
-0.0234658
-0.0305888
-0.039432
-0.0296331
-0.0227721
-0.0160985
-0.0392188
-0.0224904
-0.0166406
-0.0189864
-0.0162315
-0.0130245
-0.10265
-0.0528923
-0.0214255
-0.016261
-0.0195067
-0.00511113
-0.0102962
-0.00635289
-0.00847237
-0.0117464
-0.0117916
-0.006494
-0.0122526
-0.0648487
-0.0690805
-0.0686542
-0.0565193
-0.0407091
-0.00856018
-0.00564132
-0.00735566
-0.056596
-0.00996299
-0.023364
-0.00660945
-0.0481722
-0.056615
-0.00503842
-0.0406882
-0.0407903
-0.0170671
-0.0197477
-0.00677934
-0.041018
-0.0314272
0.0069986
0.00760495
0.00963117
0.00960346
0.0129609
0.017875
0.0244195
0.0326157
0.0423776
0.0535026
0.0631242
0.0695404
0.0554227
0.0753089
0.0835349
0.06273
0.0700301
0.0632653
0.0757861
0.0543436
0.0662017
0.0585459
0.0464228
0.0534951
0.0476316
0.0374805
0.0420802
0.0370974
0.028884
0.0321323
0.0279738
0.0214877
0.0238569
0.0204975
0.0156769
0.0172432
0.0147839
0.0112412
0.012323
0.0107358
0.00809562
0.00896884
0.00808448
0.00622492
0.00686563
0.00481445
0.00861246
0.00523428
0.00622231
0.00701374
0.00510293
0.00667248
0.00686773
0.00508754
0.00681994
0.0068074
0.00512593
0.00689434
0.00660311
0.00507968
0.00680258
0.00809491
0.00579503
0.00762369
0.00748058
0.00716869
0.00696923
0.00797084
0.00692182
0.00724019
0.0069604
0.00804397
0.00697286
0.00723487
0.00683804
0.00804945
0.00709747
0.00723865
0.00659349
0.0080441
0.00729968
0.0072601
0.00631656
0.00580591
0.00509241
0.00628067
0.0077533
0.00883734
0.0099321
0.0117067
0.0134869
0.0161833
0.0188042
0.0224709
0.0259793
0.0306737
0.0350062
0.0407102
0.0458557
0.0523789
0.058177
0.0650058
0.0698231
0.0728236
0.0636483
0.0747938
0.0741082
0.0762958
0.0707515
0.0554751
0.102359
0.0775801
0.0822948
0.0774342
0.0806251
0.09159
0.0932414
0.0866542
0.0823366
0.0826429
0.0823863
0.0866476
0.102375
0.0822864
0.0627468
0.0615271
0.069102
0.0623987
0.0627247
0.0787182
0.103219
0.0806103
0.101439
0.0774201
0.0915881
0.0747751
0.0741079
0.0732959
0.0777353
0.0694982
0.0547206
0.0740344
0.0617994
0.0814734
0.0763366
0.0554289
0.0706808
0.0685588
0.0729847
0.0641646
0.0588451
0.0521563
0.0461767
0.0405535
0.0352401
0.0305264
0.0261633
0.0223276
0.0189856
0.0160177
0.0136481
0.0115717
0.00994552
0.00768223
0.0103675
0.0078143
0.00805169
0.00983896
0.0116436
0.0105141
0.0135934
0.0160661
0.0146383
0.01896
0.0223439
0.0202775
0.0261855
0.0304907
0.0274899
0.035301
0.0404869
0.0362204
0.046202
0.0521276
0.0462042
0.0587876
0.0639702
0.0563425
0.0735624
0.0653191
0.0831076
0.0728771
0.0545361
0.0733278
0.065607
0.0832508
0.071075
0.0553261
0.0755941
0.0627209
0.0741883
0.0639684
0.0588874
0.0524872
0.0460737
0.0409656
0.035008
0.0309031
0.0260306
0.0223303
0.0189348
0.0160395
0.0136364
0.0115219
0.0100203
0.0077425
0.0103945
0.00799646
0.00794936
0.00946645
0.0126356
0.0101444
0.0144695
0.0172059
0.0140952
0.020104
0.0238791
0.0195207
0.0281201
0.0297585
0.0274715
0.0360265
0.0401982
0.0361791
0.0466152
0.0521385
0.0461396
0.0589951
0.0645721
0.05615
0.0726807
0.0701964
0.0835286
0.0667933
0.0564519
0.0916147
0.0588973
0.0756892
0.0664447
0.0544145
0.0642087
0.0649434
0.0592958
0.0495512
0.0638154
0.0530635
0.0729537
0.0701264
0.0462444
0.0696062
0.064186
0.0546828
0.0777251
0.0741015
0.0617869
0.0814606
0.0733957
0.0523631
0.0635339
0.1015
0.0774067
0.0915834
0.08062
0.103224
0.0787426
0.0627553
0.0691209
0.0623963
0.0571583
0.07904
0.0615396
0.0621489
0.0566679
0.056393
0.0784195
0.0617499
0.0617056
0.0563301
0.0566832
0.0784137
0.0621916
0.0615056
0.0570524
0.0624137
0.0790184
0.0691018
0.0627069
0.0802813
0.0787108
0.103261
0.0806283
0.0915839
0.0773424
0.0823153
0.102172
0.0778698
0.0798994
0.101255
0.0798383
0.0779334
0.102141
0.0822816
0.0627743
0.0823959
0.0931855
0.0866585
0.10551
0.0689451
0.0629774
0.0686726
0.0655218
0.07366
0.0640515
0.0640326
0.0642491
0.0563507
0.0736935
0.0729557
0.0687349
0.0831581
0.0654243
0.0631861
0.06899
0.106372
0.0869412
0.0866608
0.105475
0.0689415
0.0629657
0.0616836
0.073404
0.0777163
0.069541
0.0462075
0.0698744
0.0523781
0.0727942
0.0530827
0.0740173
0.0814635
0.0766024
0.0703698
0.073191
0.0731082
0.0831529
0.0704461
0.0765282
0.0740467
0.0747104
0.0621717
0.0580446
0.0561674
0.054185
0.0643555
0.0641395
0.0699802
0.0635976
0.0540375
0.0546107
0.0469817
0.0583489
0.0535911
0.0601056
0.0543332
0.0470045
0.042928
0.0348692
0.0429756
0.0478154
0.0445983
0.0373395
0.0524612
0.0464409
0.0291435
0.0436713
0.0408043
0.0350153
0.0492631
0.0461447
0.0524961
0.0447397
0.056266
0.0343126
0.0386322
0.0487828
0.0515172
0.0432754
0.0582682
0.0489625
0.0648079
0.0503428
0.0402545
0.0389905
0.0374574
0.043786
0.0476928
0.0580086
0.0586795
0.0634446
0.0696848
0.0656086
0.0659306
0.0677456
0.0632037
0.0729374
0.0736358
0.0639293
0.056346
0.0640857
0.0514063
0.0588236
0.0588323
0.0521984
0.0462191
0.0520402
0.0406683
0.0463054
0.0461238
0.0406233
0.0362411
0.0403517
0.0312281
0.0354105
0.0351878
0.0305792
0.0275081
0.030407
0.0232323
0.0262114
0.026138
0.0223432
0.0202741
0.0223113
0.0168249
0.0189482
0.0189699
0.0160205
0.014627
0.0160384
0.0120488
0.0135866
0.0136439
0.011577
0.0105113
0.0116373
0.00877532
0.00983804
0.00992897
0.00776704
0.00805756
0.00780607
0.00587728
0.00588626
0.00565441
0.00606782
0.00700562
0.0101342
0.00717762
0.00697273
0.00980876
0.00826861
0.0110954
0.00841846
0.0130695
0.0161292
0.0116146
0.0186011
0.0223246
0.0162015
0.0245153
0.0331634
0.0280369
0.0313722
0.0227115
0.0227106
0.0297597
0.0315671
0.034761
0.0336047
0.0369755
0.0296596
0.0310205
0.0352234
0.0222994
0.0299672
0.0323759
0.0250609
0.0220569
0.0226944
0.0223526
0.0202608
0.025723
0.0264438
0.0306457
0.026608
0.0333434
0.0223819
0.024725
0.0310541
0.0330913
0.043087
0.0544766
0.0642594
0.0705125
0.0551854
0.0653433
0.0657897
0.0702914
0.0641659
0.0542792
0.0428748
0.0329113
0.024474
0.0246188
0.0176459
0.0175723
0.0179777
0.0202963
0.0183271
0.0221121
0.0225545
0.0214646
0.0187003
0.0204855
0.0171804
0.0195823
0.0165563
0.0136282
0.0113867
0.0114175
0.0115652
0.0104971
0.0137299
0.0136223
0.0160804
0.0146313
0.016011
0.0121259
0.0116079
0.0161809
0.0142142
0.0167365
0.01632
0.0155653
0.0248945
0.0327714
0.0340011
0.0377278
0.0428713
0.0408116
0.0481297
0.0537758
0.0425169
0.0326564
0.0244979
0.0177685
0.0126889
0.0118613
0.0115828
0.0110088
0.0146787
0.0124336
0.00982828
0.010491
0.0119342
0.00831123
0.006186
0.00820275
0.00742999
0.00557511
0.00551199
0.00806064
0.00767755
0.00769548
0.0106171
0.00992635
0.0087279
0.0115903
0.0115625
0.0116203
0.0115631
0.0105143
0.0136012
0.013648
0.0160141
0.0146479
0.016057
0.0120693
0.0136448
0.0105198
0.0136212
0.012073
0.0160194
0.01602
0.0146666
0.0189561
0.0190114
0.0223462
0.0223884
0.0223311
0.020295
0.0261468
0.0261922
0.0305372
0.0275077
0.0306042
0.0232555
0.0262253
0.0203232
0.0224097
0.0169157
0.0190807
0.0188906
0.0169621
0.015283
0.0212942
0.0290827
0.0376598
0.0352182
0.0311632
0.0406334
0.0406177
0.0406334
0.0405725
0.0362357
0.0461637
0.0461961
0.0521982
0.0462174
0.0522455
0.0406041
0.0461786
0.0362355
0.046177
0.0405811
0.052235
0.0522455
0.0462144
0.0588292
0.0588186
0.0513408
0.0588214
0.0588302
0.0512526
0.0641245
0.0588138
0.0628429
0.0561904
0.0493148
0.0435834
0.0290878
0.0457925
0.0342353
0.0523202
0.0373043
0.0581702
0.0432359
0.0649412
0.0483543
0.0464395
0.0534779
0.0445839
0.0476331
0.0539027
0.0406698
0.046188
0.0361234
0.0406515
0.0406425
0.0312632
0.0352484
0.0274886
0.0305771
0.0305662
0.0233295
0.0261738
0.0202802
0.022467
0.0224438
0.0170595
0.0190209
0.0145993
0.0162429
0.016249
0.012283
0.0140712
0.0101162
0.0120492
0.0102988
0.00749029
0.00952144
0.00916741
0.00932386
0.00918245
0.0092866
0.00921685
0.00925952
0.00918096
0.00935458
0.00876917
0.00827847
0.00609558
0.00634053
0.00888283
0.00633721
0.00815779
0.0102628
0.00599203
0.00649557
0.0058225
0.00742755
0.00849992
0.0089673
0.00876703
0.00994103
0.00767841
0.00804469
0.00780711
0.0103726
0.00579139
0.00585881
0.00583381
0.00786433
0.00982003
0.0106399
0.00779796
0.00839882
0.00966146
0.0131403
0.0182574
0.0250226
0.0334364
0.0433689
0.0547874
0.0768227
0.0834063
0.0546745
0.0549767
0.0549413
0.0547261
0.0776504
0.0549042
0.0548195
0.0550087
0.0776608
0.0550074
0.0838211
0.0550082
0.0776611
0.0547981
0.0836767
0.0548322
0.0551157
0.0776714
0.0546211
0.054956
0.0565094
0.0561673
0.0567464
0.0783947
0.0616791
0.0621539
0.064187
0.080139
0.106153
0.0618998
0.0784104
0.0562415
0.0834364
0.0768321
0.069009
0.105171
0.0801767
0.102283
0.0780682
0.064055
0.061937
0.080569
0.0870211
0.0824413
0.0803569
0.0643006
0.078776
0.0826924
0.0869411
0.101329
0.0790418
0.0804267
0.082448
0.0932242
0.0870313
0.105127
0.0619517
0.0618999
0.0784029
0.0564426
0.0561073
0.0617041
0.0621516
0.0641543
0.0801167
0.101355
0.0790318
0.106123
0.0689041
0.0690243
0.076823
0.0834107
0.0546749
0.0547644
0.0836431
0.0767421
0.0688928
0.0631428
0.0636846
0.0696813
0.0657683
0.0704574
0.0639735
0.0541702
0.0538501
0.0425455
0.0326899
0.0244118
0.0177238
0.012654
0.00923728
0.00923777
0.00911141
0.00605433
0.00701177
0.00837889
0.0111935
0.00688716
0.0074128
0.00750191
0.00539337
0.00609484
0.00605735
0.00541089
0.00993552
0.00663213
0.00690349
0.00751906
0.00739833
0.00496137
0.00595198
0.00661589
0.00764647
0.00519575
0.00633086
0.00657306
0.00767646
0.00520741
0.00631478
0.00661587
0.00764052
0.00527863
0.00629486
0.00707103
0.00957237
0.0069525
0.00676162
0.00944443
0.00987825
0.00690708
0.00535688
0.00762597
0.00747532
0.0071713
0.00697845
0.00658899
0.00507277
0.00681391
0.00809545
0.00579869
0.00827749
0.0060944
0.00633993
0.00888397
0.0093569
0.00818465
0.0116347
0.0131047
0.0116114
0.0161486
0.0186171
0.0162997
0.02248
0.0258629
0.0224518
0.0306576
0.0349431
0.0300369
0.0407117
0.0457937
0.0391075
0.0523668
0.0581587
0.0483633
0.0649873
0.0698547
0.0565935
0.0728201
0.0636686
0.0530371
0.0592648
0.0587791
0.0632884
0.0725665
0.0758407
0.0637664
0.0585324
0.0464308
0.053409
0.0476238
0.0374609
0.0419601
0.0371155
0.0287814
0.0320446
0.0279538
0.0215056
0.0237489
0.0204949
0.0156085
0.0171194
0.0147313
0.0111093
0.0119933
0.0106978
0.00785171
0.00834374
0.00733168
0.00877309
0.00935058
0.00918967
0.00724188
0.00697028
0.0069093
0.00797234
0.0069167
0.00510763
0.00677215
0.0068327
0.00504151
0.00682035
0.00660376
0.00505482
0.00708263
0.00684654
0.0071318
0.00940266
0.00681062
0.0071134
0.00675035
0.0070122
0.00681989
0.00687955
0.00677323
0.00588724
0.00574148
0.00616347
0.0100142
0.00606177
0.00611358
0.0100449
0.00605032
0.00609898
0.00997552
0.0060187
0.00669156
0.00963902
0.00720088
0.00686744
0.00582261
0.00610712
0.00853343
0.00564331
0.0056819
0.00855345
0.00558119
0.00570437
0.00855561
0.00557345
0.0057432
0.00861498
0.0083973
0.00896762
0.00877276
0.0116458
0.0124306
0.0101709
0.0145535
0.00837246
0.0100605
0.0141684
0.0122025
0.0135114
0.0118894
0.00892665
0.00982126
0.0105391
0.0116576
0.00849854
0.00739704
0.0106407
0.00815716
0.0102597
0.00786309
0.00780107
0.00981777
0.00823055
0.00926761
0.0127084
0.0178059
0.0245391
0.0328918
0.0428061
0.0374295
0.0374868
0.037809
0.0286283
0.028242
0.0262085
0.0216114
0.025725
0.0284523
0.020934
0.0211705
0.0152461
0.0150766
0.0108718
0.0110804
0.00818414
0.00740674
0.00756002
0.00536613
0.00580592
0.00581718
0.010382
0.00679313
0.00651577
0.00677954
0.0095631
0.00527585
0.00579648
0.00579362
0.00533249
0.00586133
0.00599424
0.00710913
0.00649661
0.00582122
0.00742767
0.00840895
0.00583056
0.00768043
0.00762759
0.00817443
0.00815364
0.0108708
0.0151043
0.0209532
0.0284283
0.02886
0.0307365
0.0398932
0.0500724
0.0578523
0.062309
0.0653749
0.0590777
0.0583375
0.0583539
0.0477234
0.0476801
0.0485486
0.058788
0.0628469
0.05616
0.0493048
0.0435652
0.0350406
0.0461783
0.0523721
0.0447758
0.0508763
0.0513565
0.0512144
0.0641067
0.068899
0.105401
0.0775445
0.0629181
0.0595451
0.059576
0.0608328
0.0514742
0.0407226
0.03136
0.023422
0.0170569
0.0122638
0.00897294
0.00857451
0.008452
0.00907709
0.00734048
0.0102432
0.0105359
0.0129553
0.0124829
0.0125209
0.00919648
0.00758302
0.00683307
0.00542641
0.00547831
0.0102237
0.00677101
0.0069686
0.0069631
0.00871228
0.00743433
0.00661655
0.006952
0.00668857
0.00726496
0.00670563
0.00656013
0.00763549
0.00517204
0.00526029
0.00582856
0.00800322
0.00546654
0.00563301
0.00576635
0.00805127
0.00548933
0.00565961
0.00571795
0.00799549
0.00552136
0.00562785
0.00804152
0.00554606
0.00556087
0.00797892
0.00564342
0.00608515
0.00994675
0.00699365
0.00677522
0.00596174
0.0060714
0.00855734
0.00559471
0.00555873
0.00861187
0.00551364
0.00560254
0.00860869
0.00815912
0.00970178
0.00965411
0.0131344
0.0182555
0.0250243
0.033435
0.0433673
0.0547863
0.0513687
0.0512844
0.0587949
0.0628423
0.0485184
0.0590331
0.0582765
0.0729905
0.0563484
0.0642595
0.059545
0.0579528
0.0549072
0.0513909
0.0512789
0.0406983
0.0405549
0.0313543
0.0311488
0.0234511
0.0232369
0.0170973
0.0168789
0.0122934
0.0120846
0.00898674
0.00878256
0.00843761
0.00843
0.00808357
0.00618162
0.00671222
0.0102221
0.00582946
0.00573877
0.00586276
0.00776534
0.00775552
0.0103776
0.00580451
0.0057816
0.00584203
0.00842503
0.00837936
0.00895589
0.0122876
0.0171068
0.0234498
0.0313092
0.0406456
0.0407007
0.0513963
0.0513649
0.0406382
0.0405336
0.0524268
0.0461751
0.0350309
0.0407175
0.0352501
0.0376156
0.0327872
0.0279083
0.0239889
0.0162154
0.0258666
0.0196334
0.0306525
0.0220235
0.0349493
0.0263059
0.0406925
0.0300416
0.0287926
0.0320663
0.026418
0.0279615
0.0314448
0.0233487
0.0261237
0.0202059
0.0225038
0.0224611
0.0170422
0.0189679
0.0146443
0.0161988
0.0122798
0.0136502
0.0105365
0.0118306
0.0118087
0.00904747
0.0099474
0.00777081
0.010001
0.00903493
0.0118384
0.0118402
0.0136833
0.0105033
0.0136322
0.0116908
0.0162248
0.0170979
0.0182593
0.0250245
0.033439
0.0433711
0.0547883
0.076813
0.083381
0.0562681
0.0619283
0.0783788
0.0618645
0.0639092
0.0778648
0.0791166
0.101822
0.0790954
0.0778845
0.102292
0.0553774
0.0713157
0.0832337
0.0654766
0.0631004
0.0735217
0.0563345
0.0638659
0.0640178
0.0513628
0.0589202
0.0461106
0.0523014
0.0522679
0.0407033
0.047379
0.0348505
0.0418622
0.0361915
0.0264222
0.0315235
0.0268668
0.0194847
0.0231053
0.0195129
0.0140653
0.0166229
0.0151341
0.0209117
0.0283059
0.0372495
0.0475124
0.0602004
0.044555
0.0539463
0.0385934
0.0487727
0.051364
0.0689158
0.105379
0.0615502
0.0690808
0.0790026
0.0624103
0.0626869
0.0787106
0.0802864
0.102316
0.0870014
0.0869812
0.0869993
0.0823868
0.0827449
0.0803761
0.0642841
0.0787976
0.08299
0.0825872
0.0835927
0.0562764
0.0618774
0.105927
0.0688016
0.0689811
0.105048
0.0619127
0.0639199
0.0806687
0.0824489
0.0932309
0.101432
0.0635164
0.0487613
0.0385753
0.0296948
0.0312977
0.0311353
0.0352746
0.0352416
0.0352861
0.0305728
0.0306342
0.0261491
0.0232926
0.0210991
0.0285547
0.0352615
0.0275277
0.0298373
0.0392845
0.0398846
0.0508855
0.0501151
0.0490915
0.0435226
0.0393168
0.0385631
0.0335717
0.0298458
0.0302834
0.0223369
0.0220156
0.025126
0.0183315
0.0159027
0.0161213
0.0159234
0.0220354
0.0234603
0.0313606
0.0311929
0.0392838
0.0435171
0.0549006
0.0767431
0.0595446
0.0579536
0.0765833
0.0549686
0.043635
0.0336815
0.033569
0.0251281
0.018336
0.0171039
0.0168727
0.018951
0.0189978
0.0168555
0.022432
0.0189512
0.0202396
0.0172174
0.0145527
0.0124286
0.00836828
0.0130994
0.0102169
0.0161469
0.0116776
0.0186158
0.0142758
0.0224798
0.0163006
0.0156113
0.017123
0.0140438
0.0147338
0.0164205
0.0122038
0.0135113
0.0104796
0.0118915
0.0117489
0.00902559
0.00993681
0.00781701
0.00998931
0.00902598
0.0099439
0.00781672
0.00998294
0.00905983
0.00966666
0.0131443
0.0131975
0.0131378
0.0182541
0.0250191
0.0334332
0.0433663
0.0547858
0.0500755
0.0406319
0.0405007
0.0312907
0.0311106
0.0406556
0.0352632
0.0376017
0.0327782
0.0278993
0.0239866
0.0195933
0.0261607
0.0306041
0.0265692
0.0302607
0.029686
0.0262899
0.0385655
0.0487524
0.0432089
0.0635207
0.0523566
0.0608261
0.0790182
0.0570545
0.0561897
0.0806201
0.0787967
0.078819
0.0804771
0.0869455
0.0824916
0.080685
0.0562287
0.0767316
0.0549119
0.0490906
0.0500725
0.0500734
0.0508817
0.0608284
0.0546853
0.074141
0.0590397
0.0642121
0.070488
0.0552195
0.0657984
0.065365
0.0620887
0.0579746
0.0501987
0.0543973
0.042977
0.033001
0.0245728
0.0177885
0.01767
0.0125849
0.00921425
0.00766339
0.00526097
0.00949529
0.0067416
0.00656418
0.00654497
0.00767418
0.00520128
0.00521482
0.00576207
0.00805015
0.00549193
0.00556833
0.00569034
0.00809935
0.00559911
0.00562597
0.0080391
0.00568983
0.00611675
0.0100407
0.00695881
0.00682726
0.00597081
0.00606217
0.00855701
0.00558219
0.00552299
0.00860901
0.00815985
0.009702
0.0131949
0.0122947
0.00898296
0.00876711
0.0099125
0.00803474
0.00985713
0.00809025
0.00803491
0.0109034
0.0108551
0.015169
0.0151359
0.0210244
0.0284918
0.0374413
0.037454
0.0380516
0.0476392
0.0476378
0.0582805
0.0485196
0.0447537
0.0399895
0.0307997
0.0229916
0.0166763
0.0118642
0.0126816
0.00925868
0.00769507
0.0053281
0.00948007
0.00702882
0.00640632
0.00660253
0.00763951
0.00527957
0.00517464
0.00571384
0.00799348
0.00574125
0.00616702
0.0100149
0.00687071
0.0067796
0.00588729
0.00573953
0.00861511
0.00745057
0.00707164
0.0065958
0.00742673
0.00720847
0.00652357
0.00719409
0.00653982
0.00953301
0.00529822
0.00655886
0.00707689
0.00710448
0.00736341
0.00566609
0.00865639
0.0082877
0.0114467
0.0159101
0.0220169
0.0298273
0.0292992
0.0385633
0.0435281
0.033579
0.0251337
0.0252155
0.0292988
0.0292984
0.0385625
0.0392854
0.0398776
0.0407238
0.0514694
0.0501106
0.0490898
0.0579535
0.0595703
0.0767345
0.0836288
0.0549047
0.0435206
0.0335719
0.0251282
0.021634
0.0220126
0.0234015
0.0232078
0.017063
0.0168608
0.0224171
0.0189563
0.0202374
0.0172189
0.0102164
0.0116337
0.0161843
0.0142732
0.0166751
0.0229645
0.0212806
0.0153557
0.0118716
0.00858997
0.00685548
0.011059
0.0136091
0.0161055
0.0141492
0.0161348
0.0223301
0.0221986
0.0196247
0.0234709
0.03137
0.0298533
0.0393172
0.0362128
0.0462198
0.0405869
0.0461288
0.0405904
0.0312139
0.0352364
0.0352859
0.040558
0.0405517
0.0312658
0.0352379
0.0353252
0.0406561
0.0462703
0.0406666
0.046145
0.0521425
0.0521024
0.0521976
0.0521196
0.0405355
0.0461472
0.046222
0.0362069
0.0405543
0.0311668
0.0352478
0.0352758
0.0274773
0.0305817
0.0232923
0.0261704
0.0261793
0.0261619
0.0261963
0.0233306
0.0305994
0.0305858
0.027485
0.0305764
0.0233648
0.0261539
0.0262303
0.0306395
0.0273905
0.0352274
0.0362244
0.031266
0.0406562
0.0361057
0.0461745
0.0474172
0.0406815
0.0523032
0.0522684
0.0589945
0.0513819
0.0587096
0.0461889
0.0589061
0.0512783
0.0587182
0.0461886
0.0588912
0.0512251
0.0587477
0.0524205
0.0561764
0.0342485
0.0493353
0.0350392
0.0407186
0.0436088
0.0263356
0.0376315
0.0265712
0.0328516
0.0196785
0.0279165
0.0195954
0.022501
0.0169902
0.0189954
0.0189873
0.022453
0.0202689
0.0224628
0.0170236
0.0189809
0.0190094
0.0224517
0.0202757
0.0224519
0.0170394
0.0189629
0.0190463
0.022469
0.020201
0.0261213
0.0269008
0.0233494
0.0306493
0.0314336
0.0264123
0.0220235
0.028265
0.0334657
0.0372089
0.0434499
0.0474757
0.0544493
0.0579263
0.0643226
0.0544878
0.0648278
0.0495234
0.0915505
0.0564941
0.0667064
0.0701814
0.0625944
0.0632118
0.0728483
0.0742701
0.0561194
0.0638081
0.0641174
0.0638207
0.0640072
0.064101
0.0641361
0.0694871
0.043233
0.0628754
0.0447681
0.0508864
0.0608284
0.0595417
0.0579541
0.0595731
0.059574
0.0514711
0.0407314
0.0398838
0.039328
0.0313783
0.0302661
0.0265694
0.0306478
0.0261491
0.0195975
0.0223346
0.0234068
0.0232149
0.0170657
0.0122705
0.012061
0.0161011
0.0136091
0.0101691
0.0116378
0.0110543
0.0108599
0.00812365
0.00984932
0.00822026
0.00858652
0.00685855
0.00710493
0.00986992
0.0094436
0.00535725
0.00706884
0.009575
0.0069528
0.0067623
0.00951458
0.00719474
0.00706185
0.00717091
0.00711483
0.00714888
0.00711669
0.00705548
0.00654137
0.00966624
0.00661055
0.00650784
0.00682065
0.00729856
0.00723243
0.00653898
0.00709961
0.00737924
0.00739622
0.00530483
0.00870929
0.00838861
0.0115913
0.0114442
0.0131915
0.0112647
0.0114516
0.0082856
0.00872167
0.00565548
0.00865075
0.00736692
0.00738153
0.0055743
0.00860513
0.00815619
0.0082915
0.0086519
0.00522379
0.00877303
0.0088208
0.00877098
0.0087359
0.00840665
0.00630398
0.00674069
0.00690642
0.00769555
0.00904934
0.0123385
0.017134
0.023478
0.0222049
0.0161884
0.0116361
0.0141705
0.0116553
0.00892582
0.00981914
0.00775475
0.010029
0.00836687
0.0111299
0.0137236
0.0122802
0.0136231
0.0105336
0.0117963
0.0118307
0.0111138
0.0129241
0.0178496
0.0244077
0.0326117
0.0423764
0.053503
0.0631221
0.0695144
0.0656638
0.0668539
0.0835337
0.0700481
0.0627201
0.0631631
0.0729202
0.0563371
0.063838
0.0512274
0.0587969
0.0461961
0.0521235
0.0520845
0.0406631
0.0462273
0.0361289
0.0406318
0.0312938
0.035283
0.0306334
0.0233832
0.0261744
0.0224951
0.0170495
0.0189714
0.0154092
0.0212605
0.0262059
0.0202169
0.0225066
0.0171407
0.0234841
0.0313844
0.0407369
0.0514743
0.0689854
0.105043
0.0729462
0.0631685
0.0741271
0.0561392
0.0645587
0.051467
0.0588588
0.0481236
0.0586946
0.058428
0.0659557
0.0731461
0.0832398
0.0654884
0.0675302
0.0713403
0.0731568
0.0548225
0.0691705
0.0659505
0.0675468
0.0584267
0.0586882
0.0726207
0.0561473
0.0645771
0.0638322
0.0513597
0.0587605
0.0461956
0.0520888
0.0405686
0.0461666
0.0362195
0.0405696
0.0405181
0.0312716
0.0352947
0.02741
0.0306678
0.0233766
0.02619
0.030558
0.0305961
0.0352544
0.0274902
0.0352847
0.0286252
0.0375951
0.0462066
0.0478026
0.0587927
0.053422
0.0631446
0.0477975
0.0481087
0.0588244
0.0461119
0.0522873
0.0522649
0.0406571
0.0461681
0.036218
0.0405336
0.031206
0.0352889
0.031384
0.040717
0.0513923
0.0501194
0.0501197
0.0490893
0.0500751
0.0513901
0.0407059
0.0313714
0.0234768
0.0220385
0.0171281
0.0123342
0.0116033
0.0122698
0.0120693
0.0114451
0.015906
0.0156398
0.0156401
0.0216349
0.0183997
0.0132426
0.00974504
0.0112679
0.015641
0.0216352
0.0220454
0.0298624
0.0234875
0.017144
0.0183395
0.0132008
0.00971037
0.00878406
0.00829722
0.011471
0.0116054
0.0161381
0.0141507
0.0153678
0.0213104
0.0288893
0.0380376
0.0159367
0.0123474
0.0090577
0.00771683
0.00829858
0.0114736
0.0112699
0.0156412
0.0183353
0.0216347
0.029299
0.0385629
0.0392891
0.0406463
0.0313116
0.0298317
0.0302749
0.0398911
0.0393286
0.0298635
0.0220466
0.0223449
0.0220224
0.0234277
0.0222312
0.0297163
0.0306727
0.0289362
0.0329669
0.0428443
0.0541675
0.0639469
0.070489
0.0658185
0.0728016
0.0733979
0.0546044
0.0696905
0.0659981
0.0709885
0.0755889
0.05533
0.102237
0.0802117
0.0780755
0.0640231
0.0832862
0.0677583
0.0654848
0.0631537
0.0734909
0.0737093
0.0563264
0.058325
0.0633532
0.0696404
0.0656845
0.0699737
0.0641575
0.0635296
0.0539431
0.0514587
0.0587944
0.0602363
0.0661454
0.0646195
0.0586295
0.0537225
0.0480352
0.0460852
0.0427756
0.0329117
0.0246095
0.025008
0.0208625
0.0181942
0.0150505
0.019551
0.0170008
0.018901
0.0162652
0.0161829
0.0122784
0.013621
0.0137227
0.010476
0.0117538
0.00902585
0.00993828
0.0100262
0.00775112
0.00835792
0.00954199
0.00938065
0.00808793
0.0108104
0.0129927
0.0129335
0.017952
0.0153548
0.0212051
0.028686
0.0377131
0.0425351
0.0327266
0.024486
0.0178999
0.0129585
0.0111154
0.0110816
0.0118238
0.0118025
0.00902583
0.00994497
0.00998299
0.00781225
0.00925196
0.00922438
0.00723323
0.00680303
0.00697025
0.00804375
0.00597518
0.007415
0.0071165
0.00707142
0.00660402
0.00949666
0.00704317
0.00639288
0.006757
0.00721819
0.00742765
0.00706553
0.00719458
0.0074498
0.00736736
0.00517595
0.00865619
0.00828881
0.0096599
0.00873574
0.00878241
0.00970744
0.0112669
0.0114668
0.00904661
0.0076965
0.00829335
0.0090522
0.0123405
0.017135
0.0159313
0.0146417
0.0162159
0.0162027
0.012275
0.0136477
0.0136721
0.0105302
0.0118148
0.011812
0.00900285
0.00995345
0.00997795
0.00780659
0.0091728
0.00719468
0.00647914
0.00717634
0.00802802
0.00597539
0.00739255
0.00737043
0.00737687
0.00742435
0.00713654
0.00717061
0.00714712
0.00737563
0.00714252
0.00709702
0.00741721
0.00747613
0.00717778
0.00718683
0.00717105
0.00944761
0.0093719
0.00759141
0.0071824
0.00718681
0.00950237
0.00940359
0.00960684
0.00923739
0.00583705
0.00782676
0.00763977
0.00595647
0.00977677
0.00633523
0.010695
0.00756041
0.0126398
0.00845607
0.014564
0.0103225
0.0173865
0.0117334
0.0202461
0.0143451
0.0241059
0.0162499
0.0213862
0.0246702
0.0245254
0.0327678
0.0425865
0.0538279
0.0636218
0.058325
0.0730471
0.0629307
0.0739924
0.0547065
0.0777681
0.0523701
0.0732668
0.0530054
0.05924
0.0588204
0.0648147
0.0545324
0.0637866
0.0579334
0.0641675
0.0914557
0.0668585
0.056558
0.103257
0.0700188
0.0656701
0.0634311
0.0538578
0.0427236
0.037789
0.0406857
0.0462352
0.0287487
0.0328845
0.0246093
0.0179879
0.0130128
0.0111703
0.0111261
0.0136586
0.0123039
0.0162104
0.0162256
0.0189899
0.0146467
0.0189969
0.0153533
0.0211778
0.0243858
0.0325661
0.042308
0.0375869
0.0377651
0.0462619
0.0427062
0.053851
0.0544747
0.0579267
0.0638161
0.0543858
0.0661866
0.051439
0.0602184
0.0474925
0.0434703
0.0375014
0.041994
0.0348592
0.041789
0.0312612
0.0352328
0.0274011
0.0306467
0.0306261
0.0233655
0.0261601
0.0202783
0.022442
0.0170271
0.0190128
0.0153409
0.015373
0.0189023
0.0145861
0.016266
0.0161789
0.0190462
0.0162212
0.0195516
0.0170024
0.0229964
0.020499
0.0237585
0.0194725
0.0268983
0.0208647
0.0250133
0.0215132
0.022457
0.0282695
0.0334764
0.0372187
0.0371304
0.0474086
0.0328598
0.0245742
0.0179292
0.0181969
0.0150524
0.0129948
0.0111112
0.0119938
0.0100591
0.0106997
0.0083428
0.00733172
0.0105413
0.00808705
0.00938189
0.00785264
0.00818425
0.011632
0.00935161
0.00739723
0.0108113
0.0129178
0.00952793
0.00755637
0.00725966
0.00655544
0.00674037
0.00666046
0.00755625
0.00957562
0.00959323
0.0129492
0.0178552
0.0211666
0.0212278
0.0262304
0.0287189
0.0353247
0.0286153
0.0224547
0.0262003
0.00837043
0.00678611
0.00685554
0.00755948
0.00687655
0.00680644
0.00837877
0.00840601
0.00755534
0.00691412
0.00677335
0.00676258
0.00826039
0.0109519
0.0131498
0.00961662
0.00754954
0.0116113
0.0362189
0.0391323
0.0585541
0.0757983
0.0632415
0.0588155
0.0648199
0.054542
0.0566574
0.0643126
0.0641596
0.0495287
0.0592491
0.0914699
0.0565456
0.0700197
0.0634311
0.063708
0.0747443
0.040546
0.0462049
0.0159381
0.0161523
0.0159202
0.0114601
0.0123145
0.00903329
0.00828855
0.00816205
0.00874653
0.00771766
0.00841216
0.0116229
0.012347
0.0101846
0.013673
0.0136467
0.0122465
0.0162237
0.0141517
0.0154895
0.0180405
0.0179454
0.021118
0.0285514
0.0374995
0.0476868
0.0476747
0.0485648
0.0590783
0.0654012
0.0623876
0.0578484
0.0500742
0.0399162
0.0380772
0.037465
0.0285144
0.0210883
0.0152805
0.0146373
0.0162115
0.016215
0.0153011
0.013009
0.00964642
0.00960678
0.00758353
0.00756825
0.00726121
0.00655546
0.00666059
0.00674091
0.00678354
0.00686786
0.00834861
0.00833742
0.0110682
0.0130631
0.00968099
0.00763314
0.00761066
0.00691855
0.0067716
0.00673481
0.00696811
0.00840539
0.011214
0.0118019
0.0121396
0.0168247
0.0230382
0.0307804
0.0301317
0.022406
0.0163582
0.00893648
0.00694941
0.00642122
0.00648196
0.00844015
0.0117339
0.00755268
0.00929304
0.00770056
0.00771875
0.00927863
0.00709893
0.00857689
0.0105273
0.0290959
0.0390946
0.0483284
0.0566423
0.0814877
0.0618341
0.0684542
0.0831414
0.0653722
0.0627197
0.0461813
0.0372967
0.0182795
0.0250729
0.033538
0.0435151
0.0544975
0.0643112
0.0495168
0.0635275
0.101425
0.0726504
0.0563304
0.00950515
0.00674468
0.0225044
0.0229928
0.0194726
0.0162184
0.0145818
0.0164207
0.0140468
0.0116825
0.0543568
0.0461992
0.0445556
0.0538677
0.0373006
0.0835529
0.0220421
0.0136766
0.0588328
0.0521148
0.0589523
0.0640442
0.0741484
0.0735468
0.0638576
0.0752909
0.00948973
0.078384
0.0562597
0.0783889
0.0566932
0.0569659
0.0348421
0.0417689
0.0290851
0.0380322
0.0298257
0.00674386
0.00641765
0.00634879
0.0067432
0.0342126
0.0627468
0.00583752
0.0151158
0.0139548
0.00633859
0.0264847
0.0407027
0.0102421
0.0545725
0.0632886
)
;

boundaryField
{
    face
    {
        type            calculated;
        value           nonuniform List<scalar> 
217
(
-0.08
-0.08
-0.08
-0.08
-0.08
-0.08
-0.08
-0.08
-0.08
-0.08
-0.08
-0.08
-0.08
-0.08
-0.08
-0.08
-0.08
-0.08
-0.08
-0.08
-0.08
-0.08
-0.08
-0.08
-0.08
-0.08
-0.08
-0.08
-0.08
-0.08
-0.08
-0.08
-0.08
-0.08
-0.08
-0.08
-0.08
-0.08
-0.08
-0.08
-0.08
-0.08
-0.08
-0.08
-0.08
-0.08
-0.08
-0.08
-0.08
-0.08
-0.08
-0.08
-0.08
-0.08
-0.08
-0.08
-0.08
-0.08
-0.08
-0.08
-0.08
-0.08
-0.08
-0.08
-0.08
-0.08
-0.08
-0.08
-0.08
-0.08
-0.08
-0.08
-0.08
-0.08
-0.08
-0.08
-0.08
-0.08
-0.08
-0.08
-0.08
-0.08
-0.08
-0.08
-0.08
-0.08
-0.08
-0.08
-0.08
-0.08
-0.08
-0.08
-0.08
-0.08
-0.08
-0.08
-0.08
-0.08
-0.08
-0.08
-0.08
-0.08
-0.08
-0.08
-0.08
-0.08
-0.08
-0.08
-0.08
-0.08
-0.08
-0.08
-0.08
-0.08
-0.08
-0.08
-0.08
-0.08
-0.08
-0.08
0.08
0.08
0.08
0.08
0.08
0.08
0.08
0.08
0.08
0.08
0.08
0.08
0.08
0.08
0.08
0.08
0.08
0.08
0.08
0.08
0.08
0.08
0.08
0.08
0.08
0.08
0.08
0.08
0.08
0.08
0.08
0.08
0.08
0.08
0.08
0.08
0.08
0.08
0.08
0.08
0.08
0.08
0.08
0.08
0.08
0.08
0.08
0.08
0.08
0.08
0.08
0.08
0.08
0.08
0.08
0.08
0.08
0.08
0.08
0.08
0.08
0.08
0.08
0.08
0.08
0.08
0.08
0.08
0.08
0.08
0.08
0.08
0.08
0.08
0.08
0.08
0.08
0.08
0.08
0.08
0.08
0.08
0.08
0.08
0.08
0.08
0.08
0.08
0.08
0.08
0.08
0.08
0.08
0.08
0.08
0.08
0.08
)
;
    }
    outlet
    {
        type            calculated;
        value           nonuniform List<scalar> 
217
(
-0.00657486
-0.00659403
-0.00677865
-0.00660451
-0.00681357
-0.0065981
-0.00658001
-0.00659632
-0.00677917
-0.00681442
-0.0066011
-0.00659857
-0.00659132
-0.00659574
-0.00658892
-0.00657499
-0.00658936
-0.0067748
-0.00680921
-0.00680882
-0.00683379
-0.00678414
-0.00658668
-0.00660814
-0.00660503
-0.00647762
-0.00653813
-0.00654531
-0.00658923
-0.0065422
-0.00647956
-0.00658941
-0.00654092
-0.00654617
-0.00658965
-0.00647962
-0.00653767
-0.00658997
-0.00654578
-0.00653878
-0.00648302
-0.00683033
-0.00746396
-0.00683546
-0.00683816
-0.00767847
-0.00702048
-0.00688884
-0.0084415
-0.00675969
-0.00685287
-0.0073378
-0.00679427
-0.0068593
-0.00746969
-0.00685273
-0.00683271
-0.00749318
-0.00684508
-0.00702381
-0.0076908
-0.00688648
-0.00843421
-0.00676557
-0.00683267
-0.0072978
-0.00680192
-0.00680282
-0.00742331
-0.00701781
-0.00684295
-0.00768028
-0.00842573
-0.0068837
-0.00675292
-0.00730828
-0.00684775
-0.00678976
-0.00749033
-0.0068549
-0.00682588
-0.00685302
-0.00748948
-0.00684661
-0.00685047
-0.00757174
-0.00683745
-0.00684289
-0.00749307
-0.00683477
-0.0067704
-0.00729933
-0.00689309
-0.00684771
-0.00703295
-0.0076934
-0.00844314
0.00657365
0.00655353
0.00655739
0.00657595
0.00655851
0.00675726
0.00678185
0.00678251
0.00679403
0.00677286
0.00678074
0.00677837
0.00672526
0.00671464
0.00688733
0.0067303
0.00684243
0.00654242
0.0066198
0.00749807
0.00677239
0.00677638
0.00678426
0.00679333
0.00672495
0.00669166
0.00654004
0.0066171
0.00677341
0.0067847
0.00677642
0.00679525
0.00750323
0.00673308
0.00671466
0.00648161
0.00655197
0.00654548
0.00659917
0.00655635
0.00655972
0.00660325
0.00659359
0.00657226
0.00657147
0.00655288
0.00660308
0.00656025
0.00659703
0.00657411
0.00657937
0.00660533
0.00659514
0.00660216
0.00659886
0.00656342
0.00661028
0.00659037
0.00660119
0.00675586
0.00841574
0.0068822
0.0070085
0.00766275
0.00683972
0.00681367
0.00747571
0.00685585
0.00682683
0.00760084
0.00686266
0.0072964
0.00685085
0.00674283
0.00699916
0.00657262
0.00663414
0.00655674
0.00659365
0.00655475
0.00662503
0.00678504
0.00664286
0.00660191
0.00666287
0.0066129
0.00741825
0.00702198
0.00845856
0.00751022
0.00686695
0.0067715
0.00726565
0.00774544
0.00734288
0.00753386
0.00681585
0.00753198
0.00683657
0.00680262
0.00759641
0.00688177
0.00770393
0.00840165
0.00720562
0.00728562
0.00750087
0.00684094
0.00679466
0.00759144
0.00688267
0.00679576
0.00770554
0.00840866
0.00721733
0.00733641
0.00699544
0.00656706
0.0066174
0.00653819
)
;
    }
    wall
    {
        type            calculated;
        value           nonuniform List<scalar> 
1558
(
-0.0309897
-0.0231543
-0.0332058
-0.0331369
-0.0248072
-0.0247469
-0.0684967
-0.0610196
-0.0550207
-0.050577
-0.0434174
-0.0405198
-0.0332873
-0.0311471
-0.0248398
-0.0232167
-0.0169003
-0.0121972
-0.0181253
-0.0180809
-0.0131226
-0.0130982
-0.00898018
-0.00697925
-0.00973151
-0.00972067
-0.00767457
-0.00767824
-0.00641079
-0.00699141
-0.00698879
-0.0181278
-0.0169021
-0.0131116
-0.012161
-0.00972408
-0.0089551
-0.00767651
-0.00697843
-0.0597747
-0.0691679
-0.0689606
-0.0505779
-0.0402959
-0.0549059
-0.0549392
-0.0432796
-0.0432103
-0.0069928
-0.00641269
-0.0612627
-0.0610204
-0.0501849
-0.0494549
-0.0387587
-0.038281
-0.029147
-0.0288082
-0.0609495
-0.0612032
-0.049598
-0.0509542
-0.0384037
-0.0391979
-0.0288664
-0.029318
-0.0214255
-0.0211608
-0.0154855
-0.0152806
-0.0112092
-0.0110544
-0.00840896
-0.00832808
-0.00675004
-0.00678498
-0.0211825
-0.0214863
-0.0152865
-0.0155021
-0.0110529
-0.0112027
-0.00832393
-0.00839154
-0.00677934
-0.00673162
-0.013462
-0.0162299
-0.0116199
-0.00986805
-0.0116883
-0.00851693
-0.00778412
-0.00887631
-0.00644385
-0.0619193
-0.0574548
-0.0740587
-0.0616114
-0.0716466
-0.0605607
-0.0597876
-0.0564041
-0.0596254
-0.0597162
-0.0553561
-0.0640542
-0.0486443
-0.0599747
-0.0522196
-0.0392516
-0.0464581
-0.00503737
-0.00714324
-0.00632669
-0.00684489
-0.00710679
-0.00658071
-0.00681501
-0.0407063
-0.0301266
-0.0351813
-0.0306692
-0.0225129
-0.0260062
-0.0594058
-0.0599818
-0.0560189
-0.0578061
-0.0726686
-0.0744757
-0.056696
-0.0521297
-0.0611682
-0.0632529
-0.0486862
-0.0471082
-0.0525536
-0.039475
-0.0353725
-0.040963
-0.0305763
-0.0261431
-0.0308745
-0.0223771
-0.0224957
-0.0163883
-0.0188401
-0.0162025
-0.0117999
-0.0135201
-0.0117284
-0.00845999
-0.00996154
-0.00885161
-0.0064981
-0.00776874
-0.00629096
-0.00712718
-0.00503556
-0.0049792
-0.0187821
-0.0225114
-0.0165859
-0.00681172
-0.00659108
-0.00711427
-0.00685805
-0.0679401
-0.0676242
-0.0677447
-0.00695863
-0.00969183
-0.00966317
-0.00764853
-0.00763254
-0.00641589
-0.00697444
-0.00696167
-0.0597276
-0.069059
-0.0685919
-0.0543452
-0.0547324
-0.0429136
-0.0435446
-0.0551468
-0.0444399
-0.0329268
-0.0332658
-0.0245842
-0.0247653
-0.0339766
-0.0252201
-0.0504478
-0.0401752
-0.0547201
-0.0545797
-0.0431104
-0.0429106
-0.0308928
-0.0230799
-0.0330717
-0.0329164
-0.0247066
-0.0245891
-0.0179552
-0.0180441
-0.0130044
-0.0130299
-0.0183108
-0.0131222
-0.00964803
-0.00964788
-0.00760511
-0.00762989
-0.00959528
-0.00755812
-0.0168442
-0.0121548
-0.0180514
-0.0179713
-0.0130687
-0.0130231
-0.00894856
-0.00693364
-0.0070095
-0.0612992
-0.0610946
-0.0502411
-0.0495177
-0.0388021
-0.0383359
-0.0291794
-0.0288554
-0.0612108
-0.0610539
-0.049659
-0.0503435
-0.0585823
-0.0496134
-0.0384886
-0.0388878
-0.0289626
-0.0291553
-0.0382501
-0.0286656
-0.0214484
-0.0211983
-0.0155005
-0.0153081
-0.0112181
-0.0110731
-0.00841124
-0.00833842
-0.00673999
-0.00677786
-0.0212642
-0.0213758
-0.0153484
-0.015423
-0.0210226
-0.0151535
-0.0110987
-0.0111563
-0.00835601
-0.00839237
-0.0109405
-0.00825192
-0.00680725
-0.00676615
-0.00676042
-0.0158529
-0.0111343
-0.00815179
-0.00619925
-0.0225073
-0.0188382
-0.0163691
-0.0162101
-0.0135139
-0.0117916
-0.0117355
-0.00995743
-0.00844468
-0.00506484
-0.00523723
-0.0625741
-0.0543223
-0.0573708
-0.0474981
-0.0432386
-0.037447
-0.0323529
-0.0282633
-0.00685334
-0.0070919
-0.00660079
-0.00681345
-0.0239854
-0.0205345
-0.0171917
-0.0148536
-0.0122851
-0.010728
-0.00886673
-0.00815926
-0.00686729
-0.00664706
-0.0070423
-0.00622903
-0.00687038
-0.00865878
-0.00484122
-0.0596024
-0.0602271
-0.0565193
-0.0584412
-0.0615447
-0.056596
-0.0595887
-0.0524728
-0.00885275
-0.00776314
-0.006494
-0.00629066
-0.00713466
-0.00503842
-0.00503605
-0.0619149
-0.0616585
-0.0740342
-0.0574052
-0.071752
-0.0605596
-0.0598608
-0.056531
-0.0596594
-0.0598482
-0.0555544
-0.0466042
-0.0376657
-0.0292139
-0.0214504
-0.0640906
-0.0599834
-0.048605
-0.0522516
-0.0464688
-0.0392188
-0.0407268
-0.035189
-0.0300978
-0.0306838
-0.0260079
-0.0224904
-0.0624981
-0.057867
-0.0706079
-0.0693894
-0.063953
-0.0635957
-0.0500515
-0.0398841
-0.0541352
-0.053779
-0.04281
-0.0425473
-0.00756071
-0.00693392
-0.00700576
-0.0307372
-0.0230199
-0.0329381
-0.0327441
-0.0246543
-0.0245202
-0.0690419
-0.0678884
-0.0634333
-0.0639543
-0.0635165
-0.0536972
-0.0542365
-0.0425076
-0.0429035
-0.0546922
-0.0436288
-0.0327163
-0.032959
-0.0244994
-0.0246481
-0.0335441
-0.0250481
-0.0168161
-0.0121426
-0.0180362
-0.0179548
-0.0130652
-0.0130245
-0.00893861
-0.00695332
-0.00968679
-0.00966092
-0.00764035
-0.00762246
-0.00642285
-0.00697766
-0.00695134
-0.0179381
-0.0180214
-0.0130123
-0.0130469
-0.018263
-0.0131497
-0.00965173
-0.00966527
-0.00759591
-0.00763301
-0.00962059
-0.0655038
-0.0658259
-0.0591195
-0.0583614
-0.0485582
-0.0476725
-0.0380494
-0.037447
-0.0289067
-0.0284961
-0.065775
-0.0646135
-0.0630549
-0.058365
-0.0588382
-0.0477259
-0.0483029
-0.0584389
-0.0479357
-0.0375153
-0.0378418
-0.0285532
-0.0287279
-0.0374013
-0.028331
-0.0213637
-0.021077
-0.015478
-0.0152775
-0.0112129
-0.0110701
-0.00840561
-0.00833927
-0.0067384
-0.00678247
-0.0211199
-0.0212246
-0.0153109
-0.0153823
-0.02091
-0.0151398
-0.0110965
-0.0111563
-0.00836086
-0.0084042
-0.0109653
-0.00827715
-0.00681677
-0.00678403
-0.00677271
-0.0732302
-0.072494
-0.074297
-0.0702265
-0.0731023
-0.0834004
-0.0567849
-0.0687234
-0.0566966
-0.0550708
-0.0473325
-0.0423974
-0.0371312
-0.0321457
-0.0279807
-0.00684784
-0.00707829
-0.00660945
-0.00678959
-0.0237959
-0.0205214
-0.0172481
-0.0147806
-0.0123448
-0.0107392
-0.00899972
-0.00808112
-0.00686002
-0.0066344
-0.00703992
-0.00620798
-0.00687756
-0.00862626
-0.00481968
-0.0636585
-0.0749681
-0.0728346
-0.056615
-0.0698001
-0.055858
-0.0547725
-0.065039
-0.0481722
-0.0581792
-0.0523037
-0.039432
-0.0456814
-0.00623309
-0.00507475
-0.00522548
-0.0407781
-0.0296331
-0.0350336
-0.0305679
-0.0227721
-0.0258579
-0.0557404
-0.055152
-0.0553522
-0.0464793
-0.0374347
-0.0287853
-0.0215232
-0.0225309
-0.0160985
-0.0188543
-0.0161473
-0.0118959
-0.0134709
-0.0117205
-0.00840695
-0.00993718
-0.00883966
-0.0064701
-0.00776045
-0.00628536
-0.00712893
-0.00504649
-0.00502113
-0.0156688
-0.0112814
-0.00809548
-0.0742102
-0.0764835
-0.0709049
-0.0731927
-0.0697023
-0.0643464
-0.0634377
-0.0698807
-0.0688141
-0.0631531
-0.0631656
-0.0545252
-0.0538478
-0.0435171
-0.0426999
-0.0244291
-0.0246234
-0.0335768
-0.0250727
-0.0178877
-0.0180033
-0.0534954
-0.0534206
-0.0423652
-0.0423033
-0.03349
-0.0328558
-0.0250505
-0.0245845
-0.0326014
-0.0325613
-0.0244076
-0.0243856
-0.0129752
-0.0130328
-0.0182809
-0.0131623
-0.00961973
-0.00965209
-0.00757015
-0.00762211
-0.00962743
-0.00755991
-0.00692583
-0.00700719
-0.0182596
-0.017976
-0.013151
-0.0130095
-0.0178683
-0.0178614
-0.0129592
-0.01296
-0.00961261
-0.00963341
-0.00754917
-0.00760955
-0.00960839
-0.00960638
-0.00756423
-0.00757334
-0.0689722
-0.0679112
-0.0632503
-0.0638848
-0.0635125
-0.0535271
-0.0541742
-0.0423834
-0.04286
-0.0547231
-0.0436678
-0.032622
-0.032926
-0.00700158
-0.00692377
-0.0069154
-0.064181
-0.0657597
-0.0659642
-0.0579373
-0.0474984
-0.0587452
-0.0584739
-0.0481358
-0.0478189
-0.037222
-0.0282758
-0.037783
-0.0376011
-0.0287365
-0.0286294
-0.0657388
-0.0646044
-0.0630673
-0.0584726
-0.0589062
-0.0478508
-0.0483864
-0.0584487
-0.0479613
-0.0376261
-0.0379131
-0.0286408
-0.0287823
-0.0374271
-0.028352
-0.0208913
-0.015129
-0.0212492
-0.021181
-0.015402
-0.0153559
-0.0109508
-0.00826193
-0.0111668
-0.0111276
-0.00840494
-0.00837867
-0.00676279
-0.00677479
-0.00681467
-0.0211855
-0.0212637
-0.0153585
-0.0154094
-0.0209248
-0.01515
-0.01113
-0.0111744
-0.00838145
-0.00841349
-0.0109716
-0.00827925
-0.00681779
-0.00678381
-0.00677364
-0.0563627
-0.0545284
-0.0563878
-0.054736
-0.0463116
-0.0377645
-0.0288261
-0.0215529
-0.0284645
-0.0217838
-0.015693
-0.0112937
-0.0081105
-0.00623574
-0.00509116
-0.00523143
-0.0154573
-0.0113729
-0.0740196
-0.0703723
-0.0729824
-0.0834429
-0.0567715
-0.0687691
-0.056738
-0.0551212
-0.0473777
-0.0424432
-0.037171
-0.0321849
-0.0280111
-0.0236766
-0.0205995
-0.0173047
-0.0147229
-0.0122971
-0.0107517
-0.00897526
-0.00808797
-0.00687073
-0.00481611
-0.00861279
-0.00622372
-0.00701045
-0.00667518
-0.0068376
-0.023826
-0.0205426
-0.0172708
-0.0147964
-0.0123657
-0.0107461
-0.00901231
-0.00808705
-0.00685046
-0.00666571
-0.00702339
-0.00621972
-0.00688518
-0.00862465
-0.0048217
-0.00806684
-0.00621504
-0.0558658
-0.0551824
-0.0553839
-0.0465304
-0.0374841
-0.00523245
-0.00508933
-0.00506606
-0.0494749
-0.0915363
-0.0649126
-0.0667931
-0.0759825
-0.0713898
-0.0736067
-0.0637459
-0.0586541
-0.0535122
-0.0475693
-0.0418553
-0.0372515
-0.0321693
-0.0278487
-0.0728254
-0.0728676
0.00642122
0.00694941
0.00696811
0.00691855
0.00763314
0.00761066
0.00893648
0.0121396
0.024486
0.0246095
0.0181942
0.025008
0.0327266
0.0329117
0.00968099
0.00964642
0.0130631
0.013009
0.0168247
0.0230382
0.0180405
0.0179454
0.0246702
0.0245254
0.0425351
0.0427756
0.0334657
0.0434499
0.0537225
0.0539431
0.0633532
0.0635296
0.0544493
0.0643226
0.0696404
0.0699737
0.0307804
0.0399162
0.0329669
0.0327678
0.0428443
0.0425865
0.0500742
0.0578484
0.0541675
0.0538279
0.0639469
0.0636218
0.00686786
0.00674091
0.00758353
0.00756825
0.00726121
0.00960678
0.00954199
0.0129585
0.0129335
0.00938065
0.0129927
0.0178999
0.017952
0.0623876
0.070489
0.0696905
0.00673481
0.0067716
0.00840539
0.00833742
0.011214
0.0110682
0.0154895
0.0152805
0.0213862
0.0210883
0.00678354
0.00666059
0.00655546
0.00834861
0.00835792
0.0110816
0.0111154
0.00808793
0.0108104
0.0153011
0.0153548
0.021118
0.0212051
0.0150505
0.0208625
0.0289362
0.0285144
0.0380772
0.037465
0.0485648
0.0476747
0.0590783
0.058325
0.0654012
0.0658185
0.0285514
0.028686
0.0374995
0.0377131
0.028265
0.0372089
0.0476868
0.0480352
0.058325
0.0586295
0.0474757
0.0579263
0.0659981
0.0656845
0.0641575
0.00827749
0.00834374
0.0106978
0.0119933
0.0147313
0.0171194
0.0204949
0.0237489
0.0741082
0.0762958
0.0707515
0.0728016
0.0279538
0.0320446
0.0371155
0.0419601
0.0476238
0.053409
0.0585324
0.0637664
0.0733979
0.0709885
0.0755889
0.0667064
0.0648278
0.0915505
0.0495234
0.05533
0.0564941
0.0301317
0.0407102
0.0350062
0.0390946
0.0523789
0.0458557
0.0483284
0.0650058
0.058177
0.0566423
0.0728236
0.0698231
0.00510763
0.00507277
0.0060944
0.00785171
0.0111093
0.0636483
0.0747938
0.0554751
0.0546044
0.00684654
0.00708263
0.00660376
0.00682035
0.0068327
0.00677215
0.0069167
0.00658899
0.00681391
0.00809545
0.00579869
0.00628067
0.0071318
0.00648196
0.00883734
0.0077533
0.00505482
0.00504151
0.00844015
0.0117067
0.0099321
0.0117339
0.0161833
0.0134869
0.0156085
0.0215056
0.0163582
0.0224709
0.0188042
0.022406
0.0306737
0.0259793
0.0287814
0.0374609
0.0464308
0.0544878
0.0069986
0.00754954
0.00760495
0.00691412
0.00687655
0.00755534
0.00755948
0.00961662
0.00963117
0.0131498
0.0130128
0.00960346
0.00959323
0.0129609
0.0129492
0.0643126
0.0695144
0.0700197
0.0182795
0.0179879
0.0250729
0.0246093
0.017875
0.0178552
0.0244195
0.0243858
0.00685554
0.00674037
0.00755625
0.00755637
0.00725966
0.00957562
0.00952793
0.0129241
0.0129178
0.00938189
0.0129948
0.0178496
0.0179292
0.0244077
0.0245742
0.0181969
0.0250133
0.033538
0.0328845
0.0435151
0.0427236
0.0326157
0.0325661
0.0423776
0.042308
0.0544975
0.0538578
0.0643112
0.0634311
0.0535026
0.053422
0.0631242
0.0631446
0.0700188
0.0695404
0.0691705
0.0326117
0.0328598
0.0423764
0.0427062
0.0334764
0.0434703
0.053503
0.053851
0.0631221
0.0634311
0.0544747
0.00676258
0.00677335
0.00680644
0.00826039
0.0109519
0.00840601
0.00837877
0.0111703
0.0111261
0.0151341
0.0209117
0.0154092
0.0153533
0.0212605
0.0211778
0.00678611
0.00666046
0.00655544
0.00837043
0.00836687
0.0111138
0.0111299
0.00808705
0.0108113
0.0153409
0.015373
0.0211666
0.0212278
0.0150524
0.0208647
0.0283059
0.0372495
0.0287487
0.0286252
0.037789
0.0375951
0.0475124
0.0579334
0.0481236
0.0478026
0.0586946
0.058428
0.0641675
0.0656701
0.0659557
0.0286153
0.0287189
0.0375869
0.0377651
0.0282695
0.0372187
0.0477975
0.0481087
0.0584267
0.0586882
0.0474925
0.0579267
0.0659505
0.0656638
0.0641596
0.0147338
0.017123
0.020499
0.0237585
0.0279738
0.0321323
0.0370974
0.0420802
0.0476316
0.0534951
0.0585459
0.0637866
0.0648147
0.0495168
0.0914557
0.0668585
0.0753089
0.0713403
0.0731461
0.0279615
0.0320663
0.0371304
0.041994
0.0476331
0.0534779
0.0585541
0.0638161
0.0731568
0.0713157
0.0752909
0.0668539
0.0648199
0.0914699
0.0495287
0.00523428
0.00622492
0.00510293
0.00508754
0.00809562
0.0112412
0.054542
0.0553774
0.0565456
0.0156769
0.0214877
0.00512593
0.00507968
0.00609558
0.00785264
0.0111112
0.0156113
0.0215132
0.028884
0.0374805
0.0464228
0.0545324
0.056558
0.0554227
0.0548225
0.0287926
0.0375014
0.0464395
0.00481445
0.00861246
0.00686563
0.00622231
0.00701374
0.00667248
0.00686773
0.00808448
0.00896884
0.0107358
0.012323
0.0147839
0.0172432
0.0204975
0.0238569
0.00681994
0.0068074
0.00689434
0.00660311
0.00680258
0.00809491
0.00579503
0.00827847
0.0083428
0.0106997
0.0119938
0.00758302
0.00683307
0.0579746
0.0543973
0.0542792
0.0642121
0.0641659
0.0620887
0.070488
0.0702914
0.00685855
0.00769507
0.00766339
0.00919648
0.00907709
0.0125209
0.0124829
0.0129553
0.0176459
0.0175723
0.0246188
0.024725
0.0179777
0.0183271
0.00858652
0.0118642
0.00925868
0.00921425
0.0126816
0.0125849
0.0166763
0.0229916
0.0177885
0.01767
0.0245728
0.024474
0.0330913
0.0310541
0.043087
0.0402545
0.0544766
0.0503428
0.0642594
0.0580446
0.0307997
0.0399895
0.033001
0.0329113
0.042977
0.0428748
0.0501987
0.0705125
0.0621717
0.00822026
0.00812365
0.0110543
0.0108599
0.0153678
0.0151359
0.0213104
0.0210244
0.00809025
0.00803491
0.0108551
0.0109034
0.0105359
0.015169
0.015283
0.0210991
0.0212942
0.0151158
0.0202963
0.0288893
0.0284918
0.0380376
0.0374413
0.0485196
0.0476378
0.0590397
0.0582805
0.065365
0.0657984
0.0285547
0.0290827
0.037454
0.0380516
0.0476392
0.0485184
0.0582765
0.0590331
0.0657897
0.0653433
0.00573877
0.00582946
0.00529822
0.00557511
0.00742999
0.00820275
0.00547831
0.00542641
0.0698744
0.0727942
0.0566574
0.063708
0.0747443
0.0552195
0.0545725
0.00649557
0.00599203
0.00888283
0.00634053
0.00710493
0.00585881
0.00579139
0.0053281
0.010491
0.0124336
0.0102432
0.0146787
0.0171804
0.0204855
0.0214646
0.0740173
0.0766024
0.0703698
0.073191
0.0731082
0.0704461
0.0765282
0.0740467
0.0057816
0.00580451
0.00526097
0.00831123
0.00734048
0.0110088
0.0299672
0.0155653
0.0225545
0.0221121
0.00935161
0.011632
0.00818425
0.0130994
0.0161469
0.0116113
0.0186158
0.0224798
0.0163006
0.0258666
0.0306525
0.022457
0.0352234
0.0407027
0.0310205
0.0464409
0.0524612
0.0389905
0.0582682
0.0648079
0.0489625
0.0701264
0.0729537
0.0561674
0.0349493
0.0406925
0.0300416
0.0457925
0.0523202
0.0391323
0.0581702
0.0649412
0.0483543
0.0551854
0.0638154
0.0747104
0.0166751
0.0229645
0.0178059
0.0177238
0.0245391
0.0244118
0.00756002
0.00740674
0.00750191
0.00923777
0.00911141
0.0126889
0.0118613
0.00605433
0.0177685
0.0167365
0.0244979
0.0248945
0.0307365
0.0398932
0.0328918
0.0326899
0.0428061
0.0425455
0.0500724
0.0578523
0.0541702
0.0538501
0.0639735
0.0636846
0.062309
0.0704574
0.0696813
0.0326564
0.0327714
0.0425169
0.0428713
0.0340011
0.043786
0.0537758
0.0540375
0.0634446
0.0635976
0.0546107
0.0643555
0.00685548
0.00768043
0.00762759
0.00858997
0.0118716
0.00926761
0.00923728
0.0127084
0.012654
0.0696848
0.0699802
0.00823055
0.00815364
0.011059
0.0108708
0.0153557
0.0151043
0.0212806
0.0209532
0.00817443
0.00818414
0.0108718
0.0110804
0.0074128
0.0150766
0.0152461
0.020934
0.0211705
0.02886
0.0284283
0.0380322
0.0374295
0.0485486
0.0476801
0.0590777
0.0583375
0.0653749
0.0657683
0.0284523
0.0286283
0.0374868
0.037809
0.028242
0.0377278
0.0477234
0.0481297
0.0583539
0.0586795
0.0476928
0.0580086
0.0659306
0.0656086
0.0641395
0.0110954
0.0161292
0.0130695
0.0115828
0.00837889
0.00701177
0.0223246
0.0186011
0.01632
0.0245153
0.0216114
0.0349431
0.0300369
0.0407117
0.0457937
0.0391075
0.0523668
0.0581587
0.0483633
0.0649873
0.0698547
0.0565935
0.0728201
0.0636686
0.0747751
0.0554289
0.0545361
0.0296596
0.0374574
0.0469817
0.054185
0.00649661
0.00633993
0.00888397
0.00599424
0.00710913
0.00586133
0.00579362
0.00533249
0.00579648
0.00581718
0.00527585
0.0093569
0.00818465
0.0116347
0.0131047
0.0116114
0.0161486
0.0553261
0.0564519
0.00717762
0.00688716
0.0741079
0.0763366
0.0706808
0.0728771
0.0280369
0.0262085
0.0336047
0.0369755
0.0429756
0.0478154
0.0535911
0.0583489
0.0642087
0.0733278
0.071075
0.0755941
0.0667933
0.0649434
0.0916147
0.0495512
0.0186171
0.0162997
0.02248
0.0258629
0.0224518
0.0306576
0.00580592
0.00588626
0.00536613
0.00565441
0.00605735
0.00541089
0.00609484
0.00539337
)
;
    }
}


// ************************************************************************* //
