/*--------------------------------*- C++ -*----------------------------------*\
| =========                 |                                                 |
| \\      /  F ield         | OpenFOAM: The Open Source CFD Toolbox           |
|  \\    /   O peration     | Version:  2306                                  |
|   \\  /    A nd           | Website:  www.openfoam.com                      |
|    \\/     M anipulation  |                                                 |
\*---------------------------------------------------------------------------*/
FoamFile
{
    version     2.0;
    format      ascii;
    arch        "LSB;label=32;scalar=64";
    class       volScalarField;
    location    "0.3";
    object      gradTx;
}
// * * * * * * * * * * * * * * * * * * * * * * * * * * * * * * * * * * * * * //

dimensions      [0 -1 0 1 0 0 0];

internalField   nonuniform List<scalar> 
5712
(
-10885.5
-14075.2
-24668.4
-37292.3
-38147.8
-65778.8
-28067.7
-70774
-22141.5
-48618.1
-33148
-51307.4
-28998.6
-39601.8
-13027.7
-15356.5
-26354.7
-29776.4
-33073.9
-32987.2
-24311.3
-28237.8
-35588.1
-31369.1
-9623.49
-7921.03
-12006.8
-8780.06
-22736.4
-19475.9
-38297
-29603.1
-29208.1
-30287.6
-34834.8
-34190.9
-13740.3
-10414.2
-65121.8
-86721.5
-43566.2
-53064
-81889.6
-106457
-43286.2
-49764.3
-51196.1
-71995.8
-46770.7
-60884.6
-28597
-44746
-5985.52
-2107.29
-6291.45
-2353.42
-17899.8
-7560.92
-24229.5
-9328.35
-18427.2
-7309.41
-18622.1
-6374.56
-30793.4
-10389.7
-39660
-14101.2
-36699.5
-19656.3
-35143.4
-21123.4
-30774
-19601.8
-28673.1
-19883
-31438.5
-20263.2
-30979.8
-17915.6
-37303.5
-23044.3
-37916.3
-23224.2
-31340.5
-20992.7
-32118.3
-20951.4
-34244.3
-22633.2
-35634.6
-23214
-33968
-16675.7
-19444.6
-26143.8
-33349.3
-18249.5
-17231.9
-26208
-36319.8
-16479.4
-21530.5
-26445.6
-38357.5
-16834.1
-23035.6
-27416.1
-7514.98
-8028.28
-2687.08
-5607.2
-21306.5
-21981.5
-9142.38
-17080
-26564.5
-27785.9
-15346.8
-26268.5
-12047.9
926.791
-19280.3
-29181.2
-19429.5
1915.57
-4810.64
-16789
-31739.2
-29749.8
-12327.3
-17949.7
-19847.8
-21070.4
-35691.8
-6188.38
-4203.16
-3842.31
-3301.28
-16721.6
-11539.4
-11742.3
-9689.31
-19783.5
-13292.5
-15916.6
-12216.3
-3894.81
-4725.31
-9909.73
-9509.41
-18057.6
-14179.2
-23155
-16834
-21660.8
-15921.7
-8846.95
-6640.11
-13763.1
-7538.53
-16147.1
-8532.35
-17813.7
-9350.56
-25097.2
-13426.3
-12976.2
-3476.66
-12548.2
-8792.58
-12440.5
-11424
-13983.1
-14721.8
-13403.6
-9288.24
-14694.6
-2771.86
-11650
-13668.7
-11278.5
-14717.5
-13909.5
-18285.8
-14017.8
-19599.4
-12336.3
-14702
-11883.6
-15669.4
-18689.3
-10051.4
-27822
-9709.89
-17627.2
-2702.92
-24784.1
-2634.11
-18339.4
-13882.3
-28698.9
-11392.3
-16636.8
-15899.8
-26704.1
-13989
-2541.14
-1624.64
-909.831
-2012.89
-1330.2
-801.085
-7070.33
-3646.11
-1831.48
-5524.1
-2767.54
-1404.33
-7316.9
-3760.45
-2287.87
-6700.04
-3166.48
-1885.97
-2918.34
-1323.06
-826.742
-6450.83
-2526.27
-1213.15
-8357
-3366.54
-1466.54
-9578.16
-4289.36
-2245.22
-9205.05
-3701.19
-1672.67
-7997.74
-4002.1
-1900.51
-6992.64
-3521.73
-1486.03
-8442.21
-3951.48
-1530.43
-9166.86
-4113.28
-1544.94
-12185.6
-4800.25
-1485.7
-12147.4
-15271
-10398.2
-12676.8
-16148.8
-21433.3
-15558
-20480.2
184.802
-408.22
617.31
-94.9613
-2580.37
-2382.93
-1210.55
-634.582
-1511.22
-2927.48
-9585.5
-12681.5
-5033.27
-3346.73
-12530.7
-12938.7
-22190.6
-24836.7
-83.6555
3583.18
-8261.03
-7872.59
-6288.73
-4751.04
-808.971
-400.05
-684.176
-366.574
-1927.4
-306.98
-438.999
81.9337
-7561.66
-1530.09
-5761.27
-1407.11
-7695.51
-1957.52
-9120.5
-2233.92
-10906.9
-10972.2
-10174.3
-10845.5
-18708.5
-16576.5
-18213.8
-15921
-6031.54
-7027.67
-6792.71
-6893.15
-10757.4
-10643.5
-11600.3
-10605.3
-19331.9
-15880.1
-20230.6
-15797
-6062.31
-6890.37
-6377.43
-6867.98
-222.253
-479.878
-3979.86
-1377.27
-90.7734
-326.802
-3618.76
-1191.89
-450.989
-597.678
-4067.05
-1490.9
-592.672
-636.315
-3997.41
-1487.74
208.871
231.87
-132.912
-11.8575
1101.55
943.989
-27.9995
122.175
-130.915
433.512
-711.325
-310.635
6254.63
8121.43
2611.94
1644.45
183.118
8815.71
6877.22
1866.17
2322.58
365.542
-10129.5
-6975.92
-4790.23
-3227.2
-1103.93
141.444
82.6395
14.4757
18.1192
524.21
316.841
68.7858
61.0076
533.77
460.55
-87.072
-8.12116
3000.16
609.943
3759.64
1491.51
959.196
394.696
943.55
515.21
5.61656
-53.9365
-3913.58
-1953.56
-1775.14
-149.656
-1117.69
-104.163
-772.243
-143.844
-264.384
-130.614
-4280.07
-2729.11
-7111.13
-3515.19
-7474.12
-5251.27
-10630.5
-6605.88
-4325.49
-2036.94
-2470.01
-1632.89
-8087.46
-3216.3
-8618.72
-3486.92
-11577.5
-6822
-12083.5
-7290.61
-5086.87
-1817.71
-5485.33
-2003
-2314.92
-1209.51
-712.063
-709.403
-1506.05
-1035.98
-593.993
-647.062
-2607.62
-1188.74
-767.515
-805.146
-3079.37
-1259.9
-1107.4
-813.251
36.9634
19.2804
14.8539
2.89683
5.73507
4.62941
150.048
84.393
55.7439
12.2364
18.9726
14.1185
261.173
149.67
90.632
-32.1639
20.7015
19.2005
3.64137
58.0899
-17.3543
426.893
329.259
200.451
209.812
182.436
126.696
265.668
173.606
110.592
-91.4802
-0.0245105
8.09732
-1998.26
-817.863
-323.081
-227.32
22.8244
74.8377
-143.957
46.3641
72.267
-92.6988
38.2054
49.0806
-169.687
-3.91581
11.6425
-10.9602
-3.04318
-0.830451
-0.088564
30.1705
7.05458
2.6564
0.936197
-40.9767
-11.028
0.222496
0.949306
29.6847
5.97158
6.83563
2.84584
-116.752
-26.2098
-0.288753
2.28043
-70.5572
-15.0142
-0.22335
0.825896
-81.9966
-14.8033
-3.33207
-0.829204
-107.979
-21.2058
-1.6595
0.348297
-286.252
-61.6153
-13.2158
-2.48166
-322.227
-68.0788
-16.8744
-2.27387
-209.103
-44.1233
-7.49854
0.267893
-265.837
-55.2369
-15.767
-2.79147
-300.054
-64.2803
-10.6574
-1.00219
-354.725
-76.0963
-17.8914
-2.0162
-304.623
-66.2445
-9.78242
-0.360874
-368.167
-80.2743
-18.9102
-2.3171
-8.52381
-2.78615
-0.596362
0.00710509
2.2813
-0.0609407
-0.598005
-0.0516465
-11.1377
-5.09558
-0.149146
0.551193
17.0629
2.21935
-0.814152
0.043999
-116.652
-28.3914
-5.18745
-0.183241
-62.5517
-15.589
-4.65595
-0.340163
-68.403
-14.6595
-1.83665
0.820361
-29.8017
-7.19004
-4.3654
-0.532042
-225.541
-46.965
-13.7454
-1.57131
6.44449
1.45569
0.159169
0.131467
14.6796
3.69843
0.766782
0.180024
10.5132
2.31838
-0.452841
0.127556
39.1244
9.77774
1.75815
0.404697
-7.67229
-1.34367
-1.88064
-0.0602671
52.2066
13.1795
2.3008
0.509831
-44.386
-7.46571
-3.53893
-0.212567
40.5861
12.2399
1.94125
0.411772
-116.421
-20.3053
-8.12678
-1.22117
5.49006
6.85453
0.413579
0.102245
-230.609
-42.4969
-12.512
-2.01704
-74.7875
-11.0151
-2.92414
-0.664075
-184.407
-32.1888
-10.9289
-1.92387
-46.624
-3.74604
-1.45675
-0.304823
-261.024
-49.8922
-13.839
-2.27616
-92.7712
-15.6249
-3.65872
-0.881793
-276.754
-54.3425
-14.7661
-2.63559
-104.182
-18.5555
-4.2003
-1.03449
0.0534894
0.0163226
0.00403841
0.000927303
0.000238151
0.138035
0.0303685
0.00682255
0.00150853
0.000380611
0.123861
0.0334653
0.00847553
0.0019906
0.000518922
0.233521
0.054895
0.0131714
0.00301975
0.000778558
0.12165
0.0348801
0.00944834
0.00229493
0.000609584
0.217865
0.0625081
0.0158918
0.0037325
0.000975412
0.0315475
0.0206729
0.00619709
0.00155568
0.000422222
-0.00861812
0.00355233
0.00202277
0.000635224
0.000193129
0.00258962
0.0256211
0.0083106
0.00212288
0.000577784
-0.0443928
0.00467737
0.00258161
0.000739502
0.000211093
0.163248
0.0491514
0.012497
0.0029193
0.000759074
-0.00187745
0.0111974
0.00359592
0.000906745
0.000244365
-0.0757256
0.0023403
0.00305188
0.000987648
0.00029753
-0.0495025
0.000209969
0.00151392
0.000515148
0.000157872
-0.102554
-0.0102839
-9.73401e-05
0.000296618
0.00012756
-0.0743105
-0.00726294
-0.000354283
9.01112e-05
4.96964e-05
0.0374386
0.0131066
0.00329278
0.000748265
0.000189509
0.0582355
0.0152241
0.00341381
0.000726782
0.000176198
0.134453
0.0356846
0.00842311
0.00187879
0.000472862
0.176803
0.0409341
0.00883965
0.00186372
0.000451695
0.0880231
0.0324146
0.00853829
0.00201163
0.000523291
0.239629
0.0529634
0.0113876
0.00242277
0.000594021
0.200294
0.0493903
0.0114164
0.00254294
0.000643307
0.202995
0.0414835
0.00872491
0.00184744
0.000453164
0.100306
0.0262381
0.00613868
0.00137351
0.000348501
-125.948
-441.835
-122.551
-1087.3
165.771
-1448.48
907.727
-1310.86
1484.94
-183.438
-1010.96
-2637.96
718.856
-1.22721
-1586.18
-3625.4
-2000.47
-3906.33
-1961.63
-686.128
-331.131
-216.867
-172.03
-581.173
-358.693
-127.004
-86.1255
-66.4205
-6071.06
-2113.62
-1022.62
-669.543
-531.425
-1472.15
-678.006
-356.405
-230.117
-179.604
-10313.1
-3603.27
-1748.64
-1146.25
-909.301
-2567.34
-1186.48
-608.755
-395.288
-305.914
-14113.9
-4956.38
-2417.28
-1587.45
-1259.96
-3394.56
-1594.46
-821.326
-533.252
-412.832
-18168.7
-6443.43
-3164.3
-2085.46
-1660.05
-4266.13
-2051.09
-1066.14
-698.042
-545.286
-22697.6
-8328.87
-4140.38
-2738.64
-2184.19
-6215.37
-2781.04
-1417.73
-926.737
-724.988
-20710.2
-7524.4
-3718.12
-2453.34
-1955.44
-5132.38
-2403.92
-1237
-809.499
-633.941
-23695.7
-8748.1
-4362.45
-2888.36
-2302.99
-6798.66
-2983.69
-1512.87
-988.784
-774.572
-24782.4
-9110.03
-4550.58
-3013.91
-2402.79
-7029.11
-3098.7
-1577.41
-1014.23
-800.169
-1433.73
-11168.4
-10021.9
-3389.28
1886.76
3187.23
8103.04
12479.1
844.334
8998.86
-5069.71
188.411
1347.82
4876.25
11013
16737.4
16638.3
21790.5
6840.93
9124.16
-12625.1
-7545
-412.236
-144.521
-87.1902
-88.5579
-173.305
-7125.02
-4329.06
-3730.47
-2661.7
-1249.46
-942.822
-1771.23
-608.561
-481.091
-450.074
-285.309
-11536.3
-3676.96
-484.853
-981.135
-2154.76
-1099.34
-951.944
-529.838
-177.797
-220.391
-422.487
-474.232
-12054.1
-6169.13
-5731.88
-3221.13
-2247.44
-3322.32
-576.579
-389.2
-1013.91
-7111.19
-4679.74
-2777.73
-1584.45
-778.498
-4138.03
-2364.35
-1381.63
-731.886
-263.904
-317.48
-222.014
-138.082
-73.1283
-22.7587
-114.351
-82.1025
-52.2074
-28.0491
-8.75762
-68.8864
-49.292
-31.1848
-16.6638
-5.18121
-70.974
-51.6092
-33.1627
-17.935
-5.61008
-136.176
-96.9443
-61.1073
-32.5968
-10.137
-3656.57
-2106.31
-1174.87
-662.59
-386.724
-1806.72
-961.054
-463.529
-241.353
-109.934
-2016.02
-1069.28
-589.449
-301.065
-110.841
-1112.82
-569.414
-275.548
-130.131
-48.3635
-485.644
-238.238
-110.636
-48.49
-15.3543
-636.973
-394.647
-221.464
-109.283
-33.3701
-1054.29
-596.065
-325.01
-159.763
-50.547
-344.626
-183.712
-94.3682
-43.6688
-12.991
-343.088
-221.989
-128.67
-64.6662
-19.6643
-308.61
-192.441
-107.721
-52.577
-15.7014
-206.79
-135.571
-79.2649
-39.9581
-12.0947
-6217.04
-3656.42
-2129.28
-1180.45
-629.158
-2245.34
-1339.15
-769.422
-395.931
-140.127
-347.259
-226.69
-132.954
-67.6734
-20.9247
-712.657
-473.035
-282.168
-145.7
-45.6006
-1498.74
-968.227
-568.639
-292.591
-94.389
-802.913
-536.476
-322.251
-167.39
-52.5218
-707.793
-480.213
-291.842
-152.574
-47.6914
-400.668
-275.046
-168.297
-88.1366
-27.3584
-134.407
-91.7748
-55.6152
-28.7884
-8.82691
-171.001
-120.106
-74.7593
-39.5054
-12.2377
-312.228
-209.129
-124.997
-64.2688
-19.7691
-357.071
-243.937
-148.531
-77.4677
-24.0002
-6730.96
-4251.47
-2531.92
-1399.05
-685.742
-3576.99
-2111.58
-1236.7
-652.118
-240.512
-3492.56
-2228.48
-1272.41
-656.557
-234.586
-2136.86
-1330.56
-781.933
-406.019
-135.825
-1589
-1042.1
-619.129
-320.893
-103.03
-2186.25
-1356.87
-793.918
-410.414
-135.652
-425.598
-285.997
-172.129
-89.3131
-27.8147
-301.794
-211.979
-132.08
-69.9184
-21.6956
-754.657
-511.23
-309.86
-161.532
-50.3009
-9725.36
-19852.9
-20308.6
-56383.9
-18722.7
-70228.8
-10441.1
-25136.3
-19593.7
-15739.6
-33394.4
-28324
-17940.6
-15884.5
-34999.9
-27047.9
-7535.07
-5933.86
-14838.1
-10863.3
-17019.1
-13299.5
-45906.6
-35709.7
-27067.8
-19761.1
-29944
-18445.3
-2852.2
-7881.72
-68701
-88283.2
-42366.3
-52964.4
-84892.6
-107792
-41932.4
-49469.8
-54105.6
-73519.9
-45690.4
-60991.2
-31889
-46383
-4194.47
-1250.61
-7253.94
-2568.57
-14108.9
-6728.82
-28053
-10556.4
-7815.82
-4509.25
-15762.7
-5387.33
-31113.2
-10370.7
-40145.4
-14242.5
-24434.7
-14333.3
-30455.8
-18443.9
-19198.3
-14006.4
-24078.8
-17206.2
-28038.3
-18064.9
-21792.2
-13721.8
-35574.5
-21857.7
-37509
-22904
-29528.7
-19803.4
-31637.5
-20629
-33115.7
-21642.9
-35401.2
-22944.2
-32625
-16374.4
-18023.5
-25810.5
-28823.8
-17088.2
-14594.9
-25555.5
-36179.1
-16488.3
-20889.3
-26296.8
-38431.9
-16874.2
-22867.8
-27378.1
-2536.59
-2512.82
-890.192
-3558.37
-10038
-10754.2
-6937.53
-14594.4
-8403.69
-9713.85
-11910.1
-22437.5
-14762.5
-8870.21
-15938.2
-21659.2
-17651.4
-5805.71
-8393.5
-12352.6
-23234.2
-27824.3
-14962
-16406.3
-15670.8
-16633.1
-34348.2
-2767.56
-1896.69
-1955.6
-1958.69
-9151.39
-6434.45
-8821.2
-7273.29
-4864.59
-2420.25
-11702.6
-8691.84
-7986.33
-7195.24
-8851.6
-7336.23
-11069.3
-7450.71
-14996.2
-10541
-19146.3
-13642.3
-10943.1
-7948.26
-12161
-6299.03
-12344.7
-5852.52
-14104
-6796.73
-23807.3
-12093.6
-11110.8
-3055.46
-11070
-8192.07
-11745.2
-11425.9
-12795.4
-14183.1
-11978.5
-8709.17
-12490.7
-2158.22
-10847.6
-13279.6
-11035.8
-14595.3
-13153.1
-17827.5
-13776.9
-19436
-11606.6
-14399.9
-11668.5
-15580
-17771.8
-9679.44
-27587
-9578.14
-15968.5
-2315.05
-24372.7
-2767.78
-17894.7
-13696.4
-28598.2
-11321.7
-16496.8
-15848.5
-26674.4
-13979.7
-1547.66
-1344.58
-1482.94
-1559.56
-4554.09
-3376.31
-4898.63
-4281.16
-1256.86
-1774.04
-5866.58
-5362.93
-5807.52
-4002.54
-6136.59
-3781.12
-5326.25
-3428.78
-7650.83
-5441.55
-10257.3
-6631.42
-9391.36
-5417.4
-5938.67
-2881.9
-6550.48
-2744.83
-7223.34
-2623.85
-9741.5
-2319
-6201.48
-9061.2
-5549.95
-10410
-11190.9
-12559.5
-13434.4
-17372.7
-857.941
-407.685
-393.273
-171.004
-3201.81
-1621.73
-2304.4
-600.272
-1000.51
-1633.56
-7610.45
-7408.67
-2754.21
-2288.66
-11060
-12434.7
-20466.3
-24285
430.856
3757.51
-6985.38
-7375.87
-5474.95
-4466.67
-601.362
-400.408
-574.352
-365.986
-1172.2
-364.646
-264.469
24.2715
-5263.67
-1486.47
-4750.23
-1280.35
-6816.08
-1797.57
-8735.44
-2151.36
-5737.1
-8502.58
-8007.93
-9399.08
-10404.8
-12133.1
-14775
-13730.3
-4795.71
-6224.25
-3908.46
-5822.02
-9635.74
-9914.42
-11242.1
-10391.3
-17769.8
-14864.2
-19767.8
-15513.3
-5366.1
-6436.73
-6133.59
-6726.29
-33.2031
-458.275
-3686.49
-1343.32
5.03204
-408.545
-3440.36
-1222.61
-249.394
-557.031
-3855.32
-1451.08
-493.077
-613.798
-3925.66
-1471.85
-545.492
-490.555
-357.318
-283.64
-1166.37
-991.393
-393.203
-290.258
-4744.2
-3803.62
-1248.6
-1013.31
-2748.54
-3845.96
-2698.79
296.851
-179.306
-301.599
-947.773
-2948.28
1237.77
68.5653
-13788
-9541.97
-6424.59
-3859.32
-1326.72
-391.405
-250.423
-228.649
-180.812
-827.851
-531.44
-291.546
-269.716
-3046.94
-2157.57
-843.894
-730.865
-3480.43
-3944.54
-1832.17
-2514.82
-2727.97
-2253.81
-278.416
-390.283
-355.912
-430.598
-7658.85
-4618.91
-4931.7
-2588.02
-3107.27
-1641.31
-1750.9
-902.534
-538.032
-382.849
-4928.21
-3572.82
-6809.54
-3584.94
-7849.81
-6112.92
-9962.65
-6548.7
-4253.48
-2124.39
-3013.54
-2202.07
-7735.87
-3152.87
-8485.31
-3444.5
-11009.3
-6637.68
-11886.8
-7205.6
-4911.37
-1806.26
-5410.61
-1984.24
-2336.74
-1270.89
-758.869
-755.734
-1855.52
-1354.88
-740.824
-788.555
-2550.81
-1193.46
-771.688
-815.954
-3047.19
-1252.78
-1102.61
-812.936
-145.144
-117.159
-119.511
-100.527
-405.284
-381.531
-191.109
-166.085
-1556.78
-1166.95
-410.955
-186.168
-3650.38
-2430.46
-2484.49
-1497.37
-1640.08
-1047.14
-448.307
-346.425
-353.654
-166.532
-3818.81
-2040.44
-1789.72
-929.614
-1125.49
-588.037
-583.79
-282.563
-325.666
-27.3075
-25.9998
-7.14742
-1.89711
-0.330841
4.65841
-0.138094
0.933949
0.570395
-77.011
-20.9168
-1.88756
0.551307
-11.8638
-6.89529
3.83179
2.2189
-159.229
-38.5252
-2.66864
1.99213
-102.174
-27.5457
-3.80108
-0.107306
-91.9376
-20.797
-5.29862
-1.35546
-108.285
-23.0507
-2.3662
0.148995
-293.431
-67.1393
-15.2513
-3.14927
-326.003
-71.1262
-17.9762
-2.53149
-249.527
-56.109
-10.5001
-0.442198
-283.84
-61.0177
-17.428
-3.10256
-299.463
-67.2137
-11.8202
-1.32763
-353.433
-77.4913
-18.5624
-2.20957
-303.19
-67.1627
-10.1951
-0.479882
-367.095
-80.6557
-19.13
-2.3826
-27.7021
-7.15275
-1.50619
-0.146688
-20.6285
-4.84461
-1.73409
-0.247718
-66.9118
-17.4099
-2.53921
0.144265
-47.0119
-11.2068
-3.88469
-0.488946
-175.033
-41.1703
-7.57436
-0.551987
-143.108
-32.0632
-8.3691
-0.965145
-164.386
-35.757
-6.09226
0.0789689
-120.755
-25.4387
-8.15943
-0.972663
-274.425
-57.6462
-16.1727
-1.75383
-13.592
-2.96813
-0.759578
-0.0493002
-3.47224
-0.704489
-0.147887
-0.0350725
-43.4073
-9.38156
-3.08617
-0.428693
-12.5933
-2.50007
-0.858774
-0.203707
-87.2205
-17.8644
-5.52467
-0.829036
-31.1433
-5.73909
-1.55254
-0.362878
-137.675
-26.9133
-7.62143
-0.985141
-60.5937
-10.3006
-2.46826
-0.558756
-185.317
-35.7482
-11.7782
-2.04699
-80.4753
-13.2983
-3.72889
-0.849473
-250.043
-49.148
-14.4522
-2.53701
-95.9452
-17.4965
-4.53677
-1.08936
-230.692
-44.5573
-14.0747
-2.69866
-95.3406
-16.6191
-4.3341
-1.0172
-266.113
-52.608
-14.7806
-2.54802
-99.1262
-18.1039
-4.35114
-1.07367
-277.172
-54.9633
-15.0197
-2.71419
-105.01
-19.0561
-4.36372
-1.08408
-0.00456568
0.000575576
0.0001782
3.71503e-05
6.76861e-06
0.0385348
0.00434832
0.000535005
6.19609e-05
3.50523e-06
-0.00489046
-0.00189504
-0.000198171
-1.29596e-05
-3.4388e-06
0.0285264
0.000227362
-0.000205989
-8.84242e-05
-3.86089e-05
-0.029546
-0.00763677
-0.0010139
-0.000127133
-2.35571e-05
-0.0510854
-0.00826199
-0.00138863
-0.000289289
-8.52618e-05
-0.0943154
-0.0124286
-0.00198957
-0.000375821
-9.35999e-05
-0.0660798
-0.0120737
-0.00192497
-0.000310884
-6.27407e-05
-0.168572
-0.0177346
-0.00214739
-0.000297891
-5.85215e-05
-0.108996
-0.0116935
-0.00136963
-0.000176357
-2.99489e-05
-0.0622578
-0.00709636
-0.000838476
-0.000133562
-3.76909e-05
-0.0774804
-0.00725416
-0.000762237
-8.88835e-05
-1.48971e-05
-0.167018
-0.0213787
-0.00276135
-0.000374587
-6.41133e-05
-0.0990513
-0.0127138
-0.0016569
-0.000229913
-4.06846e-05
-0.139605
-0.0202774
-0.00260176
-0.000299446
-3.26669e-05
-0.0895771
-0.0113923
-0.00139089
-0.000157001
-1.6849e-05
-0.0081428
0.000587033
0.000272318
6.19048e-05
1.32228e-05
0.00605537
0.00287436
0.000626994
0.000114461
2.19637e-05
0.0106994
0.0030673
0.000699417
0.000135152
2.53405e-05
0.0374655
0.00848729
0.0015501
0.000260967
4.66775e-05
-0.0460362
-0.00427646
-0.000272248
6.39326e-06
5.54108e-06
0.0504307
0.00921023
0.00153081
0.000242424
3.91422e-05
-0.00108869
0.00138456
0.000346745
5.02126e-05
-2.51494e-07
0.0512445
0.00733581
0.00108139
0.000155218
2.10532e-05
-0.0155816
-0.000359577
5.28056e-05
2.79953e-06
-6.19534e-06
131.789
-259.407
486.698
-648.329
905.015
-910.912
1537.52
-847.039
1872.84
62.6126
-872.779
-2554.18
907.856
15.9006
-1514.79
-3577.39
-1981.08
-3892.74
-1973.75
-690.689
-332
-216.959
-172.002
-550.964
-357.005
-126.238
-86.0067
-66.4162
-6119.21
-2128.61
-1025.66
-670.072
-531.538
-1397.41
-666.672
-354.696
-229.956
-179.709
-10396.1
-3626.91
-1753.5
-1147.21
-909.604
-2479.18
-1173.29
-606.752
-395.084
-305.986
-14217.9
-4983.21
-2422.59
-1588.41
-1260.21
-3321.83
-1582.83
-819.526
-533.031
-412.832
-18292
-6471.45
-3169.73
-2086.5
-1660.36
-4228.97
-2043.72
-1064.87
-697.887
-545.298
-22782.9
-8346.31
-4143.57
-2739.22
-2184.34
-6203.38
-2779.48
-1417.5
-926.73
-724.976
-20827.4
-7548.61
-3722.59
-2454.15
-1955.68
-5116.79
-2400.01
-1236.26
-809.394
-633.95
-23745
-8758.14
-4364.25
-2888.7
-2303.08
-6793.25
-2983.36
-1512.82
-988.8
-774.591
-24799.8
-9113.57
-4551.3
-3014.11
-2402.91
-7028.29
-3098.88
-1577.5
-1014.28
-800.224
-1171.59
-10878.5
-9160.64
-2695.5
-1969.17
-948.753
-4471.64
-2889.02
-9244.99
-8681.04
-4597.05
-3359.57
-0.74395
-1.89888
-5.36721
-14.414
-36.7417
-88.9517
-0.744815
-2.69266
-8.73795
-24.2795
-59.5785
-130.359
-0.408659
-0.153312
-1.14353
-0.583824
-3.46876
-2.15148
-9.8594
-7.1522
-24.8704
-18.258
-62.646
-41.3334
-195.318
-386.805
-723.395
-1827.83
-3029.89
-3992.87
-252.787
-432.094
-652.128
-903.305
-1173.95
-1352.62
-0.620874
-0.474107
-0.320411
-0.180588
-0.0577969
-1.57632
-1.19564
-0.802225
-0.449388
-0.143322
-4.42984
-3.33619
-2.22173
-1.23681
-0.393054
-11.8137
-8.82251
-5.8247
-3.21976
-1.01921
-29.8418
-22.0513
-14.4061
-7.89738
-2.48874
-71.3783
-52.0341
-33.5576
-18.2176
-5.71337
-0.619363
-0.470833
-0.316668
-0.177749
-0.0567527
-2.22572
-1.67939
-1.12061
-0.624863
-0.198756
-7.17977
-5.3783
-3.56199
-1.97403
-0.625746
-19.8104
-14.7163
-9.66449
-5.31991
-1.68016
-48.2056
-35.4638
-23.069
-12.6049
-3.96558
-104.411
-75.9485
-48.8796
-26.4961
-8.30368
-0.342224
-0.262466
-0.178217
-0.100849
-0.0323519
-0.128627
-0.0988916
-0.0673287
-0.0381873
-0.0122658
-0.952786
-0.726051
-0.489574
-0.275397
-0.0880408
-0.487676
-0.372853
-0.252314
-0.142362
-0.0455873
-2.87405
-2.1749
-1.45568
-0.813747
-0.259211
-1.78764
-1.35759
-0.912044
-0.511422
-0.163182
-8.11323
-6.0881
-4.03904
-2.24144
-0.711051
-5.90287
-4.44498
-2.95926
-1.64676
-0.523164
-20.2877
-15.0652
-9.88858
-5.44035
-1.71763
-14.9531
-11.153
-7.35101
-4.05664
-1.28271
-50.4746
-36.9485
-23.913
-13.0121
-4.0848
-33.4844
-24.648
-16.028
-8.74885
-2.74997
-154.209
-110.506
-70.1788
-37.687
-11.767
-298.704
-209.482
-130.666
-69.3677
-21.6015
-541.997
-370.22
-226.362
-118.866
-37.098
-1307.69
-864.076
-517.293
-269.553
-85.6204
-2025.14
-1286.97
-756.476
-394.029
-130.728
-2566.1
-1599.06
-931.071
-485.403
-165.104
-199.968
-143.545
-91.2935
-49.0751
-15.3254
-336.487
-237.78
-149.235
-79.5325
-24.7712
-497.4
-344.819
-213.198
-112.636
-35.0621
-668.83
-452.434
-274.917
-144.037
-45.0454
-829.534
-542.765
-323.376
-168.437
-53.6106
-924.01
-591.085
-347.641
-180.564
-58.3197
-0.742252
-1.89231
-5.35155
-14.3835
-36.6904
-88.7689
-0.742362
-2.68137
-8.70209
-24.1779
-59.3023
-129.663
-0.40795
-0.153267
-1.14166
-0.585922
-3.47053
-2.17561
-9.89394
-7.30244
-25.1188
-19.3179
-63.2785
-44.5796
-194.609
-384.818
-718.26
-1807.72
-2996
-3974.65
-251.257
-429.286
-647.733
-896.477
-1165.05
-1348.23
-0.619681
-0.473435
-0.320151
-0.180544
-0.0578033
-1.57193
-1.19344
-0.801665
-0.449559
-0.143473
-4.42065
-3.33316
-2.22282
-1.23906
-0.394098
-11.8011
-8.82581
-5.83697
-3.2318
-1.02407
-29.8397
-22.0897
-14.4622
-7.94419
-2.50669
-71.3496
-52.1297
-33.7085
-18.3451
-5.76237
-0.617642
-0.469862
-0.316288
-0.177682
-0.0567602
-2.21803
-1.67531
-1.11929
-0.624866
-0.198906
-7.15616
-5.36672
-3.55923
-1.97509
-0.626602
-19.7453
-14.6865
-9.65973
-5.32506
-1.68333
-48.0294
-35.3828
-23.0549
-12.6174
-3.97351
-103.962
-75.7322
-48.8275
-26.5132
-8.31804
-0.341759
-0.262247
-0.17818
-0.100887
-0.0323756
-0.128652
-0.0989763
-0.0674395
-0.0382783
-0.0123007
-0.95193
-0.726132
-0.490222
-0.276075
-0.0883202
-0.489858
-0.374967
-0.254103
-0.14356
-0.0460086
-2.87837
-2.18111
-1.46217
-0.818603
-0.261002
-1.80994
-1.37682
-0.92678
-0.520633
-0.16631
-8.15324
-6.12977
-4.07578
-2.26654
-0.719951
-6.03836
-4.55847
-3.04373
-1.69835
-0.540476
-20.533
-15.2889
-10.0672
-5.55475
-1.75701
-15.8668
-11.8787
-7.863
-4.35636
-1.381
-51.1288
-37.5677
-24.4185
-13.3393
-4.19757
-36.2718
-26.8534
-17.5762
-9.6501
-3.04391
-153.95
-110.614
-70.4689
-37.9543
-11.8721
-297.855
-209.543
-131.191
-69.8893
-21.8107
-539.557
-369.877
-227.125
-119.749
-37.4664
-1296.09
-859.061
-516.296
-270.063
-85.9985
-2003.64
-1275.08
-751.168
-392.296
-130.412
-2554.08
-1591.97
-927.534
-483.973
-164.744
-198.971
-143.044
-91.1431
-49.0817
-15.3449
-334.661
-236.852
-148.934
-79.5179
-24.7957
-494.597
-343.416
-212.747
-112.614
-35.0977
-664.482
-450.185
-274.089
-143.887
-45.0569
-823.647
-539.394
-321.793
-167.863
-53.4856
-921.049
-589.316
-346.739
-180.19
-58.2249
-12549.5
-7502.44
-411.453
-145.93
-100.029
-96.815
-178.903
-7126.23
-5537.71
-3994.12
-3805.69
-1118.24
-2369.62
-651.131
-724.248
-408.883
-11319.7
-3717.3
-548.949
-1019.95
-2170.05
-1105.86
-951.131
-542.239
-220.653
-246.049
-497.875
-503.254
-11827.3
-6075.08
-5643.13
-3173.65
-2229.96
-3286.9
-588.212
-400.221
-1025.93
-7061.61
-4648.78
-2761.99
-1578.03
-777.155
-4112.63
-2350.69
-1375.05
-729.369
-263.299
-318.205
-223.745
-140.034
-74.5835
-23.2907
-115.915
-83.6507
-53.5007
-28.8942
-9.04983
-79.77
-57.7619
-37.024
-20.0104
-6.26304
-78.0289
-57.1588
-37.0355
-20.1783
-6.33952
-141.558
-101.678
-64.7244
-34.8232
-10.8831
-3990.71
-2447.61
-1434.37
-819.488
-456.094
-3140.48
-1992.43
-1169.53
-644.266
-258.504
-2367.61
-1379.31
-810.835
-426.099
-149.762
-2168.68
-1336.06
-784.86
-415.143
-143.666
-798.214
-525.966
-313.592
-161.746
-50.0595
-1552.1
-960.382
-564.137
-289.894
-90.9707
-485.574
-330.218
-201.018
-104.931
-32.4537
-537.533
-364.062
-220.884
-115.039
-35.547
-310.216
-213.872
-131.453
-68.992
-21.3328
-6252.6
-3773.23
-2248.51
-1264
-666.981
-2342.5
-1444.56
-853.936
-447.832
-157.785
-405.271
-273.908
-166.294
-86.8998
-27.1348
-753.852
-510.768
-311.166
-163.395
-51.508
-1536.37
-1012.96
-607.25
-317.485
-102.991
-815.848
-551.812
-335.773
-176.295
-55.6137
-711.642
-486.739
-298.505
-157.314
-49.3949
-413.971
-287.574
-178.231
-94.3583
-29.4618
-170.673
-119.808
-74.7406
-39.6344
-12.3133
-193.06
-137.523
-86.9155
-46.5322
-14.5207
-377.295
-260.229
-160.233
-84.3532
-26.2327
-384.234
-266.97
-165.468
-87.5748
-27.3343
-6599.35
-4180.31
-2500.73
-1390.7
-686.994
-3524.49
-2085.81
-1226.36
-649.584
-240.221
-3501.42
-2268.7
-1319.17
-690.743
-247.971
-2119.12
-1330.7
-789.349
-413.278
-138.786
-1588.96
-1052.1
-631.663
-330.353
-106.556
-2185.71
-1373.62
-814.422
-425.695
-141.438
-439.269
-299.502
-183.103
-96.2693
-30.1816
-312.593
-221.6
-139.486
-74.4933
-23.2322
-770.618
-527.987
-323.932
-170.609
-53.4156
-31.4532
-101.379
-196.164
-328.417
-497.414
-695.189
-4435.31
-11566.2
-10030.4
-3956.09
-14359.8
-13088.7
-12729.1
-13545.7
-4278.91
-2860.99
-10294.4
-5646.35
-16985.2
-15143.3
-297.577
-3492.91
-9271.6
-7790.73
-3035.62
-11602.5
-10086.1
-9990.93
-10460
-3542.78
-1587.8
-9024.56
-2784.69
-12681.3
-9708.32
2514.86
-2354.45
-6390.15
-5152.47
-1967.86
-8193.85
-5320.85
-6912.25
-6759.15
-2522.28
-1521.28
-6080.34
-3042.07
-8655.02
-3602.64
2636.33
-1447.04
-4104.29
-3146.03
-1179.82
-5037.4
-2246.23
-4389.89
-4195.43
-1670.01
-1485.29
-4060.65
-2872.94
-5948.69
-811.126
1855.61
-916.026
-2718.21
-1979.5
-734.359
-2905.66
-1042
-2852.63
-2899.85
-1087.4
-1572.93
-2408.44
-2605.1
-4087.59
-95.5556
40.6813
-621.614
-1807.09
-1331.76
-487.57
-1985.57
-1136.39
-1909.12
-2135.13
-669.485
-1216.38
-1447
-2229.6
-3721.61
-1294.96
-1255.74
-1528.43
-3681.26
-6488.86
-2580.85
-5499.58
-8716.91
-8874.34
-11577.6
-818.228
-350.542
-3144.6
-1195.73
-1208.65
-6957.81
-2429.19
-1330.27
-3204.05
-5331.18
-2107.16
-4704.11
-7248.04
-7374.62
-8986.81
-758.456
-195.217
-2996.79
-833.375
-368.82
-6003.17
-1081.18
-1005.11
-2417.14
-3741.95
-1463.26
-3632.83
-5153.49
-5312.56
-6365.52
-554.633
-174.908
-2091.4
-680.703
-366.564
-3603.35
-635.18
-652.661
-1654.72
-2339.31
-904.782
-2507
-3264.71
-3543.7
-4154.85
-361.59
-138.716
-1422.42
-521.739
-175.867
-2289.25
-381.755
-418.494
-1086.75
-1482.32
-568.589
-1541.32
-2015.85
-2323.66
-2833.24
-225.24
-160.593
-871.738
-477.233
-136.082
-1475.09
-398.914
-274.208
-666.038
-986.022
-374.728
-992.588
-1594.79
-1538.06
-2085.89
-163.7
-167.916
-537.535
-396.711
-232.002
-1344.3
-575.729
9899.62
12642.8
24726.9
37424.8
38192.9
65750.6
28080.7
70775.6
22160.8
48624.3
33216.2
51308.8
29038.7
39752.3
11177.2
13072.1
26373.7
29780.1
33064.7
32982.1
24314.8
28235.3
35583.9
31364.7
8878.26
7361.35
10926.9
8009.55
22740.8
19435.9
38391.5
29657.9
29164.1
30291
34818.6
34189.5
13734.8
10372.6
65130
86731.7
43566.6
53066.7
81898.2
106468
43285.7
49765.3
51202.7
72005.5
46768.9
60888.7
28608.3
44755.8
5637.22
2020.33
5775.87
2185.31
17847
7531.24
24246.3
9332.17
18414.7
7302.22
18596.1
6364.01
30794.9
10389.6
39665.2
14103
36697.6
19654.3
35139.7
21120.9
30769.9
19598.6
28669.1
19879.9
31432.8
20260.4
30976.9
17913
37301.8
23042.2
37915.6
23222.3
31338
20990.2
32116.6
20949.1
34242.6
22631.3
35634.6
23212.5
33959.5
16672.7
19441.6
26143
33342.3
18246.5
17228.5
26206.9
36318.5
16479.1
21528.8
26445.3
38359.1
16834.8
23034.5
27416.1
7068.63
7465.15
2584.72
5271.7
21202.3
21897.6
9087.6
16997.5
26547.2
27767.6
15338
26253.2
12046.7
-926.196
19277.5
29173.4
19425.8
-1914.79
4810.12
16787
31730.5
29744.1
12325.4
17947.8
19844.8
21065.7
35689.9
5612.12
3763.11
3433.25
2998.78
16800.2
11602.7
11878.9
9767.99
19769.5
13289.1
15909.8
12214.9
3894.54
4724.82
9908.48
9508.24
18054.6
14177
23147.2
16830.4
21657.9
15921.2
8845.69
6639.25
13761.4
7537.5
16144.5
8530.93
17810.2
9348.97
25096.2
13426.2
12974.5
3475.97
12546.4
8791.69
12438.5
11422.6
13980.9
14720.2
13401.9
9287.57
14692.6
2771.16
11648.4
13667.9
11277
14716.8
13907.5
18284.1
14015.9
19597.8
12335
14701.6
11882.4
15669.2
18688.1
10051
27822.1
9709.9
17625.4
2702.36
24783.8
2634.1
18338.8
13882.2
28699.2
11392.4
16636.2
15899.9
26704.3
13989.3
2216.48
1435.5
820.437
1818.49
1213.46
742.455
7135.99
3671.87
1837.35
5585.18
2791.73
1408.29
7319.1
3763.06
2289.39
6701.09
3169.13
1887.85
2918.07
1323.01
826.741
6450.23
2526.23
1213.23
8356.21
3366.64
1466.79
9577.87
4290.42
2246.19
9205.34
3702.23
1673.66
7996.89
4001.76
1900.43
6992.07
3521.52
1486.03
8441.69
3951.39
1530.54
9166.56
4113.42
1545.23
12185.7
4800.46
1486
12116.1
15251.3
10363.3
12659.4
16134.4
21422.2
15540
20469.9
-116.801
356.724
-510.695
72.3832
2571.34
2435.89
1200.02
691.051
1481.18
2898.62
9565.91
12657.9
5015.69
3331.22
12521.8
12934.6
22185.1
24834
76.7238
-3585.26
8249.65
7867.16
6282.25
4748.48
720.418
366.732
605.148
332.931
1960.16
313.191
475.223
-73.7667
7549.06
1528.4
5751.71
1406.01
7687.35
1955.44
9116.09
2232.53
10895.1
10966
10164.8
10840.5
18700.1
16571.4
18207
15916.7
6023.03
7023.12
6782.5
6887.79
10751.5
10639.9
11596.9
10602.6
19327.4
15876.9
20227.6
15794.3
6056.93
6887.07
6374.46
6865.67
217.577
478.95
3976.7
1376.14
85.7735
325.924
3615.35
1190.77
447.492
596.674
4064.58
1489.9
590.815
635.638
3995.69
1486.98
-199.704
-219.686
122.412
9.08255
-1087.92
-933.378
30.5026
-118.7
130.738
-433.173
710.917
310.61
-6254.42
-8120.3
-2612.37
-1645.23
-183.284
-8814.16
-6875.66
-1866.13
-2321.89
-365.346
10126.9
6972.27
4786.67
3224.34
1102.9
-136.459
-78.9882
-16.9317
-18.9134
-517.374
-313.42
-64.8604
-58.6835
-533.204
-459.98
87.1661
8.2264
-2999.85
-609.952
-3759.29
-1491.46
-959.65
-394.911
-943.561
-515.107
-5.74201
53.8432
3912.31
1953.01
1773.53
149.18
1116.22
103.73
771.195
143.532
263.952
130.388
4277.5
2727.91
7108.41
3513.9
7471.84
5250
10628
6604.47
4323.18
2035.91
2467.83
1631.89
8085.23
3215.18
8616.84
3485.95
11575.3
6820.7
12081.5
7289.4
5084.96
1816.85
5483.78
2002.28
2313.37
1208.77
711.358
708.912
1504.51
1035.24
593.288
646.552
2606.36
1188.09
766.913
804.687
3078.29
1259.37
1106.87
812.871
-35.8242
-18.3034
-13.9068
-3.8552
-5.76202
-4.50082
-148.278
-83.7896
-55.5023
-11.0464
-18.5934
-13.9767
-260.872
-149.526
-90.5649
32.1297
-20.6745
-19.1835
-3.66176
-58.0742
17.3607
-426.934
-329.231
-200.43
-209.87
-182.416
-126.676
-265.582
-173.536
-110.551
91.3882
0.0171048
-8.09346
1997.86
817.738
323.056
227.085
-22.8636
-74.8299
143.754
-46.3871
-72.2549
92.5709
-38.2097
-49.0672
169.535
3.89788
-11.641
10.8126
2.99876
0.811321
0.0883337
-27.953
-6.49976
-2.47842
-0.87583
41.4623
11.1212
-0.204287
-0.942643
-28.1974
-5.6622
-6.72011
-2.80688
116.829
26.2388
0.303971
-2.27414
70.7927
15.0757
0.24088
-0.821012
81.8845
14.7908
3.33093
0.829254
107.874
21.1892
1.65808
-0.348143
286.057
61.5884
13.2132
2.48223
321.981
68.0318
16.8648
2.27343
208.94
44.1052
7.50024
-0.265089
265.617
55.1987
15.7588
2.79111
299.821
64.2408
10.6526
1.0023
354.487
76.0474
17.881
2.01537
304.442
66.2105
9.77832
0.361066
367.974
80.233
18.9011
2.31622
8.48307
2.73053
0.575686
-0.00469924
-2.07552
0.0787231
0.553447
0.0418409
11.4301
5.1699
0.185545
-0.537858
-16.2867
-2.02593
0.866518
-0.0232208
116.709
28.4167
5.1988
0.187478
62.627
15.6206
4.66747
0.344392
68.3601
14.6631
1.8419
-0.817435
29.8295
7.20766
4.3704
0.534204
225.358
46.9367
13.7397
1.57204
-6.53939
-1.45845
-0.181968
-0.132903
-13.9056
-3.47829
-0.721367
-0.169583
-9.49523
-2.06901
0.527765
-0.103302
-38.5594
-9.63365
-1.72131
-0.39461
7.74319
1.37463
1.88869
0.0641707
-52.0725
-13.1316
-2.28753
-0.505602
44.369
7.4738
3.54176
0.214684
-40.5347
-12.2168
-1.93467
-0.409493
116.311
20.2895
8.12245
1.22131
-5.50402
-6.85072
-0.412359
-0.101511
230.408
42.4551
12.5012
2.01543
74.7052
10.9971
2.9198
0.663132
184.224
32.1546
10.9199
1.92272
46.5562
3.73405
1.45409
0.304419
260.844
49.8532
13.8287
2.27447
92.6977
15.6082
3.6547
0.880859
276.613
54.3123
14.758
2.63421
104.127
18.5439
4.19754
1.03384
-0.0492862
-0.0147699
-0.00361889
-0.000826719
-0.000211678
-0.126205
-0.0274473
-0.00613119
-0.0013516
-0.000340386
-0.120354
-0.0328019
-0.00834564
-0.00196385
-0.000512366
-0.229401
-0.0541852
-0.0130282
-0.00298942
-0.000771003
-0.120497
-0.0346276
-0.00939242
-0.00228248
-0.000606361
-0.216661
-0.0622504
-0.0158344
-0.00371957
-0.000972046
-0.0313854
-0.0206295
-0.00618666
-0.00155324
-0.000421567
0.00861852
-0.00354921
-0.00202145
-0.000634825
-0.000193002
-0.00205899
-0.0254864
-0.00827926
-0.0021158
-0.000575949
0.0445284
-0.00463636
-0.0025715
-0.000737168
-0.000210486
-0.162508
-0.0489695
-0.012455
-0.00290989
-0.000756653
0.00210388
-0.0111364
-0.00358158
-0.000903531
-0.000243544
0.0758572
-0.00229748
-0.0030408
-0.00098501
-0.000296826
0.0495099
-0.00019987
-0.00151061
-0.000514288
-0.000157633
0.102595
0.0103009
0.000102377
-0.000295334
-0.000127204
0.0743077
0.00726765
0.000356058
-8.9625e-05
-4.95576e-05
-0.0340338
-0.0117515
-0.00292506
-0.00066078
-0.000166694
-0.0530914
-0.0136707
-0.00303192
-0.000640345
-0.000154331
-0.131256
-0.0350747
-0.00830338
-0.00185403
-0.000466749
-0.173853
-0.0404076
-0.0087365
-0.0018421
-0.000446274
-0.0869058
-0.0321554
-0.00848107
-0.00199906
-0.000520079
-0.23827
-0.0526606
-0.0113232
-0.00240903
-0.000590578
-0.199592
-0.0492166
-0.0113767
-0.00253419
-0.000641093
-0.202353
-0.0413308
-0.00869127
-0.00184023
-0.000451369
-0.100046
-0.0261684
-0.00612223
-0.00136985
-0.000347576
54.9715
352.854
167.831
1136.37
-154.93
1456.02
-904.355
1313.49
-1484.05
184.293
1010.97
2638
-718.698
1.48826
1586.22
3625.44
2000.55
3906.4
1722.02
598.751
288.337
188.56
149.419
497.754
313.43
107.846
73.0892
55.9039
6151.85
2143.85
1037.18
679.066
539.004
1511.22
694.924
364.523
235.574
183.924
10308
3601.63
1747.85
1145.72
908.889
2569.96
1187.96
609.625
395.905
306.421
14113.3
4956.06
2417.09
1587.3
1259.84
3395.52
1595.02
821.709
533.543
413.075
18168.9
6443.4
3164.25
2085.41
1660
4266.56
2051.35
1066.33
698.191
545.412
22698
8328.95
4140.4
2738.64
2184.19
6215.47
2781.09
1417.76
926.761
725.009
20710.6
7524.45
3718.11
2453.33
1955.43
5132.6
2404.05
1237.09
809.574
634.005
23696
8748.18
4362.47
2888.37
2302.99
6798.74
2983.72
1512.88
988.792
774.578
24782.8
9110.1
4550.6
3013.92
2402.8
7029.19
3098.72
1577.42
1014.23
800.172
1431.2
11166.9
10017.5
3381.76
-1638.65
-2825.47
-8129.37
-12503
-899.662
-9066.22
5049.14
-216.512
-1366.78
-4898.16
-11057.9
-16788.8
-16557.5
-21690.8
-5876.29
-7855.37
12624
7544.27
412.172
144.497
87.1736
88.5414
173.274
7124.16
4328.53
3729.94
2661.42
1249.36
942.66
1770.97
608.478
481.004
449.995
285.256
11535
3676.46
484.77
980.974
2154.44
1099.17
951.802
529.751
177.763
220.35
422.411
474.151
12053
6168.49
5731.18
3220.73
2247.13
3321.89
576.486
389.134
1013.75
7110.23
4678.92
2777.1
1584
778.231
4137.45
2363.9
1381.3
731.677
263.818
317.425
221.971
138.051
73.11
22.7526
114.33
82.0864
52.196
28.0424
8.7554
68.8723
49.281
31.1771
16.6593
5.17974
70.9601
51.5982
33.155
17.9305
5.6086
136.151
96.9241
61.0931
32.5884
10.1342
3655.83
2105.69
1174.38
662.236
386.485
1806.41
960.827
463.363
241.232
109.862
2015.63
1068.99
589.231
300.923
110.78
1112.65
569.294
275.468
130.081
48.3395
485.586
238.197
110.61
48.4754
15.3483
636.845
394.552
221.398
109.245
33.3566
1054.1
595.925
324.912
159.704
50.5251
344.567
183.672
94.3427
43.6543
12.986
343.019
221.937
128.634
64.6452
19.6573
308.548
192.396
107.691
52.56
15.6958
206.748
135.539
79.2433
39.9457
12.0906
6215.93
3655.49
2128.54
1179.92
628.831
2244.93
1338.82
769.178
395.775
140.062
347.191
226.637
132.917
67.6515
20.9172
712.522
472.929
282.092
145.654
45.5846
1498.47
968.009
568.481
292.492
94.3527
802.773
536.364
322.171
167.341
52.5047
707.672
480.117
291.773
152.532
47.6769
400.594
274.988
168.256
88.112
27.3501
134.379
91.7534
55.6004
28.7798
8.82407
170.967
120.08
74.7407
39.4944
12.2341
312.165
209.081
124.963
64.249
19.7625
357.002
243.883
148.493
77.4451
23.9926
6729.98
4250.64
2531.26
1398.58
685.459
3576.46
2111.16
1236.39
651.915
240.425
3491.96
2227.99
1272.03
656.308
234.479
2136.52
1330.29
781.731
405.891
135.775
1588.74
1041.89
618.976
320.798
102.995
2185.89
1356.58
793.703
410.277
135.6
425.519
285.935
172.084
89.2862
27.8055
301.738
211.935
132.049
69.9001
21.6895
754.523
511.125
309.785
161.486
50.2853
8996.63
18064.4
20353.7
56612.5
18785
70510
9629.22
22680.3
19571.3
15725.2
33305.6
28291.4
17919.3
15873
34913.2
27022.1
6977.05
5554.82
13530.5
9911.21
17033.7
13242
46119.6
35840.8
26993.6
19745.6
29907.2
18429
2843.12
7819.07
68716.5
88297
42359.4
52965.9
84904.7
107805
41926.2
49469.7
54118.4
73533.1
45682.1
60994.4
31907.7
46396.7
4025.02
1238.88
6661.25
2384.41
14014.2
6685.96
28088.9
10565
7797.78
4500.71
15724.2
5373.18
31113.6
10370.2
40151.1
14244.4
24424.5
14327.1
30441.6
18437.3
19190.1
14001
24067.8
17200.4
28024.7
18058.8
21783.6
13716
35568.3
21853.6
37507.1
22901.5
29523.1
19799.5
31635
20626.3
33110.7
21639.3
35400.5
22942.2
32613.1
16370.5
18018.7
25809.3
28816.1
17084.9
14590.2
25554.1
36177
16487.8
20886.6
26296.3
38433.5
16874.9
22866.5
27378
2530.13
2451.92
930.687
3394.18
9877.97
10610
6863.92
14487.9
8394.41
9707.14
11902.5
22423.9
14758.3
8867.66
15934.5
21656.4
17648.6
5805.05
8392.21
12351
23233.2
27819.8
14957
16400.4
15665.5
16628.6
34346.5
2531.42
1732.2
1710.06
1780.37
9170.82
6434.47
8932.38
7318.51
4857.26
2417.61
11696.1
8690.62
7985.95
7195.44
8851.4
7336.72
11068.5
7450.77
14993.5
10539.4
19143.8
13641.8
10940.8
7947.4
12158.3
6298.48
12342.5
5852.08
14102
6796.13
23806.7
12093.7
11107.5
3054.66
11066.6
8190.77
11742
11424
12792
14181
11975.6
8708.33
12487.9
2157.66
10845.1
13278.5
11033.9
14594.5
13150.4
17825.4
13774.7
19434.2
11604.5
14399.3
11667.1
15579.6
17770.1
9679.07
27587.1
9578.2
15966.7
2314.72
24372.6
2767.84
17893.7
13696.3
28598.4
11321.9
16496
15848.5
26674.6
13979.9
1403.46
1260.91
1354.12
1462.78
4552.64
3352.04
4928.46
4281.26
1256.93
1775.06
5866.63
5364.5
5807.84
4003.02
6137.03
3781.83
5326.63
3429.5
7650.38
5441.93
10257.3
6631.92
9390.7
5417.42
5938.47
2882.12
6550.37
2745.08
7223.23
2624.03
9741.62
2319.23
6205.23
9060.46
5557.93
10409.3
11188.9
12554.6
13428.7
17364.2
760.893
326.991
319.536
102.313
3241.3
1681.13
2365.03
675.293
1007.66
1637.23
7611.91
7409.39
2757.08
2294.54
11058.1
12432.5
20461.5
24282.5
-429.576
-3757.04
6985.32
7374.11
5474.79
4466.02
521.196
363.827
491.764
329.525
1203.31
369.626
299.41
-18.3718
5266.22
1487.33
4754.45
1282.01
6816.27
1798
8733.83
2151.01
5736.28
8500.7
8006.33
9396.92
10400.9
12129.4
14769.5
13726.4
4795.72
6223.15
3908.7
5821.15
9633.71
9912.26
11239.7
10389.1
17765.8
14861.1
19765
15510.7
5365.35
6435.35
6132.02
6724.55
35.0748
458.97
3686.11
1343.27
-3.17222
409.224
3440.2
1222.69
250.165
557.325
3854.56
1450.81
492.729
613.644
3924.46
1471.35
477.46
426.261
326.298
256.639
1191.06
1016.77
396.25
294.44
4745.55
3804.54
1249.23
1013.81
2748.91
3845.35
2699.25
-295.431
179.889
302.241
948.58
2948.41
-1236.51
-68.0797
13784.4
9540.1
6423.77
3859.19
1326.88
334.918
210.01
203.58
161.306
849.299
546.979
298.303
275.953
3047.8
2158.07
844.216
730.961
3480.71
3944.88
1832.89
2515.29
2728.28
2254.03
279.196
390.678
356.249
430.751
7657.42
4618.47
4931.11
2587.97
3107.17
1641.38
1751.06
902.668
538.225
382.96
4927.15
3572.16
6807.91
3584.1
7847.74
6111.71
9960.09
6547.29
4252.57
2123.92
3013.13
2201.74
7734.15
3152.04
8483.56
3443.6
11007
6636.34
11884.7
7204.37
4910.24
1805.76
5409.29
1983.64
2336.33
1270.63
758.809
755.596
1855.43
1354.73
740.888
788.489
2550.21
1193.14
771.5
815.733
3046.33
1252.36
1102.22
812.636
114.611
94.6225
106.618
90.3541
417.552
389.482
195.868
169.51
1557.18
1167.31
410.878
186.203
3650.66
2430.81
2484.71
1497.64
1640.22
1047.29
448.491
346.568
353.664
166.538
3818.56
2040.58
1789.71
929.763
1125.51
588.139
583.842
282.639
325.668
27.3266
23.6334
6.5457
1.75146
0.306105
-5.22457
-0.0394957
-0.930273
-0.548086
77.1275
20.9272
1.875
-0.554718
12.7588
7.08495
-3.74317
-2.18638
159.409
38.5559
2.6773
-1.98897
102.594
27.6316
3.81996
0.11179
92.1183
20.8394
5.30835
1.35755
108.333
23.065
2.37075
-0.147715
293.574
67.1703
15.259
3.15152
326.007
71.1292
17.9771
2.53226
249.672
56.14
10.5084
0.445105
283.882
61.0287
17.4303
3.1033
299.513
67.2269
11.8245
1.32907
353.377
77.4806
18.5603
2.20999
303.127
67.152
10.1952
0.48074
366.968
80.6289
19.1241
2.38227
25.2289
6.54185
1.3708
0.130259
18.2316
4.29861
1.56076
0.214327
66.9401
17.4057
2.54685
-0.140792
47.4716
11.3004
3.90321
0.500822
175.153
41.1873
7.57883
0.553565
143.214
32.0801
8.37331
0.966586
164.521
35.7876
6.10012
-0.0766739
120.858
25.4603
8.16406
0.973756
274.495
57.6629
16.1762
1.75472
11.3744
2.50258
0.639036
0.0261657
2.49707
0.512699
0.105883
0.0242121
44.3634
9.56256
3.13997
0.447071
13.2074
2.60037
0.879876
0.208967
87.319
17.8849
5.52683
0.830473
31.2675
5.77145
1.55951
0.36493
137.766
26.9365
7.62638
0.986688
60.6813
10.3271
2.47429
0.560467
185.375
35.7661
11.7824
2.04839
80.5364
13.3195
3.73404
0.850938
250.04
49.1542
14.4538
2.5379
95.9543
17.5042
4.53902
1.09004
230.727
44.5725
14.0784
2.69994
95.3724
16.6331
4.33787
1.01831
266.065
52.6024
14.7792
2.54821
99.1145
18.1052
4.35178
1.0739
277.077
54.9449
15.0148
2.71351
104.977
19.0507
4.3626
1.08383
0.00274407
-0.000656598
-0.000158459
-2.82676e-05
-3.89728e-06
-0.0365974
-0.00398266
-0.000457784
-4.54261e-05
4.5014e-07
0.00647501
0.00214755
0.000240797
2.11988e-05
5.4431e-06
-0.0262166
6.75376e-05
0.000258073
9.89814e-05
4.12018e-05
0.0302112
0.00777273
0.00104287
0.000133626
2.52963e-05
0.052212
0.00849179
0.00143852
0.000300409
8.81464e-05
0.0948184
0.0125452
0.00201582
0.000381633
9.5076e-05
0.0663496
0.0121392
0.00194018
0.000314293
6.36077e-05
0.169232
0.0178817
0.00217974
0.000304994
6.03287e-05
0.10924
0.0117506
0.00138242
0.000179167
3.06585e-05
0.0630515
0.00727932
0.000879304
0.000142557
3.999e-05
0.0777393
0.00731379
0.0007754
9.17454e-05
1.56166e-05
0.167392
0.0214676
0.00278151
0.000379049
6.52447e-05
0.0992452
0.0127624
0.00166824
0.000232448
4.13264e-05
0.139808
0.0203295
0.00261427
0.000302303
3.34027e-05
0.0896515
0.0114136
0.00139622
0.000158237
1.71692e-05
0.00629761
-0.00066746
-0.000251304
-5.30086e-05
-1.04393e-05
-0.00685571
-0.00277474
-0.000579996
-0.000102222
-1.8767e-05
-0.00943388
-0.00285746
-0.000663888
-0.000128195
-2.35824e-05
-0.0362365
-0.00831688
-0.00152226
-0.000255336
-4.51703e-05
0.0465506
0.00439139
0.000296667
-1.00602e-06
-4.10249e-06
-0.049773
-0.0090683
-0.00150181
-0.000236287
-3.75604e-05
0.00170326
-0.00123768
-0.000313923
-4.30552e-05
2.06107e-06
-0.0508178
-0.00723418
-0.00105932
-0.000150521
-1.9879e-05
0.0159205
0.000441069
-3.43812e-05
1.22109e-06
7.20031e-06
-170.673
194.02
-448.341
688.916
-896.722
916.753
-1534.92
849.099
-1872.07
-61.8964
872.81
2554.24
-907.67
-15.6438
1514.83
3577.44
1981.17
3892.82
1732.72
602.672
289.074
188.634
149.392
470.646
311.862
107.107
72.971
55.8983
6201.65
2159.28
1040.3
679.608
539.12
1436.47
683.782
362.862
235.423
184.03
10390.8
3625.25
1752.71
1146.68
909.191
2481.38
1174.73
607.621
395.701
306.493
14217.2
4982.89
2422.4
1588.26
1260.09
3322.57
1583.35
819.905
533.321
413.075
18292.1
6471.42
3169.67
2086.44
1660.31
4229.31
2043.95
1065.06
698.035
545.424
22783.3
8346.39
4143.58
2739.22
2184.34
6203.48
2779.53
1417.54
926.754
724.997
20827.8
7548.66
3722.59
2454.14
1955.66
5116.98
2400.13
1236.35
809.469
634.014
23745.4
8758.22
4364.27
2888.7
2303.08
6793.33
2983.39
1512.84
988.808
774.597
24800.1
9113.65
4551.32
3014.12
2402.92
7028.38
3098.91
1577.51
1014.28
800.227
1170.96
10877.4
9157.38
2695.48
1798.57
811.513
4507.89
2973.17
9298.69
8812.5
4221.94
2967.39
0.743821
1.89858
5.36635
14.4117
36.7359
88.9377
0.744692
2.69223
8.73657
24.2757
59.5693
130.339
0.408588
0.153286
1.14335
0.583727
3.46819
2.15111
9.85776
7.15094
24.8662
18.2547
62.6355
41.3258
195.288
386.748
723.293
1827.6
3029.55
3992.44
252.749
432.032
652.038
903.186
1173.8
1352.46
0.620763
0.474018
0.320348
0.180551
0.0577848
1.57605
1.19543
0.802077
0.449301
0.143293
4.4291
3.33561
2.22132
1.23657
0.392974
11.8118
8.82094
5.8236
3.21911
1.01899
29.8368
22.0473
14.4033
7.89574
2.4882
71.3664
52.0246
33.5509
18.2137
5.71208
0.619257
0.470749
0.316608
0.177714
0.0567412
2.22535
1.6791
1.12041
0.624742
0.198717
7.17859
5.37736
3.56132
1.97364
0.625618
19.8071
14.7137
9.66267
5.31884
1.6798
48.1977
35.4576
23.0646
12.6023
3.96473
104.394
75.9351
48.8702
26.4906
8.30185
0.342163
0.262417
0.178182
0.100829
0.0323452
0.128604
0.0988735
0.0673159
0.0381798
0.0122633
0.952626
0.725923
0.489484
0.275344
0.0880234
0.487593
0.372787
0.252267
0.142334
0.0455782
2.87356
2.17452
1.45541
0.813586
0.259158
1.78733
1.35734
0.911867
0.511318
0.163148
8.11182
6.08698
4.03825
2.24098
0.710899
5.90179
4.44413
2.95866
1.6464
0.523048
20.2841
15.0624
9.88658
5.43917
1.71724
14.9502
11.1508
7.34944
4.05572
1.28241
50.4657
36.9414
23.908
13.0092
4.08383
33.4779
24.6429
16.0244
8.74675
2.74929
154.183
110.486
70.1645
37.6786
11.7642
298.656
209.444
130.638
69.3515
21.596
541.911
370.152
226.313
118.837
37.088
1307.49
863.918
517.179
269.483
85.5956
2024.85
1286.74
756.307
393.924
130.688
2565.74
1598.78
930.87
485.278
165.056
199.936
143.52
91.2757
49.0646
15.322
336.434
237.738
149.206
79.515
24.7654
497.323
344.759
213.155
112.611
35.0535
668.729
452.354
274.86
144.003
45.0337
829.413
542.67
323.308
168.395
53.5959
923.88
590.984
347.569
180.52
58.3039
0.742095
1.89188
5.35036
14.3803
36.6825
88.7503
0.742201
2.68078
8.70022
24.1729
59.2903
129.638
0.407862
0.153233
1.1414
0.585779
3.46972
2.17506
9.89161
7.30055
25.1128
19.3128
63.2637
44.5676
194.57
384.745
718.133
1807.43
2995.61
3974.2
251.211
429.211
647.628
896.342
1164.89
1348.07
0.619546
0.473328
0.320075
0.1805
0.0577888
1.57157
1.19315
0.801463
0.449441
0.143435
4.41964
3.33236
2.22226
1.23874
0.393991
11.7984
8.8237
5.83549
3.23095
1.02379
29.833
22.0844
14.4585
7.94207
2.506
71.3338
52.1174
33.7001
18.3402
5.76079
0.617504
0.469753
0.316211
0.177637
0.0567455
2.21752
1.67491
1.11901
0.624702
0.198852
7.15456
5.36546
3.55834
1.97458
0.626434
19.741
14.6831
9.65736
5.32368
1.68288
48.0192
35.3748
23.0493
12.6142
3.97247
103.94
75.7156
48.8159
26.5065
8.31588
0.341683
0.262187
0.178137
0.100862
0.0323674
0.128622
0.0989524
0.0674226
0.0382684
0.0122974
0.951703
0.725953
0.490095
0.276001
0.0882959
0.489735
0.37487
0.254034
0.14352
0.0459954
2.87768
2.18056
1.46179
0.818378
0.260929
1.80948
1.37645
0.92652
0.520481
0.166261
8.15125
6.1282
4.07468
2.2659
0.719743
6.03674
4.5572
3.04284
1.69784
0.540307
20.5279
15.285
10.0644
5.55316
1.75649
15.8624
11.8753
7.86062
4.35498
1.38056
51.1163
37.5579
24.4118
13.3354
4.19631
36.2617
26.8456
17.5708
9.64699
3.0429
153.917
110.589
70.4515
37.9443
11.8689
297.794
209.497
131.159
69.8711
21.8047
539.452
369.797
227.071
119.718
37.4563
1295.86
858.887
516.178
269.996
85.9758
2003.32
1274.84
751.003
392.199
130.377
2553.71
1591.68
927.336
483.853
164.699
198.932
143.014
91.1222
49.0696
15.341
334.599
236.804
148.901
79.4988
24.7894
494.509
343.349
212.701
112.587
35.089
664.37
450.1
274.03
143.853
45.0456
823.517
539.296
321.725
167.824
53.472
920.915
589.213
346.667
180.147
58.2097
12548.3
7501.65
411.368
145.897
100.002
96.7893
178.859
7125.14
5537.25
3993.5
3805.43
1118.03
2369.27
650.991
724.095
408.789
11318
3716.66
548.833
1019.73
2169.62
1105.64
950.941
542.12
220.598
245.987
497.761
503.138
11825.9
6074.32
5642.23
3173.15
2229.57
3286.36
588.085
400.128
1025.72
7060.61
4647.97
2761.4
1577.63
776.92
4112.02
2350.25
1374.73
729.176
263.221
318.134
223.691
139.997
74.5626
23.284
115.887
83.6291
53.4859
28.8858
9.0471
79.7473
57.7446
37.0122
20.0037
6.26089
78.0072
57.142
37.024
20.1717
6.33739
141.522
101.65
64.7054
34.8124
10.8797
3989.93
2447.11
1434.08
819.335
456.014
3140.18
1992.22
1169.41
644.206
258.479
2367.18
1379.04
810.675
426.017
149.735
2168.52
1335.94
784.78
415.099
143.647
798.051
525.85
313.518
161.706
50.047
1551.85
960.208
564.028
289.837
90.9521
485.462
330.135
200.964
104.901
32.4444
537.412
363.973
220.826
115.008
35.5371
310.141
213.816
131.416
68.9718
21.3264
6251.39
3772.41
2248
1263.71
666.826
2342.01
1444.23
853.729
447.72
157.747
405.178
273.84
166.249
86.8754
27.1271
753.674
510.637
311.08
163.348
51.4928
1536.03
1012.71
607.091
317.398
102.963
815.67
551.68
335.686
176.247
55.5979
711.486
486.621
298.426
157.27
49.3805
413.872
287.5
178.181
94.3306
29.4529
170.628
119.774
74.7183
39.622
12.3093
193.008
137.483
86.889
46.5173
14.5159
377.202
260.16
160.188
84.3281
26.2247
384.139
266.899
165.421
87.5484
27.3258
6598.29
4179.52
2500.18
1390.35
686.808
3523.91
2085.39
1226.08
649.417
240.155
3500.73
2268.21
1318.86
690.571
247.909
2118.72
1330.41
789.159
413.171
138.749
1588.64
1051.87
631.507
330.266
106.527
2185.28
1373.32
814.223
425.584
141.4
439.165
299.424
183.051
96.2406
30.1723
312.516
221.542
139.446
74.471
23.225
770.445
527.858
323.846
170.561
53.4001
31.4453
101.354
196.118
328.344
497.313
695.059
4101.55
11578.6
10043.4
3656.34
14354.5
13081.6
12724
13539.6
3962.88
2747.08
10267.7
5504.56
16984.7
15136.5
307.071
3222.43
9284.84
7803.82
2799.13
11602.5
10082.6
9990.64
10457
3277.22
1550.37
8989.7
2635.14
12687.4
9707.5
-2497.85
2165.78
6400.26
5162.03
1809.27
8197.79
5321.65
6915.32
6759.38
2323.62
1448.34
6055.23
2958.43
8661.57
3605.88
-2626.72
1328.44
4110.23
3151.23
1082.85
5041.2
2248.18
4392.81
4196.68
1539.79
1410.57
4040.52
2794.77
5953.59
814.351
-1850.15
839.685
2721.79
1982.3
673.278
2908.61
1043.89
2854.72
2901.08
1002.73
1461.19
2392.49
2565.56
4091.25
98.3041
-37.3954
569.02
1809.29
1333.27
446.689
1987.83
1137.9
1910.58
2136.14
615.364
1133.1
1436.03
2203.72
3724.83
1297.37
1258.97
1406.9
3688.27
6500.23
2379.32
5502.02
8716.32
8874.89
11574.7
733.601
288.344
3168.47
1238.49
1210.46
6958.12
2430.18
1223.94
3210.06
5341.27
1940.05
4706.46
7247.9
7376.49
8985.48
681.187
147.032
3015.71
874.88
370.219
6003.44
1081.94
923.933
2421.5
3749.05
1344.73
3634.95
5154.08
5315.36
6365.92
498.208
133.616
2103.36
712.804
367.491
3603.92
635.438
599.511
1657.18
2343.14
830.531
2508.48
3265.45
3545.92
4155.79
324.068
111.911
1430.75
538.938
176.473
2289.77
381.824
384.315
1088.03
1484.29
521.611
1542.26
2016.49
2325.15
2834.11
201.333
138.209
877.419
486.227
136.316
1475.45
398.585
251.765
666.7
987.006
343.664
993.155
1595.24
1539.02
2086.57
145.489
148.096
542.78
402.412
232.117
1344.53
575.536
)
;

boundaryField
{
    patch1
    {
        type            calculated;
        value           nonuniform List<scalar> 
2440
(
-13740.3
-5033.27
-3322.32
-576.579
-389.2
-1013.91
-3286.9
-588.212
-400.221
-1025.93
13734.8
5015.69
3321.89
576.486
389.134
1013.75
3286.36
588.085
400.128
1025.72
-10885.5
-24668.4
-38147.8
-28067.7
-22141.5
-33148
-28998.6
-13027.7
-448.893
1886.76
8103.04
844.334
-5069.71
1347.82
11013
16638.3
6840.93
-12625.1
-7545
-412.236
-144.521
-87.1902
-88.5579
-173.305
-7125.02
-4329.06
-3730.47
-2661.7
-1249.46
-942.822
-1771.23
-608.561
-481.091
-450.074
-285.309
-11536.3
-3676.96
-484.853
-981.135
-2154.76
-1099.34
-951.944
-529.838
-177.797
-220.391
-422.487
-474.232
-12054.1
-6169.13
-5731.88
-3221.13
-2247.44
362.658
-0.408659
-0.153312
-1.14353
-0.583824
-3.46876
-2.15148
-9.8594
-7.1522
-24.8704
-18.258
-62.646
-41.3334
-0.40795
-0.153267
-1.14166
-0.585922
-3.47053
-2.17561
-9.89394
-7.30244
-25.1188
-19.3179
-63.2785
-44.5796
-12549.5
-7502.44
-411.453
-145.93
-100.029
-96.815
-178.903
-7126.23
-5537.71
-3994.12
-3805.69
-1118.24
-2369.62
-651.131
-724.248
-408.883
-11319.7
-3717.3
-548.949
-1019.95
-2170.05
-1105.86
-951.131
-542.239
-220.653
-246.049
-497.875
-503.254
-11827.3
-6075.08
-5643.13
-3173.65
-2229.96
9899.62
24726.9
38192.9
28080.7
22160.8
33216.2
29038.7
11177.2
447.998
-1638.65
-8129.37
-899.662
5049.14
-1366.78
-11057.9
-16557.5
-5876.29
12624
7544.27
412.172
144.497
87.1736
88.5414
173.274
7124.16
4328.53
3729.94
2661.42
1249.36
942.66
1770.97
608.478
481.004
449.995
285.256
11535
3676.46
484.77
980.974
2154.44
1099.17
951.802
529.751
177.763
220.35
422.411
474.151
12053
6168.49
5731.18
3220.73
2247.13
-363.445
0.408588
0.153286
1.14335
0.583727
3.46819
2.15111
9.85776
7.15094
24.8662
18.2547
62.6355
41.3258
0.407862
0.153233
1.1414
0.585779
3.46972
2.17506
9.89161
7.30055
25.1128
19.3128
63.2637
44.5676
12548.3
7501.65
411.368
145.897
100.002
96.7893
178.859
7125.14
5537.25
3993.5
3805.43
1118.03
2369.27
650.991
724.095
408.789
11318
3716.66
548.833
1019.73
2169.62
1105.64
950.941
542.12
220.598
245.987
497.761
503.138
11825.9
6074.32
5642.23
3173.15
2229.57
-34190.9
-12681.5
0.000453164
0.000348501
2.10532e-05
-6.19534e-06
-695.189
-1294.96
-1255.74
-1344.3
-575.729
34189.5
12657.9
-0.000451369
-0.000347576
-1.9879e-05
7.20031e-06
695.059
1297.37
1258.97
1344.53
575.536
-30287.6
1972.12
470.431
648.128
2862.49
-509.132
-583.425
-509.436
-563.935
206.891
29.2164
3710.27
4601.75
-678.656
-668.958
-419.449
-411.253
-909.831
-801.085
-1831.48
-1404.33
-2287.87
-1885.97
-826.742
-1213.15
-1466.54
-2245.22
-1672.67
-1900.51
-1486.03
-1530.43
-1544.94
-1485.7
-2927.48
14.8539
4.62941
55.7439
14.1185
90.632
19.2005
-17.3543
200.451
126.696
110.592
8.09732
-323.081
74.8377
72.267
49.0806
11.6425
0.131467
0.180024
0.127556
0.404697
-0.0602671
0.509831
-0.212567
0.411772
-1.22117
0.102245
-2.01704
-0.664075
-1.92387
-0.304823
-2.27616
-0.881793
-2.63559
-1.03449
0.000238151
0.000380611
0.000518922
0.000778558
0.000609584
0.000975412
0.000422222
0.000193129
0.000577784
0.000211093
0.000759074
0.000244365
0.00029753
0.000157872
0.00012756
4.96964e-05
0.000189509
0.000176198
0.000472862
0.000451695
0.000523291
0.000594021
0.000643307
-172.086
-65.6264
-531.583
-177.257
-909.561
-302.087
-1260.3
-407.621
-1660.4
-538.905
-2184.69
-721.254
-1956
-627.263
-2303.25
-773.121
-2402.85
-799.909
-295.705
-316.346
-1770.16
3428.83
10985
7837.43
3285.56
6821.81
15402.7
20152.2
9209.25
1969.03
659.687
934.351
3112.46
-375.047
-540.621
-359.195
-520.105
454.045
178.261
3943.07
4584.06
-554.072
-588.936
-382.957
-387.577
-1344.66
-1559.67
-3376.31
-4281.16
-1774.04
-5362.93
-4002.54
-3781.12
-3428.78
-5441.55
-6631.42
-5417.4
-2881.9
-2744.83
-2623.85
-2319
-117.164
-100.529
-381.531
-166.085
-1166.95
-186.168
-2430.46
-1497.37
-1047.14
-346.425
-166.532
-2040.44
-929.614
-588.037
-282.563
-27.3075
-0.0493002
-0.0350725
-0.428693
-0.203707
-0.829036
-0.362878
-0.985141
-0.558756
-2.04699
-0.849473
-2.53701
-1.08936
-2.69866
-1.0172
-2.54802
-1.07367
-2.71419
-1.08408
6.76861e-06
3.50523e-06
-3.4388e-06
-3.86089e-05
-2.35571e-05
-8.52618e-05
-9.35999e-05
-6.27407e-05
-5.85215e-05
-2.99489e-05
-3.76909e-05
-1.48971e-05
-6.41133e-05
-4.06846e-05
-3.26669e-05
-1.6849e-05
1.32228e-05
2.19637e-05
2.53405e-05
4.66775e-05
5.54108e-06
3.91422e-05
-2.51494e-07
-172.059
-65.6187
-531.699
-177.352
-909.868
-302.147
-1260.55
-407.606
-1660.71
-538.904
-2184.85
-721.239
-1956.23
-627.262
-2303.34
-773.14
-2402.97
-799.964
386.83
2018.12
-106.595
143.385
228.551
-1414.91
-881.784
-621.544
-1807.04
-1331.63
-487.421
-1985.57
-1136.39
-1909.12
-2135.13
-669.485
-1216.38
-1447
-2229.6
-3721.61
-274.179
-666.017
-985.926
-374.616
-992.588
-1594.79
-1538.06
-2085.89
-163.7
-167.916
-537.535
-396.711
-232.002
30291
-1972.3
-470.655
-648.415
-2862.81
509.046
583.422
509.347
563.944
-207.136
-29.3542
-3710.64
-4601.92
678.586
668.919
419.458
411.266
820.437
742.455
1837.35
1408.29
2289.39
1887.85
826.741
1213.23
1466.79
2246.19
1673.66
1900.43
1486.03
1530.54
1545.23
1486
2898.62
-13.9068
-4.50082
-55.5023
-13.9767
-90.5649
-19.1835
17.3607
-200.43
-126.676
-110.551
-8.09346
323.056
-74.8299
-72.2549
-49.0672
-11.641
-0.132903
-0.169583
-0.103302
-0.39461
0.0641707
-0.505602
0.214684
-0.409493
1.22131
-0.101511
2.01543
0.663132
1.92272
0.304419
2.27447
0.880859
2.63421
1.03384
-0.000211678
-0.000340386
-0.000512366
-0.000771003
-0.000606361
-0.000972046
-0.000421567
-0.000193002
-0.000575949
-0.000210486
-0.000756653
-0.000243544
-0.000296826
-0.000157633
-0.000127204
-4.95576e-05
-0.000166694
-0.000154331
-0.000466749
-0.000446274
-0.000520079
-0.000590578
-0.000641093
149.469
55.1647
539.162
181.578
909.149
302.595
1260.18
407.864
1660.35
539.031
2184.69
721.275
1955.98
627.326
2303.25
773.128
2402.86
799.912
293.864
310.457
1760.07
-3070.02
-11004.3
-7885.33
-3304.36
-6838.33
-15446.1
-20063.8
-7959.76
-1969.05
-660.008
-934.682
-3112.54
374.847
540.573
359.018
520.075
-454.284
-178.386
-3943.22
-4584.17
553.953
588.877
382.941
387.577
1260.99
1462.87
3352.04
4281.26
1775.06
5364.5
4003.02
3781.83
3429.5
5441.93
6631.92
5417.42
2882.12
2745.08
2624.03
2319.23
94.6275
90.3557
389.482
169.51
1167.31
186.203
2430.81
1497.64
1047.29
346.568
166.538
2040.58
929.763
588.139
282.639
27.3266
0.0261657
0.0242121
0.447071
0.208967
0.830473
0.36493
0.986688
0.560467
2.04839
0.850938
2.5379
1.09004
2.69994
1.01831
2.54821
1.0739
2.71351
1.08383
-3.89728e-06
4.5014e-07
5.4431e-06
4.12018e-05
2.52963e-05
8.81464e-05
9.5076e-05
6.36077e-05
6.03287e-05
3.06585e-05
3.999e-05
1.56166e-05
6.52447e-05
4.13264e-05
3.34027e-05
1.71692e-05
-1.04393e-05
-1.8767e-05
-2.35824e-05
-4.51703e-05
-4.10249e-06
-3.75604e-05
2.06107e-06
149.443
55.1558
539.281
181.674
909.455
302.655
1260.43
407.849
1660.66
539.029
2184.85
721.26
1956.22
627.325
2303.34
773.146
2402.98
799.967
-386.388
-2023.33
106.934
-185.801
-169.235
1513.28
724.443
568.955
1809.24
1333.14
446.551
1987.83
1137.9
1910.58
2136.14
615.364
1133.1
1436.03
2203.72
3724.83
251.738
666.679
986.91
343.56
993.155
1595.24
1539.02
2086.57
145.489
148.096
542.78
402.412
232.117
-19888.2
2321.6
-695.189
19885.9
-2321.57
695.059
-26354.7
-29776.4
-24311.3
-28237.8
-9623.49
-7921.03
-22736.4
-19475.9
-8970.64
-10060.5
-23422.7
-24613
-24974
-25700.8
-11046.9
-2772.42
-20977.3
-6566.45
-4689.36
-16208.2
-11999.6
-16109.2
-11099.7
-2726.3
-1700.31
-942.068
-7266.48
-3570.2
-1784.27
-6136.76
-3012.01
-1821.94
-12147.4
-15271
-16148.8
-21433.3
184.802
-408.22
-2580.37
-2382.93
364.456
295.119
1402.05
1036.32
669.913
725.128
3524.15
1872.36
3313.34
163.336
87.5399
535.9
302.481
554.968
382.737
41.9949
21.9822
16.3508
149.786
86.6763
55.8998
221.849
134.105
81.9596
122.491
656.313
1497.34
2549.8
2729.17
200.491
1213.59
-8.05482
-10.4535
385.851
1273.44
2230.45
3115.8
3017.78
307.893
1373.14
47.5038
6.29423
26373.7
29780.1
24314.8
28235.3
8878.26
7361.35
22740.8
19435.9
8407.01
9337.04
23337.1
24542.8
24965.5
25691.1
11046.1
2772.36
20975.3
5969.37
4214.1
16278.6
12057.9
16101.9
11098.4
2385.6
1505.3
850.537
7328.97
3594.8
1789.79
6138.3
3013.85
1823.08
12116.1
15251.3
16134.4
21422.2
-116.801
356.724
2571.34
2435.89
-343.147
-277.793
-1390.12
-1027.19
-669.372
-724.625
-3524.26
-1872.4
-3313.26
-156.531
-83.3251
-530.041
-299.44
-554.529
-382.367
-40.283
-20.7045
-15.2573
-148.148
-86.1211
-55.6847
-221.654
-134.008
-81.9133
-166.904
-613.022
-1487.68
-2547.13
-2728.64
-200.564
-1213.6
8.0214
10.452
-398.746
-1236.77
-2223.07
-3113.75
-3017.34
-307.973
-1373.15
-47.5524
-6.30313
1716.19
3508.79
0.252228
0.0482754
0.00995524
0.00208939
0.000510213
0.192651
0.0467678
0.0107144
0.0023755
0.000599918
-1221.12
83.9239
2641.98
9567.55
2138.03
290.272
-0.074315
-0.00932108
-0.00128482
-0.000169957
-1.92567e-05
0.0101994
-0.000588219
-0.000158339
5.08241e-06
1.74165e-05
31.4453
101.354
196.118
328.344
497.313
-2372.28
-1911.78
-8692.84
-7029.33
-17743.8
-13078.5
-1283.39
-672.242
-371.848
-4673.34
-2397.96
-1324.64
-7491.94
-3595.51
-1904.24
0
0
0
0
0
0
0
0
-1366.73
-269.914
-233.622
-50.4313
16.6558
2.20751
-3.62848
-1.71813
1.27866
-0.447141
-0.637863
-0.21544
-0.0576344
-0.00847982
-0.00205689
-0.000544857
-0.000165657
-0.033263
-0.00775789
-0.00188571
-0.000454558
-0.000125624
-0.0232975
-0.29949
-1.47551
-5.78168
-16.4455
-36.4303
-0.0195732
-0.0150778
-0.0102894
-0.00584834
-0.00188083
-0.250743
-0.192294
-0.130583
-0.073908
-0.0237104
-1.22905
-0.936438
-0.631452
-0.355258
-0.113579
-4.78535
-3.61683
-2.41802
-1.35063
-0.430071
-13.5179
-10.1295
-6.71148
-3.72122
-1.18016
-29.6704
-21.9909
-14.4094
-7.91818
-2.49878
-200.556
-155.692
-109.652
-68.5724
-36.4068
-11.3051
0
0
0
0
0
0
0
0
0
0
0
0
1899.01
327.062
440.346
90.854
-1454.55
-1102.09
-2656.61
-1710.44
-1837.6
-1180.25
-686.829
-369.941
-210.917
-972.298
-539.82
-318.383
-704.563
-402.586
-249.074
-34.2841
-10.5254
0.965232
0.975892
-1.82627
-1.65526
-0.192609
-0.0272939
-0.123594
-0.0397489
-0.00996619
-0.00231202
-0.0006025
-0.0354601
-0.0113164
-0.00300436
-0.00073022
-0.000197638
139.022
104.924
71.4296
43.1031
22.2087
6.78205
0.0232319
0.2974
1.45398
5.64253
15.1296
32.42
0.0194933
0.0149903
0.0102084
0.00579104
0.00186015
0.248747
0.190507
0.129165
0.0729978
0.0233971
1.20952
0.919928
0.619033
0.347602
0.110998
4.66095
3.51362
2.3419
1.30445
0.414636
12.3995
9.25592
6.10556
3.37148
1.06643
26.2836
19.3632
12.6008
6.88174
2.16364
-2642.08
-9568.35
-2145.65
-292.175
0.0747956
0.00943684
0.00131042
0.00017546
2.06286e-05
-0.00961424
0.000731534
0.00019118
2.14575e-06
-1.56003e-05
-31.4532
-101.379
-196.164
-328.417
-497.414
-1716.19
-3508.6
-0.251628
-0.0481298
-0.00992277
-0.00208238
-0.000508471
-0.192293
-0.0466664
-0.01069
-0.00236999
-0.000598513
1222.87
-82.9101
-11550
-16516.8
-27517.4
-32047.5
-31008.3
-36529.4
-14898.9
-16382.2
-2012.89
-1330.2
-801.085
-5524.1
-2767.54
-1404.33
-6700.04
-3166.48
-1885.97
-9205.05
-3701.19
-1672.67
-12185.6
-4800.25
-1485.7
696.656
28.5902
-530.528
91.7201
-1385.67
7.39169
-377.759
-227.539
529.242
407.677
62.5714
14.2396
3.97232
1.12309
109.045
24.0978
9.63779
3.14528
21.1181
5.12454
1.13657
0.276746
57.736
13.785
2.83849
0.692394
80.3341
18.8777
3.91628
0.956151
76.5092
18.7461
4.10301
1.00519
50.3691
14.1801
3.30956
0.852673
11.332
3.95348
1.01937
0.290716
21.2222
7.39942
1.97401
0.556234
3.98438
1.48265
0.361508
0.114443
0.560543
0.237146
0.07341
0.02517
0.166141
0.0347934
0.00750747
0.00161697
0.000401112
0.274191
0.0574337
0.0128432
0.00283457
0.000714733
0.0908042
0.0243645
0.00588812
0.0013478
0.000348433
0.120263
0.0331026
0.00796085
0.00180752
0.000463202
0.056499
0.0149088
0.00370792
0.000873987
0.00023173
0.0148219
0.00395682
0.00102155
0.000249678
6.83974e-05
0.0736683
0.0173438
0.00373396
0.000778355
0.000186274
0.210563
0.0448958
0.00933176
0.00192659
0.000460924
0.275147
0.0559769
0.0116258
0.00243129
0.000590381
158.449
672.037
1304.3
2326.34
3525.09
-137.758
1742.47
-598.124
-615.116
-18.2618
-129.367
-4.66705
-5.5959
-3.81177
252.446
62.4576
19.5077
16.9389
15.6631
239.094
22.1125
4.19383
6.79115
10.8884
281.955
7.35537
-3.01093
5.26305
11.9901
453.165
24.1035
-7.17057
-5.12657
-2.73167
-512.467
-226.472
-97.3506
-53.127
-34.6169
-198.647
-175.635
-83.3626
-46.1352
-30.1794
-529.678
-192.271
-71.2929
-33.5618
-18.2144
-477.243
-164.772
-53.1179
-19.7109
-7.23914
10863.9
15950.2
19696.9
25108.7
23494.8
28517.9
9145.15
11675.2
-67.4216
-815.655
-416.074
-214.617
-53.2763
-38.123
-24.1146
-12.8821
-4.00477
-271.48
-125.037
-50.21
-18.806
-5.81933
-215.769
-103.279
-48.1155
-20.2614
-5.69723
-155.936
-102.355
-59.8302
-30.1194
-9.09824
-1482.94
-1559.56
-4898.63
-4281.16
-5866.58
-5362.93
-10257.3
-6631.42
-9741.5
-2319
157.345
141.637
-370.59
542.245
-176.12
499.811
-370.273
-283.171
453.032
236.364
25.2566
4.8891
1.88973
0.695877
47.4759
8.2664
6.29878
2.50187
3.45232
0.591661
0.164679
0.0433394
8.23595
1.38231
0.114696
0.0452489
3.21189
0.569346
0.045884
0.050907
-10.4571
-1.28205
0.0193846
0.0555122
-17.7304
-2.29057
-0.195094
-0.00905766
-4.13165
-0.790316
-0.224933
-0.073591
-15.7851
-2.57404
-0.363764
-0.0729988
-0.190776
-0.109242
-0.129195
-0.0447512
0.0292237
-0.064044
-0.0373781
-0.0145206
0.0561631
0.00697632
0.000907582
0.00011296
1.10648e-05
0.0765635
0.00653225
0.00062579
2.30698e-05
-2.09048e-05
-0.0189504
-0.00287712
-0.000661542
-0.000180174
-5.82958e-05
-0.031771
-0.00258045
-0.000360718
-9.46706e-05
-3.52147e-05
-0.0143528
-0.00407871
-0.00106094
-0.000268957
-7.82985e-05
-0.00821104
-0.00262044
-0.000696815
-0.000172442
-4.80721e-05
0.0142417
0.00400187
0.000784716
0.000136221
2.52521e-05
0.058386
0.0111563
0.00189231
0.000303869
5.23801e-05
0.0774893
0.0118621
0.00180889
0.000268983
4.07273e-05
280.387
951.428
1644.08
2604.3
3616.82
-45.7809
1796.05
-547.395
-600.414
20.1946
-124.809
-3.15943
-5.34224
-3.78589
350.74
81.9847
22.9876
17.4296
15.6282
358.935
46.5026
8.70234
7.45318
10.877
387.13
29.9742
1.16717
5.97454
12.1664
520.166
40.9892
-3.83165
-4.58094
-2.65614
-485.448
-220.797
-96.2883
-52.9566
-34.5542
-160.391
-165.717
-81.4087
-45.7655
-30.1052
-515.549
-189.563
-70.7748
-33.4805
-18.1959
-473.211
-164.015
-52.979
-19.6819
-7.22818
-0.146211
-1.64845
-6.71506
-20.7952
-55.017
-127.5
-256.787
-439.261
-609.622
-610.141
-348.056
-48.1887
-0.121144
-0.0916685
-0.0613443
-0.0342848
-0.0109191
-1.36192
-1.027
-0.684862
-0.381688
-0.121373
-5.51803
-4.13397
-2.73828
-1.51776
-0.481161
-16.9698
-12.6086
-8.2822
-4.55995
-1.44033
-44.5198
-32.7571
-21.3119
-11.6465
-3.66439
-102.125
-74.2899
-47.8149
-25.9201
-8.12338
-203.128
-145.809
-92.7309
-49.8468
-15.5663
-342.126
-241.804
-151.785
-80.9027
-25.199
-465.664
-323.268
-200.128
-105.828
-32.9444
-455.349
-310.035
-189.387
-99.5261
-31.0688
-254.663
-170.713
-103.239
-54.0431
-16.9329
-34.9
-23.2281
-13.9963
-7.32609
-2.30256
-0.144943
-1.64165
-6.68985
-20.7195
-54.7843
-126.846
-255.175
-436.184
-605.52
-607.473
-349.288
-49.7943
-0.120264
-0.0911841
-0.0611692
-0.0342668
-0.0109294
-1.35741
-1.02477
-0.684323
-0.381892
-0.121539
-5.50201
-4.12686
-2.7375
-1.5194
-0.482095
-16.924
-12.591
-8.28381
-4.56774
-1.44416
-44.3769
-32.6986
-21.3108
-11.6652
-3.67409
-101.709
-74.0976
-47.7779
-25.9453
-8.14025
-202.06
-145.253
-92.542
-49.8311
-15.5785
-340.029
-240.626
-151.286
-80.763
-25.1808
-462.797
-321.55
-199.286
-105.503
-32.8681
-453.396
-308.745
-188.642
-99.1635
-30.9621
-255.475
-171.134
-103.382
-54.0562
-16.9235
-36.0322
-23.9184
-14.3437
-7.46548
-2.33715
-82.836
-3805.69
-345.385
-66.1619
-47.9923
-30.8141
-16.6757
-5.22315
-2168.68
-1336.06
-784.86
-415.143
-143.666
-263.078
-181.999
-112.148
-58.9434
-18.2257
11563.7
16522.5
27571.2
32045.4
31043.5
36655.1
12764.9
13992.9
1818.49
1213.46
742.455
5585.18
2791.73
1408.29
6701.09
3169.13
1887.85
9205.34
3702.23
1673.66
12185.7
4800.46
1486
-586.141
-37.4645
521.272
-51.8627
1376.63
-9.38871
330.15
208.035
-503.037
-401.817
-57.6519
-13.0808
-3.69185
-1.05078
-107.988
-23.8784
-9.55503
-3.11747
-19.9484
-4.81859
-1.06881
-0.260443
-57.163
-13.6391
-2.80101
-0.682309
-80.1847
-18.828
-3.90253
-0.951868
-76.4334
-18.7204
-4.09575
-1.00283
-50.3482
-14.1718
-3.30693
-0.851716
-11.3542
-3.9602
-1.02109
-0.291179
-21.238
-7.4028
-1.97452
-0.55626
-4.00047
-1.48801
-0.363026
-0.114881
-0.565696
-0.239008
-0.0739552
-0.0253345
-0.152356
-0.0316095
-0.00678554
-0.00145709
-0.00036073
-0.271255
-0.0569145
-0.0127373
-0.00281206
-0.000709117
-0.0908542
-0.0243656
-0.00588706
-0.0013474
-0.000348301
-0.120117
-0.0330521
-0.00794782
-0.00180448
-0.000462405
-0.0566207
-0.0149342
-0.00371314
-0.000875044
-0.000231974
-0.0148965
-0.00397506
-0.00102573
-0.000250595
-6.86238e-05
-0.0672734
-0.015627
-0.00332825
-0.000688174
-0.000163688
-0.207718
-0.0443862
-0.00923213
-0.00190578
-0.000455725
-0.273949
-0.055707
-0.0115682
-0.00241903
-0.000587321
-207.008
-624.617
-1297.45
-2324.06
-3524.45
137.711
-1742.38
598.105
615.13
-33.5833
97.253
-7.37962
-2.7416
-3.05204
-211.844
-44.8394
-10.9708
-11.1654
-11.0642
-235.863
-20.2894
-3.10259
-6.00438
-10.2369
-280.863
-6.67365
3.48894
-4.89282
-11.6783
-452.773
-23.8312
7.38654
5.30451
2.88452
512.48
226.493
97.3713
53.1459
34.6337
198.762
175.729
83.4442
46.2053
30.2404
529.681
192.275
71.2966
33.5653
18.2176
477.252
164.775
53.1186
19.7112
7.23937
-10876.5
-15960.7
-19734.4
-25148.2
-23424.4
-28429.2
-7723.31
-9905.69
67.4082
815.613
416.022
214.576
53.265
38.1142
24.1085
12.8785
4.0036
271.459
125.022
50.2023
18.8024
5.81748
215.734
103.258
48.1032
20.255
5.69507
155.903
102.33
59.8137
30.1099
9.09513
1354.12
1462.78
4928.46
4281.26
5866.63
5364.5
10257.3
6631.92
9741.62
2319.23
-179.929
-179.629
413.225
-488.244
177.759
-498.849
310.124
256.245
-427.914
-232.284
-23.9671
-4.60859
-1.80634
-0.665385
-46.867
-8.13659
-6.23593
-2.4787
-3.98665
-0.702746
-0.187314
-0.0493742
-7.62804
-1.28107
-0.0928044
-0.0399345
-3.09562
-0.537849
-0.0387267
-0.0487954
10.5327
1.30545
-0.0137105
-0.0538182
17.7813
2.30805
0.199756
0.0104785
4.15249
0.798767
0.22752
0.0744142
15.8167
2.58618
0.36734
0.0741275
0.20339
0.114385
0.130781
0.0452551
-0.0246161
0.0658307
0.0379211
0.0146897
-0.0527405
-0.00639335
-0.000801031
-9.26525e-05
-6.59692e-06
-0.0748521
-0.00629119
-0.00058065
-1.37029e-05
2.32329e-05
0.0193171
0.00297087
0.000683765
0.000185177
5.9564e-05
0.0322392
0.00269693
0.000387787
0.000100699
3.6739e-05
0.0146234
0.00414805
0.00107746
0.000272689
7.9245e-05
0.00830427
0.00264412
0.000702425
0.000173703
4.83898e-05
-0.0143329
-0.00381077
-0.000725511
-0.000122368
-2.18243e-05
-0.0571771
-0.0109849
-0.00186404
-0.00029819
-5.08805e-05
-0.0768601
-0.0117227
-0.00177997
-0.000262867
-3.91704e-05
-309.504
-912.141
-1638.76
-2602.51
-3616.28
45.7363
-1795.96
547.366
600.423
-68.5732
92.9602
-8.82081
-2.98734
-3.07806
-310.178
-64.1788
-14.4036
-11.6466
-11.0279
-356.152
-44.7276
-7.61377
-6.66639
-10.2256
-386.274
-29.3351
-0.694872
-5.60499
-11.8547
-519.862
-40.7388
4.04374
4.7583
2.80889
485.459
220.817
96.3087
52.9755
34.5711
160.485
165.804
81.4887
45.8353
30.1661
515.55
189.566
70.7784
33.4841
18.1991
473.219
164.017
52.9796
19.6822
7.22841
0.146194
1.6482
6.714
20.7919
55.0085
127.481
256.749
439.198
609.539
610.061
348.01
48.1809
0.12113
0.0916568
0.061336
0.0342799
0.0109175
1.3617
1.02683
0.684738
0.381616
0.121349
5.51712
4.13324
2.73777
1.51746
0.481063
16.967
12.6064
8.28063
4.55903
1.44003
44.5125
32.7513
21.3078
11.6441
3.6636
102.109
74.2768
47.8056
25.9147
8.12159
203.096
145.784
92.7128
49.8361
15.5628
342.072
241.762
151.755
80.8851
25.1932
465.593
323.213
200.089
105.804
32.9365
455.281
309.982
189.35
99.504
31.0613
254.625
170.684
103.218
54.031
16.9288
34.8936
23.2234
13.9932
7.32435
2.302
0.144904
1.64128
6.6884
20.7151
54.7731
126.821
255.128
436.11
605.427
607.391
349.248
49.7908
0.120231
0.0911579
0.0611508
0.034256
0.0109259
1.3571
1.02452
0.684148
0.38179
0.121506
5.50076
4.12588
2.73681
1.519
0.481966
16.9203
12.5881
8.28177
4.56655
1.44378
44.3675
32.6912
21.3056
11.6622
3.67312
101.688
74.0813
47.7666
25.9388
8.13813
202.021
145.222
92.5208
49.819
15.5745
339.967
240.578
151.253
80.7438
25.1746
462.719
321.49
199.245
105.479
32.8602
453.328
308.692
188.605
99.142
30.9549
255.442
171.107
103.363
54.0451
16.9197
36.0291
23.9157
14.3416
7.4641
2.33665
82.8127
3805.43
345.305
66.1425
47.9773
30.8039
16.6699
5.2213
2168.52
1335.94
784.78
415.099
143.647
263.012
181.951
112.116
58.9258
18.2202
0
0
0
0
0
0
0
0
0
0
0
0
-1904.05
-328.094
-441.664
-91.27
1454.61
1102.17
2656.8
1710.59
1837.59
1180.34
686.892
369.973
210.931
972.403
539.883
318.417
704.665
402.655
249.115
34.2076
10.5163
-0.968179
-0.976724
1.74974
1.63948
0.189228
0.0266089
0.123615
0.0397583
0.00996884
0.00231275
0.000602731
0.035314
0.0112823
0.00299672
0.00072857
0.000197236
-139.05
-104.947
-71.4469
-43.1149
-22.2155
-6.78429
-0.0232349
-0.297449
-1.45423
-5.64353
-15.1324
-32.4261
-0.0194959
-0.0149923
-0.0102099
-0.0057919
-0.00186043
-0.248789
-0.190541
-0.129189
-0.0730119
-0.0234017
-1.20973
-0.920099
-0.619154
-0.347673
-0.111022
-4.66182
-3.5143
-2.34238
-1.30474
-0.414728
-12.4019
-9.2578
-6.10688
-3.37225
-1.06668
-26.2887
-19.3673
-12.6036
-6.88342
-2.16419
2372.13
1911.62
8691.98
7028.64
17741.5
13076.9
1283.28
672.202
371.839
4673.01
2397.93
1324.7
7491.58
3595.72
1904.52
0
0
0
0
0
0
0
0
1368.41
270.794
234.381
50.7799
-16.4045
-2.14842
3.64138
1.7208
-1.18338
0.469514
0.642717
0.216458
0.0583242
0.00864424
0.00209454
0.00055324
0.000167781
0.0335124
0.00781862
0.00189973
0.000457666
0.000126403
0.0232908
0.299414
1.47513
5.78016
16.441
36.4203
0.0195674
0.0150733
0.0102862
0.00584643
0.00188021
0.250677
0.192242
0.130546
0.0738865
0.0237034
1.22872
0.936181
0.631271
0.355152
0.113544
4.78405
3.61581
2.4173
1.35021
0.429935
13.5141
10.1265
6.70941
3.72003
1.17977
29.662
21.9843
14.4049
7.91557
2.49794
200.505
155.65
109.62
68.5513
36.3951
11.3014
)
;
    }
    patch2
    {
        type            calculated;
        value           nonuniform List<scalar> 
348
(
-31.4532
31.4453
-135.652
-27.8147
-21.6956
-50.3009
-141.438
-30.1816
-23.2322
-53.4156
135.6
27.8055
21.6895
50.2853
141.4
30.1723
23.225
53.4001
-778.498
-263.904
-22.7587
-8.75762
-5.18121
-5.61008
-10.137
-386.724
-109.934
-110.841
-48.3635
-15.3543
-33.3701
-50.547
-12.991
-19.6643
-15.7014
-12.0947
-629.158
-140.127
-20.9247
-45.6006
-94.389
-52.5218
-47.6914
-27.3584
-8.82691
-12.2377
-19.7691
-24.0002
-685.742
-240.512
-234.586
-135.825
-103.03
-0.0577969
-0.143322
-0.393054
-1.01921
-2.48874
-5.71337
-0.0567527
-0.198756
-0.625746
-1.68016
-3.96558
-8.30368
-0.0323519
-0.0122658
-0.0880408
-0.0455873
-0.259211
-0.163182
-0.711051
-0.523164
-1.71763
-1.28271
-4.0848
-2.74997
-11.767
-21.6015
-37.098
-85.6204
-130.728
-165.104
-15.3254
-24.7712
-35.0621
-45.0454
-53.6106
-58.3197
-0.0578033
-0.143473
-0.394098
-1.02407
-2.50669
-5.76237
-0.0567602
-0.198906
-0.626602
-1.68333
-3.97351
-8.31804
-0.0323756
-0.0123007
-0.0883202
-0.0460086
-0.261002
-0.16631
-0.719951
-0.540476
-1.75701
-1.381
-4.19757
-3.04391
-11.8721
-21.8107
-37.4664
-85.9985
-130.412
-164.744
-15.3449
-24.7957
-35.0977
-45.0569
-53.4856
-58.2249
-777.155
-263.299
-23.2907
-9.04983
-6.26304
-6.33952
-10.8831
-456.094
-258.504
-149.762
-143.666
-50.0595
-90.9707
-32.4537
-35.547
-21.3328
-666.981
-157.785
-27.1348
-51.508
-102.991
-55.6137
-49.3949
-29.4618
-12.3133
-14.5207
-26.2327
-27.3343
-686.994
-240.221
-247.971
-138.786
-106.556
778.231
263.818
22.7526
8.7554
5.17974
5.6086
10.1342
386.485
109.862
110.78
48.3395
15.3483
33.3566
50.5251
12.986
19.6573
15.6958
12.0906
628.831
140.062
20.9172
45.5846
94.3527
52.5047
47.6769
27.3501
8.82407
12.2341
19.7625
23.9926
685.459
240.425
234.479
135.775
102.995
0.0577848
0.143293
0.392974
1.01899
2.4882
5.71208
0.0567412
0.198717
0.625618
1.6798
3.96473
8.30185
0.0323452
0.0122633
0.0880234
0.0455782
0.259158
0.163148
0.710899
0.523048
1.71724
1.28241
4.08383
2.74929
11.7642
21.596
37.088
85.5956
130.688
165.056
15.322
24.7654
35.0535
45.0337
53.5959
58.3039
0.0577888
0.143435
0.393991
1.02379
2.506
5.76079
0.0567455
0.198852
0.626434
1.68288
3.97247
8.31588
0.0323674
0.0122974
0.0882959
0.0459954
0.260929
0.166261
0.719743
0.540307
1.75649
1.38056
4.19631
3.0429
11.8689
21.8047
37.4563
85.9758
130.377
164.699
15.341
24.7894
35.089
45.0456
53.472
58.2097
776.92
263.221
23.284
9.0471
6.26089
6.33739
10.8797
456.014
258.479
149.735
143.647
50.047
90.9521
32.4444
35.5371
21.3264
666.826
157.747
27.1271
51.4928
102.963
55.5979
49.3805
29.4529
12.3093
14.5159
26.2247
27.3258
686.808
240.155
247.909
138.749
106.527
2.89683
5.73507
4.62941
12.2364
18.9726
14.1185
-32.1639
20.7015
19.2005
-91.4802
-0.0245105
8.09732
-169.687
-3.91581
11.6425
-119.511
-100.527
-191.109
-166.085
-410.955
-186.168
-353.654
-166.532
-325.666
-27.3075
-3.8552
-5.76202
-4.50082
-11.0464
-18.5934
-13.9767
32.1297
-20.6745
-19.1835
91.3882
0.0171048
-8.09346
169.535
3.89788
-11.641
106.618
90.3541
195.868
169.51
410.878
186.203
353.664
166.538
325.668
27.3266
)
;
    }
    patch3
    {
        type            calculated;
        value           nonuniform List<scalar> 
96
(
-0.74395
-1.89888
-5.36721
-14.414
-36.7417
-88.9517
-0.744815
-2.69266
-8.73795
-24.2795
-59.5785
-130.359
-195.318
-386.805
-723.395
-1827.83
-3029.89
-3992.87
-252.787
-432.094
-652.128
-903.305
-1173.95
-1352.62
-0.742252
-1.89231
-5.35155
-14.3835
-36.6904
-88.7689
-0.742362
-2.68137
-8.70209
-24.1779
-59.3023
-129.663
-194.609
-384.818
-718.26
-1807.72
-2996
-3974.65
-251.257
-429.286
-647.733
-896.477
-1165.05
-1348.23
0.743821
1.89858
5.36635
14.4117
36.7359
88.9377
0.744692
2.69223
8.73657
24.2757
59.5693
130.339
195.288
386.748
723.293
1827.6
3029.55
3992.44
252.749
432.032
652.038
903.186
1173.8
1352.46
0.742095
1.89188
5.35036
14.3803
36.6825
88.7503
0.742201
2.68078
8.70022
24.1729
59.2903
129.638
194.57
384.745
718.133
1807.43
2995.61
3974.2
251.211
429.211
647.628
896.342
1164.89
1348.07
)
;
    }
    patch4
    {
        type            calculated;
        value           nonuniform List<scalar> 
384
(
-16983
-46260.3
-77655.1
-100508
-80381.9
-64786.8
-47203.1
-17838.2
-23876.5
-67146.3
-92417
-33799.7
15178.9
46426.4
77667.8
100530
80406.1
64808.5
47367.5
15125.6
21610.8
67462
92777.8
30395.4
-74096.9
-106314
-111488
-153094
-78805
-108577
-115877
-155247
74109
106330
111503
153113
78830.8
108599
115900
155269
-38269.1
-61396.3
42397.3
63677.5
-34208.3
-12686.5
-44306.2
-17061.2
36004.4
13372.2
45402.6
17483.4
-42373.2
-63657.7
38282.8
61410.5
-14352.1
-10392.9
-44776.8
-33795.7
-55785.7
-80981.8
-7077.68
-2580.8
-25529.5
-9475.05
-17463
-12595.2
-52880.8
-40233.2
-59952.5
-83184.3
-8251.83
-2876.13
-29693
-10841.9
12994.8
9430.44
44926.1
33897.7
55797.6
80996.3
6460.91
2380.66
25578.9
9491.14
15821
11411.1
53167.4
40424.2
59976.1
83204.6
7521.28
2646.86
29770.4
10866
-35993.5
-13367.9
-45391.3
-17478.8
34216
12689.7
44315.7
17065.2
-29749.8
-35691.8
-27824.3
-34348.2
29744.1
35689.9
27819.8
34346.5
-2107.29
-2353.42
-7560.92
-9328.35
-7309.41
-6374.56
-10389.7
-14101.2
-16675.7
-26143.8
-18249.5
-26208
-16479.4
-26445.6
-16834.1
-27416.1
-1250.61
-2568.57
-6728.82
-10556.4
-4509.25
-5387.33
-10370.7
-14242.5
-16374.4
-25810.5
-17088.2
-25555.5
-16488.3
-26296.8
-16874.2
-27378.1
2020.33
2185.31
7531.24
9332.17
7302.22
6364.01
10389.6
14103
16672.7
26143
18246.5
26206.9
16479.1
26445.3
16834.8
27416.1
1238.88
2384.41
6685.96
10565
4500.71
5373.18
10370.2
14244.4
16370.5
25809.3
17084.9
25554.1
16487.8
26296.3
16874.9
27378
-2687.08
-5607.2
-9142.38
-17080
-15346.8
-26268.5
-19429.5
-890.192
-3558.37
-6937.53
-14594.4
-11910.1
-22437.5
-17651.4
2584.72
5271.7
9087.6
16997.5
15338
26253.2
19425.8
930.687
3394.18
6863.92
14487.9
11902.5
22423.9
17648.6
-2866.73
-8817.35
-14929.5
-20419
-25785.9
-33447.6
-30193.1
-35218.9
-36213.7
-2911.31
-8954.31
-15135.5
-20647.6
-26016.9
-33594.5
-30398.2
-35304.5
-36241.9
2535.7
8901.35
14925.8
20418.8
25786.3
33448.2
30193.6
35219.4
36214.3
2575.84
9040.15
15131.7
20647.4
26017.3
33595.1
30398.8
35305
36242.4
-901.538
-2762.86
-4695.04
-6445.3
-8226.45
-11069.9
-9834.78
-11755.8
-12111.1
-909.589
-2787.59
-4732.59
-6486.45
-8266.53
-11094.1
-9868.46
-11769.9
-12115.8
791.259
2794.13
4693.91
6445.1
8226.46
11070
9834.86
11755.9
12111.2
798.318
2819.32
4731.46
6486.27
8266.54
11094.2
9868.54
11770
12115.9
-433.872
-1330.31
-2267.18
-3126.67
-4017.98
-5484.63
-4839.53
-5846.21
-6031.19
-435.244
-1334.76
-2274.18
-3134.15
-4025.24
-5488.79
-4845.39
-5848.66
-6032
380.122
1345.31
2266.58
3126.49
4017.92
5484.65
4839.53
5846.24
6031.22
381.31
1349.84
2273.58
3133.98
4025.18
5488.81
4845.39
5848.68
6032.03
-288.066
-883.551
-1507.01
-2081.66
-2681.73
-3680.34
-3237.92
-3929.67
-4055.8
-288.226
-884.274
-1508.33
-2082.95
-2683.07
-3681.09
-3238.97
-3930.13
-4055.96
252.215
893.334
1506.58
2081.51
2681.65
3680.34
3237.9
3929.68
4055.82
252.35
894.071
1507.9
2082.79
2683
3681.09
3238.95
3930.15
4055.97
-231.005
-708.067
-1207.08
-1668.09
-2152.72
-2973.26
-2607.41
-3181.14
-3286
-230.979
-708.184
-1207.46
-1668.36
-2153.1
-2973.46
-2607.68
-3181.29
-3286.06
202.169
715.838
1206.73
1667.95
2152.66
2973.26
2607.39
3181.15
3286.01
202.144
715.957
1207.11
1668.22
2153.03
2973.46
2607.66
3181.3
3286.07
)
;
    }
}


// ************************************************************************* //
