/*--------------------------------*- C++ -*----------------------------------*\
| =========                 |                                                 |
| \\      /  F ield         | OpenFOAM: The Open Source CFD Toolbox           |
|  \\    /   O peration     | Version:  2306                                  |
|   \\  /    A nd           | Website:  www.openfoam.com                      |
|    \\/     M anipulation  |                                                 |
\*---------------------------------------------------------------------------*/
FoamFile
{
    version     2.0;
    format      ascii;
    arch        "LSB;label=32;scalar=64";
    class       volScalarField;
    location    "1.8";
    object      gradTx;
}
// * * * * * * * * * * * * * * * * * * * * * * * * * * * * * * * * * * * * * //

dimensions      [0 -1 0 1 0 0 0];

internalField   nonuniform List<scalar> 
5322
(
-0.0180384
0.0010592
0.0011117
-1.28522e-05
-7.70885e-05
-6.48191e-05
-4.41378e-05
-2.95138e-05
-2.05553e-05
-1.22742e-05
-5.48542e-06
3.04795e-05
4.21648e-05
-0.000570327
-5.41772e-06
0.00109755
-0.000852536
1.68978e-05
-0.000717829
0.000711055
-0.000944311
0.001322
-0.0013944
0.00222462
-0.00231623
0.00338194
-0.00341059
0.00515432
-0.00519348
0.00721803
-0.00686088
0.0104194
-0.00768304
0.0152092
0.00142235
0.0228166
0.016189
-0.00641336
0.0177352
-0.00105976
-0.0168366
0.0168748
-0.00102147
-0.01794
0.0178543
-0.000608067
-0.0190634
0.0168115
-0.000390992
-0.0200174
-0.0198929
-0.028533
-0.0095076
0.0179303
-0.00118544
-0.0292463
-0.000905995
0.02778
-0.000334679
-0.0277733
-0.000119618
0.0270561
-0.00013961
-0.0272777
3.22584e-05
0.026702
0.000404248
-0.0270174
0.00145169
0.0223049
0.00133782
-0.021055
0.0239201
-0.0246386
0.0237077
-0.0241542
0.0241725
-0.024192
0.0275646
-0.0202463
0.00947934
-0.0149001
-0.0101037
0.0155889
0.00126591
-0.00668269
0.0114587
-0.0317576
-0.00985112
0.0346212
-0.00157907
0.000316968
0.000546406
0.0037342
0.0199805
-0.00388693
0.000377969
-0.0013281
0.0117883
-0.0280355
-0.0279686
0.056969
-0.00134905
0.0154658
0.0252593
0.000657126
0.000288263
0.000209303
9.97658e-05
3.07147e-05
1.56975e-06
-8.09828e-06
-1.11077e-05
-1.14598e-05
5.344e-06
-5.64138e-06
-0.000351693
-0.000336252
4.64527e-05
0.000206489
6.39909e-06
0.000300471
-0.000361591
-2.86996e-05
-9.46572e-05
0.000563383
0.00045613
0.000117979
0.000359594
0.000223897
0.00016676
0.000386613
0.000185149
0.000199628
0.000393205
0.000159709
0.00032174
0.000447507
0.000502437
2.0737e-05
-0.000376602
1.50716e-05
0.000261743
-0.000325893
-0.000359102
6.11647e-05
0.000135166
6.82404e-05
-0.000280274
-0.000309651
6.99685e-05
7.84478e-05
9.86544e-05
-0.000306547
-0.00028686
7.08339e-05
4.61291e-05
0.000164423
-0.000320542
0.000423169
-0.000972645
-0.00127975
0.0013478
-0.00185269
-9.87158e-05
-0.00103743
2.29778e-05
0.000915238
-0.000210017
0.000945485
0.000464633
0.000698397
-0.00116854
0.000428852
-0.00100983
0.000803178
0.00104336
-0.001539
0.000122781
-0.00130843
0.00147211
0.00183099
-0.0024576
0.000129583
-0.00206113
0.00251298
0.00307316
-0.00397093
0.000211506
-0.00331731
0.00407458
0.00495596
-0.00625048
0.000319013
-0.00522425
0.00624224
0.00761792
-0.0095046
0.000454348
-0.00796026
0.00902679
0.0111282
-0.0139029
0.00063363
-0.0116247
0.0122946
0.0154169
-0.0192729
0.000894821
-0.0159015
0.0154408
0.0192305
-0.00343168
0.0112797
-0.0277546
-0.028307
0.0572193
-0.00247367
-0.00263985
0.00063953
0.0040582
0.0198946
-0.00285891
0.000580166
-0.00342929
0.0108209
-0.028222
-0.0278375
0.0568699
-0.00177717
0.0154568
0.000353539
0.000459516
0.000248723
0.000131024
4.89391e-05
1.01039e-05
-4.5874e-06
-9.87028e-06
-1.05151e-05
5.20843e-06
-5.48135e-06
0.000273995
-0.000306725
0.000307763
-0.000273081
1.6459e-06
0.000272244
-0.000252295
2.02299e-07
-0.000299754
6.38482e-07
-0.000270269
7.74769e-07
0.00025383
1.02631e-05
0.000278887
-2.36561e-05
-0.000303797
3.47625e-07
0.000300084
2.48882e-08
4.05e-07
0.000556527
-0.00104825
0.00104949
-0.00103346
0.00129713
-0.00162524
0.0021563
-0.00272569
0.00355204
-0.00445667
0.00568783
-0.00700017
0.00875371
-0.0105028
0.0128991
-0.0149973
0.0180906
-0.0200634
0.0237478
-0.0138576
0.000351221
0.0140485
0.000409496
-0.0231212
0.0195573
0.00011766
-0.0175351
0.0146977
7.13312e-05
-0.0124986
0.0103162
4.32394e-05
-0.00848203
0.00687638
2.53397e-05
-0.00551054
0.00437558
1.54475e-05
-0.00343791
0.0026764
1.07137e-05
-0.00208064
0.00160527
7.43174e-06
-0.00124573
2.04524e-06
0.00124955
-0.00159975
-5.01995e-06
-0.00129173
0.001035
-2.34175e-06
-0.000560269
-3.64515e-05
0.000568223
-0.00108617
0.00124398
-0.00160151
0.00205201
-0.0026355
0.00339766
-0.0042843
0.00546033
-0.00671321
0.00843989
-0.0100519
0.0125276
-0.0142804
0.0177388
-0.0188331
0.0233751
-0.0136956
-0.0033881
0.00574972
0.000638137
-0.0217691
0.0171613
0.00013632
-0.0160264
0.0132678
-6.05431e-05
-0.0110652
0.00923112
-8.86368e-05
-0.0074494
0.00610557
-7.31535e-05
-0.0048419
0.00388642
-6.28176e-05
-0.00302245
0.0023998
-5.52793e-05
-0.00182843
0.00146561
-5.51704e-05
-0.00109463
0.000846876
8.09983e-06
-0.000281329
0.000466451
0.000773767
-3.1469e-05
8.09277e-05
-0.000143595
0.000437325
-0.00135456
0.00122254
-0.00186339
-0.00125536
-0.00156621
0.000128987
0.00084971
0.000947501
-0.00114409
0.000411405
-0.0010124
-9.7172e-05
3.30244e-05
-0.000376694
2.98727e-05
-1.61034e-05
-0.000386988
-1.0699e-06
-9.35926e-05
-0.00104142
-0.00113009
0.000973293
-0.00152232
-6.49405e-05
0.00177185
-0.00244039
0.00301941
-0.0039498
-0.000224388
0.0049007
-0.00622626
0.00754525
-0.00947648
-6.51117e-05
0.0110069
-0.013808
0.0151501
-0.0188659
0.00390924
0.00063111
0.000132464
0.000171924
-0.00013826
-3.77537e-05
0.0114193
-0.0141759
0.000727825
-0.0114995
0.0114323
0.0158242
-0.018939
0.00114254
-0.0166558
0.0136769
0.0274768
-0.00224333
0.00141184
-0.0304372
-0.0282969
0.0544119
-0.00370553
0.000530981
0.000966606
-0.0128416
0.00249693
0.00733518
-0.0076269
0.000492053
0.00560534
-0.00498718
1.13756e-05
0.00366848
-0.00339551
-4.89001e-05
0.00222678
-0.00213706
-8.16625e-05
0.00144481
-0.00128679
-9.59888e-05
0.000931797
-0.000655256
-9.53169e-05
0.000743661
0.000255309
0.0001783
-2.90802e-05
-1.42951e-05
0.000405215
-0.000169441
0.00219856
-0.00296884
0.00374924
-0.00481205
-0.0031083
-0.00405778
0.000215599
0.00246575
0.00310174
-0.00250388
0.00013281
-0.00192536
-0.000102127
-5.096e-05
-1.65514e-05
-4.62354e-05
-7.65065e-05
9.25088e-05
5.76056e-05
-1.67861e-05
-0.000405735
-0.000127805
0.000467744
0.000666437
0.000568798
0.000201312
0.000965898
0.000346296
0.00033232
0.000293971
-0.000262615
-0.00065348
-0.000986067
-0.00049443
0.000350877
-0.000393972
5.73045e-05
0.000765542
-0.000682181
0.00607748
-0.00758588
0.00939736
-0.0116276
-0.00760445
-0.00976151
0.000484742
0.00599827
0.00779334
-0.00640613
0.000330194
-0.00492614
-0.000172678
-6.36459e-05
-7.14698e-05
-9.76634e-05
-0.000241144
-5.65651e-06
-6.45939e-05
-0.000158675
7.46556e-06
-1.64327e-05
0.000538744
3.24561e-05
-7.27e-05
-8.98974e-06
1.72046e-05
7.47304e-06
-2.75137e-05
5.87215e-05
-0.000677658
-4.16136e-05
-1.92674e-05
-5.80524e-06
-9.14257e-06
0.00163213
8.28148e-06
-0.00214752
0.00208959
-0.00266363
-3.51491e-06
0.00274311
1.75705e-05
-0.00353714
0.00345835
-0.00434978
2.53196e-06
0.004493
2.99964e-05
-0.0056614
0.00555331
-0.00682737
1.39809e-05
0.00707083
5.00657e-05
-0.00871085
0.00856429
-0.0102289
3.61216e-05
0.0106314
7.3116e-05
-0.0128347
0.0126388
-0.0145551
7.85363e-05
0.0151842
4.71486e-05
-0.0179792
0.0177132
-0.0193792
0.000128255
0.0201493
-0.000153251
-0.0235274
0.0231978
-0.0139283
-3.18526e-05
0.0138123
-0.000972285
-0.00230291
-0.00181972
-0.00277201
-0.0277244
0.005817
0.00382935
-0.00214084
-0.00430083
-0.00141891
-0.022261
0.00509495
-0.00904362
-0.012229
-0.00237724
-0.00368593
-0.00480783
-0.00257099
-0.00137502
0.000656051
-0.000772414
-0.00152646
-0.00142073
-0.000914613
-0.000631317
-0.000427141
-0.000129551
0.000557218
0.000578391
0.00058266
0.000670067
0.000894174
0.000853866
0.000619926
0.000624472
0.000428257
-0.000376604
0.0001182
-4.28987e-05
-2.97806e-05
0.000107378
-0.000328107
-6.77839e-07
-2.14692e-07
-6.52565e-07
7.95406e-07
-0.000209304
-0.000241429
-0.000240253
-0.000210898
0.000211063
-0.00017204
8.37246e-06
0.000243307
-0.000202479
-0.00020243
8.54682e-06
0.000241593
6.94932e-07
1.53517e-06
1.68566e-06
1.51191e-06
-1.0357e-05
6.68383e-06
-3.81972e-06
-1.79011e-06
5.75485e-06
2.30909e-05
5.88958e-05
3.16413e-05
-6.58866e-05
-0.000407591
0.000202844
-0.000248319
0.00154946
-0.0021685
0.0140563
-0.0170923
0.0204159
-0.000182976
-0.00581292
-0.00111457
0.00161806
5.4826e-05
0.000513861
0.000806636
-0.00240206
-0.00435209
-0.00845006
-0.0196216
-0.0202032
-0.0460279
-0.0186472
-0.0158994
-0.000272254
-0.00613773
0.0057217
-0.0405213
-0.0247153
-0.0120097
0.0177092
0.00141664
0.000755916
-0.0181057
0.0190659
0.00012832
-0.00236544
-0.0197539
0.0191282
3.88627e-05
-0.00261382
-0.0192881
0.0190725
0.000154408
-0.00419581
-0.0184136
0.0136149
-0.0117095
0.0101877
0.00777221
0.0220074
-0.0103502
-0.00575186
0.0032372
0.0124673
-0.0378831
-0.00184122
-0.021997
0.0213654
0.020561
0.0188716
0.0238575
0.0105499
0.00166874
0.00864887
0.0126125
0.0198119
-0.00679088
0.00173312
0.0115035
-0.0072761
0.000119127
0.0074037
-0.00533212
4.49908e-06
0.0050276
-0.00350661
2.29358e-05
0.00335762
-0.00223387
2.086e-05
0.00215719
-0.00139423
4.51132e-06
0.00130585
-0.000907891
-4.81274e-05
0.00070636
-0.000702258
-0.000237084
5.20067e-05
-0.000772383
-0.000473851
0.000285155
-0.000845155
0.00111218
-0.00145414
5.53369e-05
-0.00124328
0.00108606
-5.09573e-06
-0.000566076
3.72429e-05
0.000561642
-0.000555008
3.86384e-06
4.96877e-06
2.05283e-06
2.63695e-06
5.70524e-06
1.01145e-05
3.05302e-05
5.0154e-05
8.56566e-05
-0.000321567
1.56389e-05
-0.000132975
0.00112645
-0.00115023
9.75735e-05
9.1468e-05
0.000475668
0.000494413
0.0039362
0.00505079
-0.000222991
-0.00330918
0.00408203
0.000320557
-0.00521634
0.00623779
0.000458441
-0.00797844
0.00899745
0.000642594
-0.011757
0.0122166
0.000897604
-0.016321
0.000425083
0.000741418
-0.0026284
-0.00262613
-0.00797675
-0.00406793
-0.00231656
-0.00140638
-0.000918615
-0.000641998
-0.000435334
-0.000138876
0.000545328
0.000559271
0.000557986
0.000854241
0.000523205
-0.000139609
-0.00043023
-0.000656269
-0.000954572
-0.00144275
-0.00232504
-0.00404362
-0.00770096
-0.0178037
-0.0186338
-0.0320441
-0.0259576
-0.00866855
-0.00863107
0.0161051
0.00170943
-0.00200992
-0.00160445
0.00754281
0.000256565
-0.00613789
-0.00586356
0.00600936
-9.43403e-06
-0.00672801
-0.00642867
0.00530117
5.26084e-06
-0.00835554
-0.00796456
0.00265837
-0.011588
0.00802289
0.00779053
0.00813647
0.00712293
-0.00989321
0.000762968
0.00352562
-0.0115264
0.00264177
-0.0107493
0.0123393
-0.026846
-0.00113049
-0.0258449
0.019763
0.0211274
0.0203462
0.0199513
0.0204389
0.019852
-0.0279867
-0.00137179
-0.0252408
0.0160295
0.0172002
0.0160992
0.0169852
-0.00113308
-0.0269307
-0.0267502
0.0123737
0.0203925
0.0188749
0.0179166
0.0223615
0.0222328
0.0172811
0.00495211
0.0102882
0.00434746
-0.00241405
0.00393094
0.000895689
-0.00288784
0.00212715
0.00030373
-0.00219896
0.00147944
0.000200284
-0.00158088
0.000979063
0.000120766
-0.00105058
0.00065934
9.79421e-05
-0.00069084
0.000390172
3.55412e-05
-0.00044615
0.000220926
-1.39497e-05
-0.000339677
6.96558e-05
-0.000160855
-0.000417973
-0.000188065
-0.000557988
-0.000675261
-0.000671119
-0.000451175
-0.000323328
-0.000504435
-2.02391e-05
0.00037789
-0.000280234
2.8729e-05
0.000310979
-0.000308951
1.33938e-05
0.000323309
-0.000332386
-1.19148e-05
-2.4276e-05
-0.000602926
-2.39257e-06
-0.00107394
1.99241e-06
-0.00126325
9.82511e-06
0.0016239
-0.00164516
-1.90371e-06
-0.00206269
6.1e-05
0.00265871
-0.00240998
7.44392e-05
0.00307511
6.44326e-05
-0.00390314
0.000109413
0.00490354
8.38226e-05
-0.0061055
0.000154137
0.00749675
6.83507e-05
-0.00913777
0.000199995
0.010946
7.17868e-05
-0.0130432
0.000266361
0.0152737
-0.00010233
-0.0175646
0.000452973
0.0201387
-0.000169675
-0.000666161
-0.0251558
-0.0182255
0.000780555
0.0203234
-0.000317574
-0.018754
-0.0130207
0.000641961
0.0155163
-0.000193469
-0.0133898
-0.00921211
0.000406294
0.010978
-0.000142989
-0.00914302
-0.00626119
0.00026973
0.00738205
-8.32661e-05
-0.00594043
-0.00407429
0.000171436
0.00473002
-5.64679e-05
-0.00368763
-0.00253658
8.86175e-05
0.00293951
-2.24158e-05
-0.00217271
-0.00152403
4.39328e-05
0.00184992
1.81793e-05
-0.00121494
-0.000868365
8.99211e-05
0.00134681
0.000148714
-8.89453e-05
0.000285413
-0.000474497
-0.000774332
5.31936e-05
-0.000240539
4.75995e-05
0.000691453
-5.58812e-05
1.11309e-05
-0.000572011
4.34205e-06
0.00107638
-0.00104895
-2.21577e-06
-0.00125133
5.67181e-05
-0.00147168
4.35114e-05
0.00186814
7.96471e-05
1.90975e-05
1.19619e-05
1.58027e-05
0.00131379
1.35897e-05
-8.45992e-06
-0.000252986
-4.218e-07
0.000278565
1.24842e-06
1.31842e-06
1.52303e-06
-4.29015e-05
-4.99291e-05
-3.5998e-05
-0.000378579
-3.39467e-06
-9.21465e-05
-5.90155e-05
-5.71019e-05
-6.50834e-05
0.00180149
0.00148803
-5.78231e-05
0.000184771
6.61213e-05
5.10531e-05
0.000857556
0.000124848
-0.00131766
0.00150517
0.000129655
-0.00206031
0.00253228
0.000211291
1.50612e-05
-0.000115774
-0.000134138
-0.00017308
-0.00020456
-0.000250671
-0.000214979
-0.000178551
-0.000118843
-0.000132735
-0.000116454
-6.13394e-05
-7.10309e-05
-0.00128958
0.00147103
0.00236139
-0.00295197
0.00391293
-0.00477369
-9.77471e-05
-0.00296337
1.52007e-05
0.00246282
-8.06348e-05
-0.00180174
-2.70765e-05
0.00156938
-6.28513e-05
8.44941e-06
-0.00137308
-8.42043e-05
0.00173058
-0.00191083
6.61111e-06
-0.00403763
-2.70462e-05
0.00504405
-0.00444772
1.0384e-05
-0.00565983
9.09802e-06
0.00703048
-0.00693579
3.25575e-06
-0.00848942
8.25251e-06
0.0103002
-0.0105927
-3.13499e-05
-0.0121576
8.81251e-05
0.0143452
-0.0168668
-1.19379e-05
0.0193141
-0.021833
-0.000252774
-0.000635748
-0.000107494
-2.11301e-05
2.32926e-05
2.97782e-05
2.56496e-05
2.07147e-05
1.58351e-05
-2.80469e-06
6.23001e-06
-0.000272686
0.000309657
-0.000304441
-0.000275819
2.64075e-06
3.02209e-06
-9.28947e-06
1.57224e-05
0.000260532
1.80395e-06
-2.86748e-06
-2.36136e-05
2.8936e-05
-2.74832e-05
-0.000369543
-3.36238e-06
-0.000108664
0.000759028
0.000130824
-2.7464e-05
-1.74692e-05
8.4148e-06
-2.06881e-06
0.000201793
0.000205553
-6.21394e-06
0.000171193
0.0002745
-4.87998e-06
-6.14599e-06
-6.14007e-06
-3.43553e-05
3.75653e-06
-0.00030623
0.000996492
4.33447e-05
-0.00151519
-1.63145e-05
0.00187366
-0.00165608
-4.0938e-06
-0.00216057
2.58004e-06
-0.00271155
5.95892e-07
-0.00347577
1.4225e-05
0.00440683
-0.00451343
-9.11604e-06
-0.00544145
9.08052e-05
0.006755
-0.00832614
9.86968e-05
0.0100879
6.53342e-07
1.20219e-05
1.3505e-05
1.24318e-05
9.47648e-06
1.11053e-05
1.88777e-06
5.00487e-07
-7.8292e-06
-9.31997e-06
-1.68273e-05
-2.95167e-05
-6.68371e-06
-7.51898e-06
3.41994e-06
3.40511e-06
4.6187e-06
7.03355e-06
8.86714e-06
1.36519e-05
1.54769e-05
1.67949e-05
2.63011e-05
3.40327e-05
0.00014402
0.000201321
-0.000575568
0.000223385
-0.000947127
0.00375061
-0.023378
-0.00638089
0.00018508
-0.0021407
0.0110182
-0.0109596
-0.0333013
-0.0129452
-2.56837e-05
0.00331307
0.000277152
-0.026136
-0.0114706
-0.00773776
0.0153172
0.00168672
-0.00173905
-0.00291924
0.00818527
0.000257457
-0.00572612
-0.00704953
0.00703738
1.10069e-05
-0.00628201
-0.00739397
0.00655332
5.96954e-05
-0.00806292
-0.00839159
0.00159102
-0.000457293
7.90389e-05
8.33148e-05
0.019326
-0.0175092
0.000282072
0.0156183
-0.000467398
0.000279527
-0.0197393
0.000461407
-0.0122033
0.0143081
0.000215647
-0.0158201
-0.0277392
0.0207135
-0.00163783
0.00271056
0.00913834
-0.000182568
0.0216942
0.0158777
0.0178249
-0.0212903
0.000755038
-0.0179863
-0.000285919
-0.0198961
0.000927424
-0.0190655
-0.000293854
-0.0191675
0.000968357
-0.0204742
0.0165767
0.0162479
-0.00108829
-0.0326037
-0.0261892
0.0122195
-0.00866878
0.0120255
0.00692137
0.00815709
-0.0106271
0.00294435
0.00227508
-0.0118586
0.00444847
0.00807904
-0.010025
0.0168938
-0.00903424
0.00146563
-0.00886686
0.00138676
-0.00956084
-0.00747809
0.00129616
-0.00062148
-0.000101276
-5.28561e-05
1.35923e-05
4.29524e-05
3.9111e-05
2.93895e-05
2.18603e-05
1.6103e-05
-2.88772e-06
6.53893e-06
-0.00017225
0.000211858
2.15098e-06
4.13448e-05
2.94266e-05
2.39533e-05
-0.000279453
-1.44041e-05
0.00032801
-0.000260025
-0.000136595
0.00032804
-0.000323163
-0.000453048
-0.000506024
0.000380076
0.00037788
-2.07741e-05
-3.02498e-05
-0.000105917
1.38612e-05
0.000389784
-6.27259e-05
-8.51099e-05
-6.64756e-05
0.000307979
0.000308882
-8.62587e-05
-6.1351e-05
0.000379043
-0.000181651
-0.000408184
-0.000182931
0.000383611
5.23489e-06
1.4086e-06
-3.29772e-05
1.55885e-05
4.90925e-05
0.000693064
-5.70171e-05
3.07138e-05
-2.87977e-06
-7.65891e-06
-1.32611e-05
-2.02307e-05
-3.34623e-05
-6.25746e-05
-0.000120064
1.85059e-05
-5.33884e-05
0.000107205
-0.000748055
-0.000212766
0.000792727
-0.00141333
-0.000506919
-0.00052783
-0.0157493
0.0151326
-0.000448167
-0.000345005
0.000980215
-0.000666576
-0.000356964
0.0027478
0.00503334
0.0026776
0.0151125
-0.00705961
0.00169794
0.0110262
0.0124818
-0.00366021
0.00124301
-0.00014949
0.000783577
-0.000186379
5.96256e-05
-0.00124625
-8.42973e-05
5.96514e-05
2.20621e-05
3.48241e-06
-3.0102e-06
8.84501e-06
-1.98776e-06
8.61905e-06
1.05493e-05
1.13814e-05
8.58921e-05
0.000168032
0.000258154
0.00036159
0.000482292
0.000688437
0.000395578
0.000118771
0.000225288
0.000129837
5.83737e-05
2.56473e-05
1.91451e-05
1.03326e-05
2.2274e-05
1.94479e-05
-0.00204714
0.00185006
-0.00237806
0.00304005
-0.00385404
7.62485e-05
-0.00337689
0.00263866
5.97511e-05
1.29595e-05
9.84721e-06
5.41401e-07
0.0016033
1.28174e-05
-8.93394e-06
0.000304592
-2.79977e-06
1.1165e-05
3.25831e-05
-5.77871e-05
0.000359108
0.000281485
-0.000115648
4.71504e-05
-6.10883e-07
-3.0852e-07
0.000175171
-5.96474e-06
-2.35886e-07
0.00012118
-0.000376426
0.000106294
1.92182e-06
4.30579e-05
3.11685e-05
3.4103e-06
-2.993e-05
1.46382e-05
2.98151e-05
-0.000115864
-0.000106424
0.0003605
-0.000137458
-0.000259137
-5.85479e-05
0.000330287
-1.39566e-05
3.25892e-05
2.01952e-05
-6.63583e-06
2.71104e-06
1.19753e-05
2.03265e-05
5.73269e-05
1.70113e-05
4.23403e-05
5.539e-05
7.30848e-05
1.41479e-05
-7.46742e-07
1.91341e-05
-1.38745e-06
0.00429359
-0.00540867
0.00485409
-0.0060464
0.00744935
-0.00910215
0.000160009
-0.00832124
0.00673305
0.000107589
1.04039e-05
9.20849e-05
0.00010698
0.000136489
0.000136878
2.71559e-05
-2.16595e-06
2.44098e-05
2.45988e-05
3.85792e-05
3.13306e-05
4.53538e-05
0.000107458
0.000319106
0.000189786
0.00109315
0.000126968
5.54826e-05
2.25004e-05
5.26374e-06
-5.21309e-06
-1.72381e-06
-2.3496e-06
6.99999e-06
4.24896e-06
2.93185e-06
1.31659e-05
1.49993e-05
1.15584e-05
-5.4827e-06
-1.00228e-05
1.06644e-06
-1.75602e-07
-3.04509e-06
3.02693e-06
6.07047e-06
1.0859e-05
1.79382e-05
2.31157e-05
3.48515e-05
2.81059e-05
3.52168e-05
6.71662e-05
5.74786e-05
3.9911e-05
9.81748e-05
0.00025034
8.68606e-05
9.29219e-05
0.00347446
-0.000607246
0.000380127
7.62109e-05
0.000265497
0.00739859
-0.000294076
-0.00107523
0.00597008
0.00204719
-0.0260632
-0.00950762
-0.0165766
0.0163576
-0.0116327
-0.0124828
0.0147731
-0.0177117
-0.000961107
-0.00132744
-0.0167451
0.0149748
-0.000136649
-0.000744933
-3.62268e-05
0.000288686
0.000393187
0.00632044
0.002194
-0.0115367
-0.0106333
0.017949
0.00162946
-0.004238
-0.00129825
0.00704673
0.000182955
-0.00820558
-0.00533415
0.00536072
-1.82203e-05
-0.00853547
-0.0058645
0.00470233
-4.35905e-05
0.00748279
0.00726014
0.00042129
0.0101147
-0.00988843
7.83506e-05
-0.00791701
-5.94624e-05
-0.000142545
-2.12527e-05
7.19837e-06
1.61872e-05
1.35903e-05
9.18795e-06
5.61145e-06
2.87712e-06
-1.55726e-06
-6.49644e-06
0.000135014
-0.00203305
0.0025298
0.000214244
-0.00328099
0.00410188
0.00625708
-0.00750932
0.00958488
-0.0114051
-0.000158812
-0.00739758
0.000134591
0.0061966
-0.000131117
-0.00475953
5.80992e-05
0.00396287
-0.000386635
-0.000269154
-0.00369778
-0.000166405
0.00436259
-0.00488543
3.56307e-05
-0.00981733
-2.10157e-05
0.0118935
-0.0103926
2.52768e-05
-0.0125723
2.83991e-05
-0.0147404
-2.5779e-05
-0.0170896
-5.36091e-05
0.0195643
-0.0203191
-1.37461e-05
0.0223389
-5.29929e-05
-0.0219753
0.0218989
-6.75109e-05
-0.0197944
0.020014
-0.022182
-1.29912e-05
2.20162e-05
0.000116554
8.4133e-05
3.77061e-05
1.31034e-05
2.20037e-06
-3.28751e-06
-6.2033e-05
-8.36436e-05
-0.000172327
-0.00021696
-0.00020937
-0.000253928
-0.00516992
0.00628615
0.000464747
-0.00787372
0.00910788
0.0140235
-0.0167277
0.0195252
-0.0233171
0.000387637
-0.017475
0.00169206
0.0133258
-0.000114261
-0.0113148
0.000432309
0.0093285
-0.000752458
-0.000368089
-0.00816936
-9.72993e-05
0.00983164
-0.0106864
0.000123925
-0.0198207
8.28262e-05
0.0230885
-0.0197594
-5.8825e-05
0.0221646
0.000155764
-0.0252344
0.0147982
-7.77044e-06
-0.0149466
0.0130057
-0.0166632
0.000497094
-0.00294536
-0.00146545
-0.00245233
-0.00409695
0.0172301
-0.0272752
0.00581363
-0.00629011
-0.00299895
-0.00170435
-0.0010974
-0.000742084
-0.000494353
-0.000275954
8.09952e-05
0.00176003
0.000820629
-0.000424432
0.000288376
0.00012232
0.00103113
-0.000909124
0.000891202
-5.45533e-05
-0.000590159
2.44018e-05
0.00116113
-0.00111375
-5.69545e-06
-0.00130929
1.09612e-06
-0.00162662
-2.71514e-07
-0.00210588
1.31231e-05
0.00270172
-0.00276136
-5.38377e-06
-0.00340324
7.17006e-05
0.00432079
1.89588e-05
8.38509e-06
0.00358941
1.2057e-05
0.00218292
-2.25078e-06
-4.39102e-06
-1.46189e-05
-5.11937e-05
4.21579e-06
0.000589237
3.75141e-05
3.58869e-05
0.000208416
0.000367625
-0.000676881
-4.96362e-05
-0.00117012
8.82203e-06
-0.00246922
-2.32529e-05
0.00309561
-0.00273337
3.3069e-06
-0.00354987
4.78126e-06
-0.00442647
2.72671e-06
-0.0055526
1.38455e-05
0.00689977
-0.00707763
-1.64333e-05
0.00873107
-4.91389e-06
4.48467e-06
0.00572141
-1.19548e-07
1.92097e-05
8.15728e-06
-4.43126e-06
0.00213106
-1.66091e-05
0.00129321
7.99555e-05
-3.86509e-05
0.0011346
-1.56949e-05
7.01205e-05
-0.000142538
0.00152107
-9.21298e-05
-0.000160826
-0.00231904
-0.000126666
-0.00311352
1.59968e-05
-0.00642737
-2.89988e-05
0.00791717
-0.00696022
1.87749e-05
-0.00864256
1.69504e-05
-0.0103646
-3.4183e-06
-0.012367
-1.14559e-05
0.0146216
-0.015099
-5.08021e-05
0.0174866
-3.45219e-05
-4.24462e-06
1.29671e-05
1.77923e-05
3.24288e-05
2.62942e-05
2.05232e-05
1.42927e-05
1.14082e-05
1.17279e-05
1.61287e-05
1.03994e-05
0.000120577
0.000195634
0.000283431
9.42435e-06
3.39364e-05
2.41379e-05
2.03624e-05
1.4699e-05
-1.48106e-06
5.8565e-06
-0.000121279
-0.00164964
5.48013e-05
-0.00161357
0.00227573
0.000121589
-0.00274938
-0.00281585
0.00231826
0.00216783
0.000118398
-0.00262571
-0.00300312
0.00245694
-0.00174602
5.16541e-05
-0.00156021
0.00138282
0.00145477
0.0014344
0.00139951
5.49608e-05
-0.00171543
-0.00159557
-0.000121338
0.00220473
0.000122084
-0.00294756
-0.00269111
-0.00019666
0.00351969
0.000232699
-0.00479829
-0.00435634
-0.00447031
-0.00458028
0.000236138
0.00363963
0.00371433
-0.000195619
0.00345447
0.000229953
-0.00424816
-0.00489015
0.00394873
-0.000202119
-0.00247645
-0.00370601
8.18789e-05
0.00198712
-0.000127125
-0.00148995
-0.00218698
3.72524e-05
0.00129884
0.00154203
-0.00091905
8.57872e-05
-0.000891942
-0.000121414
-0.000906573
8.53676e-05
-0.000890564
-0.000121302
-0.000907791
8.81547e-05
-0.000905539
0.00152248
0.00131171
-0.000126993
-5.88161e-05
0.000142351
-0.000552832
-0.000587887
-0.000571305
-0.000636037
-0.000605098
-0.000610207
-0.000609849
-0.000563951
-0.000858423
-0.000630362
-0.000574263
-0.000586832
-0.000394567
-0.000159037
-0.000201328
0.000378441
-0.000425416
0.00107301
0.00108561
0.00107785
0.0010794
0.00111983
0.00103622
-0.000408994
0.000329608
-0.000157903
-0.000394496
-0.000202416
0.000389747
1.96191e-06
5.79781e-05
5.88957e-05
0.000123186
0.000199335
-8.99789e-06
-0.000293311
0.00575756
0.000373
-0.00690325
-0.00707639
-0.00654326
-0.00755872
0.000359673
0.00535409
0.00613771
-0.000300256
-0.00397647
-0.00598608
0.000165839
0.00317191
0.00475494
-4.53713e-05
0.000432031
-0.000707776
9.20216e-05
0.000695379
-0.00109867
0.00013701
0.00109047
-0.00160771
0.000245157
0.0018082
-0.00207676
0.000739778
0.00370416
0.000631345
0.00196709
-0.000537586
0.00106447
-0.000564324
0.000738308
-0.000428497
0.000525749
-0.00030086
0.000343791
4.80358e-05
-0.000450325
0.00294985
-1.96604e-05
0.000246428
-0.000338333
-7.53858e-06
0.000110431
-0.000228411
-0.000281253
8.73735e-05
2.00707e-05
-0.00122316
8.55928e-05
-0.000852278
-0.000127445
-5.70688e-05
0.000155426
-0.000440001
-0.00067164
-0.000671096
-0.000559451
-0.000185159
-0.000420022
-0.000157806
-0.000290956
-0.000957486
0.000149748
0.00134916
0.0010319
0.00112728
-0.000408415
-0.000895707
-0.000550869
0.000145452
0.000465948
0.000454375
0.000698312
0.000977385
0.00132531
0.000263126
-0.00610092
-0.00924772
0.00742466
0.00494087
-0.000460164
-0.000299938
-0.000166085
-0.000144674
0.000668095
0.000890027
0.00116055
-0.00064347
-0.000419159
0.00910837
0.000510517
-0.00958957
-0.0111409
-0.00888842
-0.0137312
0.000369402
0.00741008
0.0111132
-6.41023e-05
0.000125139
6.01685e-05
3.88714e-05
7.24913e-05
0.000129034
-0.0122733
0.0109815
-0.0130764
4.06949e-05
0.000284705
0.000193225
0.000136514
3.5817e-05
-4.14897e-06
0.0100964
3.96023e-05
3.21289e-06
0.0144147
0.000235488
-3.57729e-06
0.000377961
0.000465953
-7.55378e-05
1.20407e-05
3.69491e-05
1.65586e-05
2.5185e-05
-2.25566e-05
2.83593e-05
2.49527e-05
4.30735e-05
7.13275e-06
3.50466e-05
3.10505e-05
1.29589e-05
1.42682e-06
2.53901e-06
1.88653e-06
1.34762e-05
0.000322879
0.000545851
0.000364461
0.00029208
0.000294921
0.000327263
0.0001624
0.00016192
4.92165e-05
0.000106967
0.000972054
0.000217169
0.000447916
0.000442557
0.000584464
0.000590376
0.000675533
0.000629412
0.000634976
0.000864205
0.000738183
-0.0114899
0.012444
0.000970054
-0.0155572
0.000712831
0.000496031
-0.00257332
-0.00349316
-0.0217991
-0.0230633
-0.0383809
0.00970705
0.00322353
0.0181101
-0.00656272
0.0104438
-0.00115569
-0.0117677
0.0106685
-0.000245676
0.00737651
-0.000264634
0.0100321
-0.0110274
-0.000897856
-0.000278361
-0.000335627
0.000138776
-0.00117827
0.00770199
-0.0003358
0.000430316
0.000244708
0.000125237
0.000144651
7.11258e-05
6.39325e-05
-0.000159246
-0.00016533
-8.88184e-05
9.61632e-05
0.000719931
0.000101747
-5.60265e-05
-9.30682e-05
0.00598735
-0.00735586
7.44569e-05
-0.0143195
1.31794e-05
0.0170701
-0.0147572
1.52595e-05
-0.0173334
2.9417e-05
0.0171487
-4.62318e-06
8.95261e-06
1.78878e-05
3.71108e-05
8.76905e-05
0.000666707
0.000132952
4.5257e-05
2.10694e-05
8.1871e-06
8.16495e-06
7.44174e-06
4.95516e-06
2.84644e-06
0.0021305
4.78732e-06
0.00274319
2.13296e-06
0.00163712
0.00127938
3.94315e-06
0.00107071
0.000587863
1.54349e-05
2.3201e-06
-1.00795e-06
8.27435e-06
4.92367e-06
0.00351012
8.31247e-05
-0.000223685
0.00276869
-0.000147127
0.000116752
-0.000314163
0.00391439
-0.000188728
-0.000352411
-0.00562758
-0.000173726
0.00667274
-0.000419047
-0.000224145
0.000243997
0.000170109
1.73458e-05
0.0056089
1.35612e-05
0.00560697
3.10541e-05
4.48938e-05
0.00858645
2.3111e-05
0.0105135
4.04108e-05
0.000110991
0.0125372
-0.000609102
0.00874354
-0.000401925
-0.000485564
-0.0116336
0.000133969
0.0120438
-0.00115997
0.000269304
-0.000256223
-0.00216685
-0.00566713
-3.82959e-05
-0.000881799
-0.00037413
0.000233261
0.000232546
0.0173579
3.18218e-05
-2.13343e-05
-6.42634e-05
-7.16944e-05
-0.000337586
-1.45838e-05
4.70219e-05
3.8086e-05
0.0149523
0.0124548
-1.07453e-05
-1.25387e-06
-3.95687e-05
-9.94437e-05
-0.000132443
-0.000581961
-0.000197226
-0.000183031
-8.55102e-05
-2.92051e-05
0.0126912
-3.2134e-05
4.37334e-06
1.37044e-05
0.000259228
0.000166888
8.57272e-05
-4.93672e-05
-1.2009e-05
0.000365662
0.000488717
0.000673526
-7.10347e-05
0.000283591
0.000255618
-0.000483735
0.00233576
0.00527459
-0.0036021
0.0237318
0.00193045
0.00107433
0.000240368
0.00104826
0.00129385
0.00113092
0.000880471
0.000661522
0.000460503
0.000469767
0.000148963
-4.35959e-05
-4.42401e-05
-0.000858221
-0.000425623
-0.000895602
-0.000442211
0.000151333
0.000447284
-0.000168334
-0.000127304
0.00201721
0.0024183
0.000120746
5.47685e-06
1.08724e-05
1.17819e-05
1.12672e-05
1.26572e-05
1.76939e-05
-3.23834e-05
0.000379025
0.00111934
7.67107e-05
5.58382e-05
7.56639e-06
-2.48349e-06
1.3189e-05
1.30944e-05
1.53537e-05
1.6878e-05
-1.15619e-05
0.000194314
0.000279584
0.000288683
0.000385036
-6.23678e-05
-0.000565584
-0.010426
0.00054456
-0.0101461
0.0115716
0.000805701
-0.0142152
-0.0147015
0.0118967
0.0111381
0.000714191
-0.0133936
-0.0157218
0.0127501
-0.000574044
0.010645
0.0158309
1.63833e-05
8.20838e-05
-0.00086584
0.00173961
0.00218114
0.00256293
0.00535439
0.00627235
0.0130867
0.0306721
0.00374522
0.0160514
0.0237973
-0.00203304
-0.00119514
0.00136746
0.0014041
-0.000787257
-0.000583266
0.00794391
0.00851862
0.00832571
0.00807616
0.00053601
-0.010889
-0.00990477
-0.000574863
0.0113228
0.00080702
-0.0152611
-0.0140133
-0.000789913
0.0148196
0.0158
0.0140335
-0.000766909
-0.000151456
-0.000213152
-1.78474e-05
2.21903e-05
9.66799e-05
2.25685e-05
2.2313e-05
-3.17344e-05
-1.24825e-05
-0.000214934
0.00216694
-0.000244463
-0.000148647
-0.000335781
-0.000298368
-0.000186007
-0.000315848
-0.000143422
0.00580427
-0.000175189
0.000106054
2.5579e-05
9.05768e-06
0.000242733
0.000211169
-0.00259923
0.0131417
-0.00678463
-0.024018
-0.0281679
0.00241636
-0.0134018
0.00568407
0.00184017
-0.00830877
-0.00922757
-0.000917799
-0.00135192
0.00883725
0.00818859
-0.000824391
-0.00804204
-0.000171868
0.00797406
-2.48623e-05
8.33918e-05
-2.19905e-06
7.94614e-05
0.000280298
0.000291624
0.000186248
4.58353e-05
3.35002e-05
-5.80225e-05
-5.34759e-05
3.16827e-06
-7.46683e-05
-2.86829e-05
-1.0553e-05
0.000373018
0.000472388
0.000475385
-0.000194364
0.000572637
0.000532939
-0.000318943
0.0208456
-0.00120826
0.00132152
-0.0231258
0.00052382
0.000289201
0.00298682
0.000359018
0.000612145
0.00195255
-0.00015713
-2.78836e-05
-0.000142268
0.000573103
0.00514595
-0.000343484
-0.000229106
-0.000139746
0.00010186
-0.0142115
0.0162896
-0.000608288
1.0353e-06
-0.000761132
-0.00173319
-0.00193435
-0.000358683
-0.000176043
0.00619962
-0.000196787
-0.000208444
-0.000397738
-7.70223e-05
-0.000247266
0.00551171
-0.000368685
-0.000165979
0.000583222
0.000472012
3.11581e-06
-6.44532e-05
-4.33718e-05
-0.000130434
0.000105438
0.000475523
0.000638794
0.000593928
-0.000619008
0.00197454
0.0020168
0.00219467
0.00223313
0.0230857
0.0020673
-0.00050785
0.00153825
0.00155341
0.00128375
0.000966425
0.0006899
-0.000301501
0.00388025
0.00322784
-0.000204053
8.8765e-05
3.47712e-06
-0.000305701
0.00501519
0.00602151
0.000364809
-0.00741024
-0.0067205
0.00545297
-0.000295202
0.00563622
-0.00041861
0.000881391
0.0006706
-0.00026916
-0.000270138
-0.000145825
-0.00041798
0.00112545
0.00128609
0.00103396
-0.00110422
0.0144309
0.0154129
0.0148002
-0.00112554
-0.0007942
-0.000584182
-0.000416171
-0.000637863
0.0089031
0.00746615
-0.000430256
0.000162355
0.000124537
-4.44927e-05
-0.000584481
0.010562
0.0123844
-0.000857655
-0.000699879
-0.000576148
-0.000433351
-0.000310163
-0.000241214
-0.000290925
-0.000958843
-0.000301129
9.75285e-05
0.000330553
0.000525239
-0.000460487
0.000737281
0.000951516
0.00121912
-0.00117641
-0.00186193
-0.000204785
-0.00198037
0.000261491
0.000845084
0.00269739
0.016017
0.0231864
-0.00195388
0.00211103
0.0152885
0.0233124
0.0020726
0.0145836
0.0242665
0.0115698
0.0002161
-0.000774939
0.0164163
-0.000790018
0.00233864
0.00875879
0.00126608
0.0031355
0.00332693
0.0032845
0.00439858
0.00272323
-0.000195463
-0.000483217
0.00323161
-0.00165618
-0.000795759
-0.000638648
0.00349124
0.000260905
0.00251785
0.00224032
0.016334
0.0137802
0.0152525
0.0145718
0.0149346
0.00311107
0.000487892
-3.31981e-05
-0.000447649
-0.00592798
-0.0187285
-0.020793
-0.000411591
-0.00025036
0.0121489
9.88357e-06
0.00856448
0.000173412
9.09698e-05
2.98552e-05
3.79425e-05
-0.00141446
-0.000543408
0.00246083
0.00448389
0.00351279
-1.71916e-06
-0.000792165
-0.0173052
3.22976e-05
9.13585e-05
-6.57535e-05
-9.07628e-05
0.00185602
7.00073e-05
7.12836e-05
6.95277e-05
-0.000231737
0.000210259
-0.000132773
0.0154731
-0.0165897
-0.00225364
-0.0327399
1.72773e-05
-6.646e-05
0.000281118
2.28602e-06
-0.033456
0.00161626
-0.000257928
0.000572029
0.000917632
0.00596923
0.000509408
0.000801772
0.000901196
-0.000162239
-0.000108737
-4.24035e-06
0.00861084
3.82069e-05
-4.24089e-05
-8.57946e-05
-7.53079e-05
4.26535e-06
-5.70015e-06
-1.04568e-05
-1.27343e-05
-1.62954e-05
-2.93851e-05
-7.41246e-05
-9.50646e-05
-0.000882229
-0.000529489
0.017951
0.00152593
-0.0274977
0.0303491
0.00195042
0.0196115
0.000598231
-0.0158372
0.0168305
0.00231814
-0.0122018
0.012041
0.000889675
-0.00935287
0.00851164
0.000637139
-0.00658971
0.00584041
0.0004624
-0.00441668
0.00383099
0.00028931
-0.00283928
0.00237788
0.000145633
-0.00178344
0.00139718
-2.72025e-05
-0.00116155
0.000683133
-0.000375705
-0.0010414
-0.0002887
-0.000896206
5.73807e-05
0.000594441
-0.000597955
3.52986e-05
0.000623637
-0.000616274
1.31281e-05
0.000627172
-0.000643397
-7.37183e-06
0.000625246
-0.000636478
-5.19851e-05
0.00060157
0.000624127
0.000983975
0.000224732
-0.000745844
6.48364e-06
0.00113483
-2.3828e-06
-0.00115572
-3.158e-06
0.00111501
-5.39641e-06
-0.00112157
2.0867e-06
0.00111861
2.74691e-06
-0.00109652
7.91467e-06
0.00113404
-2.55178e-05
-0.0011725
-4.4558e-05
0.00091834
-0.000120561
0.000211304
0.000424728
-0.000917535
0.00103223
-0.00158157
0.00179082
-0.00248891
0.00297403
-0.00397036
0.00478318
-0.00615105
0.00736665
-0.00913321
0.0107367
-0.0130606
0.0150412
-0.0176191
0.0205654
-0.0202011
0.021037
-0.0119457
0.0242136
0.0294671
0.0148774
0.0217825
0.0167265
0.0129118
0.00874185
0.00550859
0.0151652
0.000696996
0.0190789
0.00258774
-0.000169486
-0.00149256
-0.00180063
-0.00149731
-0.0007091
-0.000445646
0.0100466
0.00147083
-0.00872056
0.00817011
0.00435053
-0.00840114
0.0117959
0.0156945
0.016687
-0.010088
-0.00904613
0.00216026
0.0160859
-0.0063567
0.0220891
-0.0208331
0.0199986
-0.000219248
0.0238901
-0.0267528
0.00146959
0.0175878
-0.000850746
-0.0164406
0.0264984
-0.0244519
0.0223254
-0.020243
0.0174672
-0.0150619
0.0126349
-0.0105638
0.0086484
-0.00706156
0.00563905
-0.00451794
0.0035173
-0.00278284
0.00211387
-0.00169154
0.000784834
-1.23112e-05
-0.000777929
-1.64351e-05
0.00166305
-0.002048
-3.86204e-06
0.00271142
-0.00342415
-3.59499e-06
0.00439348
-0.00550162
-2.30887e-06
0.00686744
-0.00843545
1.06234e-06
0.0102747
-0.0123245
-5.9068e-06
0.0146237
-0.0170473
-3.19524e-05
0.0195923
-0.021867
-1.99873e-05
0.0236948
-0.0267385
9.51725e-05
0.0167157
-0.000479335
-0.0171643
0.0267092
-5.19789e-05
0.017275
0.00031944
-0.0178515
0.0271961
-0.0244948
0.0222445
-0.0198941
0.0173208
-0.0148106
0.0125088
-0.0103396
0.00835519
-0.00686054
0.00529321
-0.00429232
0.0033411
-0.00264355
0.0020357
-0.00167913
0.000754538
0.000113918
-0.000937126
-4.67223e-05
0.00168487
-0.00191788
-3.2858e-05
0.00235395
-0.00302787
-3.98065e-05
0.003855
-0.00466388
-6.04034e-05
0.00643383
-0.00913243
0.000194197
0.0119664
-0.0141921
6.57402e-05
0.0169159
-0.0197742
4.38638e-05
0.0227799
-0.0257091
-6.35233e-05
0.02792
-0.0301069
-0.00155631
0.01565
-1.6407e-05
-0.0276253
0.0219232
-0.019571
0.0157993
-0.000602161
0.0112498
-0.0267097
-0.00527245
-0.00991391
0.0117656
0.00441897
-0.0209386
0.0198336
0.000808549
0.0256627
0.0183033
0.000134387
-0.0244077
-0.0145584
0.02424
-0.0124794
0.0317845
-0.00070167
-0.00130613
0.00770343
-0.0150831
-0.0189198
-0.000713094
-0.00146636
0.00971864
-0.000929307
-0.00670032
0.00895777
0.00921468
-0.00114806
-0.00494886
-0.00207604
0.00770961
0.00822866
-0.00144778
-0.00290583
-0.00290557
0.00821865
0.00774293
-0.00143918
-0.0020612
-0.00493448
0.00922645
0.00908062
-0.00112586
-0.00667743
-0.000896848
-0.0102749
0.00979837
-0.00141073
-0.000702077
-0.0190593
-0.0151261
-0.00547542
-0.0128837
-0.0086387
-0.00716687
-0.0134121
-0.0072091
-0.00858946
-0.0128464
-0.00551147
0.00813685
-0.00348333
-0.00258804
0.000245406
0.0112541
-0.00214064
0.00173545
0.0279432
0.0260471
-0.0160171
0.0190457
0.0188947
0.0201806
0.00035683
-0.0159103
-0.0182691
0.028124
-0.0122913
0.0259052
0.0013784
-0.0021506
0.0115543
0.000914718
0.000261818
0.0112974
-0.00214485
0.00170101
0.0241622
0.0319716
-0.0244783
0.0258784
0.000744187
0.0199947
-0.000901986
-0.0208885
0.00445263
-0.0293742
-0.0124779
-0.0149736
-0.0214462
-0.0183279
-0.0184411
-0.0122924
-0.0213214
-0.0150717
-0.0293036
-0.0242181
-0.0454406
-0.00573204
-0.00664992
-0.00993199
-0.00617003
-0.00251764
-0.00218793
-0.00195104
-0.00026562
-0.00121273
-0.00225366
-0.0166931
0.0122369
-0.0145778
0.0121863
-0.0106276
0.00888394
-0.000319417
0.00940187
-0.0117541
-0.000392106
-6.07909e-05
-0.0151772
0.0122039
3.6115e-05
0.0135056
0.00985686
0.000646148
-0.0155933
-0.0111025
0.0135697
0.000757414
0.0190079
0.000884072
-0.000120905
-0.000237543
-0.000202437
0.00090476
0.0168618
-0.00241508
-0.0203479
-0.0018815
-0.00173994
-0.0014769
-0.000793952
-0.000502795
-0.00081281
-0.00178216
4.00142e-05
9.65054e-05
0.000781227
-0.00084978
-0.000227912
-0.0269032
-0.000200473
0.0243619
-0.0239289
0.0219331
-1.67592e-05
-0.022131
2.12907e-05
0.0200692
-0.0197645
0.017143
3.00915e-05
-0.0173285
-1.52043e-05
0.0149404
-0.0147405
0.0123849
3.42089e-05
-0.012538
-4.19358e-05
0.0104808
-0.0103365
0.00843258
1.60575e-05
-0.00859557
-2.74543e-05
0.00698918
-0.00689382
0.00547437
-6.25221e-06
-0.00563041
-1.26701e-05
0.00448097
-0.0044022
0.00341405
-6.94866e-06
-0.00350481
1.57083e-05
0.00276631
-0.00271092
0.00204882
-6.54375e-06
-0.00209724
1.20532e-05
0.00168046
-0.00166547
0.000772447
-8.20032e-06
-0.00079059
2.0684e-05
3.4828e-07
-4.69176e-05
0.000272476
0.000625841
0.000906573
7.18443e-05
-2.78752e-05
-0.00114955
-0.000476447
0.00034154
-3.60947e-05
-0.00148021
0.00120186
-6.7551e-05
-0.00215677
0.00230352
-0.000264968
-0.00151646
-0.00458658
-0.00242027
0.00631006
0.00192294
-0.000787079
-0.000114749
1.48443e-05
-0.00750891
0.00670235
-0.00859105
-0.000808532
-0.00158464
0.0080473
2.56572e-05
-0.00597157
0.00196602
-0.00360586
0.00550046
0.00477357
0.00485343
0.00031552
-0.00563766
-0.005704
0.00707433
0.000539942
0.00938009
0.00652913
-0.0011945
-0.00185872
-0.00180639
-0.00175772
-0.00114229
-0.00199521
-0.013106
-0.0164579
-0.0256294
-0.0228582
-0.013207
-0.00189412
-0.000735165
-0.00141054
-0.00149399
-0.00112371
-0.00138215
-0.00069428
-0.000755101
-0.000690543
-0.000898218
-0.00168695
-0.00620191
0.00251747
0.00177985
0.000162896
-0.000236527
0.000624719
-0.00431417
0.00368801
-0.00259567
0.00135798
0.00193692
0.00182756
0.000139972
-0.00203713
-0.00213353
0.00314013
0.000226068
0.00286344
-0.00055241
-0.000108714
-0.000123569
-9.834e-05
-0.000235502
-7.82376e-05
-3.79443e-07
0.000537187
7.68049e-05
-0.000345854
-0.000602738
8.38485e-05
-1.55887e-05
0.000125296
5.12982e-05
-3.80822e-05
-0.000102461
-0.000123633
-2.09726e-05
2.78009e-05
-0.000149325
-0.000238242
-0.000128193
-0.000241701
0.000493721
0.000100906
-0.000196123
0.000520014
0.00156362
-0.000272728
-0.000304664
0.00146912
0.000929483
-0.00180269
0.000472329
0.00021328
6.45052e-05
-0.00151026
-0.00121697
-0.000481752
0.00184185
0.00186455
0.00173097
0.00195388
0.000133946
-0.00192366
-0.00225125
0.00315031
0.000213403
0.00280642
-0.000411949
-0.00215085
0.000135623
-0.00196623
-0.000452871
0.00290317
0.00307139
0.00021622
-0.00336546
-0.00363397
0.00480049
0.00440434
0.00493167
0.000308052
-0.00531869
-0.0059209
0.00741007
0.000424885
0.0066975
-0.000364661
-0.00571671
0.000308703
0.00452796
-0.000357508
-0.00368943
-0.00324162
-7.18496e-05
0.000424489
0.000506259
0.000566397
-0.0107836
-0.00807303
-0.000244202
0.0102953
0.0101685
0.00983856
0.0107094
0.000578741
-0.0113733
-0.0123311
0.0149266
0.000793841
0.0138872
-0.000609198
-0.011579
0.00058371
-0.0122055
-0.0004662
0.0146276
0.0141053
0.00079595
-0.0160286
-0.014812
-0.0007351
-0.0146785
-0.0161108
-0.000652408
0.0182359
-0.0139883
-0.0210153
0.0193109
-0.0156892
0.0138543
-0.000180178
0.0129717
0.000253364
-0.0148618
-7.12201e-05
0.017448
0.000577639
-0.0203898
-0.0022116
-0.00227571
0.0121592
-0.000353033
-0.0119421
0.012159
3.88991e-05
0.0170059
-2.84133e-05
-0.0144077
0.0125739
2.08548e-05
0.0106373
-9.88302e-08
-0.00875441
0.00865383
6.24301e-06
0.00703563
1.6434e-06
-0.00566331
0.00574582
-1.88489e-06
0.00450272
3.33704e-05
-0.00353977
0.00409528
-7.11989e-06
0.00193741
8.22196e-05
-0.00153522
0.00118243
4.90986e-05
-0.00100172
0.00153041
-0.00130423
0.0013317
-0.00129926
0.00130023
-0.00132304
0.00128074
-0.00149574
0.00101429
-0.00054092
0.000562582
0.00035686
-0.000676877
-0.000129954
0.000512393
-0.000405445
0.00106294
0.000467257
-0.00143063
3.3023e-05
-7.8693e-05
-0.000147694
-0.000398918
-0.00133743
0.000329254
0.000122377
0.000234864
-0.000400502
0.000924545
0.000947593
-0.00232682
0.000202189
-0.00108196
-0.0017014
0.000101519
-1.01677e-05
-2.29407e-05
-2.32218e-05
-2.33902e-05
-2.26846e-05
-1.33583e-05
2.9561e-05
0.000120057
-0.000448611
0.000118657
-0.00477488
0.00580148
-0.00578227
0.00478548
-0.000193509
-0.00641826
0.00555106
0.00549596
-0.000195053
-0.00648349
1.40428e-05
0.00649406
0.000208293
-0.00545409
0.000101326
-0.00548678
0.00648766
0.000201941
-0.0047506
0.0057793
0.00820584
-0.00826477
0.00749829
5.6837e-05
-0.00761604
0.00734826
0.000150929
0.00986966
-0.000101272
0.00762376
9.19905e-05
-0.0074625
0.000125428
-0.000450194
-3.2599e-05
-0.000655022
-0.0102498
-4.20491e-05
0.0102429
-0.000130844
-0.00741632
9.50293e-05
0.000518578
0.0015216
-0.00340197
0.0103596
0.000133465
-2.33099e-05
-7.39133e-05
-0.000451573
-0.0102721
1.30015e-05
0.00347619
0.00254472
0.000286693
-0.011737
0.00250714
0.00269346
0.00142004
-0.00821097
-0.00809716
0.00315195
0.00198809
-0.0103451
0.00723059
0.0141385
0.00780477
-0.0115664
0.00218553
0.00229346
0.000477734
-7.53414e-05
0.00484957
-0.00570289
1.83179e-05
5.14625e-06
-2.66919e-05
-2.98278e-05
-1.17548e-05
-0.000160946
-6.03968e-05
-0.00036316
0.000292944
1.47964e-05
-2.88047e-05
-4.47981e-05
-4.97807e-05
-3.69276e-05
-1.24848e-05
6.51585e-06
1.02925e-05
2.79324e-05
-0.000123005
0.00103595
-0.000504962
-1.36913e-05
0.000987436
0.000255341
0.000308998
-0.00038042
0.00164946
0.000419118
-3.52589e-06
-3.29759e-05
-5.26926e-05
-0.000572208
0.000542808
-0.000524502
-6.17339e-05
-7.92012e-05
0.000641565
-0.000761171
-1.98556e-05
6.06809e-05
0.000727906
-0.000721774
-2.2643e-06
8.15948e-05
0.000723821
-0.000697612
4.73311e-06
0.000150134
0.000719427
-0.000468758
0.000413188
-0.000273045
-0.00019829
-0.000767614
0.000419914
0.000333067
3.76635e-06
-0.000376311
0.00156365
0.000121222
0.000880936
-0.00066234
-0.000642362
-0.000617747
-0.000818589
-0.00041524
-0.000123619
-0.000318474
-0.000491528
-0.000852775
0.000648427
-8.83177e-05
-0.000941802
0.00135213
3.03658e-05
-0.00136894
0.00224509
6.63038e-05
-0.00218579
0.00343776
7.13467e-05
-0.00340144
0.00507509
9.21483e-05
-0.00504309
0.00725179
0.000176599
-0.00683807
0.0103138
0.000980484
-0.00755489
0.0151792
0.00598995
0.00147805
0.0226849
0.00526623
-0.00363821
-0.0329212
-0.00102112
0.0154331
0.0233509
-0.00261479
0.00427133
0.000945257
-0.00307876
0.00238623
0.000331113
-0.00238564
0.00162436
0.000199537
-0.00168802
0.00110413
0.000138763
-0.00115744
0.000706969
7.66378e-05
-0.000813786
0.000389134
-1.5592e-05
-0.000660862
0.000105767
-0.000133911
-0.000647366
-1.84797e-05
-0.00111525
-0.000835412
-0.000981373
9.59713e-05
0.0010065
0.00118018
-0.000414185
-0.000625745
-0.000620029
-0.000609945
-0.000645074
-0.000601426
-0.000567584
-0.000699611
-0.000512594
-0.000468511
-0.000948455
-0.000822953
-0.000563212
-0.000455024
-0.000120964
-0.000217969
-0.000176236
-0.000180878
-0.000195767
-0.000154614
0.000371658
1.67331e-05
-0.000111017
0.000383813
-7.55007e-05
-7.31244e-05
0.00038129
-9.78767e-05
-4.42009e-05
0.000373637
-0.000163351
-0.00020571
0.000308109
9.76599e-05
0.000363606
-4.14e-06
0.000343396
-4.62827e-05
0.000358189
0.000287677
-6.85718e-05
0.00031379
0.000305395
-6.63561e-05
0.000300883
0.000329863
-6.92364e-05
2.51791e-05
1.47147e-06
-1.96644e-06
-0.00201927
0.00181718
2.84458e-05
-0.00240024
0.000117129
-8.85877e-05
0.00304621
0.000107885
0.00183908
-0.00150498
7.58747e-05
0.00111504
0.0019828
-0.00217631
1.39459e-05
0.000105613
-0.00147145
0.000459419
-6.09571e-05
-0.000800525
1.34732e-05
0.00167256
-2.76453e-05
1.09958e-05
-3.26569e-06
-2.27624e-05
-4.70308e-05
-7.08959e-05
-7.41029e-05
-1.38149e-05
6.00107e-05
0.000105815
0.000148954
-0.00144827
-0.00461318
0.00379034
0.000267601
4.15869e-05
-6.09862e-06
2.16538e-05
3.13594e-06
-5.47065e-06
-4.61855e-06
5.73003e-06
-1.62521e-05
9.7899e-05
5.75207e-06
-6.81052e-06
-4.01367e-05
4.14888e-05
1.50091e-06
-9.56635e-08
0.000563499
-0.000533508
1.97754e-05
1.9424e-05
-1.7952e-05
3.42024e-05
3.87567e-05
-3.99442e-05
-8.91954e-05
-0.000379088
-0.000304248
1.55403e-05
-4.12871e-05
2.40421e-06
-3.79665e-06
-1.18059e-05
9.62118e-06
-5.99832e-06
-6.56605e-06
-6.21681e-06
-1.10244e-05
-1.08793e-05
-3.86793e-06
-3.59338e-06
0.000490888
0.000672434
0.00112709
0.00105501
-0.0179647
0.00236462
0.000315891
-0.000141095
-2.42284e-05
3.87338e-05
-6.15363e-05
-4.82071e-05
0.0193078
-0.0173946
0.0151633
-0.0129148
0.0108538
8.57833e-05
0.0143354
-0.0168184
8.34061e-06
-0.000129794
-3.31353e-05
2.18531e-05
-0.0217425
3.81988e-05
0.000460583
-0.00959616
0.000461876
-8.62183e-05
0.000113436
0.000598171
8.88419e-05
4.70493e-05
1.24182e-05
-8.68071e-06
-1.02643e-05
-1.00897e-05
-1.22256e-05
9.75646e-05
-0.00237314
2.28978e-05
0.00028114
-0.000181461
0.00106438
-6.56215e-05
-0.000274615
-0.000177964
0.000194566
0.000621951
0.00104092
-4.36574e-05
0.00110173
0.000706946
0.000432219
0.000401996
-0.000222906
-0.000112174
0.0003111
-5.79959e-05
-0.000124839
-9.44681e-05
0.000367026
0.000134027
-0.000492986
-7.96582e-05
2.50583e-05
8.5775e-05
-0.000329511
-2.09971e-05
0.000197724
0.000256513
-0.000272417
-3.59332e-06
0.000228956
0.000281539
-0.000245502
-6.77053e-07
-0.000186641
-0.000197067
-1.05937e-06
-0.00020456
-0.000169542
3.11384e-06
-0.000273394
-0.000261058
-1.42174e-05
-0.000304365
0.000346477
2.22254e-07
0.000290189
4.34566e-06
0.000311965
0.000215478
1.02155e-05
0.000246987
0.000240919
9.74477e-06
9.32301e-06
-1.90022e-06
-2.71928e-05
-2.32739e-05
-2.21552e-05
-1.22477e-05
3.82334e-06
3.83436e-05
0.000123266
-0.000482279
-0.000576363
-0.0141239
-0.0209439
0.00112341
0.00146885
0.0019974
-0.0181889
0.000355748
0.0199739
0.000616206
0.000147022
9.83666e-06
2.8593e-07
-5.3661e-06
-1.68917e-06
-1.55795e-05
-3.06228e-06
-1.80258e-05
-6.06474e-06
-1.37279e-05
-4.06529e-06
-6.22224e-06
-6.05659e-07
2.07886e-06
3.89209e-07
3.71729e-06
9.04467e-07
-1.90765e-05
4.84019e-05
-0.000573554
0.00070078
-0.000287994
0.000949101
0.000896299
-0.00232543
0.000297592
0.000276889
-0.000376161
0.00092481
0.000930534
-0.00233332
3.05849e-05
2.5518e-05
-0.000170319
-0.000211627
-0.000237517
-0.000265439
-0.000285181
-0.00035818
-0.000429849
-0.000547937
-0.000507213
-0.00040446
-0.000600072
0.0134574
-0.0108904
0.000572591
0.00958649
-0.00774014
-0.0110219
0.0095348
-0.00735614
0.00630875
-0.000128617
0.00618068
4.66225e-05
-0.00722351
-0.000161293
0.00914433
0.000126294
-0.0105889
-0.000788661
-0.000591839
0.00651835
-0.000248145
-0.00576957
0.00603418
1.87948e-05
0.00795887
-3.6973e-05
-0.00649345
0.00563922
1.24312e-05
0.00453712
-5.05142e-06
0.0035469
5.45713e-06
0.0027521
3.08108e-06
-0.00215194
0.00219395
5.27387e-06
0.00167533
1.85101e-05
-0.00189168
-1.04082e-05
0.00250075
-0.00214796
0.00276661
2.78479e-05
-0.00313091
6.49675e-05
9.25324e-05
0.000185342
1.90693e-05
2.09689e-05
1.45823e-05
-2.44067e-05
-0.000106721
0.000474097
-8.79326e-05
0.0074731
0.00747871
-5.79573e-05
-0.00781044
0.00012429
-0.0105412
0.0105784
2.39911e-06
-0.0105688
0.010546
0.000174391
0.000541816
0.0176837
-2.47029e-05
0.0274037
5.44026e-06
0.0242856
1.49957e-05
-0.0222006
0.0223894
-3.49958e-05
0.0200796
-1.06435e-05
-0.0174113
0.0200012
-2.63711e-05
0.010582
0.000305382
-0.0087967
0.00739532
0.000249314
-0.00604315
0.0049508
0.000186613
-0.00395883
0.00316106
0.000129407
-0.00248978
0.000233669
0.000336817
0.000446761
0.000537975
0.000706315
0.0146082
0.000381217
-0.0121609
0.00015886
0.000259404
0.000539461
0.00217635
-0.0112796
0.00504256
0.0066732
0.00113311
-0.00905938
0.000917571
-0.00978621
0.0102981
-0.000162494
-0.000549611
1.78653e-05
0.000582814
0.00158115
0.00193694
-0.00340406
0.0103783
0.000129971
4.20726e-05
3.93247e-05
1.03068e-05
0.00822501
0.00783025
5.9136e-06
3.7713e-06
-1.28059e-05
-0.000609376
-0.00746235
-0.000103434
7.50371e-05
-0.00348115
-0.00258407
0.00775835
-0.00129017
-0.000243959
-0.000150976
-0.000146354
-0.00034534
-0.000438556
-0.00880033
-0.00806882
-0.00838518
0.00711716
0.00693612
-0.00556016
-0.000213042
0.000447373
0.000530156
-0.00857225
0.000431808
3.57862e-05
7.92323e-05
6.38734e-05
0.000145958
5.19629e-05
6.18581e-05
5.15052e-06
2.1521e-05
1.49709e-05
3.88685e-06
1.18601e-05
6.39241e-05
2.17304e-05
-5.46733e-06
8.90138e-07
-1.06365e-06
-8.59372e-06
4.34853e-06
1.07015e-05
1.60517e-05
-0.000304471
-0.000360297
-0.000410328
7.47281e-05
3.76759e-05
0.000122534
-0.000520717
0.00061631
0.000146074
9.73848e-06
9.17317e-06
4.45268e-06
2.4984e-06
-1.07279e-05
-2.21255e-05
-2.39191e-05
-0.000256458
-0.000394587
-0.00328165
-0.00375117
-0.000375594
0.00433421
-0.00320038
-0.00466615
0.00403034
-0.0028295
0.00249976
-0.00012281
0.00268263
-0.000234313
-0.00286038
-0.000107203
0.00406914
-6.51124e-05
-0.00470061
-0.000418964
-0.00037702
0.00270342
-0.000167328
-0.00243796
0.00250941
2.96783e-07
0.00310528
-3.28147e-05
-0.00249822
0.00212628
4.00028e-06
0.00165626
-7.74479e-06
-0.00165107
3.80862e-06
0.00165367
1.34151e-06
-0.0016579
8.77045e-06
1.38248e-05
1.67647e-05
1.56614e-05
1.43635e-05
1.72393e-05
2.12391e-05
1.87041e-05
-1.45473e-05
-8.32431e-05
-3.5022e-05
-2.35688e-05
-3.55315e-05
-2.73246e-06
-3.02295e-05
-0.0121153
0.0100706
-0.00903908
0.0074235
-0.00603314
0.00485415
6.07055e-05
0.00674334
-0.00829052
8.43062e-05
-1.2885e-05
0.000159008
0.000214661
0.000229202
0.000509799
0.000455475
0.00227449
0.00132242
-0.000598735
0.00148335
-0.00938545
-0.00747458
0.00326538
-0.000140043
-0.000133173
0.00339006
-0.000599664
0.00349582
-7.57143e-05
-0.00818029
6.76243e-06
6.03642e-06
6.10535e-05
0.000211794
0.000213023
0.000140826
0.000598721
0.000125537
-0.0144567
0.00150945
-0.00194442
-0.0131412
-0.0165534
-0.0228672
-0.0256228
-0.0456348
-0.00563258
-0.00171811
-0.00101282
-0.00154755
-0.00152037
-0.00114214
-0.000691813
-0.000638896
-0.000226016
0.00012508
0.000577602
0.00109669
0.000739559
0.000206735
0.000192439
-0.000566314
-7.66497e-05
4.60834e-05
3.77526e-05
-0.000301292
-2.05365e-05
0.000216023
0.000210332
-0.000231878
-3.69613e-06
-0.00023856
-0.000204951
-3.33447e-06
-0.000304555
-0.000281664
1.61074e-06
-0.000344527
0.000352967
8.01443e-07
0.000274463
-2.4745e-06
0.000289305
0.000184625
-1.41094e-06
-1.04937e-05
-2.33706e-05
-2.39577e-05
-0.000211616
-0.000160421
-0.000427681
-0.00124409
0.000119604
-0.00114826
0.000321322
0.000437975
0.000347967
0.000305995
0.000394784
0.000377467
0.000459829
0.00056076
0.00072091
0.000697563
0.000819887
0.0010046
0.00101793
0.00200317
0.00116277
0.000726466
-0.00144676
-0.001264
-0.000955658
-0.000619691
-0.000296963
-0.000290964
6.73418e-05
0.000529846
0.000991935
0.00069488
0.000139544
0.000266818
-0.00064139
-7.82349e-05
0.000124916
1.8878e-05
-0.000279325
-1.99582e-05
-0.000353774
-0.000327899
9.77793e-06
-0.000363451
0.000336574
8.0852e-06
0.000166003
7.75707e-06
2.34243e-05
-0.000194505
-0.000136387
0.000385599
0.00035173
-0.000132528
0.000348245
0.000252384
0.000720128
0.00107588
-0.000137531
-0.000202139
-0.000208779
3.44963e-05
-0.000307434
1.38803e-05
-5.09959e-06
-3.18992e-06
7.39132e-06
1.59509e-05
3.17188e-05
-2.50071e-06
1.29497e-05
3.42397e-06
1.74028e-06
1.14525e-06
1.1763e-06
-3.60635e-07
5.18026e-06
-6.0021e-06
-2.7184e-06
-3.95096e-05
0.000485371
0.00067707
-0.000203389
-4.60437e-05
-0.000122791
-0.000591231
0.000560653
-5.38679e-05
-9.82889e-05
-2.56374e-05
1.57714e-05
2.12975e-05
6.32319e-06
4.19928e-06
2.22014e-06
-1.97577e-05
2.80839e-06
-1.26466e-05
-0.00541034
0.00432521
-0.00386135
0.00303719
0.000117537
4.6284e-05
7.78945e-05
0.00014077
0.000271469
0.000370196
-6.58061e-06
-1.4318e-05
0.000187705
0.000103894
0.000257806
-2.62884e-05
0.00268224
-0.00337121
3.82285e-05
-1.36194e-06
-5.08218e-06
0.000114259
0.000173474
0.000275134
0.000372235
-3.46594e-05
-7.60949e-05
-0.000578819
0.0126586
0.000798588
0.0104188
-0.0092265
0.000524632
0.00748873
0.00907563
-0.0110784
-0.0091986
0.000525733
0.00746847
0.00932048
-0.0114006
0.0129868
0.000809182
0.010451
-0.0130316
-0.0155155
-0.0130406
-0.0156502
0.000695902
0.0104466
0.0129014
-0.000584117
-0.011163
0.000471896
0.00748666
0.00917973
-0.00042697
-0.00760764
0.000326473
0.00505311
0.00618192
0.00506687
0.00613137
0.000354895
-0.00625872
-0.0075439
-0.000423695
-0.00624553
0.000357052
0.00503885
0.00629597
-0.00776878
-0.000434193
0.00710777
0.0111368
0.000393422
-0.00879057
-0.000582831
0.0100565
0.0157167
0.000638542
-0.0124316
-0.0159605
0.0166087
0.00101495
0.0136352
-0.000783544
0.0163016
0.000955968
0.0133912
-0.000796167
0.0168875
0.000767919
0.0133974
-0.0130695
-0.0195846
-0.000283819
0.0159077
-0.000579209
-0.00927982
-0.0140154
-0.000190468
0.011188
-0.000432211
-0.00958793
-0.000135089
0.00748959
-0.000309955
-0.00408643
0.000215883
0.00325134
0.00397416
-0.00494972
-0.000304703
-0.00405051
0.000227593
0.00326628
0.00394906
-0.00489573
-0.000303561
-0.00405772
0.00023456
0.00323795
0.00405318
-0.00504348
-0.000311944
0.0047617
0.00749491
0.000259777
-0.00598878
-0.00925183
-0.000157508
4.89155e-05
-0.000562226
0.000949247
-0.000682372
0.00118955
-0.00046395
0.00235077
0.00211956
0.00872567
0.00438021
0.0105178
0.00490972
0.0172668
0.02124
0.0215257
-0.0255428
-0.0277203
-0.00101256
0.0155448
0.0174405
-0.000166036
-0.0213533
-0.0179744
-0.0207401
-0.0178418
-0.0210416
-0.0177793
-0.0262102
-0.000567504
0.0212939
-0.000729954
-0.000140445
-0.000591002
-0.00060298
-0.000128118
-9.94011e-05
0.000111031
8.97141e-05
4.01483e-05
4.32953e-05
1.30217e-05
7.69624e-06
1.26955e-05
0.000426037
0.00656541
-0.00513596
0.000304437
2.4103e-06
-0.000289138
-0.000383064
-0.00023957
-0.000195807
-0.000375342
0.00275233
-0.00188837
0.000119622
0.00166693
0.000332646
0.000286481
0.000323151
-0.00110849
0.000398607
4.44482e-05
0.00079967
0.000818468
0.0012467
-0.000501242
-0.00017289
-0.000699992
0.000185928
-0.000394847
0.000153384
-4.71433e-05
-0.00010848
8.50496e-05
-1.1035e-05
-1.95181e-05
-2.39022e-05
-2.01453e-05
-8.75446e-06
7.75708e-06
-9.83146e-06
-0.000575872
0.000572219
7.20698e-06
1.73757e-06
-2.62323e-06
1.44269e-05
6.74207e-06
-2.31342e-06
2.63361e-05
-0.000138309
1.60387e-05
-2.23453e-05
-7.13748e-06
-9.3958e-06
-1.2946e-06
-9.9416e-06
-1.06329e-06
-8.54813e-06
-3.00017e-05
-0.000295837
1.25649e-05
3.37913e-05
-8.81073e-07
-0.000220552
-1.69888e-06
-1.16071e-05
-1.10181e-05
-1.45381e-06
-6.92911e-05
-1.84229e-06
-2.04451e-06
-2.82096e-05
-2.65243e-05
3.96426e-05
-0.000485031
0.000747893
0.000645729
-2.00504e-05
-1.29747e-05
-1.17643e-05
-8.8152e-06
-3.68698e-06
-0.000133599
-0.000117473
-0.000101961
-0.00189501
0.00155129
-1.14747e-06
0.00183479
-3.47476e-05
-0.00166582
-3.13774e-05
-1.52492e-05
-0.00276233
1.02442e-05
0.00277608
-6.79666e-06
0.00215122
-0.00218421
-6.47129e-06
1.75024e-05
2.32129e-05
3.05455e-05
4.11336e-05
5.81417e-05
0.00010006
0.000112228
0.000920615
-0.000743293
0.0158194
-0.00151651
-0.0303097
0.0274925
-0.00014772
0.0247352
-1.33392e-05
0.0222069
7.54185e-06
0.0200236
-2.26253e-05
-0.0173524
0.0175453
-2.02318e-05
0.0149496
2.2974e-05
0.0144607
-2.59303e-05
-0.0119632
0.00994146
-1.72862e-05
-0.00799664
0.00651912
-1.13379e-05
-0.00510306
1.28688e-06
-7.43196e-06
0.00704537
3.74302e-05
-0.00565525
7.43416e-06
4.45874e-06
-5.53384e-06
-3.59342e-05
-8.15546e-05
2.66535e-05
0.000624887
-0.0247307
0.000158549
0.0247124
6.73961e-05
0.0259485
0.000176435
-0.0230019
-8.83936e-05
-5.01563e-05
-1.79727e-05
6.69324e-05
0.0176431
2.55844e-05
-0.0273938
0.02734
-0.0176917
-0.017641
-6.05237e-07
2.1676e-05
-6.56257e-05
-0.0273195
1.35093e-05
4.67454e-05
0.0281615
-6.8544e-05
-0.0259015
0.022384
4.91588e-05
0.0203505
1.76065e-05
0.0173528
8.39515e-06
0.0149438
-1.32778e-05
-0.0125912
0.0127472
-8.12241e-06
0.0105181
3.66369e-05
-0.00864799
-3.83757e-06
-0.00711561
0.00876992
-0.00865476
0.0105122
-3.26533e-06
-0.0106434
-1.18642e-05
-2.08624e-05
-0.0151522
-2.98144e-05
-0.020353
1.34972e-05
9.64578e-06
1.85936e-05
7.99068e-05
0.0229585
6.32114e-06
-0.0199482
0.0173921
3.55935e-05
0.0151467
8.7752e-06
0.0125897
7.25128e-06
-0.010505
2.39428e-06
3.27262e-06
4.80577e-06
5.04348e-05
-4.40949e-05
-4.91739e-05
-0.000208523
0.000627417
0.0004789
0.000378044
0.000281269
-1.8289e-05
0.000191251
0.0001208
4.73726e-06
3.12071e-06
-7.62414e-06
4.31098e-06
3.39014e-06
5.73632e-06
-8.35078e-06
-6.26568e-06
8.25752e-08
-4.50518e-07
-1.01904e-06
-9.08029e-06
-8.06023e-06
-6.62653e-06
-3.65891e-06
8.73726e-08
1.865e-06
1.54905e-06
5.59429e-07
2.27572e-07
-2.94319e-07
-1.2091e-06
-8.17544e-06
-6.55039e-06
-8.11028e-06
-2.01215e-06
0.000201954
0.000435783
0.00055948
0.000714541
0.000914754
-5.28832e-06
1.2153e-06
8.27628e-07
1.51571e-06
8.35797e-06
6.50753e-06
7.07089e-06
6.71655e-06
1.83551e-05
7.05182e-06
5.15317e-06
-7.13988e-06
-7.66857e-05
0.000421408
0.000341525
-3.34504e-05
-1.29108e-05
-4.51675e-05
-9.64388e-06
1.93878e-06
5.18339e-06
-9.45763e-07
-1.63472e-05
0.00026062
0.000121402
0.000145394
-0.0063077
-0.000711033
0.00147227
0.00137406
0.00076387
0.00187156
0.0130942
0.0230679
0.0180626
0.019846
0.0186942
0.0137971
0.0229881
0.0196133
0.0184179
0.0188244
0.0141317
0.00710429
0.00816542
-0.0102934
0.0122963
-0.0255888
-0.0276105
-0.00111715
0.0145834
0.0178121
-0.000271759
-0.00201664
0.00186161
0.0140432
0.0240475
0.0114085
0.0235962
0.00189079
0.00108193
0.000808905
0.0133485
0.0205923
-0.0254483
-0.0175095
-0.00188849
0.000225411
-0.00117409
-0.000753072
0.00153558
0.00154721
0.00126709
0.000730926
-0.000431248
0.000497482
-0.000349118
0.00483821
0.000172962
0.00302968
-0.00247055
-0.00310711
0.000132388
0.00201117
0.00252716
-0.000124976
-0.00181263
6.68235e-05
0.0012687
0.00159862
-0.000118726
-5.14062e-05
0.000335835
-0.00012318
-0.000506651
-0.000364455
0.000228375
0.000609246
0.00092302
-0.000313007
-0.000464729
-0.000638172
-0.000854689
0.00105457
0.00130058
0.00112722
0.000855776
0.000615691
-0.000180154
-0.000149769
-0.00148638
-0.0017823
5.5138e-05
0.00129049
0.00154536
-0.000120979
-0.000834879
-0.000993413
8.60394e-05
0.00100106
0.00114801
-0.000427237
0.000389942
-0.000118964
5.16745e-05
3.19178e-05
1.73207e-05
3.92461e-05
-0.000519682
0.000512567
-1.28347e-05
7.87065e-07
-6.25352e-05
6.44681e-06
-4.05621e-05
-0.000113018
1.76157e-06
-4.73114e-05
3.68913e-06
5.58012e-06
1.162e-05
-7.605e-06
-8.67053e-06
1.14993e-05
6.14513e-06
1.82611e-06
6.20778e-05
8.64093e-06
1.9015e-05
6.06094e-05
0.000122616
0.000195386
-8.16381e-06
-0.000203487
-0.00251269
-0.00302181
0.000120412
0.00203765
0.00246171
-0.00012545
-0.00144949
-0.00183717
6.31978e-05
0.00128468
0.00155223
-0.000119275
-0.00105194
0.000105328
0.000975114
0.00117702
-0.000429503
0.000385397
-0.000123311
9.70649e-07
-5.83091e-07
-1.66374e-06
5.91111e-06
6.95718e-06
7.33778e-06
8.54063e-07
5.68397e-05
4.98081e-05
2.52354e-06
-0.000108765
3.16015e-05
4.03114e-05
2.83295e-05
-0.000401551
-0.000402385
-2.73131e-05
2.74572e-05
2.02089e-06
8.44023e-06
2.10726e-05
3.15676e-05
-0.000356285
0.000327017
-0.000424612
0.00128558
-1.50571e-05
-0.00135175
0.00010166
0.00186088
4.03955e-05
-0.00236868
8.47739e-05
0.00296796
-5.00421e-06
-0.0039255
0.000101117
0.00479293
-6.72746e-05
-0.00627075
0.000124301
-0.000517025
0.00123497
0.00113918
0.00130334
0.00104337
0.000256286
0.00177358
-0.00203945
0.0191533
-0.00159696
0.0138867
-0.000115428
0.024772
0.000935885
-0.0321821
-0.00442746
0.00530617
-0.0219391
0.0268169
0.0100647
-0.0114189
0.00168386
0.00235999
0.0277134
-0.0158168
-2.08481e-05
0.00141246
0.00222008
0.000750313
0.00199553
0.000288695
-0.000133767
-4.70543e-05
-0.0125968
-0.0170544
-2.2388e-05
-0.000168203
-0.000141339
-0.000111552
-8.67975e-05
8.95874e-06
1.1707e-06
-0.00277594
6.09139e-07
0.00360459
-0.00354726
0.00449099
3.5636e-06
-0.0045374
-9.45338e-07
-4.94765e-06
1.00911e-05
1.36076e-05
1.54346e-05
8.98029e-06
3.91377e-05
-0.0149326
0.000155678
-0.000269584
-0.00116286
-0.00167985
0.0114026
-0.000562313
0.0158502
-0.000162128
-0.014639
-0.000696551
-0.000403437
-0.000842991
0.00930649
-0.000288636
0.00878912
3.44425e-05
0.0119159
-3.84882e-05
-0.0098981
0.00862763
1.48571e-05
0.00711185
-3.07906e-06
0.00566315
5.97677e-06
-0.00448426
-1.85283e-06
-4.05277e-06
0.00507705
-3.34441e-05
-0.00408917
0.00352324
-0.00449338
-0.00359445
-0.00312919
6.93665e-06
0.0039636
-0.00382312
0.00431086
-0.000210241
-0.00491853
-0.000320299
-0.00022158
-0.000467948
-0.000594587
-0.000421123
-0.000273647
-0.000521178
-0.00840195
-0.0105867
0.00018561
0.000147269
0.00010518
-0.000174292
-0.000212663
-0.000106967
-0.000244734
0.00164447
-0.000124666
-0.00141591
0.00104817
-0.000115336
-0.00108529
2.97698e-05
1.29718e-06
1.23597e-05
6.76712e-05
-0.00157005
0.00186426
-0.000429782
-0.000101517
7.97012e-05
7.90927e-05
8.48033e-05
0.000216267
-6.16521e-05
-1.52281e-05
-2.25079e-05
-9.39407e-06
7.19853e-06
5.90538e-06
6.95798e-06
7.69174e-06
9.08356e-07
4.69691e-06
-0.00702903
1.68279e-05
-0.0104989
3.61583e-06
-0.00573287
-0.00702795
-9.91567e-06
-4.77631e-06
-2.31706e-05
2.3073e-06
1.16856e-05
4.36522e-06
2.76677e-06
1.99652e-05
1.30817e-05
5.25781e-05
-5.51667e-07
-3.48651e-05
3.76991e-05
0.000142284
8.70651e-05
7.02207e-06
-0.000215408
-0.000205923
-0.00737652
-0.00112661
-0.0167637
-0.0196445
-0.0019344
0.0219572
-0.0267473
-0.0100263
-0.00673965
-0.00611723
-0.00235822
-0.0101
-0.00523797
-0.027691
2.79338e-05
-0.00221028
-0.00197872
0.0119015
-0.0242983
-0.0127295
-0.0149365
5.87644e-06
4.93377e-06
-5.91005e-06
3.59049e-06
0.000119585
6.24012e-05
1.91054e-05
9.86425e-06
-4.90027e-06
1.11255e-05
2.90858e-05
1.01709e-05
8.65366e-06
-0.000131058
0.0020247
0.00247358
0.000121752
-0.0025095
-0.000207557
-0.00034872
0.000931474
0.000878845
-0.000418454
-0.000579758
-0.000786916
-0.00111606
-0.0011025
-0.00122022
-0.00155655
0.025793
0.0457363
0.00562745
0.00161585
0.00138803
-0.000942751
-0.000779531
-0.000575188
-0.000414378
-0.000271144
-0.000203543
-0.00307477
-0.00248682
-0.000274513
0.000652063
0.000447609
0.000409579
0.00010708
4.93902e-05
-0.00048348
-0.00120344
-0.000871395
-0.000615761
-0.000848363
-0.000606326
-4.34532e-05
-4.18626e-05
-0.000148183
0.00066997
0.000443852
0.000144024
0.000140097
-0.00056136
-0.000853351
-0.000972441
-0.000520862
-0.000102437
-0.000208373
-0.00145438
0.000497883
0.000739789
0.00101694
0.00126682
0.000857461
0.000627914
0.000410092
0.000276323
-8.1737e-05
-0.0017593
-0.000215324
4.76278e-05
0.000221711
-0.000127624
-0.000750963
4.70233e-06
7.11062e-06
-0.00078806
-3.48409e-06
3.53048e-05
-0.000125038
0.000171322
0.00119462
0.00226051
0.00679311
0.0124929
-0.0237169
-0.0287903
0.0123164
-0.0247166
-0.00818731
-0.000707114
7.96292e-05
0.000155309
0.000226891
0.000292638
0.000430645
0.00118692
0.0061478
0.0101466
0.00132008
-0.0077305
-0.0281932
-0.000329926
-0.0004245
-4.65506e-05
-0.00391879
-0.00603036
-0.000125279
4.17373e-05
-0.000207664
-0.00374076
-0.000105183
5.8711e-05
-0.000658831
-0.000136807
-0.000296368
-0.0189741
-8.43295e-05
0.012186
0.000158093
-0.00274714
-0.0200148
-0.0175287
-0.0200654
-0.0223733
-0.0246988
-0.0242747
-0.0223917
-0.0179228
-3.14971e-06
7.23486e-05
-0.0074174
0.00143709
-0.00769434
-0.00918594
-0.000207916
-0.0135578
4.35944e-05
-2.149e-05
5.46374e-06
0.000675162
-0.000618428
-0.000562689
0.000683121
0.000274605
0.00817976
1.37353e-05
0.000299656
0.000101019
0.00014031
0.00130524
-0.0111954
-8.85301e-05
-0.017232
-0.00196792
)
;

boundaryField
{
    face
    {
        type            calculated;
        value           nonuniform List<scalar> 
217
(
0.00251785
-0.000795759
-0.000278361
0.000260905
-0.000483217
-0.00165618
-0.000397738
-0.00193435
-0.000358683
0.000288686
0.00597008
-3.62268e-05
0.00331307
0.00204719
0.000277152
-0.000744933
-2.56837e-05
-0.000335627
0.00184017
-0.00830877
0.000138776
0.00568407
0.000393187
0.00632044
0.00241636
0.002194
-0.000195463
0.00272323
-0.00173319
-0.000315848
-0.000761132
-0.000186007
0.00439858
1.0353e-06
-0.000298368
0.00349124
-7.70223e-05
0.00323161
-0.000247266
-0.000208444
-0.00135192
-0.000176043
-0.00117827
-0.0134018
-0.0115367
0.0031355
-0.000229106
0.00332693
-0.000139746
0.0032845
0.00010186
-0.000143422
-0.00107523
-0.000148647
-0.000961107
-0.0116327
-0.0124828
-0.000335781
-0.00132744
-0.0129452
0.016334
0.0120255
0.0168938
0.00224032
-0.00903424
0.0101147
-0.000638648
-0.00988843
0.0100321
-0.000897856
-0.0110274
0.0137802
0.00815709
0.00692137
0.0152525
0.00779053
0.00802289
-0.0260632
-0.026136
-0.000136649
-0.0021407
0.0106685
-0.000792165
-0.0117677
0.0104438
-0.000917799
-0.00922757
0.00970705
-0.0383809
-0.024018
-0.0259576
0.0145718
0.00712293
0.00813647
0.0149346
0.00777221
0.0101877
0.0220074
-0.0103502
-0.000608288
-0.000448167
-0.020793
-0.00678463
-0.0106333
-0.00866855
-0.00575186
0.0162896
-0.0142115
0.0151326
-0.00863107
-0.00950762
-0.00773776
-0.0114706
-0.0157493
0.0149748
-0.0167451
0.0110182
-0.0120097
-0.0109596
-0.0247153
0.000582814
-0.00258407
0.00158115
0.000261818
0.00193694
0.000914718
0.000286693
0.00254472
-0.00149731
-2.33099e-05
-0.0007091
-7.39133e-05
0.00258774
-0.000549611
1.78653e-05
-0.000169486
-0.000599664
-0.00149256
3.93247e-05
-0.00180063
4.20726e-05
0.0015216
0.000245406
0.000518578
-0.00258804
0.00349582
-7.57143e-05
0.00339006
-0.000133173
7.50371e-05
-0.00348115
0.000129971
-0.00340406
0.00326538
-0.000140043
0.00347619
1.30015e-05
0.000133465
-0.00340197
9.50293e-05
-0.00348333
0.010546
0.000174391
-0.0102749
0.00979837
-0.00141073
-0.000702077
-0.0151261
-0.0190593
-0.00547542
-0.0086387
-0.0128837
-0.00716687
-0.0072091
-0.0134121
0.00816542
0.00710429
0.0141317
0.0117959
0.016687
0.0156945
-0.00904613
0.00216026
0.0100466
-0.00959616
-0.000445646
0.00986966
-0.0102721
-0.000451573
0.000696996
0.0151652
0.0190789
0.00141246
-0.00978621
0.0102981
-0.000162494
-0.0105412
0.0105784
2.39911e-06
-0.0105688
0.00550859
0.00874185
0.0129118
0.00723059
0.00780477
0.0141385
-0.00858946
-0.00551147
-0.0128464
0.0102429
-0.0102498
-4.20491e-05
0.00971864
-0.0150831
-0.000713094
-0.0189198
-0.00146636
)
;
    }
    outlet
    {
        type            calculated;
        value           nonuniform List<scalar> 
217
(
-2.36136e-05
2.8936e-05
-4.29015e-05
-2.74832e-05
-4.99291e-05
-3.5998e-05
1.38612e-05
-3.02498e-05
4.13448e-05
-6.52565e-07
2.94266e-05
-2.14692e-07
-2.993e-05
3.11685e-05
3.4103e-06
1.46382e-05
2.98151e-05
4.30579e-05
1.52303e-06
4.71504e-05
-6.10883e-07
-4.28987e-05
-1.61034e-05
-2.97806e-05
2.98727e-05
-0.000106424
1.31842e-06
-0.000115864
1.92182e-06
-2.86748e-06
0.000106294
-2.35886e-07
0.00012118
-0.000115648
2.15098e-06
-0.000105917
2.28602e-06
-3.0852e-07
0.0001182
-6.77839e-07
0.000107378
-0.000332386
-1.19148e-05
0.000300471
-0.000361591
-2.86996e-05
-9.46572e-05
0.00045613
0.000563383
0.000117979
0.000223897
0.000359594
0.00016676
0.000185149
0.000386613
-0.000201328
-0.000159037
-0.000394567
-0.000323163
-0.000506024
-0.000453048
0.00037788
-2.07741e-05
-0.000279453
0.000304592
2.39533e-05
-0.000299754
0.000300084
2.48882e-08
-0.000504435
-0.000323328
-0.000451175
-2.02391e-05
0.00037789
-0.000280234
2.8729e-05
0.000310979
-0.000308951
1.33938e-05
0.000323309
-0.000157903
-0.000202416
-0.000394496
-0.000181651
-0.000182931
-0.000408184
0.000199628
0.000159709
0.000393205
-0.000303797
0.000278887
-2.36561e-05
-0.000376602
0.00032174
0.000502437
0.000447507
2.0737e-05
-2.73131e-05
2.74572e-05
2.02089e-06
3.16015e-05
4.03114e-05
4.98081e-05
5.91111e-06
5.68397e-05
6.95718e-06
-2.01453e-05
-0.000202139
-8.75446e-06
-0.000124839
-0.000137531
-9.44681e-05
7.75708e-06
-5.79959e-05
-1.1035e-05
-0.00010848
8.50496e-05
-1.95181e-05
-0.000194505
-2.39022e-05
-0.000208779
-0.000136387
-0.000132528
2.83295e-05
-4.05621e-05
5.16745e-05
7.33778e-06
3.19178e-05
6.74207e-06
6.44681e-06
1.73207e-05
1.44269e-05
-0.000108765
2.52354e-06
-0.000123311
9.70649e-07
-1.66374e-06
2.34243e-05
-5.83091e-07
3.44963e-05
0.000385599
0.00035173
-0.000118964
8.54063e-07
-0.000113018
1.76157e-06
-6.25352e-05
7.87065e-07
-8.81073e-07
3.37913e-05
-2.31342e-06
2.63361e-05
0.000348245
0.000367026
-2.62323e-06
1.73757e-06
0.0003111
-0.000563212
-0.000455024
9.76599e-05
3.15676e-05
0.000363606
-0.000304365
2.10726e-05
0.000346477
-0.000344527
8.44023e-06
0.000352967
-0.000356285
-0.000217969
-0.000120964
0.000333067
-0.000519682
0.000512567
-0.000533508
0.000192439
0.000252384
0.000134027
0.000432219
0.000563499
-0.000575872
0.000572219
-0.000572208
0.000401996
0.000542808
-0.000112174
-0.000402385
-0.000180878
-0.000176236
0.000720128
0.000706946
-9.83146e-06
-5.26926e-05
-0.000363451
-3.14971e-06
0.000336574
-0.000394847
-4.71433e-05
0.000153384
-0.000501242
0.0012467
0.00069488
0.000739559
-0.000401551
-0.000154614
-0.000195767
-0.0004245
-0.00019829
-0.000273045
-0.000767614
0.000419914
3.92461e-05
1.97754e-05
0.000645729
0.000139544
0.000266818
0.000206735
)
;
    }
    wall
    {
        type            calculated;
        value           nonuniform List<scalar> 
1558
(
0.000482292
0.00036159
-6.25746e-05
3.40327e-05
-3.34623e-05
2.63011e-05
-0.000748055
0.00375061
0.000107205
-0.000947127
0.000201321
-0.000575568
0.00014402
-0.000407591
8.56566e-05
-0.000321567
0.000258154
0.000168032
-2.02307e-05
1.67949e-05
-1.32611e-05
1.01145e-05
8.58921e-05
4.90925e-05
-7.65891e-06
5.70524e-06
-2.87977e-06
2.63695e-06
0.000693064
3.07138e-05
2.05283e-06
5.0154e-05
-0.000241144
3.05302e-05
-0.000158675
1.72046e-05
-7.65065e-05
7.47304e-06
-4.16136e-05
-0.00366021
0.000783577
-0.000186379
0.00124301
0.000688437
-0.00014949
-5.33884e-05
-0.000120064
1.85059e-05
-2.75137e-05
-0.000677658
0.00132152
0.000289201
0.000395578
0.000118771
0.000129034
7.24913e-05
6.01685e-05
3.88714e-05
5.96256e-05
-0.00124625
0.000225288
-8.42973e-05
0.000129837
5.96514e-05
5.83737e-05
2.20621e-05
3.22976e-05
1.91451e-05
2.2274e-05
1.03326e-05
1.94479e-05
8.61905e-06
1.13814e-05
1.05493e-05
-5.70171e-05
4.96877e-06
2.56473e-05
3.48241e-06
8.84501e-06
-3.0102e-06
-1.98776e-06
-8.98974e-06
-9.14257e-06
-5.80524e-06
-4.24035e-06
5.87215e-05
-0.00128679
0.00144481
7.46556e-06
-0.000655256
0.000931797
9.25088e-05
-3.1469e-05
0.000743661
0.000255309
0.0110262
0.0126125
0.0198119
0.00503334
0.0124818
0.0027478
-0.000666576
-0.000356964
0.000980215
-0.00141333
-0.000345005
-0.00679088
0.00173312
0.0115035
-0.0072761
0.000119127
0.0074037
-3.64515e-05
0.000466451
0.000773767
0.000285155
-0.000566076
0.000561642
-0.000555008
-0.00533212
4.49908e-06
0.0050276
-0.00350661
2.29358e-05
0.00335762
0.000792727
-0.00230291
-0.000212766
-0.00181972
-0.0277244
-0.00638089
0.00018508
-0.023378
-0.0128416
0.00382935
-0.00214084
-0.0076269
0.00733518
0.000223385
-0.00498718
0.00560534
0.000202844
-0.00339551
0.00366848
1.56389e-05
-0.00223387
2.086e-05
0.00215719
-0.00139423
4.51132e-06
0.00130585
-0.000907891
-4.81274e-05
0.00070636
-0.000702258
-0.000237084
5.20067e-05
-0.000772383
-0.000473851
3.72429e-05
4.05e-07
-0.00213706
0.00222678
-5.65651e-06
0.000556527
-0.000560269
0.000568223
-0.000281329
0
0
0
0
0
0
0
0
0
0
0
0
0
0
0
0
0
0
0
0
0
0
0
0
0
0
0
0
0
0
0
0
0
0
0
0
0
0
0
0
0
0
0
0
0
0
0
0
0
0
0
0
0
0
0
0
0
0
0
0
0
0
0
0
0
0
0
0
0
0
0
0
0
0
0
0
0
0
0
0
0
0
0
0
0
0
0
0
0
0
0
0
0
0
0
0
0
0
0
0
0
0
0
0
0
0
0
0
0
0
0
0
0
0
0
0
0
0
0
0
0
0
0
0
0
0
0
0
0
0
0
0
0
0
0
0
0
0
0
0
0
0
0
0
0
0
0
0
0
0
0
0
0
0
0
0
0
0
0
0
0
0
0
0
0
0
0
0
0
0
0
0
0
0
0
0
0
0
0
0
0
0
0
0
0
0
0
0
-0.0180384
0.0010592
-0.000483735
-0.000581961
0.000255618
-0.000132443
0.0011117
0.000673526
-1.28522e-05
-9.94437e-05
-7.70885e-05
-3.95687e-05
0.000208416
-5.11937e-05
3.75141e-05
0.000488717
0.000365662
-6.48191e-05
-1.07453e-05
-4.41378e-05
-1.25387e-06
-7.16944e-05
-0.000881799
-6.42634e-05
-0.00216685
-0.00566713
-2.13343e-05
-0.000256223
3.18218e-05
0.000269304
-0.00146545
-0.000401925
4.04108e-05
0.000243997
3.10541e-05
0.000170109
-0.000224145
-0.000188728
0.000259228
0.000166888
-2.95138e-05
-1.19548e-07
-2.05553e-05
-1.71916e-06
8.57272e-05
4.75995e-05
-1.22742e-05
-2.25078e-06
-5.48542e-06
-1.00795e-06
0.000691453
3.04795e-05
2.3201e-06
1.92097e-05
0.000116752
8.15728e-06
8.31247e-05
-0.000147127
-9.21298e-05
-4.39102e-06
7.01205e-05
-1.46189e-05
7.99555e-05
-1.56949e-05
0.00233576
-0.000197226
0.000283591
-0.000183031
-7.10347e-05
-8.55102e-05
-3.2134e-05
-2.92051e-05
4.37334e-06
-4.91389e-06
-0.000337586
-0.00037413
-3.82959e-05
-1.45838e-05
0.000233261
4.70219e-05
0.000232546
-0.00294536
-0.00115997
3.8086e-05
0.000110991
2.3111e-05
4.48938e-05
-0.000609102
-0.000419047
1.37044e-05
4.48467e-06
1.89588e-05
8.38509e-06
1.90975e-05
1.2057e-05
1.19619e-05
1.58027e-05
-5.58812e-05
1.11309e-05
1.35612e-05
1.73458e-05
8.27435e-06
4.92367e-06
-0.000314163
-0.000223685
4.78732e-06
-4.43126e-06
2.13296e-06
-1.66091e-05
-0.000142538
-3.86509e-05
3.94315e-06
4.21579e-06
3.58869e-05
-0.01794
0.0178543
-0.0190634
0.0168115
-0.0200174
-0.0198929
-0.028533
0.00947934
-0.0166632
0.0130057
-0.0116336
0.00983164
-0.00816936
0.00667274
-0.00562758
0.000285413
-0.000570327
0.000572029
-0.000572011
0.00436259
-0.00369778
0.00276869
-0.00231904
0.00173058
-0.00137308
0.0011346
-0.000676881
0.000587863
-0.000602926
0.000589237
-0.000590159
0.00103113
0.000891202
0.000288376
0.0228166
0.016189
0.00142235
0.00596923
0.0152092
-0.00105976
-0.00102147
-0.00768304
0.000917632
0.0104194
-0.00686088
0.000173412
0.00721803
0.000367625
-2.4276e-05
-5.45533e-05
-0.00519348
9.09698e-05
0.00515432
-0.00341059
2.98552e-05
0.00338194
-0.000608067
-0.000390992
-0.0149001
-0.00245233
-0.000485564
-0.000368089
-0.000352411
-0.00231623
3.79425e-05
0.00222462
-0.0013944
-1.2009e-05
0.001322
-0.000944311
-4.93672e-05
0.000711055
-0.000717829
-0.000240539
5.31936e-05
-0.000774332
-0.000474497
4.21648e-05
1.54349e-05
-0.000269154
-0.000160826
8.44941e-06
-0.00641336
0.0177352
-0.0168366
0.0168748
0
0
0
0
0
0
0
0
0
0
0
0
0
0
0
0
0
0
0
0
0
0
0
0
0
0
0
0
0
0
0
0
0
0
0
0
0
0
0
0
0
0
0
0
0
0
0
0
0
0
0
0
0
0
0
0
0
0
0
0
0
0
0
0
0
0
0
0
0
0
0
0
0
0
0
0
0
0
0
0
0
0
0
0
0
0
0
0
0
0
0
0
0
0
0
0
0
0
0
0
0
0
0
0
0
0
0
0
0
0
0
0
0
0
0
0
0
0
0
0
0
0
0
0
0
0
0
0
0
0
0
0
0
0
0
0
0
0
0
0
0
0
0
0
0
0
0
0
0
0
0
0
0
0
0
0
0
0
0
0
0
0
0
0
0
0
0
0
0
0
0
0
0
0
0
0
0
0
0
0
0
0
0
0
0
0
0
0
0
0
0
0
0
0
0
0
0
0
0
0
0
0
0
0
0
0
0
0
0
0
0
0
0
0
0
0
0
0
0
0
0
0
0
0
0
0
0
0
0
0
0
0
0
0
0
0
0
0
0
0
0
0
0
0
0
0
0
0
0
0
0
0
0
0
0
0
0
0
0
0
0
0
0
0
0
0
0
0
0
0
0
0
0
0
0
0
0
0
0
0
0
0
0
0
0
0
0
0
0
0
0
0
0
0
0
0
0
0
0
0
0
0
0
0
0
0
0
0
0
0
0
0
0
0
0
0
0
0
0
0
0
0
0
0
0
0
0
0
0
0
0
0
0
0
0
0
0
0
0
0
0
0
0
0
0
0
0
0
0
0
0
0
0
0
0
0
0
0
0
0
0
0
0
0
0
0
0
0
0
0
0
0
0
0
0
0
0
0
0
0
0
0
0
0
0
0
0
0
0
0
0
0
0
0
0
0
0
0
0
0
0
0
0
0
0
0
0
0
0
0
0
0
0
0
0
0
0
0
0
0
0
-4.24089e-05
-0.000215408
-8.57946e-05
5.25781e-05
1.16856e-05
1.30817e-05
2.3073e-06
7.02207e-06
-7.53079e-05
8.70651e-05
-8.67975e-05
4.26535e-06
5.90538e-06
-5.70015e-06
6.95798e-06
-0.00611723
0.000920615
-0.00221028
0.000155309
-0.000111552
0.000226891
-0.000141339
-1.04568e-05
7.69174e-06
-1.27343e-05
1.00911e-05
-2.31706e-05
-1.52281e-05
-9.39407e-06
8.48033e-05
0.000216267
7.19853e-06
7.90927e-05
1.75024e-05
7.97012e-05
1.29718e-06
-0.000106967
2.32129e-05
0.00010518
3.05455e-05
0.000147269
-0.000174292
-0.00022158
0.000292638
-0.000168203
0.000430645
-0.000133767
-1.62954e-05
1.36076e-05
-2.93851e-05
1.54346e-05
0.00118692
0.000288695
0.0061478
0.00199553
-7.41246e-05
1.34972e-05
-9.50646e-05
9.64578e-06
0.00222008
-0.000882229
2.1676e-05
4.11336e-05
0.00018561
5.81417e-05
0.000155678
-0.000273647
-0.000403437
0.00010006
-0.000269584
0.000112228
-0.00197872
-0.00116286
-3.48651e-05
-5.51667e-07
4.36522e-06
3.76991e-05
0.000142284
1.99652e-05
2.76677e-06
8.95874e-06
1.1707e-06
0.000233669
0.000336817
1.28688e-06
-9.45338e-07
-7.43196e-06
-4.94765e-06
-4.77631e-06
-2.25079e-05
-6.16521e-05
-9.91567e-06
-3.13774e-05
-6.47129e-06
-1.52492e-05
2.97698e-05
-0.000101517
-1.85283e-06
-4.05277e-06
9.08356e-07
4.69691e-06
-0.000212663
-0.000320299
0.000446761
0.000537975
-2.2388e-05
-1.18642e-05
-4.70543e-05
-2.08624e-05
0.000706315
0.00168386
-8.83936e-05
-2.98144e-05
-5.01563e-05
-1.79727e-05
0.00235999
0.000750313
6.69324e-05
3.61583e-06
1.68279e-05
8.98029e-06
3.91377e-05
-0.000421123
-0.000521178
1.85936e-05
7.99068e-05
1.35093e-05
4.67454e-05
-0.000696551
-0.00167985
-6.56257e-05
-0.000743293
-0.00235822
-0.00243796
0.00270342
-0.00382312
0.00431086
0.00584041
-0.00658971
0.00851164
-0.00935287
0.012041
-0.0122018
0.0168305
-0.0114189
0.0268169
0.0101466
0.0277134
-0.0158168
0.017951
-0.0176917
0.0176431
-0.00576957
0.00651835
-0.00840195
0.00930649
-0.0119421
0.0121592
-0.0167637
0.0114026
-0.017641
0.0176837
-0.0179228
0.0158194
-0.0267473
-0.027691
-0.0101
5.73807e-05
-0.000375705
3.52986e-05
1.31281e-05
-2.72025e-05
0.000145633
-0.0100263
0.000541816
2.79338e-05
0.00028931
0.0004624
-7.37183e-06
-5.19851e-05
0.000562582
1.23597e-05
-0.000244734
-0.00037702
-0.000467948
0.000637139
0.000889675
0.00231814
0.0100647
-2.08481e-05
-0.000529489
-6.05237e-07
-0.000591839
-0.000842991
-0.00227571
-0.0002887
-0.000896206
-0.0010414
0.000594441
-0.000597955
0.000623637
-0.000616274
0.000683133
-0.00116155
0.00139718
-0.00178344
0.00237788
-0.00283928
0.00383099
-0.00441668
0.000627172
-0.000643397
0.000625246
-0.000636478
0.00060157
0.000624127
0.000983975
-0.00054092
0.00104817
-0.00141591
0.00164447
0
0
0
0
0
0
0
0
0
0
0
0
0
0
0
0
0
0
0
0
0
0
0
0
0
0
0
0
0
0
0
0
0
0
0
0
0
0
0
0
0
0
0
0
0
0
0
0
0
0
0
0
0
0
0
0
0
0
0
0
0
0
0
0
0
0
0
0
0
0
0
0
0
0
0
0
0
0
0
0
0
0
0
0
0
0
0
0
0
0
0
0
0
0
0
0
0
0
0
0
0
0
0
0
0
0
0
0
0
0
0
0
0
0
0
0
0
0
0
0
0
0
0
0
0
0
0
0
0
0
0
0
0
0
0
0
0
0
0
0
0
0
0
0
0
0
0
0
0
0
0
0
0
0
0
0
0
0
0
0
0
0
0
0
0
0
0
0
0
0
0
0
0
0
0
0
0.000271469
0.000370196
-2.27624e-05
-1.24848e-05
-4.70308e-05
-3.69276e-05
5.75207e-06
9.7899e-05
-0.00038042
2.79324e-05
-0.000123005
2.78009e-05
-0.000149325
0.00103595
-2.09726e-05
-0.000235502
-0.000123633
0.000537187
0.000490888
0.000672434
-7.08959e-05
-4.97807e-05
-7.41029e-05
-4.47981e-05
0.00112709
0.00105501
1.47964e-05
-2.88047e-05
0.000292944
-1.17548e-05
-0.0179647
-0.00036316
-0.000160946
-0.000102461
7.68049e-05
-3.80822e-05
8.38485e-05
-0.000345854
-0.000502795
5.12982e-05
-0.00026562
9.65054e-05
-0.00195104
-0.00121273
-0.00617003
0.000257806
-1.18059e-05
9.62118e-06
0.000103894
0.000187705
1.09958e-05
1.02925e-05
-3.26569e-06
6.51585e-06
0.000781227
-0.00218793
-2.76453e-05
-6.56605e-06
-2.62884e-05
-6.21681e-06
-1.4318e-05
-1.10244e-05
-6.58061e-06
-1.08793e-05
-5.99832e-06
-1.62521e-05
-4.61855e-06
5.73003e-06
0.000308998
-5.47065e-06
3.13594e-06
-6.09862e-06
2.16538e-05
-3.59338e-06
-3.86793e-06
-2.149e-05
-1.38149e-05
-4.82071e-05
-6.15363e-05
0.000315891
-0.000141095
0.00236462
-6.03968e-05
4.15869e-05
0.000148954
6.00107e-05
0.000105815
-0.00144827
-0.000602738
3.87338e-05
0.000125296
-2.42284e-05
4.00142e-05
-0.00081281
-0.00178216
-0.000227912
-0.00084978
-0.00251764
0.00034154
0.00120186
-0.00148021
-0.000238242
-1.36913e-05
-0.000504962
0.00230352
-0.00215677
-7.82376e-05
-0.00151646
0.00379034
0.00507509
9.21483e-05
-0.00504309
0.00725179
0.000176599
-0.00683807
0.0103138
0.000980484
-0.00755489
0.0151792
0.00598995
0.00147805
0.0226849
0.0160859
-0.000850746
-0.000479335
-0.000808532
-0.000793952
-0.00225366
-0.00993199
-0.000304248
-0.000491528
-0.000852775
-8.91954e-05
-0.000379088
-3.99442e-05
3.42024e-05
3.87567e-05
-1.7952e-05
4.14888e-05
1.9424e-05
0.000648427
-8.83177e-05
-0.000941802
0.00135213
3.03658e-05
-0.00136894
0.00031944
-1.6407e-05
7.18443e-05
0.000255341
-0.0063567
0.0175878
-0.0164406
0.0167157
-0.00242027
-0.00461318
0.00670235
-0.00859105
0.00940187
-0.0117541
0.0122369
-0.0166931
0.0112498
-0.0171643
0.017275
-0.0178515
0.01565
-0.0267097
-0.0276253
-0.00991391
0.00224509
6.63038e-05
-0.00218579
0.00343776
7.13467e-05
-0.00340144
-4.01367e-05
3.4828e-07
-6.81052e-06
-4.69176e-05
-3.52589e-06
-3.29759e-05
0.000419118
0.00164946
)
;
    }
}


// ************************************************************************* //
