/*--------------------------------*- C++ -*----------------------------------*\
| =========                 |                                                 |
| \\      /  F ield         | OpenFOAM: The Open Source CFD Toolbox           |
|  \\    /   O peration     | Version:  2306                                  |
|   \\  /    A nd           | Website:  www.openfoam.com                      |
|    \\/     M anipulation  |                                                 |
\*---------------------------------------------------------------------------*/
FoamFile
{
    version     2.0;
    format      ascii;
    arch        "LSB;label=32;scalar=64";
    class       volScalarField;
    location    "1.8";
    object      gradTy;
}
// * * * * * * * * * * * * * * * * * * * * * * * * * * * * * * * * * * * * * //

dimensions      [0 -1 0 1 0 0 0];

internalField   nonuniform List<scalar> 
5322
(
0.0459165
0.005616
0.00155991
0.000734981
0.00133951
0.00144016
0.00121361
0.000923957
0.000671259
0.000447362
0.000148341
-0.000513849
-0.000501817
-0.000462727
-0.000422813
0.000976486
0.0012818
-1.65858e-05
0.00103228
-0.00157712
0.00180516
-0.00246841
0.00293385
-0.00400153
0.00479882
-0.00611943
0.00719708
-0.00929132
0.0107475
-0.0130488
0.0149019
-0.0178129
0.0205211
-0.020399
0.0210632
-0.0121321
0.0244407
0.0296869
0.0150333
0.0169458
0.0219407
0.0184424
0.0198165
0.0205099
0.0195636
0.0202039
0.0198769
0.0212479
0.0205681
0.0188878
0.0238601
0.0105638
0.0124477
-0.0381142
-0.00182195
-0.0218665
0.0121163
-0.0284568
-0.00131893
-0.0247221
0.0122947
-0.0279602
-0.00117162
-0.0245423
0.0123511
-0.0290115
-0.00162422
-0.0238226
0.0125386
-0.0324255
0.000951984
0.0248711
0.0137929
0.0193508
0.0143805
0.0182859
0.0152067
0.0182363
0.0155226
0.0218105
0.00156483
0.00864197
0.0125981
0.0199297
-0.00125045
-0.00706187
0.00267494
0.00505743
0.0109826
0.0016219
0.00295711
0.000522372
7.07305e-05
6.65476e-05
0.0240021
-0.0139599
0.000457937
0.0141125
0.00044024
-0.00078287
0.00264586
0.000465264
0.0151074
-0.0233381
0.0209482
0.000520435
-0.000479004
-5.73971e-05
1.48336e-05
4.59837e-05
4.16696e-05
3.09521e-05
2.27045e-05
1.63651e-05
-2.274e-06
6.18201e-06
0.000360973
-0.000133606
-5.9273e-05
-0.000261327
0.000328742
-0.000158378
-0.000322802
-0.00045282
-0.000506349
-1.92725e-05
0.000380297
-0.000281628
2.79637e-05
0.000311256
-0.000308604
1.35128e-05
0.000322911
-0.000331533
-1.1188e-05
0.000300117
-0.000361703
-3.00691e-05
-9.45656e-05
0.000557184
0.000454444
-0.000320454
0.000208469
0.000161387
-0.000352392
4.86488e-05
-0.000335487
0.000260682
0.00027418
-0.000304103
-4.16355e-06
-0.000275617
0.000279059
0.000309855
-0.000271769
-4.1067e-07
-0.000253347
0.000330713
-1.35011e-05
-5.93653e-06
0.00109909
-0.000851497
0.00111867
-0.00146448
6.86486e-05
-0.000711719
1.62226e-05
5.6128e-05
-9.31073e-05
0.000286537
-0.00057057
0.000571061
-0.00105027
4.2129e-06
0.00107722
-0.00126189
0.00131423
-0.00164608
9.34927e-06
0.00162743
-0.00210434
0.00218459
-0.00276264
1.41669e-05
0.00271192
-0.00347809
0.00360034
-0.00451819
1.96793e-05
0.00443433
-0.00557548
0.00576597
-0.00709679
3.01613e-05
0.00696799
-0.00858238
0.00887326
-0.0106496
4.85731e-05
0.0104501
-0.0126476
0.0130713
-0.0152083
7.20112e-05
0.0148779
-0.0177468
0.0183141
-0.0203318
0.000103198
0.019766
-0.0234076
0.0236018
-0.0140039
-9.96823e-05
-0.00158542
0.000791316
-0.000483249
-2.29339e-05
0.000129294
0.00020857
1.67713e-05
0.0240288
-0.013946
6.59865e-05
0.0167635
-0.00259329
-0.00113525
0.00098446
-0.000954041
0.0140231
-0.0236679
0.000148283
0.000104319
0.000295277
0.000157225
6.27808e-05
1.72113e-05
-1.04137e-06
-8.34948e-06
-1.03331e-05
5.49748e-06
-5.42083e-06
-0.000287666
-0.000308725
-0.000309651
-0.00028746
7.27031e-05
9.02691e-05
5.05296e-05
-0.000374099
0.000173776
-0.000375483
8.97585e-05
7.28608e-05
5.13908e-05
-0.000370957
0.000118114
0.0003503
0.000217759
-0.000374173
0.000174408
0.000380549
0.000533172
0.00057982
-0.00106399
-0.00106268
-0.00114029
0.000991111
-0.00147837
0.00173755
-0.00234441
0.00291533
-0.00377835
0.00470323
-0.00594099
0.0072321
-0.00903284
0.0105735
-0.0132342
0.0146979
-0.0184381
0.019217
-0.00343962
0.0119885
-0.00200502
0.000436821
0.0166409
-0.0169676
0.000944392
0.0133241
-0.0125085
0.000656821
0.00979415
-0.00859482
0.000465273
0.00676549
-0.00564653
0.000323925
0.00441173
-0.0035831
0.00021348
0.00272243
-0.00221914
0.000130397
0.00159656
-0.00139816
0.000122647
0.000870099
-8.51247e-05
0.000870192
-0.00139781
0.00012276
0.000995305
-0.00113538
0.000429437
0.000675234
0.000487276
0.000469184
-0.000997693
0.000788548
-0.00132969
0.00152915
-0.00210316
0.00263623
-0.00340295
0.00428537
-0.00537971
0.00659139
-0.00824454
0.00962817
-0.0121124
0.0133372
-0.0163736
0.0169118
-0.00189901
0.00897696
-0.00702855
0.000796529
0.0233934
-0.0238949
0.00120035
0.019307
-0.0170477
0.000762617
0.0139891
-0.0114354
0.000496773
0.00953234
-0.0074593
0.00033446
0.00621928
-0.00472007
0.000216695
0.00389172
-0.0029056
0.000134936
0.00234806
-0.00181771
0.00012972
0.00133545
-0.00126346
0.000424579
0.00094472
0.000824813
-0.000411899
0.000918826
-0.000209089
0.000124022
0.00103846
-0.000911242
0.000999184
-0.00116794
0.00187519
-0.00166026
-1.62915e-05
-0.00151037
0.00129281
-0.0011157
2.61518e-05
0.00116016
4.66007e-05
5.25618e-06
-0.00030316
2.77639e-05
-2.39025e-05
1.6065e-05
-8.77838e-06
-4.19252e-06
0.00107223
-0.00107404
0.00127959
-0.0016279
2.9232e-06
0.00213367
-0.00271527
0.00352934
-0.00443724
1.47425e-05
0.00566537
-0.0069649
0.00873576
-0.0104332
3.35793e-05
0.0128864
-0.0148446
0.0180388
-0.0197622
-3.45149e-05
3.54177e-05
5.66341e-05
0.000161401
8.06934e-05
8.42849e-05
0.0130257
-0.014842
6.70547e-05
0.0176432
-0.0206022
0.0184046
-0.0195779
0.000181847
0.0239079
-0.0262389
0.0168698
-0.0128416
-0.0239899
-0.0018613
1.44962e-05
-0.00860583
-0.00232349
0.000341342
0.0123839
0.0151407
0.000972428
-0.0200091
0.0132498
-4.21265e-05
-0.011836
0.00929102
-0.000171503
-0.00751264
0.00623671
-0.000117598
-0.00469228
0.00396624
-0.000108584
-0.00292014
0.00252984
-9.05406e-05
-0.00169414
0.00159574
-0.000115758
-0.000979365
0.000234929
0.000393958
-0.000636206
-4.25987e-05
0.00115221
-0.00135798
0.00153151
-0.0019241
0.00249334
-0.00313712
0.00508451
-0.00446719
-2.24059e-05
-0.00405147
0.00352904
-0.00274308
-2.24823e-05
0.00310994
1.49246e-05
-5.87566e-05
-3.24516e-05
-9.47322e-05
-0.000243651
1.0756e-05
7.23842e-05
1.25241e-05
7.3187e-05
8.26528e-05
4.12677e-05
-5.60623e-05
0.000893979
0.000284404
5.07478e-05
0.000226279
-1.38664e-05
-0.000109409
-7.71191e-05
8.68701e-05
0.00013087
-0.000130063
-0.000209506
-0.00232281
-0.000117429
0.00279732
-0.00376383
0.00398198
-0.00492324
0.0061735
-0.00739556
0.0121455
-0.01047
4.1455e-06
-0.00994734
0.00877617
-0.00700072
-1.68711e-05
0.00801845
5.82869e-05
-8.35037e-05
-7.7985e-05
4.54207e-05
-0.000745644
-0.000361614
-0.000255907
-0.000471287
-0.00018247
-0.000131855
0.00175421
-6.94961e-05
-4.56214e-05
0.000226247
-0.000419131
-0.000137091
0.000519786
0.000968556
0.00175111
9.87607e-05
-1.35667e-05
0.000112665
4.43391e-05
-0.0014712
-7.10083e-05
0.0017483
0.00159544
-0.00221536
0.000130824
-0.00234017
-0.000130742
0.00292997
0.00272322
-0.00357372
0.000214735
-0.00378726
-0.0002038
0.00471222
0.00442269
-0.00563135
0.000326752
-0.00598112
-0.000209148
0.00721116
0.00680736
-0.00858227
0.000472033
-0.00914312
6.35087e-05
0.0104275
0.00993248
-0.0125535
0.000671409
-0.0134357
0.00119322
0.0141083
0.0137355
-0.0172872
0.000968164
-0.0184611
0.0046866
0.0176286
0.0176264
-0.0025554
0.00044844
-0.00310814
0.0569231
-0.0278825
-0.028802
0.0425237
0.0112196
0.00397121
-0.0332504
-0.00779341
-0.00473216
0.0142705
-0.0149789
-0.000287133
0.00066738
-0.00280338
-0.00315848
-0.000648776
0.000847165
0.000459049
-0.000196386
-0.00052947
-0.000176505
0.000230807
6.37608e-05
3.21319e-05
1.39415e-05
-1.30297e-06
-1.27755e-05
-4.84929e-05
-2.3378e-05
0.000588778
-0.000588989
4.93868e-06
4.20093e-06
-0.000599985
0.00059088
-1.48318e-06
2.23523e-06
-2.32476e-06
-4.43182e-05
-2.81973e-05
0.000107075
6.54368e-06
0.000123049
-4.32814e-05
-5.34274e-05
-1.94698e-06
0.000203475
-0.000240245
0.000243565
-0.000200257
-0.000203679
-0.000169937
8.33403e-06
0.0002423
0.000213731
-0.000211225
-5.88339e-06
-0.00024185
7.98e-07
1.74285e-06
8.04956e-06
-5.85147e-08
-2.78961e-06
-0.000108298
-6.13695e-05
-0.000115025
-0.000165775
-0.000188887
-0.00010663
-4.33602e-05
0.000834529
-0.00197728
-0.000853291
-0.000213625
0.00705163
-0.0082497
0.00921011
-0.0108
0.0130674
-0.00058639
-0.0122202
-0.000505347
0.0108543
-0.000296794
-0.00110295
0.000180931
0.000127407
0.000249521
0.00029356
-0.000264496
-0.0031939
0.0109842
-0.00526397
-0.0183345
-0.00284923
-0.00347854
-0.0432728
-0.0122543
0.00159324
-0.0182904
0.0132097
0.000662262
0.00058823
0.0159599
0.0133566
0.00170924
-0.00154164
0.0175447
0.0157857
0.00181065
-0.0018386
0.0159668
0.0179605
0.00169084
-0.0041173
0.0133197
0.0181923
-0.00650049
0.0105314
-0.00914308
0.00978029
-0.0383369
-0.0207065
0.00331345
-0.00948047
0.0181155
-0.0011413
-0.0293559
0.0169329
-0.000317523
-0.0199799
-0.0198892
-0.0285573
0.00961174
-0.0149356
-0.0100356
0.0154886
-0.0270925
-0.0040676
0.017084
-0.017318
-0.00140259
0.0132067
-0.0112041
-0.000739725
0.00924423
-0.00732591
-0.000534777
0.00613871
-0.0047163
-0.000381166
0.00392442
-0.00294005
-0.000229636
0.00243918
-0.0017897
-6.30253e-05
0.00155522
-0.00103386
0.00020715
0.000908319
-0.000429112
0.000819526
0.000942508
-0.00127517
0.00133222
-0.00183616
0.000131372
0.000785919
-0.000998714
0.000423674
0.000466407
0.000490863
0.000674689
0.000578494
0.000428984
0.000844161
0.000516812
-0.000149941
-0.000441896
-0.000657182
-0.000648909
-0.000964758
-0.00150356
-0.00116113
-0.000555621
-0.000316814
0.00446725
-0.00565266
-0.000227285
-0.000165865
-0.000313649
2.95868e-05
-0.00647098
0.00567399
2.35437e-05
0.0045184
-0.00569056
2.49487e-05
0.00711319
-0.00875114
5.27596e-05
0.0106945
-0.0128749
9.92935e-05
0.015269
-0.0180001
0.000135429
0.0202544
0.00016038
0.000368352
1.21973e-05
-2.60643e-05
-7.25886e-05
1.18757e-05
2.94522e-05
2.22183e-05
1.30473e-05
5.95808e-06
2.10066e-06
1.03831e-06
5.26877e-06
1.60351e-05
-0.000574196
1.04505e-05
3.2358e-05
-3.75823e-06
-8.24097e-06
-1.37327e-05
-2.07104e-05
-3.51941e-05
-6.83127e-05
-0.000133384
-0.000179221
0.000741499
-0.000220981
-0.000578573
-0.000791266
0.0153583
-0.0164417
0.0193363
1.96262e-05
-0.00271025
0.0022572
0.0069998
2.47553e-05
-0.00629551
0.0058898
0.0060095
6.22758e-06
-0.00670384
0.00625665
0.00540394
-9.23686e-06
-0.00846024
0.00802319
0.00757389
-0.000165531
0.0106551
-0.0112084
0.0109315
-0.0117361
-0.00109826
-0.00587442
0.00832943
-0.000745436
-0.00802632
-0.00018885
-5.8174e-05
0.0277122
-8.86735e-05
-0.0278902
0.0175875
-0.000629825
-0.0181933
0.0182399
-0.000405761
-0.019113
0.028081
-0.000273466
-0.028099
0.0245076
-0.0244253
0.0242602
-0.0248653
0.000114952
-0.0277906
0.0274831
-2.90097e-05
-0.0182391
-0.000701194
0.018388
-0.0157021
9.12004e-05
0.0279209
0.0101157
0.0270191
0.0100287
-0.0116336
0.0169541
0.00224033
-0.0122944
0.0120934
0.000880088
-0.00941691
0.00847165
0.00059022
-0.00660511
0.00583773
0.000406939
-0.004409
0.00376891
0.000287463
-0.00282749
0.00239168
0.000143296
-0.00176262
0.00138861
-1.56356e-05
-0.00115874
0.000683105
-0.000374302
-0.0010408
-0.000286534
-0.000894281
0.000593398
5.6267e-05
3.00675e-05
0.000362882
9.64327e-05
-0.000561205
-0.000455158
-0.000117603
-0.000354968
-0.000221443
-0.000169666
-0.000393784
-0.000186428
-0.000198965
-0.000390727
-0.00057467
-0.000613628
-0.000426148
0.00113289
8.35926e-05
-0.000795477
-0.000119947
0.00131233
0.00154487
6.36033e-05
-0.00145719
-0.000129598
0.00203143
0.00296497
-6.06088e-06
-0.00392031
9.24469e-05
0.00478376
-4.305e-05
-0.0062651
0.000148767
0.00747269
-7.11725e-05
-0.00959626
0.000151657
0.0111659
-0.000100315
-0.014037
0.000211717
0.0158948
-0.000184652
-0.019643
7.54951e-05
0.0213099
-0.000489835
-0.0263275
-0.000692419
0.000596476
-0.0159413
0.026016
0.000148224
0.0146379
0.000378583
-0.0122017
0.0200308
-4.30656e-05
0.0105763
0.000314645
-0.00882285
0.0144696
-3.54061e-05
0.00739352
0.000241951
-0.00603125
0.00994138
-1.90431e-05
0.00493108
0.000190925
-0.00395458
0.00651384
-1.12155e-05
0.00315705
0.000127841
-0.00247946
0.00409176
-5.84232e-06
0.0019343
8.34072e-05
-0.00153209
0.00249882
-9.36879e-06
0.00118325
4.88377e-05
-0.00100042
0.00152844
-4.38051e-05
0.000917114
-0.000121354
0.000211019
-0.000944933
-0.000818292
0.000425264
-0.000916423
-0.00021282
-7.98797e-05
-0.00175423
-0.000970719
-0.0008513
-0.000560765
-0.000427552
0.00101376
0.00116948
0.000104161
-0.000753495
-0.000128151
0.00185838
3.92765e-05
-0.00236429
8.60817e-05
-0.000209046
-0.000102782
-4.16782e-05
-0.00104134
3.7327e-06
0.000372182
-4.5144e-05
-6.95048e-05
-9.71301e-05
0.000377227
-0.000120895
5.07879e-05
4.44693e-05
1.56714e-06
3.52126e-06
3.18392e-06
3.80931e-06
3.15681e-06
4.49324e-06
-4.71102e-06
-7.55423e-07
0.0021337
-0.00247049
1.37305e-05
-2.85146e-06
-1.66269e-05
1.9227e-06
-0.00130703
1.17733e-06
0.00164218
-0.00215912
4.17233e-06
0.00275701
-0.00355512
1.08509e-05
8.79697e-06
2.97331e-07
9.75325e-06
1.09418e-05
3.33897e-05
4.62264e-05
2.955e-05
1.67991e-05
8.92722e-06
7.05849e-06
1.53158e-05
1.04533e-05
2.35013e-07
0.00161812
-0.0020635
0.00186339
-0.00239629
0.00306386
-0.00388437
6.54917e-05
-0.00142206
7.3494e-05
0.00133042
6.94869e-05
-0.000925755
4.29407e-05
0.000719607
-4.88307e-05
-9.95964e-06
0.000253754
-2.39154e-05
-0.000466995
0.00297825
7.74786e-05
-0.00241829
-0.000202909
0.00309318
0.00405854
0.000222953
-0.00402819
-0.000295125
0.00506892
0.00613763
0.00036022
-0.00623543
-0.000421097
0.00749323
0.00917278
0.00049766
-0.00926607
-0.000574943
0.0104162
-0.0130465
-0.000740444
0.013323
-0.0177339
-0.00016136
-0.000620969
-0.000124475
-2.41512e-05
2.3302e-05
3.02737e-05
2.57589e-05
2.08781e-05
1.63933e-05
-2.77478e-06
6.25441e-06
0.000288698
0.000308064
0.000311097
-7.74643e-05
0.000380217
2.71924e-06
1.55236e-07
0.000391734
-6.64753e-05
0.000377145
-0.000117688
1.57383e-05
-3.00677e-05
3.15177e-05
-7.61367e-06
1.41882e-05
-1.59773e-06
-0.00125232
5.4744e-05
3.26548e-05
1.16753e-05
2.4085e-06
7.9079e-07
-0.00021154
0.000212357
8.42387e-06
-0.00017325
0.000282215
-6.82196e-05
1.98596e-05
5.64225e-05
1.60385e-05
-3.33568e-05
0.000383034
-0.00123049
8.33991e-05
-0.000834832
-0.00012761
0.00127392
0.00157887
4.65796e-05
-0.00147999
-0.000122713
0.00245771
0.000116978
-0.00247974
-0.000200106
0.00327993
0.00397056
0.000223188
-0.00407811
-0.000303935
0.00504791
-0.00629795
-0.00042879
0.00747015
0.000349981
0.000268452
0.000190016
0.000121487
6.28979e-05
2.01734e-05
-5.98801e-06
2.74486e-06
1.21039e-05
4.02944e-06
-5.22525e-06
-2.66357e-05
-1.67602e-05
-7.13705e-06
-8.87998e-06
-5.78096e-05
-5.30716e-05
-0.000116344
-0.000116381
-0.000173573
-0.000200788
-0.000944025
-0.00143875
-0.00235588
-0.00254828
-0.00465039
-0.00398933
-0.00228854
-0.00861593
-0.0258893
0.00158544
-0.041256
-0.0307761
-0.0232915
-0.015547
-0.0136998
0.00517824
-0.0121029
-0.000702846
0.00308037
0.000333343
-0.0001796
0.0148219
-0.0172198
0.0196867
0.000178514
-0.00243277
0.00368894
0.00812683
0.000293648
-0.00566931
0.00760774
0.00759368
0.000307213
-0.00606018
0.00783821
0.00713516
0.000225415
-0.00811874
0.00892693
-0.000404574
0.000335351
0.000597459
0.00377873
-0.0160057
-0.023032
0.00100798
0.0193137
0.000414548
0.000158089
0.0121958
0.000142476
-0.0199599
0.0232954
1.5971e-05
-0.0253804
0.0149864
-0.0150534
0.0131466
-0.00244451
-0.0167884
0.000542475
-0.0203179
0.0277793
-0.024319
0.0223743
-4.47159e-05
-0.0224064
3.33955e-05
0.0221932
-6.72419e-05
-0.0222952
1.26465e-05
0.0223939
-8.04058e-05
-0.0224784
0.0247463
-0.0283555
0.00196454
-0.022184
0.0305963
0.00160258
0.000900076
-0.00982254
0.0104723
-0.0108437
3.45244e-05
-0.00805669
0.0074137
0.000529975
-0.00921484
0.00666125
-0.00782452
0.000652272
0.0152189
-0.00845
0.00501403
0.00106936
-0.00941206
0.0074368
-0.000163877
-0.000141366
-8.40386e-06
0.000243023
0.00011964
4.137e-05
6.96962e-06
-5.27194e-06
-9.73096e-06
-1.06153e-05
5.30468e-06
-5.0058e-06
0.000172786
0.000203447
5.81365e-07
-4.61329e-05
-2.85579e-05
0.000352778
0.00011828
-0.000319886
0.000161273
0.00020817
-0.000339132
5.4782e-06
-0.0003634
-2.96359e-05
-9.60534e-05
-0.000308658
0.000456083
0.000563432
2.86331e-05
0.000107484
-2.57635e-05
1.49871e-05
0.000262377
-0.000282545
-2.74644e-06
-0.000306178
0.000307286
0.000284383
-0.000260247
-4.85956e-07
-0.000334136
1.75127e-07
0.000334788
4.89993e-07
1.41142e-06
-9.81121e-06
5.09097e-06
2.66275e-05
7.15701e-05
0.00174959
0.000967324
0.000510193
-0.000151801
-0.000444703
-0.000675519
-0.000976459
-0.00146266
-0.00233487
-0.00402285
-0.004101
-0.00792188
-0.0086422
-0.0185646
-0.0303423
-0.0274387
-0.0275817
0.0114579
-0.0163055
-0.00804228
-0.00869143
-0.025349
-0.0309438
-0.0279184
-0.0279354
-0.0278324
-0.0277605
-0.0317198
0.0116102
-0.00163737
-0.00657882
0.0347249
-0.00978132
-0.0230597
-0.0214716
-0.0062375
-0.00760605
-0.0173877
-0.0179963
-0.0024781
-0.00441902
0.000337292
0.000821111
0.000748058
0.000551053
0.000375023
0.000288724
0.000158626
0.000153818
4.1194e-05
0.000101609
-0.000287609
-0.000509646
-0.00075937
-0.00111501
-0.00171794
-0.00299298
0.000755055
0.000545408
0.000463932
0.000630489
0.00058491
0.000439752
0.000434382
0.000283067
0.000357081
0.000210349
0.00152427
0.00233151
-0.00291918
0.00386262
-0.00471536
0.000216895
0.00262268
-0.00211133
0.00013636
-5.85959e-06
-5.79937e-05
-5.56319e-05
-0.00133459
-7.08236e-07
-0.000373181
0.000219159
-9.87368e-05
-1.67506e-05
-2.68201e-05
4.80867e-05
-0.000353387
0.000273369
-1.66418e-06
-5.62668e-07
-5.35023e-07
4.681e-07
0.000173171
-5.61655e-06
1.40396e-06
1.23669e-06
1.25456e-06
-0.000106685
1.14895e-06
4.47714e-05
2.79739e-05
3.6964e-05
-2.79542e-05
2.55621e-05
-1.41352e-07
3.01659e-06
-0.000106443
0.000353921
0.000340396
-0.000205892
-4.62869e-05
-0.000163102
0.000322278
3.01382e-05
1.02989e-05
1.66789e-06
7.10248e-07
-7.33516e-06
-5.74169e-06
-5.38665e-06
-3.19157e-05
-1.90665e-05
-5.84825e-05
2.58225e-05
-0.000111812
-0.000113071
-0.000165887
-0.000192973
-0.00340855
0.00425535
0.00617794
-0.00741296
0.00946638
-0.0112544
0.000474174
0.00652842
-0.00536842
0.000327465
1.63949e-05
-7.88314e-05
6.96177e-05
-8.59426e-05
0.000146973
-0.000199305
-0.000224053
-0.000204577
-0.000223188
-0.00013593
-3.14458e-06
0.000184052
0.000246133
0.000110624
0.00361708
0.000130902
0.000137066
6.19801e-05
2.52898e-05
6.67529e-06
-4.13478e-06
5.95342e-07
-1.53034e-06
-8.90138e-06
1.51087e-05
4.85042e-06
-2.86656e-06
3.65591e-05
1.5509e-05
1.6029e-05
8.6423e-06
9.95252e-07
1.32459e-05
1.19459e-05
3.5126e-06
7.13375e-06
1.29883e-05
2.20139e-05
1.26469e-05
7.63036e-05
3.55119e-05
5.46913e-05
0.000159081
7.09442e-05
0.000148447
0.000327698
0.000256334
0.000809213
-0.00243117
-0.0028936
-0.000477493
0.000380498
0.000524955
0.000303447
-0.00696635
-0.000160799
-8.89705e-05
-9.90904e-05
-0.000725109
-0.000246448
0.0161426
-0.000222882
-0.0199798
-0.000157249
-0.000856294
-0.0185831
-0.00085529
-0.0010424
-0.0124019
-0.00628718
-0.0102867
-0.0246771
0.00257607
0.00618533
0.000377575
-0.000338741
-0.000291905
-0.000528671
8.94656e-05
-0.0144804
0.019126
0.000120811
-0.00428674
0.00195468
0.006486
4.55755e-05
-0.00812215
0.00518074
0.00523365
-1.31635e-05
-0.00837267
0.00552884
0.00464563
-6.57742e-05
-0.00770752
0.00187315
-0.0114293
0.0055803
0.00863385
-0.0106969
0.00314431
0.00132241
-0.000634433
-0.000106605
-1.65643e-05
3.11453e-05
3.45036e-05
2.74074e-05
2.11045e-05
1.46119e-05
6.07304e-06
1.36198e-05
5.9268e-05
0.00266423
-0.00340571
7.55872e-05
0.00433591
-0.00545618
0.00489294
-0.00609526
0.00750807
-0.0091783
0.000116074
-0.00358229
0.000135133
0.00342525
8.56539e-05
-0.00228042
0.000106819
0.002201
2.03816e-05
8.89439e-05
0.000721492
-7.29388e-05
-0.001135
0.00749486
0.000255123
-0.00595454
-0.000421044
0.00722209
0.00936855
0.000504489
-0.00910642
-0.000568421
0.0127112
0.000791952
-0.0129335
-0.000808108
0.0133086
0.0169486
0.00079084
-0.0211711
-0.000382314
-0.0176078
-0.0209327
0.00092123
0.0164654
0.0136718
-0.0172941
-0.000319565
-0.000625698
0.000567128
0.000465374
0.000378182
0.000283191
0.000195148
0.000119715
5.45152e-05
9.14553e-05
2.12311e-05
-4.23801e-07
3.00936e-05
-6.65673e-07
0.00679867
-0.00839579
0.000158105
0.0101926
-0.012387
0.0110634
-0.0131895
0.0157211
-0.0176542
-0.000498665
-0.00744386
2.17887e-05
0.00753632
6.64723e-05
-0.00545041
0.000129931
0.00512486
-1.9107e-06
0.000241562
0.001867
5.10331e-06
-0.00215283
0.0159633
0.00045752
-0.0119375
-0.000803892
0.0139628
0.0168534
0.00078691
-0.0217689
-0.000286715
-0.015552
-0.0279517
0.00022466
0.0208624
-0.00174113
0.00923351
-0.000214388
0.00626462
0.00531628
0.00270468
0.00171423
0.01166
-0.00697093
-0.000360719
0.00121946
0.000678511
0.000483622
0.000366105
0.000263193
0.000171943
8.78306e-05
4.89827e-05
0.000697167
-0.000475498
-0.00077679
-0.00018547
0.000150163
-0.000423412
0.00136112
-0.000561788
-0.000670992
-0.000666842
-0.000409048
0.00102361
0.00114866
8.19442e-05
-0.000846746
-0.000121636
0.00153339
5.13925e-05
-0.00145274
-0.000123364
0.00205768
0.00246838
0.000123883
-0.00250765
-0.000205679
0.00325244
-0.000346715
-0.000269809
-0.0030709
-0.000147601
-0.00182947
0.000463717
0.000466636
0.000150474
-0.000543142
-0.000890805
-0.000576952
-0.000442478
-0.000956666
-0.000293298
-0.00015948
8.9883e-05
1.77635e-05
0.00187281
3.39005e-05
-0.00145619
-0.000127765
0.00194024
0.00252229
0.000113118
-0.00248968
-0.000197756
0.00395175
0.000227463
-0.00403497
-0.000299313
0.00507425
0.00617538
0.000342317
-0.00761581
-0.000580498
-0.000415291
-0.00495044
0.000889952
0.000894725
0.000669392
-0.0001658
-0.00179611
-5.5387e-05
-0.000944148
0.000156242
-0.000283946
-0.000348527
0.000105297
0.000453495
-0.000232062
-0.00220259
0.000337518
4.44488e-05
0.00044658
-5.10676e-05
0.0048007
0.000159752
-0.00388156
-0.000301549
0.0048164
0.00631262
0.000351499
-0.00620593
-0.000413153
0.00909173
0.000529724
-0.00918151
-0.000581437
0.010413
0.0129069
0.000727896
-0.0157062
0.000421547
-7.11673e-05
-2.53426e-05
2.11885e-05
1.67873e-05
1.07403e-05
6.19848e-06
3.29879e-06
-2.13141e-06
1.78978e-07
1.38904e-05
3.19517e-06
-1.91526e-06
4.62538e-06
1.75072e-05
4.34969e-05
7.03533e-05
3.36513e-05
1.17714e-05
3.24224e-06
3.75272e-06
-1.1185e-06
1.46102e-06
0.00215784
2.3993e-06
-0.00214966
0.00275512
4.38026e-06
-0.00354464
0.00355814
-0.00274369
0.00278094
6.37739e-06
-0.00359334
0.0035439
-0.00275464
0.00215087
-1.99404e-06
-0.00218679
0.00165886
-0.00164727
0.00165346
-0.00165355
6.30765e-06
-0.00214404
0.00219532
7.59556e-06
-0.00277206
1.78556e-06
-0.00353405
0.00360892
9.69066e-06
-0.00453259
-8.29553e-07
-0.00564808
0.00575319
-0.0056593
0.00568026
7.31418e-06
0.00449762
-0.00447893
4.62196e-06
0.00454657
1.47732e-05
-0.00572888
0.00566302
-0.00448309
-2.50712e-05
-0.00406696
0.00248836
1.12846e-05
0.00312439
-2.23328e-05
-0.00248598
0.00153654
1.19032e-05
0.00189006
-0.00166871
0.00130485
-6.03255e-06
-0.00132597
2.18021e-07
0.00129826
1.32558e-06
-0.00129401
4.90157e-06
0.0013295
8.29558e-06
-0.00130056
0.00167519
-0.00188819
1.9787e-05
2.13016e-05
1.41065e-05
4.91508e-05
3.01296e-05
-0.000593925
0.00061587
-0.00060595
0.000606838
2.81231e-07
-1.19742e-06
-1.39386e-06
-0.000615382
0.000594902
-2.96221e-05
-1.67874e-05
0.000303033
-0.000340508
8.41155e-07
-2.52066e-06
0.00108881
-0.00110195
0.00110461
-0.00108637
0.00112822
-0.00116846
-2.44586e-05
-5.33761e-06
-0.000302124
1.73594e-05
0.000340737
-1.42266e-05
1.21339e-05
1.06107e-05
2.88646e-06
5.28196e-06
8.70523e-06
1.10753e-05
1.08857e-05
-0.00701777
8.93395e-06
-0.00864877
0.00867741
-0.00874713
0.00867048
2.46497e-05
0.00713002
-0.00701616
-2.48649e-05
-0.0064754
0.00396052
2.24781e-05
0.00509163
-0.00314619
-0.000119432
-0.00233988
0.00280652
-0.000258828
-0.00373276
0.00441972
-0.000340045
-0.00568341
0.00675593
-0.000355653
-0.00825198
0.0099461
-0.000469257
-0.0117476
-0.00115685
-0.000380013
-0.000607607
-0.000207076
-0.000418531
-0.000177281
-0.000314133
-0.000139062
-0.000224219
-8.71348e-05
-0.000153731
0.00175379
-0.0019312
-7.87643e-05
-0.00138599
0.00114779
1.29234e-05
-1.23008e-05
-0.000142952
-3.95128e-05
-0.000683342
-4.70262e-05
0.00100404
4.46109e-05
-0.0015241
-1.55348e-05
-1.66724e-05
8.35354e-05
3.93275e-05
-5.60392e-05
-0.000593179
0.000894688
0.000288355
0.00103749
0.000369497
0.000210195
3.39685e-05
0.000121416
-0.000918088
0.00117018
-0.00112568
2.52701e-05
2.45174e-06
-5.2156e-05
-1.26555e-05
-1.2635e-06
7.41272e-05
8.8879e-05
0.000125085
0.000182354
4.51198e-05
-0.00989176
0.00606004
-0.00493603
0.00799197
2.04572e-05
6.70843e-06
-3.46649e-06
3.22503e-06
1.29408e-05
2.56844e-05
4.0204e-05
5.0649e-05
-1.36717e-05
-0.0104756
3.40738e-05
-0.0127209
0.0126601
-0.0144259
0.00885241
8.7269e-05
0.0120074
-0.00742963
-0.000160491
-0.000156514
0.000737934
0.000581428
0.000646079
0.000876488
0.0094677
0.0138561
-0.0165062
0.00171255
0.000121626
-4.4281e-05
0.000447471
-0.000147369
-4.9137e-05
-0.00816674
0.000128903
0.000769939
-0.0118824
0.000685183
0.000101458
4.62135e-05
9.97754e-05
0.000213875
0.000313403
0.000148766
5.79998e-05
2.80116e-05
2.37575e-05
2.24858e-05
3.20593e-05
4.29942e-05
2.80522e-05
2.23811e-05
2.78364e-05
1.85436e-05
1.58168e-05
-7.16048e-07
1.16621e-05
1.2515e-05
0.000107116
3.21764e-05
2.19036e-05
1.48656e-05
1.52741e-05
1.055e-05
6.26042e-06
1.29707e-05
1.50543e-05
1.04411e-05
-5.69505e-05
1.86647e-05
3.23006e-05
2.4069e-05
4.1581e-05
6.57128e-05
7.20529e-05
0.000123578
6.18967e-05
0.000118014
5.78862e-05
0.0145414
-0.0174692
0.00026498
0.0194635
0.000370428
7.28739e-05
0.000210725
0.00127902
-0.00374249
0.0125326
-0.0104414
0.0220107
0.00318432
0.0135859
-0.0118018
0.0101506
-0.00994659
0.00708719
0.00803942
-0.0107932
0.00243708
-0.0116535
0.00748853
0.00774343
0.0145746
-0.000768151
-0.000298876
-0.00182818
-0.00012915
-0.00738016
-0.000151008
-3.30405e-05
3.59198e-05
5.04961e-05
8.58981e-05
4.682e-05
3.91674e-05
4.65751e-05
3.87424e-05
-3.66908e-06
3.96378e-05
3.62914e-07
0.000280839
0.000192057
0.000136098
-0.00932548
0.0112144
0.000361232
-0.00868065
-0.000578035
0.0103778
0.0131076
0.00071887
-0.0127588
-0.000781738
-0.0155797
0.000468364
0.000382696
-1.99915e-05
1.19219e-05
-2.95951e-06
0.000229589
4.19035e-05
2.18097e-05
2.89362e-05
2.25924e-05
-7.35266e-06
0.000199109
0.000123326
5.91879e-05
-0.00176743
-0.000144169
0.00205928
-4.1043e-05
0.00132383
-0.000969986
-0.000850465
0.00104642
-0.00062462
-0.000571076
-0.000536143
0.000153695
-0.000267863
-0.000299675
-0.00308938
0.00069725
-0.000303347
-0.000732426
0.000518638
0.000977117
-0.000429778
-0.00603564
0.0007297
0.000133898
0.0011314
-7.27479e-05
-0.00166091
-0.000565651
0.0010517
0.00173401
0.00132481
-0.000459495
-0.00502959
-0.000415108
-0.0048903
0.00116817
-0.000643384
-0.00777034
-0.000580862
0.00751754
0.00141214
-0.000871585
-0.0114453
-0.000539082
-0.0138474
0.00195053
0.000734317
0.00378916
0.000262646
-0.0199074
0.000633304
0.00216431
0.00253555
0.0036975
0.0130282
0.030583
0.0160552
0.023651
-0.00208449
-0.0012139
-0.0161289
0.00137405
0.000840465
0.00258031
0.0158002
0.0229644
-0.00201846
-0.00111667
-0.00078781
0.0105428
-0.0110922
0.00132627
0.00114634
0.00111437
0.000382998
0.00198552
0.0145319
0.0231629
-0.00207948
-0.00112756
-0.000791454
-0.0111833
-0.000968194
-0.000719431
-0.00052452
0.000725016
0.000496535
0.000277858
5.31942e-05
0.000221347
0.000978965
0.00121834
0.00132795
-0.00125137
-0.00161325
0.00190949
0.0132545
0.025899
-0.00449392
0.00523849
0.00231767
0.0020141
0.000240096
-0.000145212
-7.37244e-05
-3.70213e-05
-1.95151e-05
-1.07182e-05
-4.29187e-06
5.14212e-06
2.00514e-06
8.76031e-07
-7.81343e-07
6.46387e-06
3.65556e-06
3.85646e-06
-8.17462e-07
-4.19603e-05
-8.37142e-05
-7.2146e-05
1.15144e-05
2.9917e-05
-0.00312459
0.00276738
1.15704e-05
1.00167e-05
1.13908e-05
1.19926e-05
6.34023e-06
1.23395e-05
3.58714e-05
-3.35029e-06
0.000306614
-0.00134764
0.000101991
6.63528e-05
7.9369e-06
1.16766e-05
1.41695e-05
-1.21637e-06
-9.24669e-06
1.8798e-05
1.40619e-05
1.1817e-05
1.00039e-05
1.27712e-05
1.46459e-05
4.47576e-05
4.22555e-05
0.0126187
3.17154e-06
-0.0125902
0.0149323
-2.12261e-05
-0.0173753
0.0173711
-0.014908
0.0151661
2.58662e-05
-0.0175286
0.0175282
-0.0148701
2.65818e-05
0.0172306
-0.0107833
-7.95479e-05
-0.000107375
0.000121302
0.000262022
0.000293691
-0.000234159
-0.00143926
-0.00292921
-0.00564451
5.08549e-05
-0.00217529
-0.000866049
-0.000262613
0.000274704
0.000253575
4.56103e-05
5.25875e-05
5.38834e-05
2.91615e-05
0.0106635
-0.010486
0.0105189
-0.0106353
-1.78853e-05
-0.0125997
0.0127542
8.57923e-08
-0.0151524
-4.79643e-05
-0.0174404
0.0175466
-1.76376e-05
-0.0203908
0.0200818
-0.0230739
-1.16752e-05
-0.000154842
-5.53408e-05
1.8138e-05
3.32658e-05
0.000119776
0.00028637
0.000722142
0.0040713
-0.00232258
0.0574119
-0.00152581
-0.000263209
-0.00108559
-0.0112843
0.00251532
0.00655454
0.000512269
-0.00011937
-0.00582663
-0.000144912
0.000138697
0.000301557
2.55727e-05
3.28798e-05
0.000553722
0.000321091
-0.0185648
0.0162911
-0.000771394
-0.000471706
-0.000142403
0.00325528
-0.00086095
0.00267169
0.00436268
0.00774612
0.0149335
0.00330134
-0.00842472
0.00340424
-0.0116223
0.00270794
0.00126423
-0.00805609
0.000565271
-0.000137475
1.22446e-05
-2.78902e-05
1.16857e-05
0.000122246
-8.21348e-05
-0.000196126
-6.00085e-05
-0.000216234
-4.98568e-05
7.89487e-06
-2.39316e-06
1.30503e-05
-9.11081e-06
-2.08875e-06
-4.22961e-05
5.30089e-06
6.69772e-05
0.000144676
0.000349193
0.00585024
0.0250553
0.00132917
-0.00337463
0.0160275
0.000709559
-0.00243426
-0.00151462
-0.00250404
0.0570466
-0.001252
-0.000282618
0.000486408
0.000112934
0.000261103
-0.0053096
-0.000162078
-0.000156773
-0.00114637
-0.0113851
-0.0104579
-0.00671491
-0.0239174
0.00255308
0.00583368
0.000260957
-0.000333653
-0.000355341
-0.000211715
-0.00644622
-0.000343215
0.00314577
-0.00206427
0.0033771
-0.000228474
-0.00591859
-0.000367956
-0.000163908
-4.54923e-06
0.000464885
0.00211907
0.000518248
0.00057231
0.0020363
0.00197099
0.000246567
-0.000105006
-2.78604e-05
4.95503e-05
0.000157575
-8.90837e-05
-1.24985e-05
0.00130296
0.0196935
0.00167127
0.00068211
-0.000173152
-0.00019101
-0.000151724
-0.000110633
-8.28371e-05
5.82142e-06
0.0045045
-0.00509341
3.67258e-05
9.47518e-05
4.33782e-06
4.33302e-05
-0.00798321
0.00704747
-5.09018e-06
-0.00864042
0.00877945
-0.00710842
1.12723e-05
0.00704474
5.96374e-06
7.63457e-06
4.31628e-06
8.19693e-06
5.99639e-06
6.31914e-06
1.56378e-05
9.19194e-06
1.44873e-06
-3.2962e-05
8.4829e-05
0.0202934
-0.0200045
0.0199815
-1.52434e-05
-2.51016e-06
4.03128e-06
9.553e-06
-1.16368e-05
0.0105209
-0.0119588
4.5157e-05
0.000148773
0.000125493
-4.47469e-05
2.93449e-05
-0.0170721
0.014949
-3.70351e-05
0.000543076
0.000412802
0.000337478
0.000223895
0.000145799
3.79899e-05
-3.56399e-05
-0.000213794
9.3928e-06
8.6718e-05
0.000155813
-1.96491e-07
0.000196759
0.000285607
0.000384303
-8.13973e-05
-4.21578e-05
6.36855e-05
-2.53779e-05
-9.97965e-05
-5.06101e-06
-5.0268e-05
-2.43799e-05
-0.000130131
7.15305e-05
-0.000130608
-0.000481196
-4.57766e-05
-0.000162388
-0.00098972
0.0007972
0.00217435
0.000157269
6.00146e-05
-0.0198938
0.000108206
0.00116364
0.00614664
-0.000162035
-0.000201278
-0.00131334
-0.0133455
-0.00825076
0.00192642
-0.000238863
-0.000192539
-0.000167487
-0.00172159
-0.000333321
0.0128694
0.00351719
-0.000667408
0.00258638
0.0191757
0.00154819
-0.000310629
-0.000498399
-0.000568353
-0.000823806
-0.0186928
-0.0164478
0.000100514
0.00157066
0.00075515
0.00310363
-0.00579888
2.22806e-05
0.000194916
-0.000868755
0.00028766
-0.00754386
0.00113521
0.000791871
0.000566278
0.00039653
0.000108193
2.12498e-05
-0.00373564
0.00327302
-0.0030121
0.000668913
0.0144834
0.0129326
0.000540402
-0.00012981
-0.000155956
-0.00021301
-0.00118255
-0.000100497
-8.05285e-05
-9.71389e-05
4.00156e-06
-0.000238261
-7.48504e-07
-0.0195402
0.000507707
-0.0177307
-0.000117352
0.000913454
4.63803e-06
-0.000272388
0.000123242
-0.000479728
0.00129268
2.53096e-05
-0.000691967
0.00217824
0.006723
4.17392e-05
2.14351e-05
0.000125083
2.84039e-05
0.000211325
0.000845369
-0.0146864
0.000108173
-0.000439861
0.000152831
0.000450995
0.000464015
0.000665404
0.00088057
0.00112029
0.00126442
0.000999788
0.000184919
0.00197206
0.0143273
0.0192201
0.0183722
0.0122181
-0.0271156
-0.0258296
-0.00106753
0.0231798
-0.000651903
-0.02524
0.00413478
0.000963067
-0.00287792
0.00226481
0.000364651
-0.00218149
0.00154045
0.000237471
-0.00149753
0.00105563
0.000171975
-0.00100969
0.000667518
0.000100355
-0.00067068
0.000392901
3.95728e-05
-0.000444781
0.00020948
-1.88322e-05
-0.000337927
6.74646e-05
-0.000162913
-0.00041699
-0.000188385
-0.000561838
-0.000674719
-0.000677697
-0.000577352
-0.000598886
-0.000641688
-0.000613273
-0.000645227
-0.000630428
-0.000626695
-0.000635035
-0.000623673
-0.000666398
-0.000643396
-0.000616263
-0.000816929
-0.000413804
-0.000375192
0.00155712
0.000122708
0.000889515
-0.000413772
0.0011608
9.84494e-05
0.0010333
-0.000426045
0.00110193
8.56516e-05
0.00106594
-0.000427155
0.00108738
8.69868e-05
0.00111949
-0.000410558
0.00103989
8.90783e-05
0.00134924
0.000148865
-8.85905e-05
-0.000776551
5.38969e-05
-0.000720615
0.000712218
-0.000937912
0.00132589
-0.00143441
0.0022074
-0.00224366
0.00346162
-0.00346141
0.00512713
-0.005066
0.00733907
-0.00686
0.0103823
-0.00758831
0.0152221
0.00147593
0.0227073
0.0161043
-0.00635194
0.0176101
-0.016441
-0.000840502
-0.000444547
-0.00959507
0.0100628
-0.00901311
0.0167033
0.00216557
0.00256589
-0.000684994
-0.00142575
-2.35544e-05
0.00145
0.00012998
-0.0128929
-0.00551269
0.00811653
-0.00505744
-0.00668767
0.0089487
-0.000943178
0.00971326
-0.00147794
-0.000760005
0.00768415
-0.0151648
-0.0190695
-0.024205
-0.0294288
0.0320605
-0.0246863
0.0261071
0.000102399
-0.0139844
0.0237142
-0.0124852
-0.0148887
-0.0166828
-0.0217394
0.0286839
-0.0190622
0.0209266
-0.0167341
0.0155159
-0.0126736
0.0110212
-0.00889644
0.00748552
-0.00588996
0.00489724
-0.00370815
0.00311396
-0.00224226
0.00194889
-0.00135016
0.00033512
-0.000411162
0.000215854
0.000120786
-0.00112285
0.00171068
0.000131219
-0.00196922
0.00281867
0.0002097
-0.00331817
0.00445062
0.000308397
-0.00522841
0.00668553
0.000432351
-0.00770919
0.0095917
0.000588131
-0.0106591
0.0132842
0.000794845
-0.0136252
0.0179653
0.000323856
-0.0147597
0.0247332
-0.0123214
-0.018117
-0.0186394
-0.0198234
0.0274653
-0.0123187
-0.0197008
-0.0186961
-0.0183667
0.0275261
-0.0173662
0.0211222
-0.016426
0.015689
-0.0125861
0.0110285
-0.00859462
0.00718318
-0.00549954
0.00449279
-0.00336506
0.00287988
-0.00203309
0.00180229
-0.00125905
0.000244217
-0.000379193
0.000421191
0.000110361
-0.00111115
0.00247819
0.000133273
-0.00270793
0.00389956
0.000191096
-0.0045236
0.00602619
0.000224444
-0.00722396
0.00691369
0.000480975
-0.00855018
0.00917493
0.000613194
-0.0107785
0.0125525
0.000756823
-0.0137698
0.0175071
0.000153922
-0.0156925
0.0254595
-0.0122113
-0.0216478
-0.0212391
-0.0172845
0.0326776
-0.0232282
0.0252034
0.000614828
0.0022536
-0.010586
0.00351643
-0.00505336
-0.0224982
-0.00518791
-0.00164061
-0.0151701
0.000262205
-0.0198665
0.0215565
0.000214552
0.0205887
-0.0236681
0.0264345
-0.00149781
-0.0219459
-0.00130037
-0.00225589
0.00995684
0.00896976
-0.00218552
-0.0166471
-0.0156672
-0.0118064
0.00835065
-0.0081599
-0.00439077
0.00936682
-0.001493
0.00858635
-0.00728389
-0.00751504
0.00828075
-2.77074e-05
0.00743594
-0.00740612
-0.00822844
0.00757523
4.81485e-05
0.00732348
-0.00857087
-0.00931418
0.00448538
0.0015003
0.00818205
-0.00833209
0.00716247
0.0118381
0.015674
0.0167149
0.002184
-0.00897913
0.0100701
-0.000205053
-0.0093071
0.00967686
9.64342e-06
-0.00964847
0.00931061
0.000226354
-0.0100064
-0.0015006
-0.00348547
-0.00255561
0.00064468
-0.000515076
-6.2565e-05
-0.000509183
-0.02611
0.026083
-0.0233576
0.0216111
-0.0215933
0.0221029
4.8943e-06
0.0233811
-0.0240889
0.0261617
0.000144985
-0.026067
5.24079e-06
3.78508e-06
2.73223e-06
1.9212e-05
-0.000608079
0.000525607
7.74603e-05
0.000517917
-0.026445
0.0220166
-0.0207006
0.0199059
-0.000113365
0.0150325
0.00133028
0.00157438
0.00530538
-0.00631473
0.00150071
0.0174886
-0.0159999
0.0164149
-0.0163966
-0.000137414
0.0159868
-0.0174298
0.00630323
-0.0158721
0.0177316
-0.00103517
-0.00591314
-0.00438443
-0.00904558
-0.023662
-0.0117443
-0.00214751
-0.00141415
-0.00270879
-0.00111663
-0.00439558
0.00260675
-0.0203871
0.0186202
-0.015231
0.0128542
0.000175721
0.00159358
-0.00248897
0.000230429
0.00022885
0.00671606
-0.00730158
0.000347675
-0.0109672
0.0121183
-5.54297e-05
0.0127131
-0.0141307
0.0167145
-1.28573e-05
-0.0150888
-0.000222892
-0.000212105
-0.000479613
-0.000640441
-0.000432259
-0.00999917
-0.000947517
0.00715182
-0.00112038
-0.000674692
-0.000180517
-0.000652397
-0.00153909
0.000288935
-0.00232048
0.00176041
-0.00208761
-0.0142834
-0.0241086
-0.023037
0.0255952
0.00118972
-0.0157912
-0.0177199
0.0205601
0.000259972
0.0180886
-0.000879258
-0.0139874
-0.0161168
0.0152997
0.000777368
0.0133062
-0.000802686
-0.01088
-0.0123286
0.010807
0.000583641
0.00969708
-0.000707709
-0.00795422
-0.00859958
0.0072433
0.000429541
0.00690923
-0.000592752
-0.00546778
-0.00562486
0.00468199
0.000298342
0.00465959
-0.000429063
-0.00350507
-0.00351199
0.00296593
0.000206274
0.00296169
-0.000353957
-0.0020822
-0.00212014
0.00185094
0.000133268
0.00180676
-0.000372993
-0.00117785
-0.00127298
0.000293174
0.000121651
0.000259232
-0.00232599
0.000962802
0.000908388
-0.0021628
0.000136439
-1.27132e-05
0.00042315
7.38914e-05
-0.000903606
0.00106972
-0.0010619
-6.91258e-05
0.00254935
-0.0028747
-7.31961e-05
0.0038689
-0.00414353
-0.000147712
0.00466276
-7.67039e-05
-0.00253408
0.0052753
-0.0064334
0.000595669
-0.000100176
-0.00113619
-0.00995124
0.000230217
-0.00172976
-0.000943308
-0.000550793
-0.00547489
0.000701574
0.00121968
0.002688
-0.00452232
0.00399791
-0.0065424
0.00561399
-0.000147864
0.00748272
-0.00688037
0.00855616
-3.75474e-05
-0.00811959
-0.00212005
-0.00060811
-0.000371855
0.000147273
8.47742e-05
-1.92366e-05
-0.000289943
0.000288138
0.000632313
-0.00240256
-9.65636e-05
1.62365e-05
3.95398e-06
4.88336e-06
1.18158e-05
2.54448e-05
2.60917e-05
0.000173256
4.31461e-05
-1.39885e-05
-0.000213302
0.000214796
0.00435316
-4.45961e-05
-0.0035758
0.00134182
-0.000505416
-0.00378974
0.00262242
-0.00326611
0.00250102
-0.00208389
0.00148973
-0.00232457
0.00199175
1.71781e-05
0.00316668
-0.00279159
0.00348293
-2.94433e-05
-0.00405478
1.65592e-05
-8.28026e-05
-0.000117951
-0.000280169
-0.000410123
-0.000276324
-0.000449856
-0.00176059
-0.00163348
-0.000903809
0.000501859
-0.00180914
-0.000628854
0.00109181
-0.000505702
-0.00119227
-0.00120502
-0.000863651
-0.000600406
-0.000305591
-0.000362299
-0.000302757
-0.00040553
-0.00266842
0.00160263
0.000144136
-0.00069862
-0.00110004
-3.02984e-05
-0.000393316
0.00113981
0.000190937
3.93045e-06
3.79467e-05
-0.000342994
0.000711209
-8.00423e-05
0.00162071
-0.00171897
-3.29099e-06
-0.00209725
0.0020348
-0.00204492
0.00211027
-4.35309e-06
0.00272898
-0.00279378
0.00353667
-1.09233e-06
-0.00343929
5.9914e-06
-0.00274778
-1.07835e-05
0.00277995
3.63535e-06
-0.00351878
0.00345737
-3.78836e-06
0.0045276
-0.00446272
0.00557925
-0.00553423
0.00568023
2.06547e-06
0.00689113
-0.00706273
0.00867272
4.39165e-06
-0.00845102
9.31799e-06
-0.00690633
1.00477e-06
-0.00566501
2.05135e-05
-0.00453549
0.00507629
-2.54419e-05
1.63582e-06
-2.82286e-05
-2.79062e-05
0.00875658
-0.00986891
4.9525e-05
-0.012545
0.0123016
-0.0122631
0.0125839
-2.82347e-06
0.0144732
-0.0148903
0.0173163
-1.87466e-05
-0.0168807
1.78258e-06
-0.0144429
2.63827e-05
0.0148721
2.82474e-05
-0.0172753
0.0169044
3.79383e-05
0.0199441
-0.0193341
7.49295e-07
0.0193607
-0.0199646
2.86927e-05
-0.0215641
0.0191505
-0.0172994
0.0150969
-0.012876
0.0108296
7.06323e-05
0.00715775
0.000261525
-0.00675365
-6.00904e-05
0.0101757
0.000449595
-0.00742972
0.00099087
0.000960051
-0.00294339
-0.000267562
0.00229804
-0.0188458
0.000660838
0.0103349
-0.000582259
-0.00903001
-0.0110963
0.000560488
0.00787584
-0.000421597
-0.00657986
-0.00708837
0.000385776
0.00559938
-0.000299393
-0.00446591
-0.00437225
0.000229324
0.00385982
-0.000205257
-0.00293408
-0.00255019
8.55152e-05
0.00293612
-2.41819e-05
-0.00216779
0.00184758
1.73173e-05
-0.00121334
-0.000874372
-0.000900564
-0.000918848
-0.000880484
-0.000930306
-0.00087757
-0.000956735
-0.000852474
-0.00110728
-0.000126977
-0.000317695
-0.000490526
-0.000849483
0.000139862
0.000461066
-5.94787e-05
-8.83671e-05
-0.000303524
1.47917e-05
-4.1078e-05
1.43858e-05
1.56799e-06
-5.55358e-07
-0.0016902
0.000780301
-1.63079e-05
-0.000774149
-9.03984e-06
3.07425e-05
-4.20462e-05
-5.44898e-06
-0.000798225
0.00167258
-0.00147181
1.39226e-05
2.56817e-05
1.20569e-05
1.54521e-05
1.91281e-05
2.34518e-05
2.10914e-05
-9.97301e-06
-7.34316e-05
0.000500225
-6.02689e-05
0.00483226
0.00557782
0.00554258
0.00485635
-0.000186151
-0.00644129
-0.00569739
0.00577815
0.000197901
0.00644574
1.44906e-05
-0.00643105
-0.000180323
-0.00567775
1.06239e-05
0.00569801
0.00651203
0.000197007
-0.00481935
-0.00547731
0.00820408
0.00809278
0.00766839
-0.00144398
-0.00315324
-0.00200309
0.0102945
-0.00722395
0.0114983
-0.00271281
-0.00142951
0.00745123
9.08212e-05
-0.000473389
-0.00226132
0.0116421
-0.0070567
-0.0140357
-0.00815348
0.010252
-0.00251095
-0.00326881
-0.000313935
0.00145566
-2.51048e-06
-0.00017907
0.000144447
0.00179159
0.000583724
-0.0141014
-0.00778604
-0.00338918
-0.00349845
-0.00261083
0.000492868
-0.000672488
-0.00743149
0.00763168
9.35046e-05
0.00819432
-0.00825133
-0.00761884
0.00735774
0.000161851
0.00989116
-0.000461199
-0.0102961
-9.74194e-05
-2.58614e-05
-4.62867e-05
-0.000470793
0.00010454
-0.00475493
-0.00553223
7.27347e-05
-0.000550538
-0.00216161
0.00122624
-0.00191261
-0.0139486
-0.023081
-0.0131903
-0.00193727
-0.000832794
-0.000420275
-0.00107895
-0.00119174
-0.000921582
-0.000585829
-0.00026455
7.40919e-05
4.84792e-05
9.4565e-05
0.000404239
0.00108921
-0.00127948
0.000676317
0.00118602
0.0007725
0.00183957
-0.000234503
0.0014481
0.00107577
0.00117897
0.000783813
0.000298806
0.000341309
-0.000682756
-8.38361e-05
-8.37977e-05
-0.000527873
-0.000559295
-7.7487e-05
3.54259e-05
-0.000593578
-0.000577709
-7.52635e-05
5.00537e-05
-0.000556313
-0.00064226
-7.8216e-05
0.000126198
-0.000483427
-0.000698412
0.000185744
-0.000393009
0.000154036
-0.000500426
0.00124677
0.000647003
-0.00017202
0.000224096
-0.000741782
6.63759e-06
0.00112648
-0.000632905
-5.03705e-05
0.000600787
0.000623171
0.00098259
-0.00053483
0.000561969
0.000357988
-0.000678798
0.00186532
7.13389e-05
-0.00156921
0.00267613
-0.000202455
-0.00285071
0.00405189
-0.000423805
-0.00468506
0.00616043
-0.000614656
-0.00721724
0.00914814
-0.0008217
-0.0106091
0.0130333
-0.00115688
-0.0149231
0.0175843
-0.00222517
-0.0204601
0.0201673
-0.00674969
-0.0209976
0.0118856
0.00439997
-0.00533907
0.0217697
-0.00194789
0.0279348
-0.0195147
0.0112373
-0.0166068
-0.00228766
0.0119862
-0.0118146
-0.000878074
0.00916445
-0.00832571
-0.000623027
0.00642108
-0.0057209
-0.000485284
0.00425407
-0.00378996
-0.000380681
0.00267391
-0.0024144
-0.000243032
0.00163069
-0.00140127
1.4428e-05
0.00104182
-0.000113763
0.00100902
-0.00148595
0.0012702
-2.61399e-06
0.00109653
-0.0011435
-2.81068e-06
0.000619626
-1.93264e-06
-0.000629538
0.00060754
2.77132e-05
-0.000581419
0.000578162
4.66374e-05
-0.000573563
0.000285734
-0.000474339
-1.84228e-05
0.000379171
-0.000281989
0.000315449
-0.000317408
0.000339831
-0.000353616
0.00033342
8.61146e-06
0.000165893
-0.000324568
1.06004e-05
0.000272859
-0.00027466
3.70061e-06
0.000284235
-0.000253649
-8.39335e-06
0.000333234
-0.000259428
0.000381063
-0.000505547
-0.000321639
0.000334758
-0.000137267
-5.84257e-05
0.000364981
-0.000273735
-6.41916e-07
0.000314271
-0.000302877
-4.37344e-06
0.000290454
-0.000352173
6.60348e-06
-1.0718e-05
-0.000146005
-0.000385926
0.00165797
0.0024932
0.000118474
-0.00282345
-0.000121477
-0.000122764
-0.00188556
-1.17038e-06
0.00307939
-0.00247954
-1.79539e-06
0.00182027
-0.00108011
0.00154133
-7.82107e-05
-0.000426073
-0.00170328
0.00051155
-0.000409035
0.000195075
0.000100977
-0.00108815
0.000397458
4.95781e-05
-0.000301312
-0.000662378
-0.00104605
-0.0013632
-0.00135892
0.000799412
0.000811338
0.000842796
0.000714354
0.0030577
-0.00181693
-0.000442304
0.00028126
0.00064768
0.000479247
0.000590364
0.000415869
0.000357761
0.000271548
0.000329906
0.000343014
0.000610675
0.00057047
0.00114941
0.000921134
0.00092815
-0.000400232
0.000685143
0.000205582
0.000210933
0.000763021
0.00112851
0.000944165
0.000925105
0.000996423
0.000952312
0.00106265
0.000818139
0.000467352
-0.00142829
3.33443e-05
4.10318e-05
-0.00232443
0.000520073
0.00054984
0.000315202
0.000319005
0.000271768
0.000363432
0.00047608
0.000621066
0.000745967
-0.00120156
-0.00135889
-0.00162126
-0.00562785
-0.0456791
-0.0257841
0.00153024
0.00198465
0.00191653
0.00106358
0.00107942
0.00121575
-0.01352
-0.0211681
0.0194964
-0.0157523
0.0139507
0.000577193
-0.0105542
0.0132251
0.000724139
0.000141568
-0.000536402
-0.00074985
0.0178647
-0.00216874
0.0112259
-0.00872865
0.00163529
0.000606927
0.000593696
0.000596597
-0.000650239
-0.000485362
-0.000404552
-0.000329917
-0.000267197
-0.000192994
-0.000144974
-0.000231674
0.00052762
0.000142027
0.00106042
-0.00115854
-0.000206553
-0.000122354
-1.97574e-05
-1.07332e-05
-3.69088e-05
-6.03777e-06
-0.000211311
0.000870456
-5.74435e-05
-1.85862e-06
-0.000472705
0.000326761
0.00115033
0.000776301
0.000349144
-9.64188e-05
-0.000131335
-4.70602e-05
1.02096e-05
0.000535799
-0.000741974
-2.08862e-05
5.33854e-05
-0.000127846
-0.000330995
-2.03198e-05
0.000199257
-0.000289058
-0.000299958
-2.00075e-05
0.000217715
-0.000305092
-0.000278022
-1.99915e-05
0.000184011
-0.000204243
-3.31555e-06
0.000213168
-0.000171519
3.26394e-06
0.000280223
-6.04263e-05
0.000392148
-0.000162408
-0.000197094
0.000387419
-8.65986e-05
-6.53328e-05
0.000314764
-0.000203449
1.04525e-05
0.000247848
-0.000237255
-1.30209e-06
-1.03109e-05
-2.28281e-05
-2.30042e-05
-2.31623e-05
-3.09252e-05
-3.17776e-05
-1.53944e-05
1.91772e-05
8.96754e-05
3.36395e-05
-3.23421e-05
-0.0190755
0.0171829
4.04715e-05
-0.000337086
0.000101329
0.0240728
1.62873e-05
-0.0220626
9.73244e-05
0.000135839
0.00010594
-0.000611288
-0.000886103
-0.000482764
-0.00082316
-0.000404174
-0.00064179
-0.000332471
-0.00051739
-0.000267125
-0.000422869
-0.000208679
-0.000373154
-0.000153824
-0.000390637
3.57018e-05
4.8723e-05
9.82408e-05
0.000633085
3.88599e-05
0.000101782
3.14747e-05
-4.5651e-05
1.48426e-05
-0.000786963
0.000757483
5.78855e-06
2.87241e-05
-2.47512e-05
7.74763e-06
-1.25256e-06
-2.0618e-05
-1.38662e-05
-1.37618e-05
-6.8981e-06
6.10072e-06
1.43069e-05
2.94894e-05
7.94531e-06
7.59191e-06
-2.00136e-05
-1.68169e-05
-3.28427e-05
-0.0167139
0.0142327
9.58985e-05
-0.012078
0.010029
-0.00904127
0.00743341
-0.0060517
0.00487651
5.23044e-05
0.0034358
0.000167845
-0.00340868
6.94092e-05
0.00503605
0.000202677
-0.00502313
9.4684e-05
0.000200126
-0.00163362
-0.000139621
0.00106232
-0.00920232
0.000276207
0.00488105
-0.000309652
-0.00401428
-0.00491134
0.000244125
0.003404
-0.000200369
-0.00283388
0.000121906
0.00224737
-0.000122184
-0.00160215
-0.00160724
5.13524e-05
0.00151269
-0.000126436
0.00131876
4.19844e-05
-0.00153324
-0.00170486
0.00240367
-0.000127838
0.00203141
5.37575e-05
8.73077e-05
1.09157e-05
2.09332e-05
2.43692e-05
2.05936e-05
-1.2281e-05
-7.77446e-05
0.000494549
-5.7254e-05
-0.00743473
0.00243765
0.00141988
0.00293826
-0.0102498
0.00831132
0.00776669
0.0146704
0.00776878
0.00831236
0.0142977
0.0192149
0.0201342
0.0123379
-0.0263056
-0.00102863
0.0164673
-0.000238687
-0.0194731
-0.0188998
0.00100777
0.0159694
-0.000752149
-0.0153937
-0.0128818
0.000642174
0.015531
-0.000189222
-0.0134289
0.0109852
-0.000125793
-0.00915313
0.00737268
-8.53175e-05
-0.0059483
0.00473158
-5.22133e-05
-0.00368036
-0.000308296
-0.000406561
-0.000525124
-0.000647885
-0.000444027
0.0203922
-0.000289448
-0.018803
0.000232637
0.000507985
-2.87643e-05
4.91473e-05
0.000478093
-0.00870171
0.00816305
0.00148957
0.00446152
-0.00838968
0.0118383
0.00714837
0.0142844
0.000384451
-0.000248054
0.000414624
-0.00136132
4.3024e-05
3.31225e-06
0.000206266
-0.000146414
4.38285e-05
-0.00165382
-2.64692e-05
-0.0080811
0.0029477
-0.0115411
0.00216631
0.00229913
-0.0116189
0.00244508
-0.0102254
0.00325075
0.00350244
0.00259239
-0.00998158
0.00230246
0.000521759
0.000238988
0.00016753
2.42627e-06
-2.5569e-05
-0.0104966
0.0102269
-0.010202
0.00850206
-0.00863654
0.00705141
4.31062e-05
4.65619e-06
3.18775e-05
0.0104994
1.42836e-05
-1.73455e-06
1.28443e-05
4.11304e-05
0.000125925
0.000204247
5.39628e-05
2.91571e-05
7.99515e-05
1.04731e-05
-1.60332e-05
3.99163e-05
1.11581e-05
-2.91406e-05
1.06998e-05
-2.71934e-05
-2.7954e-05
1.88462e-06
-8.91481e-06
-6.07709e-06
-9.58098e-06
7.07253e-06
9.25681e-06
7.14797e-06
-1.54893e-06
5.39614e-06
8.12731e-06
7.85378e-06
-7.88819e-05
-0.000116365
1.02975e-05
9.82706e-06
5.11631e-06
2.71947e-06
3.65627e-06
1.39587e-06
-2.21476e-07
2.31668e-06
8.48879e-06
0.00443312
-0.00453874
-6.1758e-06
-0.00542285
0.00434109
-0.00387702
0.00305312
-0.00240658
0.00182302
0.000116696
0.00135827
0.00011985
-0.00137286
6.11648e-05
0.00225472
0.000140864
-0.00219753
6.75637e-05
7.67449e-05
-0.000794844
-0.00010399
0.000375066
-0.00371648
0.00011069
0.00188536
-0.000123442
-0.00153795
-0.0017637
6.92844e-05
0.00132591
-0.000120299
0.00147163
5.49988e-05
0.00141051
-0.000120413
0.00141189
5.70455e-05
1.37063e-05
1.7579e-05
6.72059e-07
-2.38357e-05
-2.45366e-05
-2.34859e-05
-1.39416e-05
2.66523e-05
0.000111373
0.000212181
-0.000429277
-0.000728943
-0.000364491
-0.00055637
0.00949857
-0.00756076
-0.0110181
0.00955662
-0.00732695
0.00629377
0.000304775
-0.00507774
0.00656249
0.000429831
1.74397e-05
-0.000153349
8.83274e-05
-0.00016058
-0.000258564
0.00050867
-0.00132396
-0.000972879
0.000588425
-0.00113458
0.0091671
-0.00748684
9.61655e-05
0.000140047
-0.000142726
1.97479e-05
-7.43425e-05
0.00350209
0.00325203
-0.00808233
0.000587496
-8.27019e-05
-4.08473e-05
-2.90082e-05
4.1881e-05
-0.000126185
-0.000582811
-0.000192024
0.0237254
0.000338354
0.000296379
-0.000267589
-0.000617122
0.000118452
0.00242808
-0.0178602
0.00105762
0.0011086
2.60669e-05
-5.95709e-05
-5.28332e-05
-3.17561e-05
-1.45371e-05
1.12257e-05
3.36044e-06
1.90714e-08
1.21519e-06
7.66517e-06
1.01085e-05
-0.000521048
0.000531911
-0.000717293
-4.18033e-06
7.78274e-05
-6.92647e-05
-0.000275011
-3.66614e-06
0.000228593
-0.00021866
-0.000232416
-3.59021e-06
0.000239465
-0.000199161
-1.0809e-06
0.0003026
-8.05668e-05
0.000385529
-0.000189972
-0.000176988
0.000391735
-7.13803e-05
-6.43581e-05
0.00030043
-0.000185534
9.96869e-06
9.45356e-06
-1.78755e-06
-7.59863e-07
-5.65101e-07
-2.31345e-06
1.95516e-06
-0.00167019
-1.05169e-05
0.00166238
-2.03155e-05
2.35709e-05
2.08508e-05
-8.88584e-06
4.22154e-06
-4.52779e-06
-7.89122e-06
-1.16687e-05
-2.3147e-05
4.95527e-05
-5.75249e-06
7.26984e-05
-4.91804e-05
-7.95568e-05
-4.21308e-05
2.39371e-05
0.000655114
0.000480161
0.00036651
0.000272484
0.000189902
-1.06476e-06
1.0785e-05
-1.31677e-05
3.56311e-05
3.61985e-05
-0.000516682
0.00050311
-0.000694942
4.44131e-06
0.00014879
-4.76699e-05
-0.000247162
-5.73577e-07
0.000328841
-0.000113941
0.000382758
-0.000198298
-0.000155528
0.000371685
1.74223e-05
-6.82462e-05
-0.000112333
2.95422e-05
1.40405e-05
-6.21287e-05
1.10251e-06
5.94503e-06
-5.73938e-07
-0.000537791
-1.8452e-05
-1.78286e-05
2.13042e-06
-1.33701e-05
2.35332e-06
2.33164e-06
0.000280494
4.27858e-06
5.5025e-06
5.39272e-06
6.15714e-06
6.90371e-06
6.75115e-06
6.98349e-06
-3.24696e-06
-1.91921e-05
1.86007e-05
2.30341e-05
9.1094e-07
-4.68361e-06
-3.80428e-06
1.11915e-05
8.12719e-05
4.94106e-05
3.92832e-05
8.21968e-05
4.62353e-05
5.69556e-05
0.000141336
0.000107275
5.20937e-06
1.90304e-05
9.52922e-06
4.4382e-06
3.17278e-06
2.16249e-06
-7.83881e-06
1.56778e-05
-0.000300557
-0.00045177
-0.000243486
-0.000389608
0.00434909
-0.00320364
-0.00464454
0.00401355
-0.000230842
-0.000101608
-0.000118489
-6.87808e-05
-0.000607862
-0.000920346
0.000568088
0.000430521
-0.000298582
4.02479e-05
0.000798043
0.000326578
-0.00190304
0.00275403
0.000200622
-2.83874e-06
3.87155e-06
-0.000137343
2.79027e-05
-3.21124e-06
8.69207e-06
1.50669e-06
1.34726e-05
6.4358e-06
-0.0147504
9.72684e-06
0.0146379
-0.0123693
4.69263e-06
0.0103024
-0.0103776
0.0124456
-0.0125772
2.13526e-05
0.0104984
-0.0104081
0.0124735
-0.0147957
3.82953e-05
0.0149396
-0.0173174
0.0171447
-0.0170605
0.0175014
-2.38659e-05
0.0143548
-0.0150884
-1.41625e-05
0.0127002
-2.16626e-05
0.0100894
-0.0105963
2.61542e-06
0.00873432
-1.3988e-05
0.00675623
-0.00708458
0.00689837
-0.00694644
3.29829e-06
-0.00849837
0.00855707
3.09646e-06
-0.00865209
1.40208e-05
0.00702326
-0.00697322
0.00856316
-3.69999e-05
0.0118101
-0.00730169
2.53348e-05
-0.0142874
-2.7264e-05
0.0168483
-0.0104675
2.85107e-05
-0.0197798
0.0172414
-0.0198895
5.32589e-05
0.0200683
2.55308e-06
-0.0197715
1.86224e-05
0.0196068
-4.61119e-05
-0.0202636
3.68623e-05
0.0193264
-0.0168473
0.0152745
0.000262572
-0.01301
8.70139e-05
-0.0121584
0.0109602
0.000194413
-0.00912783
9.8627e-05
0.00751407
0.000147499
-0.00610653
8.59039e-05
-0.00544766
-8.72953e-06
0.0043204
-0.00451867
0.00572078
8.08613e-06
-0.00555896
3.35665e-06
0.00440558
-0.0044337
0.00560031
-5.37041e-07
-0.0056672
1.10875e-05
0.00448141
-0.00446023
0.00559763
-3.61248e-05
0.00789062
-0.00487831
1.17518e-05
-0.00981881
0.00599845
-0.000270949
-0.000165951
-0.000420181
-0.000291806
-0.000516623
-0.000421074
-0.00069045
-0.0011714
-0.00168493
-0.00610527
-0.00999616
-0.0266556
-0.0101427
-0.0276377
-4.13072e-05
0.015678
-0.0301327
0.0271647
-0.000190991
0.024383
-0.0245136
-8.7007e-05
0.0221802
-0.022115
0.0219171
-0.0218663
0.022341
-0.0217568
0.0201021
0.000452294
-0.0174875
1.19919e-06
-0.000129967
-0.000593602
-8.41279e-05
-0.000116471
-0.000582288
-0.000580563
0.000688494
0.000494076
-4.08231e-05
-7.60101e-05
0.000379327
-1.37346e-05
9.19716e-05
-0.00829448
0.00674579
6.56496e-05
-4.11598e-06
7.01903e-06
-1.31285e-05
6.34653e-06
4.62011e-06
-3.83638e-06
-0.00337546
0.00269143
2.88441e-05
-0.00201567
-2.4673e-05
-4.55923e-06
-8.83307e-06
0.00165844
-2.7736e-05
0.000105361
0.000257399
-0.000377893
0.000418326
-0.000765973
3.49667e-06
-0.000468787
0.000411391
-0.000273044
-0.000198623
-0.000424483
-4.11746e-05
5.46115e-06
2.64337e-05
4.90557e-05
5.81876e-06
-1.8254e-05
-0.000196471
-0.000127244
0.000768137
0.000239845
0.000172767
0.000721446
0.000373856
0.000356834
-0.000128483
-0.000204242
3.19416e-05
2.34899e-05
9.14078e-05
2.11274e-05
-1.1865e-05
1.66185e-07
-5.19002e-06
-2.55226e-05
-9.69513e-06
-6.52158e-06
-1.12091e-05
-2.72881e-05
0.000258105
-3.80434e-07
-1.94852e-06
-9.43054e-07
0.000210114
-1.51459e-06
-1.08966e-05
-6.94849e-06
1.18001e-05
3.76558e-05
-2.68109e-05
-1.80695e-06
-2.27897e-06
-7.96907e-06
1.9675e-06
0.000715789
-4.52265e-05
0.000331736
9.88829e-06
6.29333e-05
0.00012234
0.000194228
0.000280268
0.000120377
8.10863e-05
4.75926e-05
0.00303191
-0.00216076
7.74917e-05
0.00113956
-0.000118655
0.00156581
-5.1864e-05
-0.000178376
0.00246889
0.000135303
0.00211355
-0.000123143
-0.00166765
-0.00156035
-0.000147329
0.000617371
0.000844543
0.00109372
0.0012429
0.000982231
0.000174441
0.00196453
0.0143147
0.0242207
0.0216593
0.0122128
-0.0257292
-0.0271554
-0.00103444
0.0164889
-0.00023499
-0.0195898
0.00101967
0.0149748
-0.000779519
-0.0144309
-0.0138885
0.000831556
0.0124373
-0.000584417
-0.00915699
0.000399685
0.00748042
-0.00625475
0.000262636
0.00504768
-0.00408535
0.000165663
0.00325086
-0.000299746
-0.000460071
0.00599967
-0.000308935
-0.00478715
0.000191978
0.0002785
0.000377185
0.000490226
0.000681969
0.00228833
-0.0116483
0.0165819
-0.00104903
0.0168557
-0.000154405
-0.017971
0.000789872
0.0138893
-0.00117702
-0.00185185
-0.00197001
0.0232128
0.0194183
0.0123404
-0.0262373
-0.0262933
0.0201813
0.0194529
0.0198567
0.0146696
0.0232109
-0.026211
-0.00196898
-0.0018504
0.015848
-0.00013771
-0.017857
-0.0208172
0.00101998
0.0144603
-0.000778147
-0.0145881
0.000867323
0.0115969
-0.000577929
-0.0102297
-0.00987121
0.000549479
0.00889908
-0.000433231
-0.00741682
0.000367613
0.00546767
-0.0067255
-0.00692201
0.0082988
-0.00042156
0.00806206
-0.000595056
-0.000811918
0.0112368
-0.00113712
0.0146037
5.42734e-05
0.00187409
-0.00113744
-0.00118043
0.0137314
-0.000748079
-0.012756
-0.0155321
0.000844676
0.0110584
-0.00057781
-0.0104058
0.000577842
0.0084785
0.000390746
0.000500317
0.000664686
-0.000198822
-0.000199725
-4.18876e-05
-3.4703e-05
3.72809e-06
2.92846e-06
3.27805e-06
3.01326e-06
-2.71282e-06
-8.69089e-06
-1.19102e-05
-9.07872e-06
-0.000195072
-0.000362214
-5.58779e-06
4.20156e-06
-8.92217e-06
-9.76042e-06
-9.7043e-06
-1.86465e-07
-4.79276e-07
-8.89573e-07
6.56586e-06
6.5924e-06
7.68739e-06
-1.76242e-05
-3.45861e-05
0.000288032
0.000197849
1.9335e-05
1.60915e-05
1.16805e-05
-9.12851e-06
1.98382e-05
2.49653e-06
5.84694e-06
3.18306e-07
4.06412e-05
-1.05994e-05
-3.43936e-06
-3.85188e-06
-2.25529e-05
-7.15368e-06
0.000122886
6.00794e-05
9.53007e-06
1.94002e-05
3.4399e-06
7.35436e-06
7.35105e-06
1.24302e-06
8.13963e-06
7.14956e-06
-3.73333e-06
-2.79997e-06
-1.92834e-05
2.80282e-06
7.80201e-06
-1.01384e-05
-3.99481e-05
-7.60625e-05
-3.40567e-05
-1.66223e-05
5.10449e-07
9.41588e-06
9.86758e-06
0.000124379
0.000167209
-0.00833657
6.30119e-06
-5.59263e-05
-4.87444e-05
4.65622e-05
0.000320631
-0.000316255
-6.85877e-05
0.0167488
-0.0171873
-0.000478609
-9.20549e-05
-0.000236683
0.0172924
-0.0178467
0.000327151
-4.62003e-05
-0.0102812
0.0102695
-0.000132939
-4.95067e-05
-0.0269233
0.0267137
-1.75834e-05
0.023721
-0.0239478
-3.97259e-05
-5.17316e-05
0.000121037
0.000855031
-0.000838283
-0.00216152
-0.00242548
-0.00193437
-0.000264841
-0.000170442
0.0227472
-0.0144864
0.0156957
-0.0257079
2.20724e-05
9.98974e-05
7.70016e-05
-9.4886e-07
0.000148784
0.000177838
0.000141096
-0.000232866
-0.000318875
-0.000179231
-0.00021074
-0.0031101
3.44978e-06
0.00503451
-0.00405772
0.00349602
8.4918e-06
0.00274177
-0.00274248
-3.28724e-05
0.00210901
2.48068e-06
0.00163592
-0.00165394
-3.49972e-05
-3.07046e-05
7.64673e-05
1.63419e-06
3.0785e-05
-9.97282e-05
-0.000107375
7.62938e-05
0.000100837
-3.6292e-06
6.58636e-06
2.01737e-05
4.23916e-05
5.47611e-05
3.5383e-05
2.55243e-05
1.95825e-05
1.46662e-05
-1.52708e-05
-4.36176e-06
-0.00215787
0.00212521
1.82779e-06
0.00162518
-0.0016306
-6.50044e-06
-0.00130586
0.00128166
3.13492e-06
0.00108992
-0.00109247
-4.82467e-06
1.77018e-06
-2.59083e-06
-1.68756e-05
-0.000191758
-0.000134719
0.000698934
0.000143007
0.000269746
0.0006855
0.000353778
0.000385293
8.55168e-05
-0.000107203
2.26248e-05
3.33225e-05
1.82903e-05
1.28248e-05
-5.75698e-06
-2.30593e-05
-2.60086e-05
-6.08972e-07
-1.62455e-07
-9.31547e-06
-6.12846e-06
-1.29795e-05
-1.91875e-05
-8.10163e-06
1.42914e-06
2.02527e-06
2.5052e-06
-4.72018e-06
-3.17304e-06
-0.00355203
0.0035058
2.9889e-06
0.00270132
-0.00271615
-5.08187e-06
-0.0021075
0.00218226
-1.89501e-06
0.00161671
-0.00164936
6.44045e-06
0.00131627
-2.21302e-06
0.00110332
-0.0010585
3.37083e-06
1.91543e-06
9.17528e-07
1.93514e-06
1.7248e-06
-0.000116757
5.31107e-05
6.49274e-06
-2.13854e-05
-8.40269e-07
7.6391e-06
4.8006e-05
-0.000117897
-0.000108571
3.33744e-05
5.46674e-06
-9.13928e-06
2.29866e-06
2.14989e-05
-2.87766e-05
1.76351e-05
3.2643e-05
-0.000420225
-0.00039615
-0.000451788
3.20468e-05
-1.27459e-05
-6.10791e-06
-0.000855934
1.65363e-05
0.00112113
7.65849e-05
-0.001475
4.37572e-05
0.00186973
7.81245e-05
-0.00241581
7.45694e-05
0.00307821
6.66468e-05
-0.00390895
0.000108687
0.00491566
5.73477e-05
1.47106e-05
-4.27366e-05
-8.94095e-07
-1.28446e-06
5.95198e-06
1.70727e-05
2.07176e-05
-0.000160154
-0.0244704
0.00047337
0.0239121
-0.000228058
-0.0209013
0.00132645
0.0221646
0.00524664
-0.0036151
-0.0327216
0.0104357
0.00440043
-0.00243876
0.00213697
0.0237081
0.0172375
0.02171
0.0212497
0.0156897
0.011369
0.0242225
0.0019382
0.00109697
0.00155138
-0.000862133
-0.0109418
0.0105228
-0.000642233
0.00157082
0.00130183
0.000979012
0.000697024
-0.000165405
-0.000142749
0.00222101
0.000117098
-0.00270542
-0.00274059
0.00360581
-0.000199099
0.00353904
-0.000268756
-0.000421585
0.00108522
0.00119896
0.000876714
-0.000813147
-0.000867873
0.0125741
0.0015173
0.0010787
0.00240474
0.00215958
-0.00243874
-0.000617616
-0.0252552
0.00080976
0.0203872
-0.000451231
0.00120723
0.000337007
-0.00229295
-0.000181962
-0.0134775
0.000417503
0.00729146
-0.000433177
-0.00614514
-0.007565
0.000379563
0.0053009
-0.000300495
-0.00459868
0.000239856
0.00372411
-0.000273187
-0.000311306
0.00310592
-0.000205078
-0.00252737
-0.00302407
0.00395036
-0.00263725
0.00480812
0.000180911
-0.00599603
0.000682853
-0.00112564
-0.000117443
0.00743304
-0.000429853
0.000733962
0.000138477
7.30529e-05
-0.000560531
0.000954782
-0.000678208
0.00155864
0.0155518
0.00152552
0.00125288
0.000918586
0.000500889
-0.000347913
0.00023042
-1.46726e-05
-0.000650215
-8.97634e-05
9.7729e-05
-0.000641653
-1.95621e-05
0.00197483
-0.000505939
-0.000121568
-0.000133157
-8.8357e-05
-0.000938998
0.000649242
0.000107258
-0.000363713
0.000610591
0.000337882
4.93487e-05
-0.000483577
-0.00120541
-0.000613789
-0.000875856
0.000104481
0.000413503
0.000460519
0.000658819
0.000862564
-0.000424198
-0.00046688
0.00612082
-0.000646908
0.00903846
-0.000596741
-0.00426351
0.0057552
-4.42568e-05
-0.000855325
-0.000613772
0.000138835
-0.000588197
-0.000859654
-4.23531e-05
-5.69e-05
0.000141454
-0.000557378
-0.0008967
-0.000959643
-0.000291173
-0.000245243
0.00033453
9.41097e-05
-0.000300174
3.0759e-05
0.0110266
0.000178425
0.00417984
0.0231618
-0.00104097
-0.0326804
0.0104684
0.00441801
0.00601879
0.00880569
0.0237051
0.00497321
-0.00355377
0.0172414
0.0212096
0.011368
0.00193454
0.0226522
0.0160125
-0.00971155
0.01177
-5.93171e-06
5.80075e-06
8.95751e-06
8.59252e-06
1.04222e-05
8.09974e-06
9.52663e-06
1.0038e-05
-4.69536e-06
2.65732e-06
3.16892e-05
1.09907e-05
0.000118937
5.90974e-05
0.00265911
-0.00276544
-5.21096e-06
-0.00340699
7.05384e-05
1.5862e-05
-2.93263e-05
1.3455e-06
3.96251e-06
7.36374e-06
8.60605e-06
-2.02418e-06
-8.48012e-05
-5.77944e-05
0.000304921
0.0023655
-0.0179311
0.00106811
0.00114238
0.000683121
-2.27124e-05
-3.44482e-05
-1.13992e-05
-1.59413e-06
3.23186e-06
9.55868e-06
0.00358767
-0.00347851
-6.39856e-09
2.64317e-06
2.68056e-06
4.92129e-06
-1.0914e-05
8.22764e-05
0.000215407
-5.92107e-05
-1.95888e-05
-1.5346e-05
1.29541e-06
-2.25079e-05
-6.50242e-06
1.23588e-05
7.39385e-06
-1.94496e-05
-1.12218e-05
-5.68407e-06
1.00141e-06
1.53974e-05
1.17637e-05
-5.62559e-05
3.38878e-05
1.03772e-05
1.68937e-05
-0.00206505
0.000167983
0.000262028
0.000372083
0.000499727
0.000121058
8.36427e-05
3.20243e-05
8.38644e-05
4.6734e-05
0.000694088
-0.000241918
-6.04368e-05
-5.00101e-06
5.54247e-05
-0.00125399
1.28398e-05
3.49361e-06
-0.00126758
-3.27463e-05
1.64823e-05
9.14216e-06
2.60526e-05
0.000193933
0.00100047
0.00601904
0.00147568
-0.0267635
0.0265188
0.00010006
-0.0267571
0.0014962
-0.000168327
-0.000111763
0.000550609
0.000799379
0.00103076
0.00125237
0.00241003
0.00878544
0.00494629
0.00228152
-0.0100085
0.0159594
-3.4647e-05
-4.54325e-05
0.000747799
-0.00644307
0.00394179
-0.000220028
-0.000130796
-3.36304e-05
0.0024938
-0.000168461
-0.000106824
-0.000603948
0.00070299
-0.000387611
0.0120546
-8.87882e-05
-0.00154044
5.2883e-05
0.00233174
0.015115
-0.0137466
0.0160786
-0.0187922
0.0169285
0.0165567
-0.0207133
0.0183996
-0.000407177
0.00142606
-0.00740672
6.55344e-05
0.0075239
-0.00934401
-0.000320333
0.00872609
-0.000186768
0.000963235
3.68084e-05
5.09806e-06
0.000711761
0.000713184
-1.12543e-05
0.00019746
0.00152596
-0.00232898
-0.000186024
-0.000125311
-0.000128663
-0.000160326
0.00454111
-9.49475e-05
4.2273e-06
0.00119346
)
;

boundaryField
{
    face
    {
        type            calculated;
        value           nonuniform List<scalar> 
217
(
0.00258638
-0.000333321
-0.000768151
-0.000667408
-0.000192539
-0.00172159
-0.00206427
-0.000333653
-0.000355341
0.000377575
-9.90904e-05
0.00618533
0.00308037
-0.000725109
0.000333343
0.00257607
-0.000702846
-0.000298876
0.00267169
0.00436268
-0.00182818
-0.00086095
-0.000338741
-0.000291905
-0.000142403
-0.000528671
-0.000238863
0.00192642
0.000260957
0.000512269
0.00583368
0.00655454
-0.00825076
0.00255308
0.00251532
0.00351719
0.0033771
-0.000167487
-0.000228474
0.00314577
0.00330134
-0.000211715
-0.00012915
0.00325528
8.94656e-05
-0.000201278
-0.000156773
-0.00131334
-0.00114637
-0.0133455
-0.0113851
-0.00011937
-8.89705e-05
-0.00108559
-0.0010424
-0.000157249
-0.000856294
-0.0112843
-0.0124019
-0.0121029
0.00154819
-0.00982254
0.000652272
0.0191757
0.0152189
0.0055803
0.0128694
0.00863385
0.00748853
0.0145746
0.00774343
-0.000310629
-0.0108437
0.0104723
-0.000498399
-0.0112084
0.0106551
-0.000246448
-0.0001796
-0.0246771
-0.0232915
0.00803942
0.0144834
0.00708719
0.0101506
0.0149335
0.00774612
0.0220107
-0.0104414
-0.000771394
-0.000791266
-0.000568353
-0.0117361
0.0109315
-0.000823806
-0.00914308
0.0105314
0.00978029
-0.0383369
-0.0239174
-0.025349
-0.00579888
0.0162911
-0.0144804
0.0153583
-0.0207065
-0.00671491
-0.0104579
-0.00869143
-0.0164417
0.0161426
-0.0172198
0.0148219
-0.00804228
-0.0102867
-0.00628718
-0.015547
-0.0182904
-0.0136998
0.00159324
0.000414624
0.00259239
-0.00136132
-0.000608079
4.3024e-05
1.9212e-05
0.000492868
-0.00261083
0.00145
0.00179159
0.00012998
0.000583724
0.00256589
0.000384451
-0.000248054
-0.000684994
-7.43425e-05
-0.00142575
-0.00165382
-2.35544e-05
4.38285e-05
0.00145566
0.00064468
-0.000313935
-0.00255561
0.00350209
0.00325203
1.97479e-05
-0.000142726
0.00325075
0.00350244
-0.000146414
3.31225e-06
9.61655e-05
0.000140047
-0.00349845
-0.00338918
0.000144447
-2.51048e-06
-0.00326881
-0.00348547
0.00831236
0.0142977
0.00716247
0.0118381
0.015674
0.0167149
-0.00897913
0.002184
0.0100701
-0.0093071
-0.000205053
0.00967686
-0.00964847
9.64342e-06
0.0102695
-0.0102812
-4.62003e-05
0.00971326
-0.000760005
-0.00147794
-0.0151648
-0.0190695
-0.00551269
-0.00872865
-0.0128929
-0.00722395
-0.00778604
-0.0141014
0.0167033
-0.00901311
0.00216557
0.0156897
0.0118383
0.00714837
0.0142844
0.00831132
0.00776669
0.0146704
0.00776878
0.0100628
-0.00959507
-0.000444547
0.00989116
-0.0102961
-0.000461199
0.00931061
-0.0100064
0.000226354
-0.00815348
-0.0070567
-0.0140357
-0.0118064
0.00896976
-0.0166471
-0.00218552
-0.0156672
)
;
    }
    outlet
    {
        type            calculated;
        value           nonuniform List<scalar> 
217
(
1.57383e-05
-3.00677e-05
4.44693e-05
3.15177e-05
1.56714e-06
3.52126e-06
-2.57635e-05
2.86331e-05
-4.61329e-05
-5.34274e-05
-2.85579e-05
-4.32814e-05
-2.79542e-05
2.79739e-05
3.6964e-05
2.55621e-05
-1.41352e-07
4.47714e-05
5.07879e-05
-5.62668e-07
-5.35023e-07
-4.43182e-05
-2.39025e-05
-2.81973e-05
2.77639e-05
-0.000106443
-0.000120895
3.01659e-06
1.14895e-06
-0.000117688
-0.000106685
1.40396e-06
1.23669e-06
-1.66418e-06
5.81365e-07
0.000107484
0.000123242
4.681e-07
-2.32476e-06
0.000123049
0.000107075
-0.000198965
-0.000390727
-0.000158378
-0.000322802
-0.00045282
-0.000506349
0.000380297
-1.92725e-05
-0.000281628
0.000311256
2.79637e-05
-0.000308604
0.000322911
1.35128e-05
-0.000340508
0.000303033
-1.67874e-05
-0.0003634
-9.60534e-05
-2.96359e-05
0.000456083
0.000563432
0.00011828
0.000219159
0.000352778
0.000173776
0.000174408
0.000380549
9.64327e-05
0.000362882
3.00675e-05
-0.000561205
-0.000455158
-0.000117603
-0.000354968
-0.000221443
-0.000169666
-0.000393784
-0.000186428
-0.000302124
0.000340737
1.73594e-05
-0.000334136
0.000334788
1.75127e-07
-0.000331533
0.000300117
-1.1188e-05
0.000217759
0.000118114
0.0003503
0.000454444
-0.000361703
-9.45656e-05
-3.00691e-05
0.000557184
-2.87766e-05
1.76351e-05
3.2643e-05
3.33744e-05
5.46674e-06
4.8006e-05
5.31107e-05
7.6391e-06
6.49274e-06
-1.8254e-05
-1.33701e-05
-0.000196471
-0.000131335
2.13042e-06
-4.70602e-05
-0.000127244
-9.64188e-05
2.64337e-05
-4.11746e-05
5.46115e-06
4.90557e-05
2.95422e-05
5.81876e-06
2.35332e-06
1.40405e-05
5.94503e-06
-9.13928e-06
-0.000107203
-1.68756e-05
-2.13854e-05
-0.000191758
-0.000204242
8.55168e-05
-0.000134719
-0.000128483
-0.000108571
-0.000117897
9.17528e-07
1.93514e-06
-0.000116757
-0.000112333
1.7248e-06
2.33164e-06
-6.21287e-05
1.10251e-06
-2.59083e-06
-8.40269e-07
2.26248e-05
3.33225e-05
0.000385293
0.000353778
-9.43054e-07
-1.94852e-06
3.19416e-05
2.34899e-05
-5.73938e-07
1.02096e-05
0.000356834
0.000373856
0.000349144
-1.84228e-05
0.000379171
-0.000505547
-0.000451788
-0.000321639
-0.000162408
-0.00039615
-0.000197094
-0.000189972
-0.000420225
-0.000176988
3.20468e-05
0.000315449
-0.000281989
0.000647003
0.000143007
0.000269746
0.000210933
0.000531911
-0.000537791
0.000535799
-0.000472705
0.000205582
0.000239845
0.000172767
0.000298806
0.000326761
0.000341309
0.000776301
2.14989e-05
0.000339831
-0.000317408
-1.8452e-05
-1.85862e-06
0.000768137
0.000783813
-0.000198298
-0.000407177
-0.000155528
-0.000273044
-0.000424483
-0.000198623
-0.000765973
0.000418326
3.61985e-05
1.01085e-05
2.29866e-06
0.00033342
-0.000353616
-4.54325e-05
0.000154036
-0.000393009
-0.000500426
0.00124677
0.000698934
0.000763021
0.000331736
-0.000516682
0.00050311
-0.000521048
)
;
    }
    wall
    {
        type            calculated;
        value           nonuniform List<scalar> 
1558
(
0
0
0
0
0
0
0
0
0
0
0
0
0
0
0
0
0
0
0
0
0
0
0
0
0
0
0
0
0
0
0
0
0
0
0
0
0
0
0
0
0
0
0
0
0
0
0
0
0
0
0
0
0
0
0
0
0
0
0
0
0
0
0
0
0
0
0
0
0
0
0
0
0
0
0
0
0
0
0
0
0
0
0
0
0
0
0
0
0
0
0
0
0
0
0
0
0
0
0
0
0
0
0
0
0
0
0
0
0
0
0
0
0
0
0
0
0
0
0
0
0
0
0
0
0
0
0
0
0
0
0
0
0
0
0
0
0
0
0
0
0
0
0
0
0
0
0
0
0
0
0
0
0
0
0
0
0
0
0
0
0
0
0
0
0
0
0
0
-0.000264496
-0.0031939
0.0109842
4.89827e-05
-8.24097e-06
2.10066e-06
-3.75823e-06
1.03831e-06
0.000697167
3.2358e-05
5.26877e-06
-0.00374249
0.000741499
-0.000220981
0.00029356
0.00066738
0.000249521
0.000847165
-0.00280338
-0.000648776
0.000127407
0.000459049
6.37608e-05
0.000230807
-0.000196386
-0.000176505
0.00121946
0.000678511
-0.000179221
-7.25886e-05
-0.000133384
1.18757e-05
0.000483622
0.000366105
-6.83127e-05
2.94522e-05
-3.51941e-05
2.22183e-05
3.21319e-05
0.00013087
1.39415e-05
8.68701e-05
-0.000130063
-7.71191e-05
-1.30297e-06
7.3187e-05
-1.27755e-05
8.26528e-05
1.25241e-05
0.000226279
0.000263193
0.000171943
-2.07104e-05
1.30473e-05
-1.37327e-05
5.95808e-06
8.78306e-05
-4.84929e-05
4.12677e-05
0.00127902
0.000210725
0.000370428
7.28739e-05
0.000118014
6.18967e-05
5.78862e-05
4.1581e-05
-2.60643e-05
1.21973e-05
0.00016038
0.000368352
-0.00526397
-0.00315848
0.000123578
0.000180931
6.57128e-05
7.20529e-05
-0.00110295
-0.00052947
3.21764e-05
2.4069e-05
2.19036e-05
1.48656e-05
1.86647e-05
1.29707e-05
1.04411e-05
1.50543e-05
-5.69505e-05
1.04505e-05
3.23006e-05
2.95868e-05
1.52741e-05
1.055e-05
-0.000313649
-0.000209506
6.26042e-06
-2.85146e-06
1.9227e-06
-1.66269e-05
-0.000109409
-1.38664e-05
4.20093e-06
4.93868e-06
5.07478e-05
-0.000255907
-0.000131855
7.23842e-05
0.000393958
-0.00228042
0.002201
2.03816e-05
-0.00142206
0.00133042
4.00156e-06
-0.000925755
0.000719607
-4.88307e-05
-2.3378e-05
-5.60623e-05
-0.00347854
-0.0183345
0.0142705
-0.0122202
0.0108543
-0.0082497
0.00705163
-0.00565266
0.000286537
-0.00057057
0.000571061
-0.000574196
0.00446725
-0.00376383
0.00279732
-0.00232281
0.00175421
-0.00135798
0.00115221
-0.000636206
0.00059088
-0.000599985
0.000588778
-0.000588989
0.00103846
0.000893979
0.000284404
0.00098446
-0.00113525
-0.000117352
1.44962e-05
-0.0018613
-0.000479728
-0.0122543
-0.0432728
-0.000711719
5.6128e-05
-0.000238261
-0.00077679
-0.000475498
4.17392e-05
1.60351e-05
0.0109826
0.00505743
0.0199297
0.0125981
0.0125326
0.00264586
-0.00078287
-0.000471706
0.000791316
-0.00158542
-0.000578573
-0.00473216
-0.000505347
-0.000213625
-0.000316814
-0.00697093
0.01166
0.00171423
-0.00744386
0.00753632
0.000108193
-0.00545041
0.00512486
-1.9107e-06
-0.00358229
0.00342525
2.12498e-05
0
0
0
0
0
0
0
0
0
0
0
0
0
0
0
0
0
0
0
0
0
0
0
0
0
0
0
0
0
0
0
0
0
0
0
0
0
0
0
0
0
0
0
0
0
0
0
0
0
0
0
0
0
0
0
0
0
0
0
0
0
0
0
0
0
0
0
0
0
0
0
0
0
0
0
0
0
0
0
0
0
0
0
0
0
0
0
0
0
0
0
0
0
0
0
0
0
0
0
0
0
0
0
0
0
0
0
0
0
0
0
0
0
0
0
0
0
0
0
0
0
0
0
0
0
0
0
0
0
0
0
0
0
0
0
0
0
0
0
0
0
0
0
0
0
0
0
0
0
0
0
0
0
0
0
0
0
0
0
0
0
0
0
0
0
0
0
0
0
0
0
0
0
0
0
0
0
0
0
0
0
0
0
0
0
0
0
0
0
0
0
0
0
0
0
0
0
0
0
0
0.00217435
0.00614664
0.0020141
-0.00098972
-0.000481196
-0.000162388
-0.000130608
0.00116364
0.000240096
0.000384303
-0.000173152
4.0204e-05
0.000182354
-0.000207076
-0.000177281
2.56844e-05
0.000125085
-0.000145212
-9.97965e-05
-7.37244e-05
-3.2962e-05
0.000285607
-0.00019101
0.000196759
-0.000151724
-3.70213e-05
1.44873e-06
-1.95151e-05
9.19194e-06
1.29408e-05
8.8879e-05
-0.000139062
-8.71348e-05
-1.2635e-06
7.41272e-05
-1.26555e-05
8.35354e-05
-1.23008e-05
0.000210195
-5.2156e-05
3.93275e-05
0.000155813
-0.000110633
8.6718e-05
-8.28371e-05
-1.07182e-05
7.63457e-06
-4.29187e-06
4.31628e-06
9.3928e-06
-7.2146e-05
-0.000213794
-8.37142e-05
5.14212e-06
2.00514e-06
1.41065e-05
8.76031e-07
-2.43799e-05
-0.000866049
-5.0268e-05
-0.00217529
-0.00564451
-5.06101e-06
-0.000234159
4.56103e-05
0.000293691
-0.00143926
-0.000380013
5.25875e-05
0.000262022
-4.19603e-05
4.91508e-05
-1.19742e-06
0.00231767
0.0007972
-4.57766e-05
0.00167127
0.00068211
-4.21578e-05
-2.53779e-05
-8.13973e-05
-1.52434e-05
0.000543076
0.000412802
-3.70351e-05
-2.51016e-06
-1.16368e-05
4.03128e-06
-0.000130131
-0.000262613
5.08549e-05
7.15305e-05
0.000274704
8.4829e-05
0.000253575
-0.00292921
-0.00115685
5.38834e-05
0.000121302
2.91615e-05
5.0649e-05
-0.000607607
-0.000418531
0.000337478
0.000223895
-1.96491e-07
5.96374e-06
5.82142e-06
5.99639e-06
0.000145799
3.79899e-05
1.15144e-05
6.31914e-06
2.13016e-05
6.46387e-06
-3.56399e-05
-8.17462e-07
3.65556e-06
1.56378e-05
2.04572e-05
8.19693e-06
6.70843e-06
-0.000314133
-0.000224219
3.22503e-06
-3.46649e-06
-7.81343e-07
-1.66724e-05
-0.000142952
-3.95128e-05
-1.39386e-06
2.45174e-06
3.39685e-05
9.12004e-05
0.0100287
-0.000701194
-0.000629825
0.00224033
0.000880088
-0.000355653
-0.000340045
0.00059022
0.000406939
-0.000258828
-0.000153731
1.29234e-05
0.000369497
-2.96221e-05
-5.60392e-05
0.000287463
0.000143296
-0.019113
0.0169329
-0.0199799
-0.0198892
-0.0285573
0.00961174
-0.0167884
0.0131466
-0.0117476
0.0099461
-0.00825198
0.00675593
-0.00568341
-0.004409
0.00376891
-0.00282749
0.00239168
-0.00176262
0.00138861
-0.00115874
0.000683105
-0.0010408
-0.000286534
-0.000894281
0.000593398
-0.000593925
0.00061587
-0.00060595
0.00441972
-0.00373276
0.00280652
-0.00233988
0.00175379
-0.00138599
0.00114779
-0.000683342
0.000606838
-0.000615382
0.000594902
-0.000593179
0.00103749
0.000894688
0.000288355
-1.56356e-05
-0.000374302
-0.000405761
-0.000317523
-0.0149356
-0.00244451
-0.000469257
5.6267e-05
3.01296e-05
2.81231e-07
0.0101157
0.0279209
0.0270191
-0.0157021
0.018388
-0.0182391
0.0175875
-0.0116336
0.0169541
-0.0122944
0.0120934
-0.00941691
0.00847165
-0.00660511
0.00583773
-0.0181933
0.0182399
0.000694088
4.6734e-05
3.38878e-05
1.53974e-05
-5.68407e-06
1.00141e-06
8.38644e-05
0.000167983
2.55243e-05
0.000141096
-0.000179231
-0.000232866
3.5383e-05
0.000177838
-1.12218e-05
2.68056e-06
-1.94496e-05
2.64317e-06
0.000262028
0.000372083
-2.93263e-05
1.3455e-06
-4.27366e-05
-8.94095e-07
5.47611e-05
0.000148784
-0.000291806
-0.000421074
9.98974e-05
-0.000264841
0.000121037
-0.00193437
-0.0011714
-0.00610527
0.000855031
-0.00216152
0.000499727
0.000683121
-5.59263e-05
-1.28446e-06
-4.87444e-05
5.95198e-06
0.00114238
0.00106811
4.65622e-05
1.70727e-05
0.000320631
2.07176e-05
-2.25079e-05
-1.5346e-05
-1.0914e-05
8.22764e-05
0.000215407
4.92129e-06
7.64673e-05
1.46662e-05
7.62938e-05
1.63419e-06
-0.000107375
1.95825e-05
0.000100837
-0.0179311
-0.000316255
-9.20549e-05
-5.62559e-05
1.17637e-05
1.03772e-05
1.23588e-05
1.68937e-05
7.39385e-06
1.5862e-05
3.23186e-06
1.47106e-05
-1.59413e-06
1.29541e-06
-1.95888e-05
-5.92107e-05
-6.50242e-06
-3.07046e-05
-4.36176e-06
-1.52708e-05
3.0785e-05
-9.97282e-05
-6.39856e-09
-3.6292e-06
3.96251e-06
6.58636e-06
-0.00021074
-0.000318875
6.30119e-06
-1.13992e-05
-2.27124e-05
-3.44482e-05
-5.77944e-05
-8.48012e-05
0.000304921
-0.000160154
0.0023655
-6.85877e-05
7.36374e-06
2.01737e-05
8.60605e-06
4.23916e-05
-0.000420181
-0.000516623
-2.02418e-06
7.70016e-05
-5.17316e-05
2.20724e-05
-0.00069045
-0.00168493
-0.000236683
-0.000838283
-0.00242548
-0.00053483
0.00104182
-0.00140127
0.00163069
-0.0024144
0.00267391
-0.00378996
0.00425407
-0.00635194
0.0176101
-0.016441
0.0167488
-0.0057209
0.00642108
-0.00832571
0.00916445
-0.0118146
0.0119862
-0.0166068
0.0112373
-0.0171873
0.0172924
-0.0178467
0.015678
-0.0266556
-0.0276377
-0.0101427
0.000327151
-4.13072e-05
0.000121058
-0.005066
0.00512713
0.000193933
-0.00686
0.00733907
0.00100047
-0.00758831
0.0103823
0.00601904
0.00147593
0.0152221
-1.93264e-06
-5.03705e-05
0.000561969
1.4428e-05
-0.000243032
0.0227073
0.0161043
-0.000840502
-0.000478609
0.000285734
-0.000573563
0.000578162
-0.000581419
0.00060754
-0.000629538
0.000619626
-0.000632905
0.000600787
0.000623171
0.00098259
-0.000776551
-0.000474339
-0.000241918
-0.000720615
5.38969e-05
4.66374e-05
2.77132e-05
-6.04368e-05
-0.000937912
0.000712218
-5.00101e-06
-0.00143441
0.00132589
-0.000380681
-0.000485284
3.20243e-05
-0.00224366
0.0022074
8.36427e-05
-0.00346141
0.00346162
-0.000623027
-0.000878074
-0.00228766
-0.00999616
0
0
0
0
0
0
0
0
0
0
0
0
0
0
0
0
0
0
0
0
0
0
0
0
0
0
0
0
0
0
0
0
0
0
0
0
0
0
0
0
0
0
0
0
0
0
0
0
0
0
0
0
0
0
0
0
0
0
0
0
0
0
0
0
0
0
0
0
0
0
0
0
0
0
0
0
0
0
0
0
0
0
0
0
0
0
0
0
0
0
0
0
0
0
0
0
0
0
0
0
0
0
0
0
0
0
0
0
0
0
0
0
0
0
0
0
0
0
0
0
0
0
0
0
0
0
0
0
0
0
0
0
0
0
0
0
0
0
0
0
0
0
0
0
0
0
0
0
0
0
0
0
0
0
0
0
0
0
0
0
0
0
0
0
0
0
0
0
0
0
0
0
0
0
0
0
0
0
0
0
0
0
0
0
0
0
0
0
0
0
0
0
0
0
0
0
0
0
0
0
0
0
0
0
0
0
0
0
0
0
0
0
0
0
0
0
0
0
0
0
0
-6.03777e-06
-0.000211311
0.00105762
2.60669e-05
4.88336e-06
0.000296379
3.95398e-06
-0.0178602
-0.000267589
1.62365e-05
0.000257399
-1.31677e-05
1.21519e-06
-3.69088e-05
0.000142027
-1.07332e-05
-1.97574e-05
-0.000122354
4.31461e-05
-1.39885e-05
0.000173256
-0.00060811
-0.000213302
0.00435316
0.000105361
0.000189902
1.0785e-05
1.90714e-08
-1.06476e-06
3.36044e-06
0.000272484
0.00036651
-1.45371e-05
1.12257e-05
-3.17561e-05
2.60917e-05
0.000147273
-0.000371855
8.47742e-05
-0.000674692
-1.92366e-05
-0.00112038
-0.000289943
-0.00103517
0.000480161
0.000655114
-5.28332e-05
2.54448e-05
-5.95709e-05
1.18158e-05
0.0011086
0.000288138
0.0177316
-2.7736e-05
-8.83307e-06
-2.4673e-05
-4.55923e-06
-1.05994e-05
-4.52779e-06
-3.43936e-06
-7.89122e-06
-2.03155e-05
2.35709e-05
-8.88584e-06
2.08508e-05
-0.000206553
4.22154e-06
1.63582e-06
4.65619e-06
-2.82286e-05
-0.000186024
0.000214796
-3.85188e-06
-1.16687e-05
-2.25529e-05
-2.3147e-05
-4.21308e-05
-4.91804e-05
0.000338354
-7.95568e-05
0.00242808
0.000118452
3.18775e-05
-2.79062e-05
4.95527e-05
-5.75249e-06
7.26984e-05
4.04715e-05
0.000101329
-0.000337086
-9.65636e-05
-0.00240256
-4.5651e-05
3.14747e-05
-1.78286e-05
3.93045e-06
0.000190937
0.00113981
-5.74435e-05
0.000870456
0.0150325
0.00157438
0.00601879
0.0226522
0.0160125
-0.000617122
4.2273e-06
-0.000303524
-8.83671e-05
-0.000849483
-0.000490526
-0.000377893
-4.20462e-05
3.07425e-05
3.56311e-05
-0.00069862
0.00160263
-0.00115854
-0.00266842
0.00262242
-0.00378974
0.00134182
-0.00631473
0.0174886
-0.0159999
0.0164149
-0.0163966
0.0159868
-0.0174298
0.00630323
-2.47512e-05
2.87241e-05
7.66517e-06
-3.02984e-05
0.00106042
-0.00040553
0.00121968
-0.000449856
-0.0035758
-4.45961e-05
0.000649242
-0.000938998
-8.8357e-05
0.00135827
-0.00137286
3.0759e-05
0.00225472
-0.00219753
6.75637e-05
0.0034358
-0.00340868
7.30529e-05
-0.00547489
0.00454111
-0.000550793
-0.00730158
0.00671606
-0.000180517
-0.00999917
0.00715182
-0.000947517
-0.0151701
-0.00164061
-0.00591314
0.00503605
-0.00502313
9.4684e-05
0.00715775
-0.00675365
0.000178425
0.0101757
-0.00742972
0.00099087
0.000632313
-0.0224982
-0.0158721
0
0
0
0
0
0
0
0
0
0
0
0
0
0
0
0
0
0
0
0
0
0
0
0
0
0
0
0
0
0
0
0
0
0
0
0
0
0
0
0
0
0
0
0
0
0
0
0
0
0
0
0
0
0
0
0
0
0
0
0
0
0
0
0
0
0
0
0
0
0
0
0
0
0
0
0
0
0
0
0
0
0
0
0
0
0
0
0
0
0
0
0
0
0
0
0
0
0
0
0
0
0
0
0
0
0
0
0
0
0
0
0
0
0
0
0
0
0
0
0
0
0
0
0
0
0
0
0
0
0
0
0
0
0
0
0
0
0
0
0
0
0
0
0
0
0
0
0
0
0
0
0
0
0
0
0
0
0
0
0
0
0
0
0
0
0
0
0
0
0
0
0
0
0
0
0
0
0
0
0
0
0
0
0
)
;
    }
}


// ************************************************************************* //
