/*--------------------------------*- C++ -*----------------------------------*\
| =========                 |                                                 |
| \\      /  F ield         | OpenFOAM: The Open Source CFD Toolbox           |
|  \\    /   O peration     | Version:  2306                                  |
|   \\  /    A nd           | Website:  www.openfoam.com                      |
|    \\/     M anipulation  |                                                 |
\*---------------------------------------------------------------------------*/
FoamFile
{
    version     2.0;
    format      ascii;
    arch        "LSB;label=32;scalar=64";
    class       volScalarField;
    location    "1.3";
    object      gradTz;
}
// * * * * * * * * * * * * * * * * * * * * * * * * * * * * * * * * * * * * * //

dimensions      [0 -1 0 1 0 0 0];

internalField   nonuniform List<scalar> 
5712
(
7933.84
26019.3
6321
26664.3
4716.71
27480.3
7381.76
42048.3
9058.87
57728.3
9029.65
42232.6
8747.66
35157.9
9096.06
31474.2
5502.03
3464.71
14731.9
8813.22
5352.44
2902.78
15972.2
7937.15
6090.77
4502.21
19487.2
13929.8
4610.53
3406.78
19155.5
14122.7
10838.2
4616.97
9419.64
4240
4402.58
10207
36784.8
9903.2
13205.1
4358.59
47058.9
12673.6
12225.6
4083.26
26472.4
8172
13607.6
4682.6
23195.9
7340.35
7238.37
3589.49
10049
3964.18
7848.49
4229
9770.82
3804.33
9785.24
5610.62
8423.59
3718.22
12175
4420.49
4159.66
1465.88
13910.5
9804.06
8471.47
6265.54
15012.4
12396.7
8134
7033.39
8229.62
5702
11899.9
8184.26
5484.17
4057.89
2662.76
2193.43
5149.93
4441.86
2520.11
2451.37
5388.51
3603.43
2660.27
1722.24
7498.15
4121.7
5755.47
6823.04
10490.3
7492.29
8520.35
11826.3
4864.29
2335.93
3336.18
3857.57
2342.04
991.515
1389.19
1408.44
9917.85
17691.5
6657.74
19663.9
11502
17256.1
8130.81
20458.6
12904.7
15514.4
10344.1
19757.8
14110.1
16088.2
11276.2
11036.1
11909.9
16159.6
15702
16115.1
16893.6
24022.9
13159.3
10731.7
9722.43
10975.8
16756
20638
18578.3
23836.7
23149
18903.3
17641.1
23454.5
22594.1
16322.8
16052.3
21880.8
21678.4
11931.1
9537.86
11833.7
10574.4
13272.4
12278
14593.6
14357.2
19904.6
20761.1
11086.9
9880.61
11156
11252.1
11894.9
13180
13560
15778.1
17577.7
20948
9319.07
7352.93
6285.9
7873.73
12068
14436.1
8259.62
12895
5525.84
7110.9
8374.07
6971.64
1591.55
5163.89
711.936
1785.47
4157.75
8553.73
1427.45
2877.98
910.983
4513.27
400.114
1531.53
5534.94
5593.9
6316.28
4062.04
8868.28
7219.33
10431
7406.41
1441.84
3052.63
3145.22
1875.93
1662.2
2131.89
2336.91
1773.71
14970.7
9175.54
2928.6
16864.9
9782.82
3220.66
14379.8
9082.69
3101.99
16549.9
9784.6
3219.62
13218.5
8359.32
2768.63
16076.3
9795.71
3286.07
6529.88
3748.64
1086.02
8749.76
5829.65
2011.98
10709.8
7384.88
2549.16
12560.8
8218.87
2745.05
15862.6
10013.2
3494.81
7574.65
4480.31
1496.14
8490.82
6169.13
2346.7
10315.7
7618.17
2825.63
12799.3
9029.02
3258.56
16082.1
10191.9
3647.18
286.396
2045.13
2868.73
4162.42
2318.82
2633.75
5784.34
5462.55
599.85
993.992
640.029
1034.3
466.977
1372.6
845.275
1801.74
3141.27
1543.62
4019.56
2342.15
2100.75
3641.6
3391.34
679.216
6366.83
1357.35
-2254.68
338.323
1599.74
1032.05
986.656
749.79
9438.78
4092.48
2560.16
1513.54
9591.02
4238.52
3236.87
1916.75
9476.47
4538.95
4635.27
3085.07
3258.28
2230.85
1360.42
1301.28
12905.3
11390.8
6001.77
6190.8
14309.8
13362.8
7001.76
7017.57
5143.8
5257.62
10770.6
8885.49
3469.17
3648.74
1777.82
2109.07
4214.63
4185.4
2158.77
2362.28
2886.89
3154.99
1454.4
1934.26
4420.47
2891.5
4352.5
2861.11
7002.49
3829.23
6561.11
3993.2
2543.71
2041.61
2698.44
1806.09
1263.54
1186.14
1652.92
1015.65
10967.7
7145.7
5217.99
4992.69
10946.1
7408.84
5233.39
4974.46
11471.7
7903.24
5308.92
4877.93
14169
15784.4
12527.5
8073.53
4236.32
14972.5
13341.9
11933.1
9455.51
5588.48
13988.3
12230
9447.9
6965.33
3996.57
5617.11
4666.7
4990.36
5345.32
5948.3
4720.05
5109.5
5355.68
6473.13
4961.57
5275.27
5420.62
11291.1
8050.71
10070.7
6964.96
7567.81
5970.27
6712
5517.02
4974.49
5484.36
9406.26
8209.12
7979.75
6906.3
6498.27
5768.52
5385.59
5150.43
3874.77
5201.36
7117.55
4844.21
4691.57
2885.9
9632.63
7446.74
6626.56
5408.83
3662.11
2209.08
5350.16
3897.9
4634.73
2215.49
1590.72
901.262
5067.35
3705.98
1657.48
1383.99
3869.18
1707.25
1433.18
731.167
2829.41
2500.53
2252.81
3192.93
3971.53
3590.01
2866.93
4050.38
2901.19
1783.92
1656.16
2189.68
792.912
356.098
49.9747
331.408
3139.45
1317.94
389.967
3471.99
922.921
247.703
3273.26
1462.32
450.146
3523.09
978.922
275.89
3245.94
1540.47
408.402
3559.66
1028.23
248.103
5114.52
2723.42
680.967
4265
2134.2
545.253
3840.83
1878.81
525.731
3508.71
1658.62
378.076
3631.48
1040.46
171.595
6277.48
3286.45
945.582
5264.4
2661.02
757.976
4463.71
2224.62
656.814
3909.19
1711.79
439.893
3957.11
993.685
249.303
1515.89
524.119
121.354
-87.9236
632.35
228.339
65.9215
-12.6655
1597.37
567.885
157.604
-44.1622
795.223
308.186
145.046
64.0999
1699.89
621.727
224.402
29.2
1325.82
565.923
190.684
34.5021
962.69
487.267
120.493
-33.5588
832.704
493.095
238.636
119.755
1365.67
562.733
150.896
-103.621
1143.34
463.712
189.039
-90.8712
1638.38
603.902
197.196
-49.4958
1456.11
536.527
210.402
-145.092
1056.31
494.573
166.453
-39.1002
849.563
388.587
187.823
1.68093
729.609
403.138
205.736
108.723
551.402
304.99
181.357
92.4322
1900.63
632.624
135.495
-183.35
1827.87
578.014
191.909
-243.694
1895.1
637.96
146.384
-175.813
1772.71
561.222
195.121
-237.882
1853.47
634.187
201.89
-110.818
1660.83
529.212
225.303
-185.337
1620.04
578.653
254.292
23.5658
1819.95
587.226
301.631
-212.476
1424.1
507.996
244.495
-40.6999
1401.8
402.497
163.768
-153.677
547.351
145.335
44.1518
-26.2052
1462.94
430.265
175.787
-145.548
576.73
157.506
53.2602
-17.699
1512.23
461.101
205.403
-123.311
598.516
171.464
64.053
-8.08463
1373.7
432.72
228.254
-90.882
589.563
176.76
83.8412
8.94242
1261.61
424.716
233.892
-43.0204
536.078
184.309
107.998
30.6368
849.599
319.417
143.51
-16.2763
492.048
221.912
118.74
55.8314
1000.32
339.477
167.363
-35.7112
508.702
202.878
115.064
44.453
663.551
290.96
140.024
17.2544
421.165
218.414
117.861
66.3655
441.838
244.563
146.019
78.0817
327.379
201.69
122.238
81.5915
-7.37523
2.79439
2.52998
1.50698
0.989481
-0.782292
1.92891
1.41531
0.815513
0.531119
5.13467
8.45995
5.24692
2.90283
1.87046
12.8185
8.38613
4.58207
2.45578
1.56885
17.732
14.9821
8.51035
4.60913
2.95394
48.0942
27.9368
14.6587
7.77189
4.95451
55.0793
32.0943
16.9378
9.02773
5.77482
80.12
42.2006
21.6328
11.4523
7.32373
28.4144
21.5743
11.955
6.44884
4.13824
30.9416
20.3811
10.9889
5.89529
3.77866
20.2187
17.3214
9.68031
5.21612
3.33976
38.6582
21.7599
11.1579
5.88011
3.74016
36.3186
25.3159
13.9101
7.50826
4.82446
41.5383
24.1746
12.7599
6.81597
4.36916
63.4079
33.8527
17.4152
9.23391
5.90992
53.094
27.9277
14.3439
7.60929
4.87332
-14.6586
1.26769
1.85066
1.15069
0.762123
-8.18058
0.328028
0.697141
0.438761
0.290765
-6.4406
4.85999
3.53147
2.00409
1.29784
-5.19517
1.63299
1.30096
0.743177
0.481037
3.5193
8.82119
5.32709
2.91262
1.8682
6.33095
5.99164
3.26341
1.72821
1.09702
26.0635
17.416
9.17261
4.8329
3.06311
18.0207
11.2696
5.77512
3.01651
1.90547
48.7906
23.5527
11.5726
5.98616
3.77832
2158.95
4908.85
2230.55
4888.53
2494.49
4881.87
2952.85
5064.59
3036.37
5166.44
1285.95
1861.04
2038.82
3104.17
709.13
937.867
251.456
313.809
11021.8
2647.32
610.742
137.44
34.4603
3022.05
816.988
218.293
49.9768
10.9784
10837.6
2583.88
595.88
133.044
33.6171
3080.47
910.108
225.465
52.7652
13.2186
10249.9
2429.75
558.813
124.713
31.573
2989.95
878.403
216.952
50.5136
12.7015
9265.56
2180.06
500.486
111.718
28.3195
2890.13
831.079
202.697
46.7955
11.7101
7640.62
1790.9
411.836
92.1497
23.4128
2702.65
756.928
182.773
41.9632
10.4784
3518.83
863.585
202.368
45.6986
11.6543
1312.65
373.463
89.6092
20.2454
5.04848
5307.17
1283.71
298.264
66.9685
17.0344
1932.57
542.585
131.124
30.0952
7.56726
2048.81
506.811
119.373
27.104
6.9306
737.603
217.915
52.0957
11.7755
2.96418
705.27
173.622
41.0274
9.3543
2.39501
291.039
79.2135
17.7626
4.9376
0.994481
-270.175
249.818
4774.28
-1083.3
782.942
838.97
2445.42
3139.02
1987.08
3733.98
3186.03
4915.56
3884.89
4817.49
2004.26
2694.69
2114.79
2510.06
1097.72
1141.42
2290.01
1597.99
660.782
-202.225
-472.545
-558.948
-13.3799
13867.6
3986.29
4835.58
3390.89
230.873
352.586
3300.96
-862.675
-326.232
-587.563
-339.701
7567.14
4153.68
1792.86
1335.88
3785.69
2256
802.397
1507.32
-1020.95
-453.635
948.522
812.938
8925.59
4281.96
5606.17
2953.33
4062.78
4884.31
1720.21
-484.017
1210.56
1555.22
1210.05
989.943
835.465
587.199
1230.89
960.015
724.007
490.619
203.273
575.473
470.801
349.382
216.748
74.0619
-180.466
-150.318
-111.844
-68.4929
-23.0169
-421.225
-350.676
-261.17
-160.251
-53.9024
-498.972
-416.166
-310.581
-190.921
-64.289
-10.0401
-4.85135
0.685024
3.53489
2.0048
9671.78
7883.14
6250.37
5192.89
4313.53
3271.11
2628
2208.53
1665.56
806.004
3630.27
2778.25
2163.63
1544.25
730.315
2516.17
1882.88
1482.42
1042.39
410.696
256.196
197.772
218.825
177.862
76.8158
365.825
355.153
308.865
218.978
82.8365
2721.73
2174.73
1621.85
1062.99
412.312
-469.641
-184.317
-38.7331
22.9289
18.6077
-245.464
-158.036
-79.2751
-25.7438
-2.4596
-378.15
-202.238
-77.3583
-11.5437
4.14674
-311.725
-260.899
-191.02
-113.651
-36.9605
5388.55
4580.46
3697.88
3114.01
2594.65
3147.31
2405.51
1867.76
1308.77
584.715
1577.21
1330.33
1039.69
690.479
256.632
1148.66
943.903
718.144
465.017
168.465
3112.4
2451.19
1802.35
1148.88
424.519
1958.57
1613.68
1221
780.198
274.919
690.034
563.618
423.199
268.726
94.711
1311.11
1074.55
801.767
501.591
173.057
-880.514
-705.45
-505.649
-300.689
-99.1559
-399.073
-324.791
-234.114
-138.445
-45.2033
825.309
681.697
517.5
331.751
117.641
711.329
590.238
448.776
286.792
100.79
5630.27
3936.12
3167.31
2658.61
2091.84
3206.64
2422.15
1793.5
1213
516.069
4031.68
3171.77
2423.56
1748.73
793.181
2319.85
1834.22
1370.98
914.559
375.454
3405.05
2723.18
2018.84
1283.2
461.596
3663.21
2665.13
2029.31
1404.29
555.125
1483.69
1207.96
898.776
563.329
195.474
-429.962
-354.7
-260.03
-156.494
-51.7948
1044.26
858.6
652.177
420.292
150.032
-31224.8
-50679.6
-25951.6
-40972
-27560
-56981.5
-32926.2
-72418.2
-19885.2
-13717.8
-22139.1
-13947.1
-18235.7
-11809.9
-22353.8
-11945.8
-26076.4
-19847.7
-37652.2
-27356.8
-22436.2
-18069.6
-31400.5
-23782.2
-17847.6
-18417.7
-14728.5
-14322
-17509.9
-16296.2
-42565.9
-11761.7
-16415.7
-6199.7
-51725.8
-14419.8
-14664.4
-5581.79
-31889.9
-10045
-16811.4
-6485.61
-28512.2
-8834.62
-13699.4
-5543.52
-17264.1
-6282.54
-13036.5
-5767.18
-14986.7
-5455.89
-13485.5
-6608.79
-11978.7
-4790.51
-15177
-5388.65
-5313.19
-1874.34
-11482.4
-7858.11
-9905.25
-6193.93
-10019.7
-8175.74
-8642.23
-6240.87
-10138.1
-5960.23
-11935.6
-7708.02
-6809.63
-4176.26
-3685.95
-2338.76
-5884.5
-4123.06
-3121.49
-2274.72
-6936.1
-3901.79
-3820.97
-1997.77
-8992.33
-4593.21
-5979.1
-6821.1
-11481
-7755.26
-8467.06
-11573.3
-6071.71
-2736.59
-3583.86
-3919.61
-3252.45
-1314.2
-1617.39
-1483.3
-13664.9
-16818.5
-7761.29
-19137.1
-14208.1
-16045.7
-8921.13
-19550.9
-14347.4
-14569.7
-10626.9
-18562.4
-9694.87
-7777.15
-10770.8
-11999.8
-11992.1
-10540.2
-12370.9
-14541.4
-15826.3
-22449
-7394.7
-7813.35
-8593.56
-10370
-15931.4
-16085.3
-11260.3
-20483.6
-15835
-14915.3
-11076.7
-20183.3
-15783.5
-13195.4
-10388.6
-18844
-15650.7
-8605.51
-6859.58
-9165.39
-7404.57
-10343.3
-8495.53
-11470.3
-9857.02
-17144.7
-15753.8
-8023.92
-7017.95
-8365.06
-7530.68
-9376.41
-9058.3
-11317.1
-11491.9
-15691.5
-16428.3
-7475.95
-5971.92
-5506.48
-7006.58
-9031.23
-12102
-6840.09
-11200.9
-5164.13
-6613.47
-7366.86
-6041.82
-1232.74
-4649.46
-464.302
-1449.5
-3412.51
-7671.76
-907.482
-2257.58
-777.43
-4234.21
-324.904
-1357.11
-5338.03
-5260.87
-6131.28
-3780.05
-8253.23
-6470.74
-9923.73
-6634.62
-1380.76
-2884.1
-3058.62
-1735.65
-1641.47
-2032.8
-2287.91
-1687.22
-6865.1
-2361.21
-9309.21
-3170.19
-7021.33
-2469.79
-9532.73
-3414.71
-6979.84
-2435.34
-10074.2
-3864.11
-4098.58
-1190.92
-5226.68
-1982.4
-6022.92
-2319.11
-7319.93
-2752.65
-10662.3
-4221.28
-5113.69
-1607.49
-5011.58
-2392.45
-6141.65
-2833.41
-8189.95
-3517.09
-11148.4
-4203.2
-6894.19
-6423.91
-5387.11
-5216.25
-11570
-8869.27
-9519.46
-7879.89
-4506.39
-3718.67
-1871.84
-1295.24
-4305.45
-3971.54
-1792.19
-1783.95
-3478.9
-5058
-4016.85
-5440.44
-4047.14
-2904.49
-3839.16
-950.144
-7708.8
-2280.33
2241.33
-79.4934
-1365.1
-731.97
-198.804
157.972
-2384.02
-1507.87
-916.266
-490.772
-2594.02
-1620.71
-1435.33
-623.481
-2962.08
-1971.93
-2080.53
-982.515
-1583.99
-381.206
183.479
672.358
-5591.57
-5930.44
-4434.74
-4084.84
-7679.79
-7661.66
-6445.72
-5411.64
-2876.8
-3065
-4089.9
-4570.64
-2817.44
-2414.09
-1338.34
-1192.95
-4240.63
-3347.8
-2245
-1788.75
-1659.62
-1721.83
-525.403
-800.311
-1828.42
-1138.17
-2433.03
-1560.64
-2648.41
-1858.14
-3627.83
-2466.95
-837.048
-477.055
-1294.23
-666.572
130.889
305.408
-467.795
44.3775
-3303.63
-3924.33
-2519.34
-3508.39
-3309.91
-3996.15
-2579.85
-3504.03
-3581.49
-3819.4
-2743.96
-3348.76
-3324.22
-5482.15
-2684.5
-2103.71
-1897.86
-8038.32
-5575.25
-4770.12
-4452.93
-3902.6
-6483.8
-5250.16
-4179.32
-3556.32
-2409.38
-4406.22
-4204.32
-5175.24
-7867.86
-4277.1
-3865.44
-4993.65
-7534.82
-4104.26
-3766.32
-4645.69
-7006.92
-7637.68
-5835.43
-6583.79
-4932.19
-5375.72
-4154.04
-4980.14
-4357.94
-4365.21
-6480.01
-6185.28
-5774.81
-4982.14
-4858.75
-4124.92
-4176.13
-3797.56
-4286.26
-2956.61
-5551.12
-4106.27
-2928.88
-2908.08
-1250.02
-6157.87
-5330.64
-4811.34
-3655.43
-2098.69
-806.34
-3066.38
-2344.81
-3423.1
-1185.47
-648.525
-64.7006
-3982.86
-2682.21
-880.407
-581.416
-2694.6
-783.771
-440.602
49.3645
-1651.61
-1542.44
-1537.46
-2782.19
-2478.24
-2589.14
-2135.86
-3817.24
-1895.57
-1073.24
-911.671
-1743.78
140.08
302.722
713.811
172.823
-2960.25
-869.253
-5211.54
-474.881
-2823.51
-957.15
-5094.37
-498
-2294.5
-622.885
-4641.26
-357.725
-3262.62
-790.405
-2808.11
-694.578
-2745.07
-841.169
-2543.49
-495.657
-4370.62
-511.407
-4341.43
-934.482
-3688.42
-644.117
-3375.24
-667.322
-3340.8
-488.875
-4595.07
-553.546
-652.426
-173.06
54.5566
201.136
-230.92
-56.2089
17.0426
58.8635
-657.846
-157.942
55.2187
179.741
-190.947
-18.5486
-1.50238
13.2571
-689.513
-142
35.4255
135.785
-137.155
79.7685
180.62
192.681
290.122
251.015
316.875
294.814
649.385
420.181
298.708
191.805
-371.537
-2.87118
188.966
327.478
-295.522
46.6488
126.144
311.36
-732.674
-132.484
79.6478
241.651
-568.165
-37.617
93.5726
383.273
-13.4821
134.7
209.755
269.933
-38.3865
125.447
136.705
216.165
354.026
274.587
209.04
146.324
243.797
212.296
151.935
131.147
-987.208
-260.172
60.475
334.489
-1179.51
-283.153
-49.6274
405.989
-955.386
-237.253
70.0889
341.667
-1139.06
-265.985
-48.4908
403.063
-901.557
-201.434
26.9486
278.476
-1045.55
-233.311
-76.0322
355.721
-622.804
-96.5108
11.1846
170.342
-1094.55
-217.807
-102.074
436.146
-578.121
-53.2004
32.1619
278.593
-1060.92
-208.729
-70.6909
273.631
-454.758
-78.376
-2.81403
65.1977
-1000.11
-187.614
-60.2539
275.394
-435.766
-71.6149
-2.56354
62.5513
-874.201
-145.056
-61.4085
264.473
-377.44
-53.638
4.16282
65.0433
-731.75
-106.974
-77.91
231.659
-315.55
-35.3017
-1.49612
59.409
-557.86
-48.419
-44.9723
194.59
-176.736
7.02846
1.25405
55.6729
-283.852
39.2256
85.8354
196.963
29.6338
102.465
79.9345
90.5289
-466.51
-24.4768
23.2714
195.616
-46.0792
60.5465
40.5066
73.0945
-54.1514
112.148
121.632
179.064
113.628
139.489
109.4
99.0226
187.031
181.104
131.131
125.439
211.01
173.138
118.196
91.8554
41.7262
10.5582
3.52043
1.56099
0.946392
17.2373
4.96835
1.7954
0.826652
0.507783
46.8122
14.5511
5.80461
2.81986
1.76503
25.5031
10.1043
4.56551
2.32689
1.47861
56.8673
20.0727
8.74533
4.40573
2.79011
65.2664
29.0716
14.044
7.33263
4.69175
73.9212
34.1472
16.6981
8.73449
5.58514
81.5873
41.8638
21.2839
11.2614
7.21579
69.0217
26.3468
12.0493
6.17008
3.91968
58.1935
23.1855
10.8087
5.56358
3.53983
62.2599
21.8054
9.70556
4.93762
3.13568
49.7821
21.0515
10.206
5.33588
3.41828
74.0717
30.4322
14.2612
7.35022
4.6762
58.4178
26.1188
12.645
6.58517
4.20044
68.1459
34.1809
17.2658
9.11728
5.8382
56.5767
28.2768
14.2485
7.51477
4.80914
46.6605
9.62184
2.89232
1.22696
0.733163
21.9784
3.95579
1.13077
0.473484
0.282282
48.9282
11.8938
4.25471
1.98851
1.23099
22.7632
4.76134
1.61947
0.747939
0.46222
49.2015
14.03
5.68624
2.80532
1.76808
23.8398
7.29886
3.19255
1.63134
1.04048
52.6166
19.0514
8.80737
4.56872
2.92863
30.5636
11.1854
5.2988
2.77289
1.78346
41.6535
20.2548
10.2754
5.47628
3.53397
-2110.94
-4058.63
-2195.49
-4083.91
-2432.02
-4143.87
-2708.25
-4284.53
-2645.37
-4321.9
-1122.19
-1654.17
-1777.33
-2689.8
-597.231
-820.627
-166.653
-235.599
-10581.9
-2534.55
-584.147
-131.466
-32.997
-2861.55
-780.12
-208.698
-47.7918
-10.5091
-10380.6
-2470.9
-569.729
-127.287
-32.2068
-2919.64
-868.848
-215.427
-50.4367
-12.6477
-9779.81
-2320.17
-534.278
-119.415
-30.2882
-2827.66
-836.666
-206.979
-48.2496
-12.1505
-8822.32
-2082.4
-479.26
-107.21
-27.2377
-2714.44
-788.364
-192.969
-44.6591
-11.2006
-7303.57
-1718.17
-396.138
-88.8263
-22.618
-2520.9
-716.077
-173.883
-40.0661
-10.0332
-3434.01
-841.963
-197.225
-44.5463
-11.3685
-1225.39
-351.562
-84.6586
-19.1834
-4.79696
-5128.64
-1241.57
-288.787
-64.9216
-16.5405
-1798.64
-512.072
-124.495
-28.6911
-7.2384
-2008.56
-496.081
-116.68
-26.4747
-6.76879
-683.682
-202.963
-48.4623
-10.9591
-2.76273
-682.269
-167.358
-39.3916
-8.95773
-2.28976
-254.153
-68.2118
-14.9009
-4.25934
-0.821437
-363.15
-1634
-6397.97
362.578
-7228.19
-3193.82
-7029.26
-3297.28
-12855.8
-6871.08
-14359.2
-7589.73
-97.135
-334.065
-519.577
-612.793
-536.067
-132.749
-160.501
-537.952
-818.48
-920.563
-749.789
-212.56
-79.3107
-80.9999
-259.908
-258.436
-368.069
-366.378
-347.729
-342.745
-295.403
-314.181
-182.604
-213.976
847.584
2041.31
3323.18
2363.81
2131.38
960.562
730.339
2008.86
3293.04
3856.76
3215.21
1403.51
-87.4133
-73.6975
-55.6877
-34.6191
-11.739
-300.961
-254.093
-192.29
-119.692
-40.6156
-467.965
-394.971
-298.818
-185.963
-63.0976
-551.683
-465.388
-351.908
-218.914
-74.2615
-482.794
-407.403
-308.098
-191.644
-65.0025
-122.751
-106.325
-82.0114
-51.5246
-17.52
-144.284
-121.492
-91.6897
-56.947
-19.3007
-484.088
-408.153
-308.475
-191.825
-65.0603
-736.044
-620.135
-468.381
-291.133
-98.7223
-826.866
-695.736
-524.853
-325.97
-110.495
-672.679
-565.273
-425.952
-264.353
-89.5814
-192.288
-162.968
-123.628
-77.0019
-26.1211
-71.444
-60.3066
-45.6254
-28.3914
-9.63234
-73.0113
-61.6772
-46.7
-29.079
-9.86915
-234.318
-197.994
-149.962
-93.4047
-31.7063
-233.041
-196.966
-149.221
-92.9624
-31.5596
-331.766
-280.271
-212.228
-132.163
-44.8584
-330.184
-278.876
-211.126
-131.454
-44.6136
-313.529
-264.944
-200.664
-124.972
-42.4173
-308.67
-260.479
-197.02
-122.58
-41.5848
-266.635
-225.519
-170.869
-106.398
-36.1015
-282.543
-237.997
-179.659
-111.591
-37.82
-166.245
-141.702
-107.852
-67.2058
-22.7765
-192.567
-162.229
-122.36
-75.8851
-25.685
746.321
615.503
457.396
282.156
95.6082
1787.34
1467.91
1089.41
673.333
229.081
2869.67
2334.53
1728.59
1074.85
370.405
2024.66
1641.36
1217.91
761.056
263.278
1856.58
1509.25
1115.24
687.306
223.789
864.21
717.665
538.632
333.782
106.399
644.008
531.782
395.413
243.866
82.5819
1765.32
1453.93
1080.19
666.932
226.341
2871.94
2351.32
1742.67
1077.79
367.382
3336.89
2715.97
2009.18
1245.55
426.722
2779.69
2260.05
1671.62
1036.63
354.057
1225.44
1006.29
751.109
468.642
160.123
157.26
397.303
588.103
687.901
617.869
230.538
248.603
629.181
912.334
1010.37
824.689
268.299
124.743
118.652
307.279
299.042
417.233
409.958
395.385
382.59
349.894
324.437
290.686
253.619
-725.673
-1858.78
-3012.28
-1960.31
-1668.79
-471.359
-680.742
-1933.35
-3130.03
-3568.57
-2806.41
-919.525
141.978
120.183
91.204
56.8996
19.3326
358.381
303.045
229.717
143.185
48.6251
530.25
448.137
339.521
211.541
71.8233
620.045
523.842
396.74
247.126
83.8939
557.378
471.315
357.224
222.615
75.5867
211.867
182.638
140.625
88.4488
30.1327
224.281
189.693
143.835
89.6793
30.4603
566.986
478.893
362.615
225.837
76.6615
821.444
693.132
524.346
326.343
110.742
908.727
765.861
578.74
359.937
122.102
741.076
623.992
471.175
292.91
99.3508
243.117
206.531
157.118
98.1164
33.3371
112.658
95.4033
72.4272
45.1984
15.3591
107.163
90.7543
68.9004
42.9982
14.6116
277.316
234.635
177.964
110.975
37.6953
269.9
228.377
173.228
108.026
36.6945
376.435
318.383
241.392
150.483
51.1064
369.798
312.694
237.02
147.727
50.1653
356.881
301.989
229.056
142.829
48.5121
344.964
291.541
220.865
137.599
46.7146
316.395
268.237
203.767
127.17
43.2062
292.461
247.08
187.096
116.508
39.5432
264.8
226.161
172.779
108.14
36.7659
229.13
193.988
147.107
91.6533
31.105
-635.607
-521.104
-385.242
-236.905
-80.1983
-1621.89
-1327.14
-982.092
-606.25
-206.312
-2585.71
-2090.54
-1540.81
-956.715
-330.269
-1644.1
-1303.19
-948.483
-585.878
-201.939
-1413.64
-1111.17
-793.911
-474.848
-147.601
-393.43
-292.234
-193.229
-104.098
-23.943
-599.19
-493.795
-366.561
-225.873
-76.4756
-1697.36
-1396.61
-1036.9
-640.094
-217.278
-2723.44
-2224.16
-1645.1
-1016.47
-346.508
-3070.33
-2483.73
-1827.66
-1129.52
-386.703
-2397.41
-1923.29
-1405.27
-864.309
-293.965
-770.635
-603.558
-430.846
-260.383
-87.2662
-1643.09
-1041.33
-401.984
419.449
703.883
887.909
335.214
-11530.6
-2121.27
-3494.73
-1639.19
78.2245
-3911.22
628.608
2161.88
954.199
-6315.03
-3007.51
-780.982
-755.919
-3407.38
-1484.9
-424.853
-1116.94
1733.95
981.233
-628.697
-350.717
-8093.24
-3719.25
-4602.04
-2268.13
-3532.39
-3725.8
-1247
976.785
-617.755
-855.068
-552.608
-426.283
-434.77
-424.264
-674.52
-444.112
-293.99
-195.666
-92.4139
-339.287
-268.23
-193.622
-118.606
-40.5588
379.691
322.179
244.818
152.763
51.9032
633.08
533.128
402.117
249.469
84.463
798.494
672.447
507.346
314.901
106.658
306.706
262.137
199.3
123.583
41.6218
-7914.96
-6591.27
-5431.96
-4941.18
-4680.5
-1371.18
-869.526
-821.681
-805.355
-519.656
-2431.02
-1730.62
-1359.05
-1055.46
-586.253
-1048.49
-662.603
-546.03
-438.777
-184.146
86.0731
76.7951
50.3284
19.0837
0.29593
-3193.46
-2532.87
-1871.84
-1216.79
-469.163
571.874
479.798
354.342
212.154
68.6097
1859.62
1499.51
1093.31
665.571
223.898
852.941
710.764
529.252
324.324
108.669
-4227.89
-3636.25
-3021.86
-2776.44
-2636.66
-2068.16
-1450.11
-1121.76
-843.143
-436.704
-618.73
-482.066
-371.977
-264.524
-111.59
-609.592
-473.504
-351.736
-232.888
-89.6085
-2792.42
-2197.11
-1623.09
-1047.25
-394.965
-1234.71
-975.843
-719.501
-459.339
-164.411
-341.041
-259.933
-186.522
-118.156
-43.1157
-953.149
-766.246
-564.144
-351.889
-122.067
1538.37
1276.16
949.65
583.519
196.443
883.259
742.773
557.821
343.81
115.648
-520.908
-410.522
-302.752
-193.972
-70.3923
-282.857
-217.036
-158.097
-102.103
-37.5715
-4850.74
-3238.65
-2611.98
-2317.74
-2024.68
-2670.57
-1939.64
-1404.5
-957.869
-426.503
-3033.46
-2283.65
-1706.34
-1282.94
-616.274
-1671.09
-1253.88
-907.435
-614.166
-272.752
-2916.24
-2298.93
-1690.33
-1076.37
-391.69
-2591.99
-1711.58
-1286.49
-938.759
-399.618
-1050.74
-835.688
-612.191
-382.972
-134.117
880.827
742.587
559.376
345.826
116.615
-492.905
-376.679
-275.772
-180.826
-68.0771
-1.65008
20.48
47.9988
49.425
-8.58853
-133.259
-22291.5
-19716.9
-18635.2
-21211.3
-16404.3
-13035.7
-14655.2
-11164.6
-19539.5
-17285.3
-18025.8
-17082.7
-15863.7
-13572.4
-16720.5
-18465.4
-16545.1
-15071.2
-16963.5
-13955
-11835.6
-12355.3
-9928.12
-17639.2
-15843.5
-16280.8
-14974.6
-14148.2
-13195.1
-13736.8
-14616.2
-13424.1
-11993.9
-13104.2
-11685.7
-10071.6
-10362
-8897.72
-14863.5
-13702.9
-13855.5
-12831
-12094
-11180.1
-11656.9
-10311.9
-9717.94
-8514.58
-9024.58
-8742.55
-7861.69
-7734.43
-7055.16
-10845.9
-11015.8
-10246.6
-10401
-9173.16
-8317.3
-9269.61
-6638.19
-6352.87
-5498.12
-5736.4
-5882.39
-5339
-5120.81
-4723.76
-7218.76
-7258.02
-6900.92
-6814.33
-6303.31
-5711.69
-6211.05
-2397.32
-2314.12
-1992.15
-2062.95
-2177.55
-2033.78
-1879.48
-1750.74
-2727.74
-2746.2
-2562.34
-2471.75
-2369.07
-2176.38
-2340.88
-8285.08
-8151.45
-12519.1
-13496.8
-7766.14
-6889.68
-10980.6
-8930.7
-6264.61
-4466.69
-6232.04
-4475.2
-6242.17
-6009.13
-4598.81
-8221.17
-7799.71
-11164.2
-12166.6
-7239.32
-6541.68
-9717.48
-8349.4
-6201.29
-3812.75
-6103.79
-4071.23
-5574.7
-5389.56
-4512.31
-7448.62
-7093.95
-9457.67
-10141.2
-6657.31
-6175.21
-8460.35
-7467.44
-5055.4
-3978.09
-5046.53
-4260.52
-4701.58
-4733.76
-4501.15
-5935.67
-5706.69
-7068.14
-7428.25
-5411.67
-5045.33
-6535.01
-5946.75
-4702.17
-3453.49
-4630.47
-3736.93
-4326.05
-4322.34
-3905.26
-4049.03
-3917.36
-4657.47
-4838.5
-3645.72
-3364.88
-4382.77
-4014.81
-3236.09
-2586.57
-3173.11
-2770.14
-2971.62
-2940.62
-2725.21
-1497.73
-1451.26
-1698.73
-1756.01
-1346.04
-1235.13
-1609.24
-1480.47
-1056.99
-938.64
-1125.31
-1042.46
-1093.23
-1071.37
-987.701
7898.27
25485.1
6286.7
26662.5
4699.03
27482.6
7377.14
42057.1
9053.47
57740.6
9011.69
42228.8
8710.64
35139.2
9071.11
30797.5
5494.25
3462.89
14732.9
8813.39
5350.75
2902.56
15975.7
7938.39
6052.74
4471.77
19098.5
13670.3
4587.97
3397.31
19172
14142.6
10845.1
4609.77
9420.25
4237.47
4397.52
10216
36794.9
9904.57
13207.4
4358.6
47069.9
12675.9
12228
4083.9
26486.4
8174.55
13611.5
4683.23
23214.5
7343.68
7172.15
3556.86
9875.87
3898.71
7849.33
4229.76
9786.99
3810.48
9784.3
5610.89
8428.91
3720.77
12185.1
4424.34
4162.1
1466.84
13909.4
9803.34
8471.3
6265.33
15010.6
12395.3
8134.13
7033.2
8229.82
5702
11899.1
8183.99
5484.58
4057.9
2662.33
2193.21
5150.59
4441.99
2520.11
2451.34
5389.42
3603.53
2660.01
1722.03
7499.15
4122.34
5755.7
6823.4
10490.2
7492.68
8520.49
11826.8
4865.82
2336.59
3336.4
3857.8
2342.21
991.633
1389.08
1408.46
9864.98
17690.2
6619.52
19658.9
11504.4
17251.4
8134.95
20455.2
12904.9
15513.3
10345.1
19757.1
14109.1
16085.9
11275.8
11036.7
11910.8
16157.5
15700.8
16114.2
16893.2
24023
13157.6
10730.8
9722.04
10975.9
16756.6
20671.1
18628.8
23849.7
23129.8
18894.9
17635
23444.9
22588.2
16319.7
16048.2
21879.4
21676.5
11929.6
9536.75
11832.6
10573.2
13271.1
12276.5
14591.8
14355.1
19903.9
20760
11085.7
9879.52
11155.2
11251
11894.2
13178.9
13559.4
15777.2
17577.8
20947.5
9318.55
7352.66
6285.68
7873.68
12066.9
14435.3
8259.17
12894.5
5525.8
7111.02
8373.83
6971.55
1591.41
5163.88
711.833
1785.43
4157.6
8553.52
1427.43
2877.93
910.893
4513.34
399.992
1531.49
5535.06
5594.05
6316.54
4062.15
8868.31
7219.39
10431.3
7406.51
1441.84
3052.7
3145.34
1875.97
1662.19
2131.92
2336.96
1773.74
15006.5
9194.82
2940.47
16876.2
9796.38
3225.24
14375.4
9081.66
3101.98
16546.1
9782.72
3219.46
13215.5
8357.92
2768.31
16074.2
9794.22
3285.68
6529.04
3748.1
1085.84
8748.7
5828.92
2011.74
10708.4
7383.92
2548.84
12558.9
8217.67
2744.69
15861.3
10012.1
3494.42
7573.77
4479.73
1495.92
8489.79
6168.35
2346.4
10314.6
7617.24
2825.28
12798.1
9028.02
3258.17
16081.2
10190.9
3646.78
292.086
2047.32
2883.84
4167.11
2321.31
2634.89
5792.77
5465.26
582.936
982.135
620.875
1018.35
471.302
1371.98
849.736
1800.71
3154.05
1549.01
4024.39
2343.48
2104.43
3649.86
3396.3
683.299
6369.82
1359.41
-2242.04
347.111
1605.76
1037.48
996.876
757.935
9452.92
4091.05
2550.78
1507.59
9581.67
4238.06
3234.49
1916.43
9471.15
4537.77
4636.67
3084.64
3262.47
2231.36
1365.58
1303.1
12901.4
11388.6
6002.78
6190.85
14307
13360.9
7002.33
7017.54
5144.85
5257.59
10766.8
8883.61
3471.43
3649.34
1779.65
2109.67
4216
4185.77
2159.62
2362.57
2889.45
3155.58
1456.78
1934.97
4420.85
2891.45
4352.37
2860.98
6999.93
3828.44
6559.76
3992.55
2545.56
2042.15
2698.88
1806.32
1265.75
1187.18
1653.57
1016.1
10997.4
7148.6
5221.3
4992.8
10937.4
7407.95
5231.82
4974.04
11463.5
7899.62
5307
4876.57
14163.8
15780.6
12522.1
8069.78
4235.11
14969.4
13337.7
11928.6
9451.72
5586.94
13985.7
12227
9445.27
6963.41
3995.72
5613.18
4664.85
4986.85
5340.07
5946.66
4720.02
5107.29
5354.67
6471
4960.31
5274.24
5419.9
11289.1
8049.45
10068.1
6963.48
7565.28
5968.76
6709.78
5515.6
4973.34
5483.4
9404.59
8207.83
7977.69
6904.84
6496.31
5767.11
5384.02
5149.21
3873.9
5200.41
7115.85
4843.15
4691.01
2885.41
9631.11
7445.73
6626.01
5408.31
3661.64
2208.68
5348.73
3896.97
4634.69
2215.34
1590.98
901.369
5067.27
3705.8
1657.61
1384.03
3869.15
1707.14
1433.5
731.299
2829.06
2500.13
2252.57
3192.51
3970.51
3589.23
2866.39
4049.71
2901.17
1783.8
1656.17
2189.52
793.23
356.241
50.2672
331.526
3139.55
1319.66
391.2
3474.28
927.662
248.864
3272.5
1462.55
450.193
3521.57
977.979
275.916
3245.18
1540.25
408.39
3559
1027.81
248.014
5113.72
2722.96
680.824
4264.17
2133.78
545.128
3839.98
1878.43
525.624
3507.89
1658.27
377.98
3630.84
1040.18
171.515
6276.59
3285.95
945.411
5263.46
2660.55
757.828
4462.81
2224.19
656.685
3908.39
1711.43
439.782
3956.44
993.484
249.246
1510.36
521.242
119.902
-88.3601
626.453
225.66
64.8853
-13.0076
1597.55
567.917
157.582
-44.2573
795.257
308.181
144.974
64.0023
1699.74
621.682
224.371
29.1373
1325.62
565.84
190.626
34.4247
962.723
487.256
120.486
-33.5778
833.23
493.289
238.716
119.78
1365.64
562.73
150.9
-103.628
1143.34
463.731
189.052
-90.8529
1638.17
603.843
197.175
-49.5225
1455.95
536.482
210.382
-145.093
1056.48
494.648
166.494
-39.0808
849.703
388.666
187.866
1.70804
730.013
403.314
205.82
108.759
551.658
305.125
181.43
92.4734
1900.11
631.995
134.51
-184.042
1829.82
578.563
191.692
-244.598
1894.62
637.744
146.319
-175.893
1772.3
561.059
195.122
-237.896
1853.04
634.034
201.839
-110.855
1660.39
529.062
225.264
-185.346
1619.68
578.51
254.217
23.4998
1819.52
587.093
301.575
-212.487
1423.86
507.913
244.441
-40.7577
1406.1
404.062
164.323
-154.784
549.985
146.179
44.3317
-26.5986
1460.99
429.624
175.587
-145.449
575.91
157.245
53.1481
-17.6535
1511.68
460.864
205.327
-123.319
598.241
171.347
64.0003
-8.09037
1373.32
432.573
228.192
-90.8926
589.38
176.682
83.8002
8.92122
1261.34
424.619
233.84
-43.0343
535.953
184.254
107.961
30.61
849.578
319.43
143.519
-16.2658
492.049
221.916
118.735
55.8229
1000.18
339.443
167.345
-35.7133
508.633
202.846
115.036
44.4296
663.638
291.022
140.06
17.2814
421.246
218.463
117.885
66.3786
442.016
244.672
146.081
78.1238
327.526
201.783
122.291
81.6258
-7.8496
2.54424
2.40774
1.44483
0.95098
-1.08029
1.76999
1.33601
0.774728
0.505572
5.12656
8.4586
5.2462
2.90244
1.87035
12.8103
8.38366
4.58044
2.45467
1.56808
17.7153
14.9753
8.50613
4.60632
2.95191
48.0648
27.9211
14.6481
7.76478
4.94934
55.0661
32.0852
16.9309
9.02273
5.77094
80.1289
42.2035
21.633
11.4518
7.32302
28.3997
21.5651
11.9486
6.44433
4.13495
30.9313
20.3746
10.9845
5.89213
3.77628
20.2035
17.3141
9.67576
5.21313
3.33769
38.6332
21.7474
11.1502
5.87485
3.73635
36.3151
25.3115
13.9062
7.50522
4.82205
41.537
24.1724
12.7578
6.81416
4.36768
63.4204
33.8575
17.4168
9.23429
5.90991
53.1071
27.933
14.3459
7.61004
4.87362
-14.9923
1.11215
1.77974
1.1157
0.740736
-8.33663
0.265981
0.670539
0.425892
0.282826
-6.44159
4.85427
3.52692
2.0013
1.29584
-5.19041
1.62945
1.29768
0.741071
0.479384
3.50507
8.81362
5.32216
2.90937
1.86558
6.31984
5.98569
3.2595
1.72566
1.095
26.0376
17.4042
9.16539
4.82823
3.05947
18.0004
11.2597
5.76885
3.01242
1.90222
48.7543
23.5366
11.563
5.97981
3.77375
2122.01
4886.07
2229.48
4886.08
2493.86
4881.28
2952.45
5064.14
3036.2
5166.2
1285.94
1861.03
2038.78
3104.12
709.115
937.862
251.416
313.78
11034.1
2646.62
610.43
137.356
34.4384
3045.99
823.369
219.636
50.2709
11.0576
10831.9
2582.01
595.376
132.92
33.5836
3073.98
908.161
224.971
52.6385
13.1856
10250
2429.62
558.744
124.69
31.5654
2988.71
877.981
216.833
50.4834
12.6932
9265.49
2179.99
500.448
111.704
28.3148
2889.72
830.927
202.649
46.7821
11.7062
7640.69
1790.88
411.822
92.1439
23.4106
2702.51
756.869
182.752
41.9568
10.4763
3518.96
863.612
202.372
45.699
11.6542
1312.66
373.459
89.606
20.2441
5.04799
5307.32
1283.73
298.264
66.9673
17.0338
1932.54
542.567
131.116
30.0925
7.56629
2048.9
506.83
119.376
27.1046
6.93066
737.608
217.914
52.0943
11.7748
2.96393
705.295
173.628
41.0285
9.35446
2.39502
291.034
79.211
17.7615
4.9373
0.994359
-261.958
254.289
4782.65
-1069.21
742.919
795.89
2448.47
3142.59
1995.7
3744.24
3188.54
4918.91
3884.29
4817.12
2005.7
2696.88
2113.35
2508.66
1033.78
1074.28
2289.97
1597.95
660.734
-202.213
-472.517
-558.914
-13.3917
13866.7
3985.76
4835.15
3390.47
230.717
352.474
3300.65
-862.785
-326.291
-587.65
-339.695
7566.75
4153.37
1792.64
1335.74
3785.43
2255.82
802.337
1507.2
-1020.93
-453.629
948.417
812.85
8925.28
4281.78
5605.93
2953.18
4062.53
4884.01
1720.08
-484.001
1210.45
1555.21
1210.06
989.967
835.474
587.182
1230.87
960.01
724.013
490.626
203.275
575.427
470.76
349.35
216.727
74.0544
-180.456
-150.309
-111.837
-68.4888
-23.0155
-421.2
-350.654
-261.153
-160.241
-53.8989
-498.941
-416.139
-310.561
-190.908
-64.2847
-10.0513
-4.86163
0.67648
3.52908
2.00271
9670.75
7882.09
6249.38
5192.04
4312.87
3270.58
2627.5
2208.08
1665.22
805.849
3629.83
2777.83
2163.26
1543.98
730.188
2515.78
1882.53
1482.12
1042.17
410.607
256.062
197.657
218.73
177.795
76.7894
365.719
355.057
308.786
218.924
82.8167
2721.44
2174.45
1621.61
1062.82
412.244
-469.739
-184.406
-38.808
22.8763
18.5883
-245.52
-158.087
-79.3174
-25.773
-2.47036
-378.23
-202.309
-77.4173
-11.5841
4.13202
-311.719
-260.895
-191.017
-113.65
-36.9603
5388.1
4579.99
3697.43
3113.59
2594.29
3146.99
2405.21
1867.51
1308.58
584.628
1577
1330.13
1039.53
690.365
256.589
1148.53
943.788
718.048
464.951
168.44
3112.14
2450.95
1802.15
1148.74
424.464
1958.4
1613.53
1220.88
780.113
274.888
689.978
563.567
423.158
268.699
94.7009
1311
1074.45
801.685
501.536
173.038
-880.487
-705.428
-505.632
-300.679
-99.1525
-399.068
-324.788
-234.113
-138.445
-45.2034
825.209
681.606
517.425
331.701
117.623
711.246
590.162
448.714
286.75
100.775
5629.94
3935.81
3167.02
2658.34
2091.6
3206.47
2422
1793.38
1212.91
516.026
4031.44
3171.54
2423.35
1748.56
793.101
2319.71
1834.1
1370.87
914.483
375.42
3404.81
2722.97
2018.66
1283.07
461.549
3662.91
2664.85
2029.07
1404.1
555.047
1483.57
1207.85
898.686
563.269
195.453
-429.948
-354.688
-260.022
-156.489
-51.7933
1044.16
858.503
652.098
420.237
150.012
-31334.7
-50363.7
-25903.6
-41026
-27503.3
-57039.1
-33111.2
-72140.9
-19870.2
-13712.2
-22160.2
-13950.6
-18222.5
-11805.7
-22373.1
-11948.1
-26139.2
-19888.6
-37393
-27167.9
-22397.2
-18044.1
-31443.8
-23813.3
-17863.7
-18404.2
-14732
-14314.4
-17496.9
-16311.6
-42604.4
-11770.8
-16424.2
-6204.11
-51757.6
-14427.6
-14669.6
-5584.49
-31921.8
-10053.7
-16821.8
-6490.87
-28546.4
-8842.37
-13706.8
-5529.9
-17139.7
-6231.55
-13030
-5766.03
-15006.3
-5463.19
-13479.4
-6607.63
-11985.6
-4793.56
-15192.8
-5394.11
-5318.06
-1876.06
-11479.5
-7856.78
-9905.83
-6193.96
-10017.2
-8174.28
-8642.32
-6240.6
-10139
-5960.46
-11932.8
-7707.06
-6812.37
-4176.97
-3687.62
-2339.26
-5886.15
-4123.4
-3122.32
-2274.89
-6939.36
-3902.58
-3822.96
-1998.31
-8993.58
-4593.93
-5979.45
-6821.55
-11479.2
-7755.19
-8466.66
-11573.7
-6074.74
-2737.71
-3584.55
-3920.04
-3254.12
-1314.8
-1617.82
-1483.53
-13671.5
-16829.6
-7741.47
-19153.4
-14203.1
-16040.4
-8923.69
-19547.9
-14342.2
-14567.2
-10626.6
-18562
-9691.88
-7774.63
-10767.6
-11997.8
-11992.5
-10536.9
-12367.1
-14537.7
-15824.1
-22449.1
-7392.91
-7811.5
-8592.08
-10369.3
-15931.9
-16106
-11283.6
-20525.1
-15825
-14913
-11070.5
-20176.4
-15780.9
-13193.9
-10386.9
-18843.6
-15650
-8603.15
-6858.22
-9162.63
-7403.02
-10340.9
-8494.12
-11468.7
-9855.88
-17144.5
-15753.6
-8022.37
-7016.72
-8363.39
-7529.34
-9375.07
-9057.21
-11316.4
-11491.3
-15691.8
-16428.4
-7474.9
-5971.47
-5506.18
-7006.5
-9030
-12101
-6839.56
-11200.3
-5164.06
-6613.6
-7366.17
-6041.6
-1232.82
-4649.54
-464.472
-1449.6
-3412.38
-7671.52
-907.493
-2257.54
-777.583
-4234.42
-325.122
-1357.27
-5338.19
-5261.08
-6131.64
-3780.26
-8253.05
-6470.78
-9924.12
-6634.83
-1380.97
-2884.31
-3058.89
-1735.81
-1641.74
-2033
-2288.15
-1687.37
-6875.47
-2362.96
-9306.59
-3169.85
-7019.25
-2469.08
-9531.33
-3413.75
-6978.81
-2435.01
-10073.6
-3863.77
-4097.92
-1190.72
-5225.94
-1982.17
-6022.18
-2318.86
-7319.2
-2752.39
-10662.1
-4221.12
-5112.92
-1607.22
-5010.74
-2392.15
-6140.92
-2833.14
-8189.47
-3516.9
-11148.2
-4203.09
-6892.37
-6422.26
-5384.1
-5215.04
-11564.4
-8866.58
-9520.33
-7879.8
-4501.24
-3714.52
-1864.6
-1289.66
-4306.74
-3969.63
-1790.51
-1779.56
-3476.28
-5057.62
-4015.42
-5439.58
-4047.03
-2901.6
-3838.2
-948.071
-7709.96
-2280.48
2243.9
-74.7735
-1363.23
-728.587
-195.305
162.994
-2381.28
-1509.9
-914.839
-492.035
-2592.87
-1621.45
-1432.3
-623.274
-2961.88
-1971.99
-2077.79
-981
-1580.42
-379.043
187.688
674.63
-5590.34
-5929.32
-4433.76
-4084.03
-7677.99
-7660.3
-6445.18
-5411.05
-2875.68
-3064.13
-4089.09
-4569.73
-2816.52
-2413.43
-1336.93
-1192.2
-4240.84
-3347.59
-2244.67
-1788.43
-1658.12
-1720.96
-523.38
-799.368
-1827.26
-1137.35
-2432.2
-1560.02
-2647.98
-1857.82
-3627.1
-2466.44
-835.28
-475.859
-1293.36
-665.922
133.019
306.668
-466.889
44.9902
-3302.08
-3925.49
-2518.62
-3500.92
-3312.36
-3999.93
-2580.69
-3505.7
-3582.15
-3819.72
-2744.28
-3349.19
-3323.17
-5480.39
-2683.9
-2103.5
-1897.69
-8036
-5573.87
-4769.38
-4452.7
-3902.6
-6482.32
-5249.05
-4178.53
-3555.74
-2409
-4405.5
-4198.27
-5153.69
-7848.24
-4276.44
-3869.11
-4992.26
-7534.17
-4104.17
-3765.91
-4646.16
-7007.25
-7635.91
-5834.36
-6582.63
-4931.43
-5375.11
-4153.54
-4979.91
-4357.61
-4365.25
-6479.96
-6184.1
-5773.85
-4981.32
-4858.05
-4124.4
-4175.66
-3797.24
-4285.93
-2956.43
-5550.87
-4105.57
-2928.4
-2907.55
-1249.67
-6156.87
-5329.94
-4810.76
-3654.99
-2098.21
-806.048
-3065.89
-2344.45
-3422.58
-1185.16
-648.16
-64.4857
-3982.51
-2681.93
-880.216
-581.267
-2694.02
-783.478
-440.152
49.5957
-1651.2
-1542.13
-1537.11
-2781.84
-2477.89
-2588.86
-2135.6
-3816.93
-1895.04
-1072.94
-911.274
-1743.46
140.481
302.922
714.099
173.012
-2959.35
-872.012
-5208.92
-476.333
-2820.34
-955.893
-5090.46
-495.585
-2293.61
-622.381
-4640.96
-357.295
-3262.08
-790.243
-2807.68
-694.438
-2744.68
-841.011
-2543.08
-495.435
-4370.47
-511.291
-4340.81
-934.273
-3687.95
-643.962
-3374.89
-667.199
-3340.53
-488.769
-4594.87
-553.501
-652.699
-174.052
53.551
199.906
-230.359
-56.6062
16.2318
58.0609
-658.131
-157.977
55.296
179.928
-190.903
-18.4701
-1.36335
13.4118
-689.436
-141.903
35.5205
135.917
-136.464
80.1133
180.82
192.831
291.037
251.435
317.078
294.923
650.28
420.57
298.891
191.901
-371.095
-2.63681
189.102
327.574
-295.161
46.8547
126.267
311.432
-732.43
-132.33
79.7491
241.747
-567.856
-37.4277
93.6934
383.36
-12.9067
134.979
209.894
270.01
-38.0143
125.65
136.822
216.233
354.585
274.842
209.169
146.397
244.134
212.475
152.037
131.208
-988.298
-261.173
60.3973
334.459
-1181.5
-284.191
-49.8743
406.769
-955.383
-237.219
70.0765
341.766
-1138.84
-265.892
-48.5633
403.065
-901.463
-201.34
26.9946
278.554
-1045.45
-233.234
-76.0323
355.747
-622.559
-96.3422
11.2923
170.456
-1094.41
-217.701
-102.018
436.208
-577.86
-53.0314
32.2843
278.722
-1063.16
-209.808
-71.2794
274.995
-456.438
-78.9135
-2.84368
65.7597
-998.459
-187.211
-60.2075
275.193
-435.026
-71.4513
-2.4981
62.4574
-873.844
-144.88
-61.3856
264.472
-377.251
-53.5523
4.19288
65.0302
-731.553
-106.846
-77.8595
231.688
-315.44
-35.2341
-1.46211
59.4273
-557.656
-48.2797
-44.8924
194.642
-176.627
7.10508
1.30501
55.7121
-283.622
39.3652
85.9245
197.027
29.8176
102.592
80.0192
90.5936
-466.327
-24.3599
23.3485
195.673
-45.9323
60.6505
40.578
73.1508
-53.8954
112.3
121.725
179.126
113.827
139.624
109.485
99.085
187.27
181.246
131.215
125.496
211.199
173.261
118.271
91.9071
41.3538
10.3678
3.41684
1.50353
0.908339
16.9699
4.83624
1.72662
0.789223
0.483324
46.8518
14.5685
5.81389
2.8249
1.76815
25.5339
10.1183
4.57335
2.33138
1.48157
56.9126
20.0932
8.75674
4.41249
2.79472
65.321
29.1001
14.0617
7.34379
4.69958
73.9675
34.1721
16.7132
8.74392
5.59189
81.6296
41.8846
21.2953
11.2681
7.22045
69.0674
26.3701
12.0628
6.17849
3.92549
58.2346
23.2056
10.8198
5.57027
3.5445
62.3001
21.8242
9.71617
4.94395
3.13994
49.8322
21.0755
10.2198
5.3445
3.42429
74.1127
30.4537
14.2734
7.35768
4.68145
58.4551
26.1372
12.6549
6.59098
4.20447
68.1801
34.1975
17.2744
9.12221
5.84161
56.6054
28.2903
14.2553
7.51856
4.8117
46.5692
9.54269
2.83999
1.19616
0.712354
22.0038
3.93829
1.11459
0.463378
0.275468
48.9222
11.9
4.26044
1.99211
1.23354
22.7453
4.76182
1.62188
0.749699
0.463681
49.2284
14.044
5.69484
2.81066
1.7721
23.8543
7.30721
3.19811
1.63489
1.04318
52.6616
19.0725
8.8198
4.57636
2.93425
30.5924
11.2001
5.30806
2.77876
1.7879
41.7109
20.2812
10.291
5.486
3.54079
-2087.47
-4043.95
-2194.74
-4082.21
-2431.77
-4143.64
-2708.13
-4284.39
-2645.37
-4321.88
-1122.28
-1654.25
-1777.4
-2689.86
-597.321
-820.708
-166.724
-235.66
-10597.7
-2534.25
-583.883
-131.388
-32.9758
-2885.1
-786.307
-209.994
-48.074
-10.5848
-10376.3
-2469.32
-569.281
-127.174
-32.1758
-2913.91
-867.07
-214.968
-50.3176
-12.6165
-9780.69
-2320.22
-534.244
-119.399
-30.2821
-2826.84
-836.342
-206.879
-48.2232
-12.143
-8822.71
-2082.44
-479.248
-107.202
-27.2344
-2714.29
-788.281
-192.936
-44.6488
-11.1973
-7303.88
-1718.22
-396.141
-88.8242
-22.6167
-2520.91
-716.065
-173.873
-40.062
-10.0317
-3434.2
-842.005
-197.233
-44.5477
-11.3687
-1225.44
-351.573
-84.6597
-19.1831
-4.79672
-5128.89
-1241.62
-288.796
-64.9224
-16.5403
-1798.7
-512.08
-124.494
-28.6898
-7.2378
-2008.68
-496.108
-116.686
-26.4758
-6.76899
-683.725
-202.972
-48.4639
-10.9592
-2.76267
-682.317
-167.369
-39.3941
-8.95823
-2.28987
-254.182
-68.2185
-14.9023
-4.25963
-0.821473
-360.01
-1635.21
-6403.05
363.991
-7237.64
-3190.92
-7028.21
-3295.48
-12844.2
-6862.54
-14402.4
-7593.35
-97.1242
-334.035
-519.531
-612.741
-536.023
-132.736
-160.484
-537.905
-818.411
-920.488
-749.729
-212.542
-79.302
-80.9913
-259.884
-258.413
-368.037
-366.346
-347.698
-342.716
-295.378
-314.156
-182.589
-213.96
847.527
2041.18
3322.98
2363.68
2131.27
960.534
730.29
2008.72
3292.83
3856.53
3215.03
1403.45
-87.4035
-73.6892
-55.6813
-34.615
-11.7376
-300.934
-254.07
-192.272
-119.68
-40.6117
-467.924
-394.936
-298.791
-185.947
-63.0919
-551.636
-465.348
-351.878
-218.894
-74.2549
-482.753
-407.368
-308.072
-191.628
-64.9968
-122.739
-106.315
-82.004
-51.5201
-17.5185
-144.268
-121.479
-91.6795
-56.9406
-19.2985
-484.045
-408.116
-308.447
-191.807
-65.0543
-735.981
-620.082
-468.34
-291.107
-98.7135
-826.798
-695.678
-524.808
-325.942
-110.485
-672.625
-565.227
-425.916
-264.33
-89.5737
-192.272
-162.954
-123.617
-76.9952
-26.1189
-71.436
-60.2998
-45.6202
-28.3882
-9.63123
-73.0035
-61.6706
-46.6949
-29.0758
-9.86806
-234.296
-197.976
-149.948
-93.3959
-31.7033
-233.019
-196.948
-149.207
-92.9537
-31.5567
-331.736
-280.246
-212.209
-132.151
-44.8543
-330.155
-278.851
-211.107
-131.442
-44.6096
-313.501
-264.921
-200.646
-124.96
-42.4134
-308.644
-260.457
-197.002
-122.57
-41.5811
-266.612
-225.499
-170.854
-106.389
-36.0984
-282.52
-237.978
-179.644
-111.582
-37.8168
-166.231
-141.69
-107.844
-67.2006
-22.7747
-192.552
-162.217
-122.351
-75.8792
-25.683
746.268
615.456
457.36
282.133
95.5999
1787.21
1467.8
1089.32
673.276
229.061
2869.47
2334.36
1728.45
1074.76
370.373
2024.54
1641.26
1217.83
761.004
263.26
1856.49
1509.18
1115.19
687.275
223.78
864.194
717.66
538.636
333.789
106.403
643.963
531.743
395.382
243.846
82.575
1765.19
1453.82
1080.11
666.878
226.322
2871.75
2351.15
1742.54
1077.7
367.352
3336.68
2715.79
2009.03
1245.46
426.689
2779.53
2259.91
1671.51
1036.57
354.034
1225.39
1006.26
751.085
468.628
160.119
157.25
397.274
588.059
687.851
617.825
230.523
248.588
629.135
912.267
1010.29
824.631
268.28
124.734
118.644
307.256
299.019
417.201
409.926
395.355
382.562
349.87
324.414
290.669
253.604
-725.62
-1858.65
-3012.08
-1960.17
-1668.66
-471.3
-680.696
-1933.22
-3129.82
-3568.34
-2806.21
-919.441
141.968
120.176
91.1981
56.8959
19.3313
358.354
303.022
229.7
143.174
48.6215
530.21
448.104
339.496
211.525
71.8178
619.999
523.803
396.71
247.108
83.8875
557.339
471.281
357.199
222.599
75.5812
211.854
182.628
140.617
88.444
30.1311
224.266
189.681
143.826
89.6736
30.4583
566.944
478.858
362.588
225.82
76.6558
821.383
693.08
524.306
326.318
110.733
908.661
765.805
578.698
359.91
122.093
741.024
623.947
471.141
292.889
99.3435
243.101
206.518
157.108
98.1099
33.3348
112.651
95.3969
72.4224
45.1953
15.3581
107.156
90.7479
68.8955
42.9952
14.6106
277.295
234.617
177.95
110.967
37.6924
269.879
228.359
173.215
108.018
36.6916
376.406
318.358
241.374
150.471
51.1024
369.77
312.67
237.001
147.716
50.1614
356.854
301.966
229.039
142.818
48.5084
344.938
291.519
220.849
137.588
46.7111
316.373
268.219
203.753
127.161
43.2032
292.441
247.063
187.083
116.5
39.5404
264.785
226.149
172.769
108.134
36.764
229.116
193.976
147.098
91.6478
31.1032
-635.559
-521.062
-385.209
-236.884
-80.191
-1621.77
-1327.04
-982.012
-606.198
-206.294
-2585.52
-2090.37
-1540.68
-956.629
-330.238
-1643.96
-1303.07
-948.382
-585.81
-201.914
-1413.52
-1111.05
-793.811
-474.779
-147.577
-393.365
-292.167
-193.168
-104.054
-23.9273
-599.147
-493.758
-366.532
-225.854
-76.4692
-1697.25
-1396.51
-1036.82
-640.043
-217.26
-2723.25
-2224
-1644.97
-1016.39
-346.478
-3070.11
-2483.54
-1827.5
-1129.41
-386.667
-2397.22
-1923.12
-1405.13
-864.219
-293.933
-770.552
-603.479
-430.779
-260.337
-87.2493
-1643.02
-1041.26
-401.946
419.433
703.847
887.863
335.214
-11529.8
-2120.9
-3494.39
-1639.04
78.2668
-3911.01
628.606
2161.83
954.163
-6314.64
-3007.24
-780.845
-755.829
-3407.16
-1484.75
-424.802
-1116.84
1733.88
981.2
-628.634
-350.664
-8092.89
-3719.05
-4601.79
-2267.98
-3532.15
-3725.53
-1246.89
976.748
-617.675
-854.943
-552.456
-426.125
-434.628
-424.171
-674.429
-444.012
-293.893
-195.59
-92.3801
-339.251
-268.199
-193.597
-118.589
-40.553
379.677
322.167
244.809
152.758
51.9015
633.048
533.101
402.096
249.456
84.4586
798.452
672.412
507.32
314.885
106.652
306.706
262.138
199.301
123.585
41.6224
-7914.21
-6590.66
-5431.48
-4940.8
-4680.21
-1370.88
-869.296
-821.506
-805.234
-519.604
-2430.74
-1730.4
-1358.88
-1055.34
-586.201
-1048.37
-662.511
-545.96
-438.729
-184.128
86.1116
76.8285
50.355
19.1015
0.302471
-3193.28
-2532.72
-1871.72
-1216.71
-469.134
571.873
479.797
354.342
212.155
68.6102
1859.57
1499.47
1093.28
665.553
223.892
852.909
710.737
529.232
324.311
108.665
-4227.51
-3635.9
-3021.56
-2776.18
-2636.45
-2067.93
-1449.91
-1121.6
-843.03
-436.655
-618.605
-481.959
-371.892
-264.467
-111.569
-609.509
-473.432
-351.679
-232.85
-89.5946
-2792.22
-2196.95
-1622.96
-1047.17
-394.932
-1234.57
-975.72
-719.401
-459.271
-164.386
-340.993
-259.889
-186.486
-118.132
-43.107
-953.062
-766.17
-564.085
-351.85
-122.053
1538.31
1276.11
949.612
583.495
196.435
883.23
742.749
557.803
343.799
115.645
-520.851
-410.473
-302.713
-193.947
-70.3833
-282.807
-216.993
-158.063
-102.08
-37.5634
-4850.38
-3238.32
-2611.67
-2317.46
-2024.47
-2670.37
-1939.45
-1404.34
-957.743
-426.447
-3033.2
-2283.4
-1706.11
-1282.76
-616.186
-1670.94
-1253.74
-907.311
-614.075
-272.713
-2916.02
-2298.73
-1690.17
-1076.26
-391.65
-2591.73
-1711.36
-1286.31
-938.63
-399.565
-1050.64
-835.603
-612.123
-382.927
-134.101
880.793
742.559
559.356
345.814
116.611
-492.83
-376.612
-275.718
-180.789
-68.0638
-1.64939
20.4801
47.9983
49.4242
-8.58887
-133.259
-22379.9
-19692.9
-18611.6
-21310.3
-16392.2
-13029.6
-14644.9
-11159.9
-19599.7
-17330.2
-18003.9
-17065.5
-15852.7
-13565.3
-16710.7
-18540.9
-16531.3
-15058.4
-17039.7
-13946.3
-11830.3
-12347.8
-9924.04
-17683.9
-15867.5
-16269.4
-14966.8
-14140.9
-13189.6
-13732.2
-14667
-13417.9
-11988.3
-13152.5
-11680.5
-10068
-10357.5
-8894.73
-14900.1
-13720.2
-13851.6
-12831.8
-12090.4
-11176.9
-11655.1
-10338.4
-9716.47
-8513.41
-9048.15
-8740.56
-7859.88
-7732.64
-7053.56
-10869.8
-11018
-10245.9
-10395.4
-9171.75
-8315.82
-9268.74
-6651.11
-6352.61
-5497.98
-5747.61
-5881.67
-5338.2
-5120.16
-4723
-7233.25
-7257.64
-6900.82
-6814.06
-6302.66
-5710.98
-6210.39
-2401.17
-2314.1
-1992.16
-2066.31
-2177.36
-2033.55
-1879.32
-1750.51
-2739.11
-2751.62
-2562.3
-2471.5
-2368.85
-2176.16
-2340.61
-8304.93
-8151.51
-12512.6
-13541.6
-7764.53
-6887.98
-10975.6
-8927.63
-6271.01
-4467.55
-6234.63
-4477.84
-6242.03
-6008.34
-4599.36
-8239.71
-7798.78
-11159.3
-12209.3
-7237.69
-6540.07
-9713.33
-8346.6
-6216.14
-3815.35
-6104.25
-4074.68
-5574.32
-5388.8
-4512.37
-7464.6
-7093.26
-9455.22
-10171.8
-6656.07
-6173.9
-8457.63
-7465.32
-5064.1
-3986.06
-5046.24
-4260.76
-4701.11
-4733.09
-4500.91
-5946.41
-5706.44
-7067.6
-7445.19
-5410.97
-5044.51
-6533.8
-5945.54
-4707.71
-3465.38
-4630.09
-3741.13
-4325.59
-4321.8
-3904.78
-4055.24
-3917.24
-4657.41
-4847.12
-3645.33
-3364.42
-4382.28
-4014.2
-3238.59
-2597.76
-3172.63
-2768.99
-2971.18
-2940.23
-2724.59
-1499.85
-1451.18
-1698.73
-1758.71
-1345.9
-1234.97
-1609.1
-1480.27
-1056.81
-941.999
-1124.93
-1041.57
-1092.99
-1071.2
-987.322
)
;

boundaryField
{
    patch1
    {
        type            calculated;
        value           nonuniform List<scalar> 
2440
(
0
0
4884.31
1720.21
-484.017
1210.56
-3725.8
-1247
976.785
-617.755
0
0
4884.01
1720.08
-484.001
1210.45
-3725.53
-1246.89
976.748
-617.675
0
0
0
0
0
0
0
0
-1269.89
0
0
0
0
0
0
0
0
2290.01
1597.99
660.782
-202.225
-472.545
-558.948
-13.3799
13867.6
3986.29
4835.58
3390.89
230.873
352.586
3300.96
-862.675
-326.232
-587.563
-339.701
7567.14
4153.68
1792.86
1335.88
3785.69
2256
802.397
1507.32
-1020.95
-453.635
948.522
812.938
8925.59
4281.96
5606.17
2953.33
4062.78
-83.0468
-79.3107
-80.9999
-259.908
-258.436
-368.069
-366.378
-347.729
-342.745
-295.403
-314.181
-182.604
-213.976
124.743
118.652
307.279
299.042
417.233
409.958
395.385
382.59
349.894
324.437
290.686
253.619
-1643.09
-1041.33
-401.984
419.449
703.883
887.909
335.214
-11530.6
-2121.27
-3494.73
-1639.19
78.2245
-3911.22
628.608
2161.88
954.199
-6315.03
-3007.51
-780.982
-755.919
-3407.38
-1484.9
-424.853
-1116.94
1733.95
981.233
-628.697
-350.717
-8093.24
-3719.25
-4602.04
-2268.13
-3532.39
0
0
0
0
0
0
0
0
-1265.36
0
0
0
0
0
0
0
0
2289.97
1597.95
660.734
-202.213
-472.517
-558.914
-13.3917
13866.7
3985.76
4835.15
3390.47
230.717
352.474
3300.65
-862.785
-326.291
-587.65
-339.695
7566.75
4153.37
1792.64
1335.74
3785.43
2255.82
802.337
1507.2
-1020.93
-453.629
948.417
812.85
8925.28
4281.78
5605.93
2953.18
4062.53
-84.3417
-79.302
-80.9913
-259.884
-258.413
-368.037
-366.346
-347.698
-342.716
-295.378
-314.156
-182.589
-213.96
124.734
118.644
307.256
299.019
417.201
409.926
395.355
382.562
349.87
324.414
290.669
253.604
-1643.02
-1041.26
-401.946
419.433
703.847
887.863
335.214
-11529.8
-2120.9
-3494.39
-1639.04
78.2668
-3911.01
628.606
2161.83
954.163
-6314.64
-3007.24
-780.845
-755.829
-3407.16
-1484.75
-424.802
-1116.84
1733.88
981.2
-628.634
-350.664
-8092.89
-3719.05
-4601.79
-2267.98
-3532.15
0
0
1.90547
3.77832
1.78346
3.53397
-133.259
0
0
0
0
0
0
1.90222
3.77375
1.7879
3.54079
-133.259
0
0
0
0
0
2344.35
2116.58
2215.45
3062.83
404.424
176.298
346.506
130.688
1698.27
1164.72
3818.15
4263.15
63.0902
76.6808
994.845
1007.96
0
0
0
0
0
0
0
0
0
0
0
0
0
0
0
0
0
0
0
0
0
0
0
0
0
0
0
0
0
0
0
0
0
-153.677
-26.2052
-145.548
-17.699
-123.311
-8.08463
-90.882
8.94242
-43.0204
30.6368
-16.2763
55.8314
-35.7112
44.453
17.2544
66.3655
78.0817
81.5915
0.989481
0.531119
1.87046
1.56885
2.95394
4.95451
5.77482
7.32373
4.13824
3.77866
3.33976
3.74016
4.82446
4.36916
5.90992
4.87332
0.762123
0.290765
1.29784
0.481037
1.8682
1.09702
3.06311
34.9027
9.56295
34.0368
11.8757
31.96
11.4531
28.6548
10.5992
23.6782
9.55632
11.7559
4.91152
17.2372
7.07749
6.9738
2.96511
2.4054
1.00715
-382.358
-0.247471
-1849.36
-325.633
5685.4
5520.64
3069.35
2919.53
5399.01
6462.54
643.769
-1306.75
-1468.78
-1888.37
-2396.21
31.4596
151.527
-127.722
37.7433
-1452.99
-899.4
-3160
-3402.41
73.1431
57.1834
-899.111
-922.634
-0.248971
0.0208779
0
0
0
0
0
0
0
0
0
0
0
0
0
0
0.328013
-0.145966
0
0
0
0
0
0
0
0
0
0
0
0
0
0
273.631
65.1977
275.394
62.5513
264.473
65.0433
231.659
59.409
194.59
55.6729
196.963
90.5289
195.616
73.0945
179.064
99.0226
125.439
91.8554
0.946392
0.507783
1.76503
1.47861
2.79011
4.69175
5.58514
7.21579
3.91968
3.53983
3.13568
3.41828
4.6762
4.20044
5.8382
4.80914
0.733163
0.282282
1.23099
0.46222
1.76808
1.04048
2.92863
-33.4201
-9.15567
-32.6082
-11.3635
-30.6588
-10.9554
-27.56
-10.1342
-22.8748
-9.14343
-11.4686
-4.66244
-16.7385
-6.76192
-6.81164
-2.76365
-2.30012
-0.834071
-236.458
-1274.99
1260.07
231.868
33.4457
636.249
496.891
-0.655701
-0.168464
-0.160743
-0.703624
0
0
0
0
0
0
0
0
0
0.654796
0.215321
0.366474
0.769534
0
0
0
0
0
0
0
0
0
0
2344.26
2116.67
2215.58
3062.82
404.485
176.281
346.558
130.648
1698.36
1164.71
3818.19
4263.08
63.1088
76.6545
994.847
1007.96
0
0
0
0
0
0
0
0
0
0
0
0
0
0
0
0
0
0
0
0
0
0
0
0
0
0
0
0
0
0
0
0
0
-154.784
-26.5986
-145.449
-17.6535
-123.319
-8.09037
-90.8926
8.92122
-43.0343
30.61
-16.2658
55.8229
-35.7133
44.4296
17.2814
66.3786
78.1238
81.6258
0.95098
0.505572
1.87035
1.56808
2.95191
4.94934
5.77094
7.32302
4.13495
3.77628
3.33769
3.73635
4.82205
4.36768
5.90991
4.87362
0.740736
0.282826
1.29584
0.479384
1.86558
1.095
3.05947
34.8772
9.64487
34.0034
11.8434
31.9524
11.445
28.6501
10.5953
23.676
9.55428
11.7558
4.91103
17.2365
7.07653
6.97386
2.96485
2.40541
1.00703
-374.047
7.09752
-1836.93
-517.224
5691.89
5552.06
3082.27
2926.94
5415.44
6432.02
321
-1306.65
-1468.95
-1888.59
-2396.17
31.2584
151.391
-127.939
37.588
-1453.16
-899.482
-3160.05
-3402.48
72.9814
57.0997
-899.29
-922.758
-0.245739
0.0231307
0
0
0
0
0
0
0
0
0
0
0
0
0
0
0.329002
-0.145834
0
0
0
0
0
0
0
0
0
0
0
0
0
0
274.995
65.7597
275.193
62.4574
264.472
65.0302
231.688
59.4273
194.642
55.7121
197.027
90.5936
195.673
73.1508
179.126
99.085
125.496
91.9071
0.908339
0.483324
1.76815
1.48157
2.79472
4.69958
5.59189
7.22045
3.92549
3.5445
3.13994
3.42429
4.68145
4.20447
5.84161
4.8117
0.712354
0.275468
1.23354
0.463681
1.7721
1.04318
2.93425
-33.3954
-9.23395
-32.5773
-11.3329
-30.6528
-10.9482
-27.5566
-10.131
-22.8735
-9.1419
-11.4688
-4.6622
-16.7383
-6.76131
-6.81185
-2.76359
-2.30023
-0.834109
-233.538
-1279.3
1261.1
237.845
63.0675
678.99
488.334
-0.65778
-0.168471
-0.160736
-0.709832
0
0
0
0
0
0
0
0
0
0.653019
0.21535
0.366511
0.763627
0
0
0
0
0
0
0
0
0
16106.2
11937
0
16105.3
11932.4
0
0
0
0
0
0
0
0
0
9917.85
17718.7
11502
17304.7
12907.6
15496.8
14110.1
16088.2
11270.4
20637.9
18538.4
18903.3
17637.6
16322.9
16043.3
14970.7
9175.54
2931.17
14379.8
9082.69
3105.47
13216.8
8357.83
2767.35
0
0
0
0
0
0
0
0
10967.7
7141.14
10946.1
7399.89
11474.8
7898.43
14169
15784.4
12531
5617.14
4672.19
5948.3
4718.8
6473.12
4963.29
3139.45
1317.94
386.027
3273.26
1462.32
451.927
3246.07
1540.57
408.494
-4.44702
22.4824
280.437
1061.39
2048.59
893.737
1762.34
404.492
125.205
-9.97916
-118.396
-425.3
-1058.2
-1747.7
-702.096
-1425.92
-285.266
-39.8539
0
0
0
0
0
0
0
0
9864.98
17715.2
11504.4
17300.4
12907.8
15495.7
14109.1
16085.9
11269.9
20671
18585.5
18894.9
17631.5
16319.8
16039.2
15006.5
9194.82
2943.37
14375.4
9081.66
3105.46
13213.8
8356.43
2767.03
0
0
0
0
0
0
0
0
10997.4
7144.41
10937.4
7398.84
11466.7
7894.81
14163.8
15780.6
12525.6
5613.21
4670.54
5946.66
4718.82
6471
4962.03
3139.55
1319.66
386.898
3272.5
1462.55
451.988
3245.31
1540.35
408.481
-1.81256
17.0955
278.366
1060.43
2048.19
893.686
1762.2
404.457
125.158
-9.53839
-114.541
-424.146
-1057.72
-1747.55
-702.149
-1425.91
-285.338
-39.9183
14972.5
13341.9
19.9709
10.0934
4.9543
2.54991
1.60425
38.2893
17.7541
8.62862
4.44165
2.79815
3282.11
1323.44
16157.5
15700.8
-2888.93
-455.64
19.5071
8.72084
4.378
2.33547
1.50961
28.7131
14.8474
7.64885
4.10128
2.6523
0
0
0
0
0
11931.1
9531.75
11833.7
10581.2
13272.4
12278.5
6529.88
3748.64
1086.02
8749.76
5829.65
2011.98
10710.5
7386.45
2551.17
-5011.58
-2392.45
-6141.65
-2833.41
-8189.95
-3517.09
-11148.4
-4203.2
3313.32
1330.05
2436.51
1375.31
439.067
277.416
267.466
218.667
704.714
434.547
289.111
171.864
57.5923
28.3817
14.2524
7.52646
4.82799
78.4268
41.0353
21.0087
11.1425
7.14548
129.483
341.078
511.166
597.24
687.469
882.86
116.936
99.0206
75.1683
46.9057
15.9387
307.802
260.412
197.498
123.147
41.8282
460.936
389.602
295.198
183.932
62.4496
537.879
453.971
343.476
213.782
72.5437
618.091
520.651
393.199
244.403
82.88
791.729
665.011
500.927
310.825
105.323
1321.75
1161.77
956.168
708.765
436.02
147.478
8489.79
6168.35
2346.4
10314.6
7617.24
2825.28
12798.1
9028.02
3258.17
16081.2
10190.9
3646.78
-2204.54
235.581
-955.358
572.09
11289.1
8048.97
10068.1
6964.21
7565.31
5965.95
5113.72
2722.96
680.824
4264.17
2133.78
545.128
3838.36
1877.06
524.278
670.222
374.831
116.022
6.43552
764.815
470.423
242.939
136.376
53.7147
28.9563
14.8912
7.86566
5.0155
81.812
42.282
21.5277
11.3693
7.26438
-1118.62
-958.16
-764.847
-549.667
-329.892
-110.08
-91.5839
-298.167
-460.446
-541.728
-657.356
-804.16
-82.5596
-69.7521
-52.8211
-32.8943
-11.1648
-268.846
-227.206
-172.115
-107.217
-36.3976
-414.81
-350.203
-265.013
-164.952
-55.9728
-487.225
-410.524
-310.045
-192.687
-65.331
-589.768
-495.484
-373.147
-231.405
-78.3707
-718.536
-600.826
-450.451
-278.431
-94.1437
16159.6
15702
-2898.32
-463.871
19.4826
8.70818
4.36976
2.33023
1.50573
28.6695
14.8273
7.63696
4.09382
2.64704
0
0
0
0
0
14969.4
13337.7
19.9513
10.0842
4.94846
2.54613
1.60136
38.2607
17.7415
8.62106
4.43669
2.79456
3284.4
1328.16
9058.83
57782.6
9029.59
42223.8
8747.75
35153.7
9096.24
31476
16864.9
9782.82
3220.66
16549.9
9784.6
3219.62
16076.3
9795.71
3286.07
15862.6
10013.2
3494.81
16082.1
10191.9
3647.18
188.334
66.5899
-336.872
223.567
-1243.83
1190.9
-33.095
2.27329
1055.87
960.06
73.3525
32.8239
20.0507
14.022
424.514
192.536
146.504
113.988
13.3102
4.78831
2.0868
1.26474
105.373
38.593
15.7174
9.4762
236.045
90.8524
39.2005
24.1466
311.549
136.535
65.7773
41.9354
287.383
162.266
85.9625
56.1637
257.95
185.339
109.612
74.8365
228.234
168.256
100.742
68.55
270.223
192.554
114.175
80.0396
274.774
191.72
120.91
86.4602
4.57526
2.14157
1.03038
0.526735
0.330809
27.5474
13.0888
6.37292
3.28205
2.06905
34.7407
19.292
9.98067
5.28497
3.37221
37.318
18.3587
9.08274
4.72792
2.99452
44.6375
23.9113
12.3522
6.5544
4.19209
54.6868
28.0505
14.3086
7.57495
4.84814
0.960378
0.405472
0.185424
0.0924213
0.0573608
7.14029
3.07956
1.43349
0.721153
0.449641
17.0498
7.48856
3.53774
1.79438
1.12365
457.734
496.238
715.86
1106.03
2359.17
1079.2
2284.61
397.361
119.968
296.498
80.9619
20.7184
4.68144
0.755817
333.919
96.1731
23.3786
5.51231
1.00825
399.642
110.496
26.785
6.02853
1.18299
543.327
138.347
32.2946
7.18124
1.49502
779.973
173.662
37.4429
7.86671
1.60567
340.907
77.024
16.3711
3.35146
0.651881
582.367
121.685
25.6614
5.4019
1.13632
150.529
41.3879
8.84813
1.88898
0.386371
100.475
21.6482
3.45906
1.89722
0.151626
3884.89
4835.88
2004.09
2689.91
2114.5
2494.47
1097.44
1136.15
-901.383
-2962.52
-1995.32
-1329.23
-796.311
-657.371
-486.995
-298.495
-100.537
-1344.13
-815.67
-474.115
-303.887
-142.868
-1288.41
-757.888
-440.837
-229.165
-74.1634
-1103.83
-854.136
-597.898
-352.762
-116.959
-9309.21
-3170.19
-9532.73
-3414.71
-10074.2
-3864.11
-10662.3
-4221.28
-11148.4
-4203.2
1.63975
10.5179
746.346
105.273
1248.94
-925.001
176.841
151.563
-209.627
-59.5173
18.319
14.1422
4.26336
-0.879046
115.846
89.3845
-4.38386
-37.6453
0.928308
1.22251
0.573888
0.272645
11.5327
10.9233
6.85933
3.56846
54.456
33.0126
17.5118
8.86018
153.941
67.1241
28.3521
13.6348
282.632
106.856
46.7075
27.1146
324.855
164.61
96.1601
68.4017
362.688
145.535
69.3939
45.7869
285.945
175.062
115.349
83.2972
265.619
184.02
119.696
86.7099
2.60929
1.58185
0.85882
0.468514
0.304567
17.6794
10.298
5.49326
2.97237
1.9255
43.5959
19.405
9.43899
4.93165
3.15389
32.3176
15.8109
8.03011
4.26423
2.74556
50.7474
24.2318
11.9858
6.28613
4.01926
54.3117
27.8277
14.1198
7.46261
4.77889
0.316513
0.242394
0.140031
0.0782112
0.05133
3.2738
2.09386
1.15021
0.631664
0.411966
9.53915
5.56834
2.96961
1.61362
1.04785
-448.742
-531.553
-750.639
-1006.38
-1926.96
-857.552
-1819.08
-276.676
-41.5808
-285.771
-77.6821
-19.8699
-4.47474
-0.721976
-328.812
-92.8695
-22.349
-5.24048
-0.952747
-388.622
-105.313
-25.214
-5.64292
-1.09554
-496.337
-126.725
-29.5633
-6.57919
-1.35913
-671.394
-152.839
-33.2863
-7.03072
-1.42419
-260.034
-58.0554
-12.2611
-2.49827
-0.456445
-468.081
-99.2744
-21.2025
-4.51246
-0.93943
-98.6408
-27.3294
-5.47569
-1.1382
-0.202756
-63.8416
-10.7419
-0.6249
-1.22531
0.0195907
-181.65
-604.447
-938.726
-1101.78
-979.439
-448.515
573.036
2042.85
3681.25
4746.23
4244.44
1872.64
-163.346
-137.595
-103.883
-64.5407
-21.8783
-543.943
-458.638
-346.646
-215.569
-73.1149
-844.015
-710.942
-536.847
-333.636
-113.125
-988.955
-831.46
-626.774
-389.063
-131.847
-876.847
-735.108
-552.765
-342.579
-116.019
-399.985
-333.976
-250.312
-154.85
-52.4155
508.21
422.031
315.055
194.586
65.8775
1797.74
1482.38
1101.82
680.068
230.678
3205.59
2620.43
1939.67
1199.01
408.915
4079.25
3302.97
2437.48
1513.49
521.594
3606.96
2899.78
2138.16
1335.6
465.675
1594.98
1288.95
957.299
602.478
211.449
270.002
697.766
1037.42
1197.21
1052.78
476.031
-597.254
-2081.91
-3651.15
-4559.61
-3878.87
-1393.74
243.571
205.991
156.179
97.3682
33.0704
628.752
531.021
402.053
250.383
84.9906
933.858
787.773
595.783
370.73
125.792
1076.03
906.14
684.235
425.321
144.245
943.994
792.937
597.452
370.875
125.714
425.321
355.942
267.401
165.733
56.1567
-530.768
-441.849
-330.681
-204.647
-69.3593
-1835.43
-1516.77
-1129.95
-698.734
-237.262
-3181.68
-2603.41
-1929.41
-1194.18
-407.673
-3910.76
-3159.97
-2328.76
-1445.83
-498.795
-3268.2
-2603.92
-1906.26
-1186.98
-414.377
-1145.46
-891.287
-641.396
-397.29
-139.761
1041.02
0
1650.95
927.921
774.414
580.216
358.888
121.487
0
0
0
0
0
1434.11
1167.67
859.291
527.251
178.509
9053.43
57794.9
9011.62
42220
8710.73
35135
9071.29
30799.8
16876.2
9796.38
3225.24
16546.1
9782.72
3219.46
16074.2
9794.22
3285.68
15861.3
10012.1
3494.42
16081.2
10190.9
3646.78
161.019
72.3934
-335.457
186.557
-1232.56
1199.71
-20.0418
3.93871
1027.49
952.546
61.9436
27.6693
16.9825
11.8601
422.619
191.841
145.945
113.598
11.7052
4.17384
1.80337
1.07302
104.631
38.3711
15.631
9.47659
235.814
90.7247
39.1373
24.107
311.384
136.426
65.7144
41.8861
287.281
162.185
85.9069
56.1148
257.99
185.342
109.601
74.8181
228.207
168.214
100.704
68.5113
270.326
192.605
114.197
80.0468
274.928
191.813
120.962
86.4927
3.80579
1.78293
0.858948
0.439478
0.276115
27.5102
13.053
6.34889
3.26767
2.05925
34.7264
19.2841
9.9755
5.28134
3.36949
37.2933
18.3468
9.07538
4.72296
2.99092
44.6332
23.908
12.3495
6.55227
4.19039
54.6989
28.0554
14.3105
7.57559
4.84837
0.785798
0.33197
0.151955
0.0757749
0.0470191
7.15192
3.07432
1.42876
0.718317
0.447803
17.0363
7.48093
3.53246
1.79102
1.12125
458.839
490.204
714.435
1105.29
2358.8
1079.15
2284.45
397.329
119.931
297.673
81.7831
20.7806
4.7044
0.771929
330.108
95.0136
23.1011
5.44032
0.991012
399.027
110.29
26.7276
6.01471
1.17944
543.009
138.238
32.2618
7.17262
1.49264
779.786
173.598
37.4225
7.86104
1.60401
340.86
77.0049
16.3647
3.34952
0.651251
582.266
121.648
25.6495
5.39845
1.13525
150.503
41.3776
8.8446
1.88791
0.386018
100.459
21.6426
3.45726
1.89677
0.151468
3884.29
4835.49
2005.53
2692.11
2113.07
2493.05
1033.51
1068.02
-901.328
-2962.63
-1995.35
-1329.19
-796.261
-657.328
-486.961
-298.473
-100.53
-1344.19
-815.718
-474.16
-303.924
-142.876
-1288.43
-757.907
-440.854
-229.178
-74.1674
-1103.79
-854.103
-597.872
-352.745
-116.953
-9306.59
-3169.85
-9531.33
-3413.75
-10073.6
-3863.77
-10662.1
-4221.12
-11148.2
-4203.09
-17.5223
-12.919
771.773
146.848
1251.14
-920.421
139.577
125.761
-184.686
-54.2967
15.3369
11.9425
3.5179
-0.780709
116.994
89.8028
-3.99044
-37.4512
0.498321
1.00123
0.492645
0.258772
12.3662
11.0624
6.88648
3.51655
54.7239
33.1207
17.5472
8.87714
154.133
67.2388
28.4052
13.6733
282.799
106.977
46.7779
27.1695
325.039
164.749
96.2523
68.4732
362.856
145.664
69.4784
45.8539
286.137
175.2
115.438
83.3639
265.804
184.144
119.772
86.7632
2.24768
1.35088
0.730137
0.397454
0.25814
17.5803
10.2759
5.49069
2.97322
1.92674
43.6353
19.4243
9.4498
4.93831
3.15858
32.3603
15.8314
8.04211
4.27181
2.75089
50.7853
24.2502
11.9957
6.29204
4.02339
54.341
27.8415
14.1267
7.46646
4.78151
0.28477
0.209137
0.119418
0.0664036
0.043523
3.23376
2.09256
1.15277
0.633499
0.413175
9.54938
5.57696
2.97626
1.6179
1.05088
-448.466
-527.499
-749.877
-1006.02
-1926.82
-857.588
-1819.05
-276.73
-41.6332
-286.723
-78.4459
-19.9273
-4.49673
-0.737468
-325.361
-91.7763
-22.0843
-5.17154
-0.936188
-388.228
-105.146
-25.1628
-5.63009
-1.09216
-496.186
-126.653
-29.5375
-6.5718
-1.35697
-671.327
-152.806
-33.2726
-7.02636
-1.42279
-260.031
-58.0499
-12.2583
-2.49716
-0.45602
-468.052
-99.2586
-21.1957
-4.51009
-0.938604
-98.6504
-27.3294
-5.47489
-1.13779
-0.202577
-63.8599
-10.7455
-0.62547
-1.22545
0.0195923
-181.631
-604.395
-938.648
-1101.69
-979.363
-448.482
572.996
2042.71
3681.01
4745.95
4244.22
1872.56
-163.329
-137.58
-103.872
-64.5336
-21.8759
-543.895
-458.597
-346.614
-215.549
-73.1082
-843.944
-710.881
-536.801
-333.606
-113.115
-988.875
-831.391
-626.721
-389.03
-131.836
-876.778
-735.049
-552.72
-342.55
-116.009
-399.955
-333.95
-250.291
-154.837
-52.4111
508.173
421.999
315.03
194.57
65.8719
1797.62
1482.27
1101.73
680.013
230.658
3205.37
2620.24
1939.52
1198.91
408.88
4078.99
3302.74
2437.3
1513.37
521.55
3606.75
2899.59
2138.01
1335.5
465.64
1594.91
1288.89
957.257
602.452
211.439
269.984
697.715
1037.35
1197.12
1052.7
475.999
-597.215
-2081.77
-3650.92
-4559.33
-3878.62
-1393.64
243.555
205.978
156.169
97.3618
33.0682
628.705
530.982
402.023
250.364
84.9842
933.789
787.715
595.739
370.702
125.782
1075.95
906.074
684.185
425.289
144.234
943.928
792.88
597.408
370.848
125.705
425.292
355.917
267.382
165.721
56.1525
-530.732
-441.819
-330.658
-204.632
-69.3542
-1835.31
-1516.67
-1129.87
-698.683
-237.244
-3181.47
-2603.23
-1929.27
-1194.08
-407.64
-3910.5
-3159.74
-2328.58
-1445.71
-498.752
-3267.97
-2603.71
-1906.09
-1186.87
-414.336
-1145.36
-891.188
-641.312
-397.232
-139.739
1040.97
0
1650.88
927.871
774.372
580.183
358.868
121.481
0
0
0
0
0
1434.06
1167.63
859.256
527.229
178.502
8490.82
6169.13
2346.7
10315.7
7618.17
2825.63
12799.3
9029.02
3258.56
16082.1
10191.9
3647.18
-2210.62
234.47
-961.036
570.119
11291.1
8050.22
10070.7
6965.69
7567.84
5967.46
5114.52
2723.42
680.968
4265
2134.2
545.253
3839.21
1877.44
524.384
670.2
374.862
116.049
6.46894
764.3
470.239
242.868
136.358
53.7313
28.9663
14.8984
7.87074
5.01937
81.8052
42.28
21.5279
11.3702
7.26529
-1118.67
-958.202
-764.884
-549.697
-329.911
-110.086
-91.5933
-298.194
-460.486
-541.772
-657.407
-804.218
-82.5682
-69.7594
-52.8268
-32.8978
-11.166
-268.87
-227.227
-172.131
-107.227
-36.4009
-414.846
-350.233
-265.036
-164.967
-55.9778
-487.266
-410.558
-310.072
-192.704
-65.3367
-589.814
-495.523
-373.178
-231.424
-78.3773
-718.589
-600.872
-450.486
-278.453
-94.1514
11929.6
9530.64
11832.6
10580.1
13271.1
12277
6529.04
3748.1
1085.84
8748.7
5828.92
2011.74
10709
7385.49
2550.85
-5010.74
-2392.15
-6140.92
-2833.14
-8189.47
-3516.9
-11148.2
-4203.09
3315.93
1331.89
2440.33
1377.47
439.915
277.812
267.661
218.774
705.611
434.941
289.3
171.964
57.6352
28.4046
14.2663
7.53523
4.83427
78.4704
41.0568
21.0204
11.1495
7.15029
129.473
341.051
511.127
597.197
687.423
882.805
116.927
99.0135
75.1629
46.9024
15.9375
307.779
260.392
197.483
123.138
41.8249
460.901
389.572
295.175
183.918
62.4448
537.841
453.938
343.451
213.766
72.5383
618.049
520.615
393.171
244.386
82.8742
791.679
664.968
500.895
310.805
105.316
1321.69
1161.73
956.126
708.733
436.001
147.471
)
;
    }
    patch2
    {
        type            calculated;
        value           nonuniform List<scalar> 
348
(
-1.65008
-1.64939
555.125
195.474
-51.7948
150.032
-399.618
-134.117
116.615
-68.0771
555.047
195.453
-51.7933
150.012
-399.565
-134.101
116.611
-68.0638
587.199
203.273
74.0619
-23.0169
-53.9024
-64.289
2.0048
4313.53
806.004
730.315
410.696
76.8158
82.8365
412.312
18.6077
-2.4596
4.14674
-36.9605
2594.65
584.715
256.632
168.465
424.519
274.919
94.711
173.057
-99.1559
-45.2033
117.641
100.79
2091.84
516.069
793.181
375.454
461.596
-11.739
-40.6156
-63.0976
-74.2615
-65.0025
-17.52
-19.3007
-65.0603
-98.7223
-110.495
-89.5814
-26.1211
-9.63234
-9.86915
-31.7063
-31.5596
-44.8584
-44.6136
-42.4173
-41.5848
-36.1015
-37.82
-22.7765
-25.685
95.6082
229.081
370.405
263.278
223.789
106.399
82.5819
226.341
367.382
426.722
354.057
160.123
19.3326
48.6251
71.8233
83.8939
75.5867
30.1327
30.4603
76.6615
110.742
122.102
99.3508
33.3371
15.3591
14.6116
37.6953
36.6945
51.1064
50.1653
48.5121
46.7146
43.2062
39.5432
36.7659
31.105
-80.1983
-206.312
-330.269
-201.939
-147.601
-23.943
-76.4756
-217.278
-346.508
-386.703
-293.965
-87.2662
-424.264
-92.4139
-40.5588
51.9032
84.463
106.658
41.6218
-4680.5
-519.656
-586.253
-184.146
0.29593
-469.163
68.6097
223.898
108.669
-2636.66
-436.704
-111.59
-89.6085
-394.965
-164.411
-43.1157
-122.067
196.443
115.648
-70.3923
-37.5715
-2024.68
-426.503
-616.274
-272.752
-391.69
587.182
203.275
74.0544
-23.0155
-53.8989
-64.2847
2.00271
4312.87
805.849
730.188
410.607
76.7894
82.8167
412.244
18.5883
-2.47036
4.13202
-36.9603
2594.29
584.628
256.589
168.44
424.464
274.888
94.7009
173.038
-99.1525
-45.2034
117.623
100.775
2091.6
516.026
793.101
375.42
461.549
-11.7376
-40.6117
-63.0919
-74.2549
-64.9968
-17.5185
-19.2985
-65.0543
-98.7135
-110.485
-89.5737
-26.1189
-9.63123
-9.86806
-31.7033
-31.5567
-44.8543
-44.6096
-42.4134
-41.5811
-36.0984
-37.8168
-22.7747
-25.683
95.5999
229.061
370.373
263.26
223.78
106.403
82.575
226.322
367.352
426.689
354.034
160.119
19.3313
48.6215
71.8178
83.8875
75.5812
30.1311
30.4583
76.6558
110.733
122.093
99.3435
33.3348
15.3581
14.6106
37.6924
36.6916
51.1024
50.1614
48.5084
46.7111
43.2032
39.5404
36.764
31.1032
-80.191
-206.294
-330.238
-201.914
-147.577
-23.9273
-76.4692
-217.26
-346.478
-386.667
-293.933
-87.2493
-424.171
-92.3801
-40.553
51.9015
84.4586
106.652
41.6224
-4680.21
-519.604
-586.201
-184.128
0.302471
-469.134
68.6102
223.892
108.665
-2636.45
-436.655
-111.569
-89.5946
-394.932
-164.386
-43.107
-122.053
196.435
115.645
-70.3833
-37.5634
-2024.47
-426.447
-616.186
-272.713
-391.65
3471.99
922.921
247.703
3523.09
978.922
275.89
3559.66
1028.23
248.103
3631.48
1040.46
171.595
3957.11
993.685
249.303
-5211.54
-474.881
-5094.37
-498
-4641.26
-357.725
-4370.62
-511.407
-4595.07
-553.546
3474.28
927.662
248.864
3521.57
977.979
275.916
3559
1027.81
248.014
3630.84
1040.18
171.515
3956.44
993.484
249.246
-5208.92
-476.333
-5090.46
-495.585
-4640.96
-357.295
-4370.47
-511.291
-4594.87
-553.501
)
;
    }
    patch3
    {
        type            calculated;
        value           nonuniform List<scalar> 
96
(
-97.135
-334.065
-519.577
-612.793
-536.067
-132.749
-160.501
-537.952
-818.48
-920.563
-749.789
-212.56
847.584
2041.31
3323.18
2363.81
2131.38
960.562
730.339
2008.86
3293.04
3856.76
3215.21
1403.51
157.26
397.303
588.103
687.901
617.869
230.538
248.603
629.181
912.334
1010.37
824.689
268.299
-725.673
-1858.78
-3012.28
-1960.31
-1668.79
-471.359
-680.742
-1933.35
-3130.03
-3568.57
-2806.41
-919.525
-97.1242
-334.035
-519.531
-612.741
-536.023
-132.736
-160.484
-537.905
-818.411
-920.488
-749.729
-212.542
847.527
2041.18
3322.98
2363.68
2131.27
960.534
730.29
2008.72
3292.83
3856.53
3215.03
1403.45
157.25
397.274
588.059
687.851
617.825
230.523
248.588
629.135
912.267
1010.29
824.631
268.28
-725.62
-1858.65
-3012.08
-1960.17
-1668.66
-471.3
-680.696
-1933.22
-3129.82
-3568.34
-2806.21
-919.441
)
;
    }
    patch4
    {
        type            calculated;
        value           nonuniform List<scalar> 
384
(
35689.4
36680.6
37841.6
69001.1
100594
62330
48841.7
44190.9
-62859.1
-51545.7
-80980.2
-102587
34844.7
36715.4
37877.5
69029.2
100632
62356
48851.6
43122.7
-62160.8
-51683.8
-81122.4
-101838
41124.9
12706
62032.4
19602.2
-47350.9
-14643.5
-67167.8
-21428.6
41136.9
12708.2
62046.9
19605.9
-47393.8
-14653.7
-67204.6
-21437.9
27531.3
9515.22
-33195.4
-11088.9
13608.1
5295.85
4725.52
1793.15
-17225.9
-6540.5
-5955.6
-2234.51
-33158.8
-11080.3
27550.9
9519.13
25974
18214
25124
17802.9
28465.4
9368.99
12167.1
4577.02
10957.4
3977.04
-44916.1
-32006
-37780.5
-27758.7
-34397.6
-11322.5
-19893.1
-7092.99
-16426.6
-5741.24
25359.2
17811.3
25189.8
17865.1
28481.5
9372.13
11908.4
4480.19
11001.1
3992.79
-44343.2
-31591.9
-37890.8
-27843.5
-34434.1
-11332.2
-19632.3
-6993.52
-16481
-5760.64
-17205.8
-6533.28
-5950.05
-2232.5
13620.7
5300.87
4728.45
1794.34
24022.9
16756
-22449
-15931.4
24023
16756.6
-22449.1
-15931.9
3589.49
3964.18
4229
3804.33
5610.62
3718.22
4420.49
1465.88
4121.7
6823.04
7492.29
11826.3
2335.93
3857.57
991.515
1408.44
-5543.52
-6282.54
-5767.18
-5455.89
-6608.79
-4790.51
-5388.65
-1874.34
-4593.21
-6821.1
-7755.26
-11573.3
-2736.59
-3919.61
-1314.2
-1483.3
3556.86
3898.71
4229.76
3810.48
5610.89
3720.77
4424.34
1466.84
4122.34
6823.4
7492.68
11826.8
2336.59
3857.8
991.633
1408.46
-5529.9
-6231.55
-5766.03
-5463.19
-6607.63
-4793.56
-5394.11
-1876.06
-4593.93
-6821.55
-7755.19
-11573.7
-2737.71
-3920.04
-1314.8
-1483.53
6657.74
19663.9
8130.81
20458.6
10344.1
19757.8
11909.9
-7761.29
-19137.1
-8921.13
-19550.9
-10626.9
-18562.4
-11992.1
6619.52
19658.9
8134.95
20455.2
10345.1
19757.1
11910.8
-7741.47
-19153.4
-8923.69
-19547.9
-10626.6
-18562
-11992.5
16095.6
15676.8
14755.8
13192.9
10687.5
5161.52
7665.6
3030.85
1021.43
-15579
-15123.4
-14164
-12625.5
-10262.8
-5059.41
-7442.68
-2985.44
-997.885
16044.3
15676.4
14757.2
13193.1
10687.6
5161.74
7665.85
3030.99
1021.48
-15534.6
-15124.7
-14166.4
-12626.2
-10263.3
-5059.7
-7443.08
-2985.62
-997.951
3467.01
3358.95
3143.73
2793
2254.99
1132.16
1652.81
671.22
226.912
-3326.04
-3218.27
-3007.41
-2672.85
-2168.02
-1107.45
-1603.43
-659.483
-220.535
3451.24
3358.32
3143.94
2792.98
2254.99
1132.2
1652.84
671.247
226.92
-3311.36
-3217.93
-3007.83
-2672.97
-2168.1
-1107.51
-1603.51
-659.519
-220.549
787.569
761.133
710.392
630.052
509.726
260.594
377.261
155.231
52.5935
-753.612
-728.127
-679.684
-603.93
-490.984
-254.726
-366.169
-152.293
-50.9304
783.795
760.886
710.391
630.022
509.715
260.6
377.264
155.236
52.5951
-750.039
-727.934
-679.723
-603.932
-490.991
-254.737
-366.181
-152.3
-50.9334
177.354
171.172
159.6
141.538
114.765
59.2485
85.3375
35.4447
12.0456
-169.672
-163.805
-152.886
-135.929
-110.754
-57.9203
-82.9113
-34.7548
-11.6423
176.496
171.099
159.59
141.525
114.76
59.2493
85.3366
35.4456
12.0459
-168.853
-163.743
-152.884
-135.923
-110.752
-57.9223
-82.9127
-34.7563
-11.6429
45.2522
43.7762
40.873
36.2838
29.4775
15.3544
22.0099
9.22008
3.14103
-43.3354
-41.9474
-39.2241
-34.9207
-28.5052
-15.0201
-21.4143
-9.04133
-3.03387
45.0295
43.7542
40.8678
36.2789
29.4751
15.3543
22.0093
9.22021
3.14108
-43.1218
-41.9277
-39.2206
-34.9174
-28.5039
-15.0204
-21.4143
-9.04163
-3.03401
)
;
    }
}


// ************************************************************************* //
