/*--------------------------------*- C++ -*----------------------------------*\
| =========                 |                                                 |
| \\      /  F ield         | OpenFOAM: The Open Source CFD Toolbox           |
|  \\    /   O peration     | Version:  2306                                  |
|   \\  /    A nd           | Website:  www.openfoam.com                      |
|    \\/     M anipulation  |                                                 |
\*---------------------------------------------------------------------------*/
FoamFile
{
    version     2.0;
    format      ascii;
    arch        "LSB;label=32;scalar=64";
    class       volScalarField;
    location    "1.4";
    object      gradTy;
}
// * * * * * * * * * * * * * * * * * * * * * * * * * * * * * * * * * * * * * //

dimensions      [0 -1 0 1 0 0 0];

internalField   nonuniform List<scalar> 
2658
(
0.00831387
0.00483918
0.00149914
-0.000132452
-0.0159975
0.0195869
-0.0160272
0.0135118
-0.000139855
-0.0139055
0.00423205
-0.0335672
0.020768
0.0211066
0.0171573
0.0175881
0.0192202
0.017321
0.0175592
0.0208434
0.0201161
0.0176137
0.00586162
-0.00383115
0.00636062
0.0191984
-0.00413967
0.0011757
0.0156593
-7.94727e-07
-0.0156596
0.00413975
-0.0191995
-0.00586151
-0.00636041
0.00383163
-0.000924948
0.00165743
-0.017619
-0.0201173
-0.0208449
-0.0175599
-0.0173198
0.00856376
-0.00107354
-0.000420049
-0.00423231
0.0089176
-0.0175912
-0.0171575
-0.0211052
-0.020768
-0.018506
0.00379383
-0.00691068
-0.00637969
0.000458853
-0.0105623
-1.24231e-07
-0.000111356
-0.000458621
0.00637938
0.00691112
-0.00379433
0.00408489
-0.00975783
-0.0134199
-0.00064238
-0.0216998
0.0216999
1.96637e-07
0.0176515
-0.000223582
0.0139259
-1.91429e-06
-0.0105786
-0.0104643
0.000393911
0.00964461
0.00631335
-0.00701946
-0.000670116
0.0094033
0.0141736
-0.000269843
-0.000138036
3.3917e-05
8.24199e-05
7.85618e-05
6.14603e-05
4.10209e-05
-7.01927e-05
3.55874e-05
0.000190587
-7.77591e-05
-0.000219013
-2.95151e-05
-0.000204747
-3.26603e-05
-7.34578e-05
-0.000223289
-5.65093e-05
-0.000214315
-0.000103092
-8.81275e-05
0.000205499
-7.26647e-05
-7.08331e-06
2.97832e-05
-0.00021055
7.00175e-05
-9.39306e-05
-2.44227e-09
9.39331e-05
-7.00332e-05
0.000210547
8.81304e-05
-0.000205514
0.000214303
0.000103083
5.64713e-05
0.000223285
7.34533e-05
3.26531e-05
-0.000162769
-0.000157194
-0.000190603
0.000219038
2.95341e-05
7.77753e-05
0.000219677
5.26545e-05
0.000104026
9.82315e-05
0.000197397
-9.21775e-05
9.91854e-06
1.40296e-05
-0.000219495
0.000219553
-9.93297e-06
9.21914e-05
-5.27615e-05
-5.46248e-05
-5.02817e-07
5.44525e-05
1.02514e-07
1.24487e-07
-0.000110105
0.000108508
2.64689e-07
8.89616e-06
5.99066e-05
-6.81709e-05
0.00026681
6.04401e-05
0.000251196
0.000298833
0.000318349
0.000248631
0.000250437
0.00029204
0.000250708
0.000252048
0.000324759
0.000301416
0.00026165
8.29779e-05
-9.12686e-06
7.86716e-05
-0.000502826
0.000760101
-0.000973308
0.00138138
-0.00183111
0.00242065
-0.00323328
0.00401194
-0.00535801
0.00625538
-0.00837621
0.00917793
-0.0124724
0.0126883
0.0124576
0.010453
0.00993502
0.0139061
0.015997
0.000132271
-0.0195873
0.01342
0.00975701
-0.00408504
0.0335667
-0.00417978
0.00026958
0.000137867
-3.39738e-05
-8.25404e-05
-7.86637e-05
-6.14473e-05
-4.1018e-05
7.01966e-05
-3.55711e-05
-2.25262e-07
-8.95304e-05
3.84445e-05
-0.000114333
0.000114327
8.95422e-05
2.14913e-07
-3.84615e-05
-3.2444e-05
0.000157207
0.000162762
-0.00022147
0.000185158
4.29667e-05
-2.5489e-06
-2.98237e-05
2.74601e-05
-1.7719e-05
-1.47973e-05
-6.32826e-10
1.47876e-05
-4.30158e-05
7.26571e-05
-0.00014547
7.10258e-06
-0.000159007
0.000159036
0.000145483
4.66905e-09
-0.000101185
-0.000111716
0.000111736
-3.69799e-05
0.000101205
-1.54175e-05
2.25229e-09
-7.52286e-05
-3.41662e-05
0.000100347
-2.57067e-05
1.08404e-08
7.90444e-09
-2.97998e-09
-0.00016815
0.000113596
0.000301644
-7.58597e-05
0.000238704
-0.000340403
0.000473845
-0.000579974
0.000579942
8.2411e-05
0.000782109
5.31835e-05
-0.00111799
0.00147767
3.3184e-05
-0.00201596
0.00265835
-2.91608e-06
-0.00345845
0.00449742
-8.59167e-05
-0.00559464
0.00715733
-0.000307202
-0.00851164
0.010755
-0.000917952
-0.0121744
0.0152721
-0.002714
-0.0174606
-0.00824245
-0.0185533
0.0185535
-0.0011751
-0.00524855
0.00971985
0.0086653
-1.0472e-07
-0.00610969
0.00610971
0.00640366
-6.85612e-08
-0.00770481
0.00770479
0.00313765
-5.62106e-08
-0.0202372
0.0202369
-0.0128312
1.22428e-07
0.0128308
-0.0100228
0.00636077
0.0146581
0.0102845
0.013036
-0.0196773
0.0138178
0.00179635
0.00116807
0.000150684
-0.00313777
-0.00114599
-0.00330848
-0.0112661
0.00629094
0.0177208
0.00759487
0.00839614
-0.00438321
8.6002e-08
0.00438344
0.00330848
-0.013818
0.0196769
-0.0146595
-0.0063617
0.0100225
-0.00179677
-0.00116818
-0.00839533
-0.00759543
-0.0177205
-0.00629127
0.0112659
-0.0111409
-0.0043544
-0.0163901
-0.00386072
0.0106047
0.0025517
-0.00240607
0.0115192
-0.0023663
-0.00290034
-8.95867e-05
-0.000211863
-0.000277309
-0.000241849
-0.00017886
-0.000121253
-7.63653e-05
-7.70949e-05
-0.0004691
-0.000398417
-0.00035738
-0.000553149
0.000864393
-0.0010985
0.00158554
-0.00207172
0.00278064
-0.00367308
0.00460368
-0.00612896
0.00716375
-0.00964466
0.0104649
-0.0141739
0.000139309
-0.0135113
0.0160284
-0.0176519
0.0155677
-6.60808e-08
-0.0155675
0.0125081
-0.0112639
0.00914481
-0.00703685
0.00930234
0.000101507
0.00583622
0.000394101
-0.00716309
-0.000476862
-0.0047522
-0.00543081
0.000404461
0.00458998
0.00501475
-0.00607266
-0.000520018
0.00720181
0.000357858
-0.00787024
0.0104561
-0.000295386
-0.0099349
-0.000314046
0.00042009
-0.00891778
0.0111405
-0.0115196
0.00240582
0.000781823
-0.00016016
-9.58728e-08
6.36021e-05
-8.97188e-05
-0.00018455
-0.000178309
-0.000137622
-9.53064e-05
-5.93884e-05
1.77166e-05
-2.74612e-05
2.98113e-05
3.69599e-05
2.55418e-06
-0.000185178
0.000221471
-0.000131305
0.000139379
8.71359e-05
7.54505e-05
0.000165849
0.000121311
-3.53963e-05
-0.000398489
0.000768258
-8.26544e-06
-0.00102331
0.000817628
-0.000582077
-7.65741e-05
-5.12564e-05
0.000146728
0.000147814
0.000146992
9.4419e-05
0.000112962
-1.78576e-05
3.05576e-05
7.07591e-05
-5.06062e-05
-0.000197646
-5.24939e-05
-6.98252e-05
-0.000139558
-0.000157379
5.28021e-05
5.1902e-05
7.26274e-05
0.000750485
0.00066032
-0.000803962
-0.000699863
8.69226e-05
0.000597759
-8.55893e-05
-3.74833e-05
-0.000188965
-0.000399447
-0.000402168
-0.000712364
-0.00031957
-0.000245071
-0.000397571
-0.000600788
1.32465e-05
4.56411e-05
0.00011445
0.00234016
0.0021267
-0.00274562
-0.00237234
0.000230607
0.00185794
-0.00132903
0.000147399
0.00107349
-0.000138496
0.00121634
-0.00153852
0.000155817
0.00134495
-0.000916717
9.25357e-05
1.66253e-05
-4.729e-05
-0.000781988
9.31677e-06
0.000606014
-7.35132e-05
-0.000430672
-9.03683e-05
-4.27843e-05
-1.67521e-05
2.00733e-05
6.6708e-05
8.90154e-05
8.5483e-05
-0.000135228
7.19946e-05
9.46919e-05
5.61623e-05
-1.11123e-05
1.37786e-05
5.55069e-05
6.77072e-05
-0.00019867
-0.000407183
-0.000727955
-0.00072324
-0.00124723
-0.00119954
-0.00204055
-0.00118299
-0.000621936
-0.00123622
-0.00279681
-0.000341877
-8.51474e-05
0.000101053
0.00607269
0.00543142
-0.00720148
-0.00631233
0.000476902
0.00475239
-0.00398196
0.000338528
0.00305525
-0.000311934
0.00350651
-0.00458967
0.000364413
0.00387446
-0.00301447
0.000245314
4.29683e-05
2.76503e-05
-8.02334e-05
-0.00147748
7.67765e-06
0.00111798
-5.31929e-05
-2.49117e-05
-0.00111408
0.00160462
-0.00204858
0.00204865
5.1875e-05
-0.00282555
4.76914e-05
0.00355887
3.07131e-05
-0.00470266
6.84293e-05
0.00581239
-4.9781e-05
-0.00735541
7.36059e-05
0.00892492
-0.000345549
-0.0107617
-1.96654e-05
0.0128958
-0.00149504
-0.0143332
-0.00120045
0.0167354
-3.21886e-07
-0.0167354
0.00824109
0.0174615
0.00271284
-0.0152715
-0.000166914
0.012174
0.000917285
-0.0107545
-4.31016e-05
0.00851268
0.00030658
-0.00715653
-1.80732e-05
0.00559531
8.52449e-05
-0.00449723
-4.28708e-06
0.00345865
2.65724e-06
-0.00265816
3.65734e-06
0.00201608
-3.31416e-05
-3.19995e-05
-0.00012917
-7.39545e-05
-2.68344e-05
8.0939e-05
-4.76299e-08
-4.43242e-09
-1.38294e-07
1.41262e-08
1.41777e-07
3.06724e-07
6.80417e-07
2.6121e-06
8.06671e-07
-2.88347e-07
-9.8046e-07
0.00526402
-0.00526478
-0.00732019
-0.00714015
-0.00192921
-0.00388826
-0.0120267
0.0344304
-0.0028078
0.000432415
-7.97442e-05
-0.00028151
0.00120048
0.014334
0.00149414
-0.0128953
-1.21066e-07
-1.19592e-07
-1.33733e-07
0.000345359
-0.00892483
0.0107618
1.9602e-05
-0.000223814
-0.000214793
-7.38211e-05
0.00735555
4.95742e-05
-0.0058125
8.93568e-08
-1.04127e-08
-4.05371e-08
-5.24258e-08
-5.21081e-05
0.00282561
-0.00355883
0.00470294
-6.83028e-05
-0.000173772
-0.000124014
-4.77184e-08
-2.52894e-08
3.2989e-09
-5.09511e-09
-8.24451e-05
0.000876512
-1.04823e-08
-0.00087654
2.49339e-05
0.00111413
6.16169e-05
-0.00160467
3.1969e-05
8.01845e-05
1.20825e-08
-6.17512e-05
2.71116e-08
4.72743e-05
1.67494e-05
0.000430692
7.34604e-05
-0.00060601
4.27897e-05
-0.00047384
0.000168172
0.000340403
1.53479e-08
-0.000238693
7.58903e-05
-0.000301653
-8.29865e-05
-0.00011359
-1.05265e-05
-6.50274e-05
-3.56868e-05
2.57021e-05
7.52194e-05
-0.000100368
3.41745e-05
-0.000103963
7.53141e-05
-2.33098e-12
-7.53183e-05
-3.79535e-05
0.000204739
0.000103961
1.54304e-05
3.57002e-05
-2.97847e-05
6.50422e-05
1.05219e-05
1.58174e-05
-7.203e-05
-3.16306e-05
0.000103858
9.73555e-05
-2.1332e-05
2.62266e-05
0.000149053
-0.000202221
0.000207124
-1.87383e-05
2.25846e-09
1.60945e-08
8.84147e-09
-2.69404e-09
5.4181e-09
-1.00645e-08
-4.38905e-09
1.20688e-08
-3.09345e-08
-2.24148e-08
9.10445e-08
8.26279e-08
-7.54799e-08
-1.21667e-07
5.96276e-09
-4.47809e-07
-0.00972035
0.0052488
-0.00451065
0.00748771
-0.00748793
0.00451039
-0.0148883
0.00154738
-0.00596829
0.0136049
0.00344874
-0.000304383
0.0127117
-0.0111056
-0.00677286
-0.017546
-0.00574775
-0.00859403
-0.0122558
-0.00709917
0.00073309
0.00622993
0.00192368
-1.66681e-06
2.65026e-07
-0.00192287
0.0148879
0.00596812
-0.00154776
0.00457152
-0.00344897
-0.0127123
0.000304039
0.00145845
-0.00255189
-0.0106049
0.00385987
0.0163891
0.00435428
0.00743263
-0.00609061
-0.00623141
8.95269e-07
-0.00222196
-0.00457166
0.000392766
-0.000416414
-0.0072164
0.00609049
0.00126102
-0.00743268
-0.000134181
-0.000150885
0.00114574
-0.000781845
0.000160007
0.000313968
-0.00171979
-0.00419432
-0.00217179
5.91176e-06
0.00903484
0.0078716
-0.0104562
-0.00940237
0.000670282
0.00701949
-0.000357954
-6.90713e-05
-0.00216585
-0.00124806
5.99643e-05
0.000103248
9.9137e-05
8.37284e-05
9.30223e-05
-0.00170983
-0.000186804
5.13358e-05
0.00151326
-4.56633e-05
-0.00193355
0.00262179
-7.5835e-05
-0.00346032
0.00267227
-0.00199725
-0.000192811
-0.00351599
-0.000102846
-0.00584282
0.00446122
-0.000288875
-0.00583585
-0.000101663
-0.00930221
0.00703638
-0.000394301
-0.00914458
2.46825e-06
-0.0139265
0.0105778
-0.00039471
-0.000747512
-0.00410516
-0.012334
-0.0123187
-0.0192256
-0.00167707
0.0314978
-0.00283639
-0.00302372
-0.00149906
-0.000677455
-0.000396804
-0.000237767
-0.000136691
-6.73821e-05
-5.86221e-05
4.80097e-05
1.93091e-05
0.00215612
7.98532e-08
-0.00215628
0.00291015
3.86806e-08
-0.00386146
0.0038614
-0.00291013
-2.53248e-08
-2.05427e-08
4.56254e-09
2.15754e-05
6.27992e-05
-4.89019e-06
0.000358452
1.2117e-07
-0.000358521
0.000820157
6.46799e-08
-0.00113419
0.00113408
-0.000820066
1.78329e-05
9.2535e-05
-0.000104521
0.000104538
-5.47399e-05
-2.59397e-05
-9.25717e-05
0.000398531
3.54652e-05
-0.000121373
0.000582261
8.30989e-06
-0.000817772
0.00102334
-0.000768189
4.8417e-06
-2.15712e-05
-2.00765e-05
7.63467e-05
-9.27298e-06
0.00050285
7.71492e-05
-0.000750454
-9.25064e-05
0.000803996
0.000138493
-0.00107342
-0.000147415
0.00132956
0.00207164
0.00019292
-0.00267242
0.00346
7.59745e-05
0.00199765
-0.00151343
0.00193355
4.56677e-05
0.00107496
0.000125125
-0.00158535
0.00109851
0.000700094
-0.00059783
-8.68985e-05
-0.000864274
7.65264e-05
0.000553132
0.000357458
8.55561e-05
-0.000660282
0.000398438
0.000469159
-0.000139385
-6.66853e-05
-8.70933e-05
0.00060075
-7.54601e-05
-6.27997e-05
-0.000165805
0.000621315
-0.000248635
-0.000250475
0.000135256
-8.54719e-05
-8.9021e-05
-7.07301e-05
-0.00011297
-8.09365e-05
2.68123e-05
7.40425e-05
1.78866e-05
6.99736e-05
0.000129094
0.000206207
0.000139797
0.00024539
0.000301166
-0.000301587
-0.00020623
-4.76799e-05
-0.000376965
0.000376276
0.000397807
0.000622327
0.000358374
-0.000359345
-0.000411471
0.000412126
0.00123836
0.00732151
0.00714188
0.00193267
-0.012688
-0.000330418
-0.0124573
-0.000432506
0.00107341
-0.031498
0.00236612
0.00290004
8.91641e-05
0.000211559
0.000276928
0.000241673
0.000178742
0.000121216
-7.63313e-06
0.000973428
0.000124959
-0.00134491
-0.000155901
0.00153853
0.000213516
-0.00185783
-0.00023022
0.0023731
0.00367323
0.00028865
-0.00446164
0.00584265
0.000102926
0.00351639
-0.00452513
-3.55794e-05
0.00503048
-1.68551e-08
-0.00651725
0.00651712
-0.00503051
3.55149e-05
0.00452549
7.50735e-05
7.98718e-08
1.2714e-07
3.75462e-08
1.99921e-07
-1.79012e-05
-5.63513e-05
-0.000267134
6.88396e-05
3.95017e-05
-0.000197465
-9.83018e-05
-0.000104057
-0.000207171
-5.26404e-05
-0.000219661
-0.000318244
-0.000298789
1.86229e-05
-0.000251288
-6.04736e-05
-9.46599e-05
-0.000146664
-0.000147811
-0.000146982
-0.000324746
-0.000252057
0.000131295
-0.000250713
-0.000292175
0.000630904
-7.86823e-05
9.03754e-05
9.08938e-06
-0.00030143
-0.000261713
-9.43174e-05
5.06868e-05
-3.06971e-05
-5.17818e-05
-0.000760019
-7.2562e-05
0.000916922
0.000197677
5.37598e-05
-5.24715e-05
-0.00138126
0.00183141
0.000186947
-0.00234
-0.000245244
0.00301496
0.00274564
0.000311879
-0.00305551
-0.000338573
0.00398288
0.00612867
-0.00460314
-0.00010309
-0.000127291
-0.00387393
-0.000364007
-0.00350603
0.000178207
0.000137509
9.52397e-05
5.93754e-05
-1.66317e-05
-2.76528e-05
-4.2963e-05
0.000123965
0.000173652
-6.49891e-05
6.48339e-05
9.69124e-05
0.000519776
-0.00790465
-0.000255054
0.000141909
0.00072923
-0.0118624
0.000330027
0.000206807
0.000131109
8.99777e-05
6.04841e-05
3.87952e-05
2.27085e-05
8.06826e-06
0.00143708
-0.00158847
0.00158858
-0.00143692
-8.13854e-06
-2.26901e-05
-3.88129e-05
-1.93864e-05
-0.00262163
-4.80705e-05
-2.80073e-05
1.1276e-05
6.75114e-05
0.000136799
-7.50496e-05
-3.40289e-05
-5.11612e-05
-8.36912e-05
-9.29078e-05
0.00171005
0.00040248
0.000159924
-4.49315e-05
-0.00242038
0.00323371
0.000264088
-0.00401168
0.00535867
0.000326796
-0.00625467
0.00837643
0.000254762
-0.00903535
-0.000729757
0.0118629
0.0124729
0.000166871
-0.00917722
4.33957e-05
0.000342469
8.68016e-05
-1.21392e-05
0.000323061
0.000712835
0.00120033
0.000607197
0.00204062
0.00119366
0.00388891
0.0027922
0.0120265
-0.0344301
0.000924479
-0.00165581
0.0122551
0.00574713
0.0175462
0.00677287
0.0111053
-0.0085636
0.00280829
0.00167669
-0.0104526
-6.38865e-05
8.95001e-05
0.000184373
-1.06725e-07
-1.23146e-07
-0.000142032
0.000223691
0.000214599
-9.69282e-05
-0.000131322
-3.04868e-08
-3.68457e-08
-9.00101e-05
-6.0571e-05
-5.99889e-05
-0.00736079
0.0081883
-1.87427e-08
-0.0103774
0.0103772
-0.00818844
6.00229e-05
0.00736136
0.000108002
-2.71934e-05
-0.00031768
3.42504e-05
-0.000156927
-0.000220463
-0.000618598
0.000145217
0.0112641
-0.0125078
0.000106569
-9.74917e-08
-5.41446e-08
-5.17329e-08
-9.82001e-08
-0.00640406
0.00114293
7.95622e-05
0.000281158
-0.000392622
-0.00866623
0.00222205
0.00041589
0.00721596
0.00709845
-0.0136044
0.00859336
-0.000733352
-0.00126181
-2.99571e-07
0.00417956
0.0105622
-0.000156116
7.9016e-07
0.000202641
0.000223583
0.00015633
-0.00483948
-0.00831456
-0.00822099
4.44058e-08
0.000111233
8.38803e-07
0.000642185
6.94856e-07
1.5536e-07
1.29083e-08
-0.000108047
0.000238118
0.000396949
-0.000145311
-0.000106908
0.000220603
2.73758e-05
0.0007284
0.000407339
0.000198878
5.12783e-05
3.75473e-05
0.000189055
0.000399589
-0.000114191
-0.0021265
0.000723401
0.00124752
-0.000100563
0.00790572
-4.87312e-06
6.94482e-05
-5.9359e-05
0.00124884
0.00216746
0.00217267
0.00419575
0.0123187
0.00171968
0.00410507
0.0123334
0.00283556
0.000747544
-0.000203157
0.000676977
0.00129027
0.00302418
0.000620478
-9.91071e-05
-0.00278007
-6.76828e-05
-5.5494e-05
-7.20522e-05
-1.36966e-05
5.8782e-05
0.000157909
0.000317856
-0.00020688
-0.00128834
1.83042e-05
4.36735e-06
-3.57498e-06
-0.00121621
2.79824e-05
-0.00107472
-0.000125148
3.16265e-05
7.20347e-05
-1.58173e-05
-2.62292e-05
-2.61716e-08
2.13382e-05
-9.73598e-05
-0.000103858
3.79637e-05
0.00020223
-0.000149064
-1.4111e-05
-5.99964e-05
5.46187e-05
2.59552e-05
5.29126e-05
-3.93526e-05
0.000127653
-0.00501337
-0.000326986
0.000295423
-0.00145873
-0.00114319
0.0001343
3.24336e-05
-6.17538e-09
-3.11109e-05
1.12779e-08
5.9002e-08
1.13844e-07
-0.000264178
-0.000404208
-0.000124929
-0.000213505
-0.000630878
-0.000600716
-0.000621266
-0.0130356
-0.0102846
0.00182236
-2.34244e-07
-0.00182255
0.0185065
0.00822004
-9.4772e-05
-5.61472e-05
1.11559e-05
8.23391e-06
0.000582019
-0.00076823
0.00102328
-0.00081769
7.65695e-05
0.000553055
-0.000165881
0.000621211
-0.000298846
-0.000318413
-0.000248681
-0.000250476
-0.00029208
-0.000250736
-0.000252082
-0.000324781
-0.000301456
-0.000261748
-8.30337e-05
9.0356e-05
-0.000113619
-0.000301663
7.5834e-05
-1.05091e-05
-0.000238703
8.47155e-09
0.000238691
-7.58621e-05
0.000301661
8.30252e-05
0.000113613
-9.03635e-05
7.86973e-05
-9.05768e-06
0.000261852
0.000301479
0.000324776
0.000252089
0.000250756
-0.000131256
8.71447e-05
7.54733e-05
0.000165838
-0.000135201
0.00025053
0.000248677
0.000318356
0.000298851
0.00025137
-1.85684e-05
6.05496e-05
2.59646e-05
9.26105e-05
0.000358566
-1.10675e-07
0.000104518
-9.25512e-05
-2.59774e-05
-6.04812e-05
1.8666e-05
-0.000121366
3.53736e-05
0.000398448
4.8747e-06
0.000820052
-0.000820113
-9.00161e-08
-0.0011341
-8.07538e-06
-0.00143691
4.56417e-05
0.00107472
0.00109836
0.000125164
-0.00158545
-0.00107354
0.000699904
-8.69787e-05
-0.000597815
-0.000864393
4.10207e-05
6.14699e-05
7.86147e-05
8.24153e-05
3.41717e-05
-0.00013772
-0.000269415
0.00417993
-0.00330819
-0.0112659
0.00629137
0.011141
0.00435456
0.0163894
0.00386034
0.00677324
0.0175468
0.00574771
0.0122553
0.00859364
0.00596769
-0.0136051
0.0045714
-0.000392897
-0.0015476
0.0148882
-0.0045098
0.00748794
3.66293e-08
-0.00748845
0.00451005
-0.0148876
-0.00596762
0.0136051
-0.0122548
-0.00859338
-0.00574747
-0.0175464
-0.00677264
-0.00386011
0.0106052
0.0115192
0.0112659
-0.0111406
-0.00435423
-0.00629147
-0.0177211
-0.00759576
-0.0102847
-0.0146596
-0.00636124
0.0100226
-0.0128313
-0.00179663
0.0202372
-0.0202371
0.0128313
-0.0100228
0.00636058
0.0146585
0.0102848
0.0130363
0.0075955
0.0177203
0.0211061
0.0207681
-0.00379429
0.0185065
0.00691113
0.00821996
0.0063794
-0.00011082
1.2199e-06
0.000111248
-1.51762e-07
0.0105625
-0.0105624
0.000458611
-0.0063796
-0.00822015
-0.00691159
-0.0185066
-0.0207686
-0.0211054
-0.0171573
-0.0175878
-0.0192199
-0.0173208
-0.0175591
-0.0208445
-0.0201157
-0.0176155
-0.00586006
0.00165699
-0.000924639
0.0126883
-0.0124738
0.00917698
-0.00837632
0.00625539
-0.00535848
0.00401169
-0.00323368
0.00242067
-0.00183119
0.00138137
-0.000973405
0.000760029
-0.000502842
-0.000469099
-0.000398398
-0.000357398
-0.000553091
-0.000582159
-8.3087e-06
0.000768238
-0.000398487
-3.54154e-05
0.000121406
-0.000621222
7.02166e-05
-4.1008e-05
-6.14419e-05
-7.85497e-05
-8.23946e-05
-3.38922e-05
0.000137773
0.000269369
-0.00417989
0.0033081
0.00114584
0.00313764
-0.000781959
0.00770482
-0.00770472
-0.00313756
-0.00114579
0.000782039
0.00240604
-0.0115195
-0.0106048
0.0111055
-0.012712
-0.00344886
0.000304284
0.00145858
-0.00255165
0.0023664
0.0029003
3.67579e-08
-0.00290012
0.00344882
-0.00457135
0.00866554
0.000392431
0.00971979
-0.00972016
-0.00866587
-1.1223e-07
0.00610982
0.00640369
-0.0064039
0.00114296
-0.00610973
0.000415941
3.42392e-07
0.00622993
0.000733125
-0.00709833
0.00192361
-3.6467e-07
-5.13188e-07
9.84022e-09
0.00824175
-0.00636071
-0.0191985
0.00413931
-0.0156602
0.0185528
-0.016735
0.0143331
-0.0143336
-0.0014946
-0.0121737
-0.000917252
0.0107542
-0.00851251
-0.000306198
0.00715649
-0.00559534
-8.49279e-05
0.00449697
-0.00345874
-2.44146e-06
0.00265811
-0.0020161
3.32385e-05
0.0014775
-0.00111799
5.32234e-05
0.000782033
-0.00060607
7.34619e-05
0.000430637
0.000168122
0.000340334
-0.00034037
1.04967e-05
6.50266e-05
-0.000158996
-0.000145448
1.24404e-08
0.000101191
-0.000101184
-0.000111707
1.07149e-08
0.000114324
-0.000114324
-8.95297e-05
-4.35846e-09
0.000219478
-0.00021953
9.94451e-06
-8.59059e-08
-5.44572e-05
5.46376e-05
-3.9501e-05
0.000197485
9.83175e-05
0.000104099
5.27093e-05
0.000219728
7.78058e-05
-0.000190576
-3.55788e-05
0.00014908
-0.000202214
0.000207223
9.73629e-05
0.000103886
2.95858e-05
0.000204809
3.2707e-05
-0.000162738
-2.74582e-05
3.24484e-05
-0.000157191
0.000219059
1.7739e-05
1.48171e-05
-7.63446e-05
-0.00012124
-0.000178819
-0.000241731
-0.000277069
-0.000211683
-8.92748e-05
0.000330639
0.0124562
0.0104537
0.00993443
0.0139066
-0.014174
0.0104653
-0.00964496
0.00716394
-0.00612902
0.00460361
-0.00367356
0.0027804
-0.00207178
0.00158544
-0.00109853
0.00086435
-7.65384e-05
0.000817742
-0.00102334
0.00113421
-0.00158852
-2.36938e-08
0.00158841
-0.00215628
0.0019335
-0.00151345
0.00199743
-0.00262165
7.58702e-05
-0.00267255
0.00019301
0.00207147
-0.000147388
0.00132923
0.00153825
0.000213593
-0.00212665
-0.00234018
0.00170973
-0.000155916
-0.00121631
0.000138516
0.000803832
-0.000660345
8.55963e-05
0.00035736
-6.28492e-05
-7.54799e-05
0.000135178
-0.000219077
-7.7792e-05
-0.000219723
-5.26849e-05
-0.000104074
-9.82753e-05
-0.000197432
3.93452e-05
-5.29281e-05
-9.92055e-06
9.21746e-05
-1.40639e-05
-0.000149075
1.81082e-07
3.55826e-05
0.000202211
0.000190582
0.000157181
-3.24685e-05
-3.84861e-05
8.9541e-05
-2.94033e-09
-7.04217e-09
-5.37446e-09
2.37247e-08
4.37878e-08
5.14584e-08
9.25395e-08
4.28754e-08
3.25611e-08
-6.91978e-10
2.47257e-07
0.00438308
-0.000134275
-0.00743239
0.00126166
-0.0163887
-0.00721581
0.0127116
-0.000304311
-0.00145852
-0.00114313
-7.97066e-05
0.000432486
-0.00107376
-0.000419763
-0.00423246
-0.00408508
0.00975705
0.0134201
-0.0195872
0.000132238
0.016028
-0.013511
0.015997
0.000139337
-0.00410445
-0.0123346
-0.0123178
-0.0120251
-0.00714296
-0.00732054
-0.00123837
-0.00279409
-0.00193229
-0.00388945
-0.00203967
-0.00119312
-0.000622344
-0.000398119
-0.000606233
-8.65391e-05
-0.000342626
5.49823e-06
-0.0118624
-0.0104565
0.00787105
0.0070188
0.000670417
-0.00940218
0.000294253
6.37208e-05
-0.00236628
0.00255186
-0.00240606
-0.000150844
0.00609066
-0.000416366
-0.00222225
0.00154773
-0.00524879
-0.00117555
-0.00526408
1.0378e-07
2.88803e-07
8.42628e-07
3.34439e-07
-1.89535e-07
-2.39407e-07
-1.84267e-07
-3.24988e-07
-1.45176e-07
-3.17029e-10
1.87642e-08
-8.0953e-05
8.09466e-05
0.000112957
-1.79595e-05
-6.99541e-05
-0.000139804
-0.000245466
-0.000322848
1.22284e-05
-0.00119947
-0.000712439
-0.000402302
-0.000159478
4.50393e-05
0.000114475
-0.00301488
-0.00274592
0.0021265
0.0018577
0.000230394
-0.00237269
0.00305493
0.000338516
-0.00398225
0.00475192
0.000476873
-0.00631222
-0.000358323
-0.00720211
0.00543138
0.000519916
-0.00790467
0.00903439
0.000729293
0.000141933
-8.95484e-05
-0.000184454
-0.000404608
-0.00459006
0.00350624
0.00036406
-0.00501389
0.00607283
-0.000327171
0.000101195
-0.00217152
-0.00419471
-0.00167622
-0.00280765
0.00856404
-0.0111052
0.0344298
-0.00172001
0.0089178
-0.00283571
-0.00831407
-0.00483955
-0.00149947
-0.003024
-0.00074687
-6.87853e-05
-0.00216597
-0.00124778
-0.00124668
-0.000722738
-0.000399317
-0.000188915
-0.000197561
-5.35395e-05
5.24696e-05
9.30317e-05
-0.0017099
-0.00153854
0.00121634
0.00107339
0.000147355
-0.00132925
-0.000213608
-0.000137573
-0.000178177
-0.000312166
4.29939e-05
0.000245223
0.00233988
-0.000186983
-0.00012396
0.00345852
-4.63411e-06
-0.00449756
8.54583e-05
0.00559509
-1.81286e-05
-0.00715716
0.000307063
0.00851199
-4.32714e-05
-0.0107547
0.000917489
0.0121736
-0.000167248
-0.0152719
0.00271366
0.0174605
0.00383146
0.0012002
-0.000281401
0.000281405
-0.017461
-0.002713
0.0152716
-0.00120044
0.0167351
-0.00824155
-0.0185531
-9.46166e-08
0.0156594
-0.00413931
0.0191995
0.00586042
0.00636065
0.00117544
0.00524912
0.00222204
-0.00192384
-0.00623034
0.00709896
-0.000733257
0.007216
-0.00609036
-3.52965e-07
7.36742e-08
-5.07814e-09
-3.10856e-08
2.86219e-08
6.00145e-08
0.00149522
-0.012895
0.0107612
-0.00892494
0.0073557
-0.00735613
-4.97234e-05
0.00581262
6.85523e-05
-0.00470259
3.09131e-05
0.00355878
4.78707e-05
-0.00282558
5.20315e-05
0.00204864
3.20036e-05
-0.00160461
6.17057e-05
0.0011141
2.49018e-05
-0.000876578
8.24264e-05
0.00057992
4.27444e-05
-0.000473896
-1.06751e-08
0.000473856
-0.000168113
-0.000430667
-7.34742e-05
0.000606019
9.28759e-06
-0.000782072
-5.31953e-05
0.00111799
7.6296e-06
-0.00147764
-3.31819e-05
0.00201598
3.55587e-06
-0.00265841
2.67079e-06
-4.78831e-05
0.00282548
1.27741e-08
-0.00204879
0.00160464
-0.00111415
0.000876565
-3.59944e-08
-0.000579953
-4.27776e-05
-1.67389e-05
-4.72874e-05
-2.49505e-05
-7.39317e-05
-0.000129197
-0.000206507
-0.000301788
-0.000376846
-0.000358781
-0.000411181
0.000411289
0.00526395
0.0073208
0.00123803
0.000357776
0.0128949
-1.9698e-05
-0.0107616
-0.000345587
0.00892434
7.40737e-05
0.000214752
1.86404e-07
0.000346201
5.11704e-08
-4.52358e-08
5.01348e-05
-0.00581278
0.0047025
-0.00355896
-3.08906e-05
-3.23437e-08
-5.80047e-08
-1.76273e-08
-5.20471e-05
-1.56623e-08
-6.16458e-05
-2.67961e-08
3.98249e-09
-8.23738e-05
-9.15439e-09
7.64377e-09
0.000158999
-6.50327e-05
7.00246e-05
-9.39506e-05
9.39347e-05
-7.00247e-05
0.000210555
-2.97688e-05
8.81464e-05
-0.000205473
-4.30071e-05
2.56955e-06
-0.000185164
0.000221538
7.34985e-05
0.000223313
5.65399e-05
0.000103158
0.000214345
0.000100376
-3.41531e-05
-7.5226e-05
-2.57046e-05
2.08404e-08
-1.80529e-08
2.56776e-05
-0.000210582
-8.81442e-05
2.97423e-05
-7.26905e-05
4.29739e-05
0.000185151
-2.57656e-06
-2.98345e-05
2.74631e-05
0.000162752
-3.26925e-05
-0.000204769
-2.95813e-05
-0.000103884
7.53146e-05
7.52244e-05
-4.52423e-09
3.57017e-05
7.2665e-05
7.11045e-06
1.54294e-05
0.000103984
-7.53112e-05
-3.79518e-05
-8.13276e-10
-1.54281e-05
-3.57083e-05
0.000145466
-7.15895e-06
1.67241e-05
-1.05808e-08
1.14784e-08
1.64672e-08
6.63453e-08
-5.44231e-08
9.39706e-08
-0.000223573
2.00071e-05
0.000223776
8.95971e-05
0.000166891
-0.0126885
-0.000330093
0.0118625
-0.000729525
-0.00787195
0.000357626
0.00631219
-0.00047665
-0.0047528
-0.00716376
0.000393698
0.0058357
-0.0073609
0.000101436
-0.00703731
0.009144
-0.0112639
-1.96783e-06
-0.0105792
0.00039444
0.00964412
-0.0104645
-0.00702063
0.00940235
-0.000669878
0.0141734
-0.000138591
0.0135113
-0.0160271
-0.00013205
-0.0159978
-0.0139061
-0.00993535
-0.000294639
0.0104555
-0.0104532
-0.0124574
0.0028078
-0.000432548
0.00107355
-0.0314982
0.00042022
-0.000313849
0.00423208
-0.0335667
0.00408532
-0.01342
-0.00975757
0.00483905
5.07601e-07
0.000156101
0.000642245
0.0216995
-7.40825e-09
0.0176512
-0.0176509
0.000223409
-0.0139268
2.33137e-06
0.0112646
-0.00914389
0.0105778
-0.000394463
0.00703635
-0.000101622
0.00736136
-0.00583548
-0.000394073
0.00446117
-0.000103119
0.00452546
-0.00351592
-0.000289036
-0.000727914
-0.000407068
-0.000198704
-5.12181e-05
-3.75092e-05
-5.06749e-05
3.06988e-05
5.18241e-05
7.259e-05
-0.000916815
-0.000804055
0.000660301
0.00059775
8.68918e-05
-0.000699999
-0.000138586
-9.52773e-05
-5.93774e-05
-8.55445e-05
2.00798e-05
6.67319e-05
0.000139426
-0.000630804
0.000147057
9.44197e-05
7.07202e-05
8.90435e-05
0.000147872
0.000292246
-0.000600659
8.55195e-05
6.77595e-05
8.37562e-05
9.92794e-05
0.000103402
5.98595e-05
-0.000220638
-0.00129013
-0.000676676
-0.000396887
-0.000620631
-2.7572e-05
0.000108028
0.000144896
-0.00930274
0.0103774
3.52434e-08
0.00818837
-0.00818816
6.00879e-05
0.00651708
-2.49291e-08
0.00503075
-0.0050307
3.5566e-05
-0.00346016
-7.60349e-05
0.00262174
-0.00199746
0.00267218
-0.000192936
3.38281e-05
-0.00031797
-0.000238047
-0.000136784
-0.00015793
5.13654e-05
4.80412e-05
-0.00193362
-4.57123e-05
0.00143697
-0.00107486
0.00151332
-0.000125107
5.55472e-05
-5.87618e-05
-6.74348e-05
-1.11668e-05
1.37277e-05
7.20999e-05
0.000146745
9.47682e-05
5.64145e-05
0.000267173
-6.8823e-05
0.0001101
-2.37517e-07
-0.000108501
6.81544e-05
-0.000266862
-5.46253e-05
-5.98903e-05
-1.79722e-07
-4.09014e-08
2.79756e-05
8.07695e-06
2.26987e-05
1.66435e-05
9.24762e-05
0.000750455
-7.71129e-05
2.76481e-05
0.000155956
0.00134487
-0.000124977
-8.01717e-05
-3.19982e-05
8.01377e-05
0.00012397
0.000173778
0.000277281
0.000211933
4.32861e-05
-0.00917803
0.000254752
0.0079042
-0.000520147
-0.00543156
0.000404757
0.0039821
-0.000338419
-0.00305575
-0.00460306
0.000289281
0.00351609
-0.00452526
0.000103057
-0.00446165
0.00584259
-6.01351e-05
-0.00651694
-0.000107889
-1.33025e-07
1.13121e-08
-6.14023e-07
0.000203125
-0.000202463
-0.000155759
-0.000642141
0.019587
-0.0216996
-0.000160025
7.96938e-05
-0.000141833
-6.34867e-05
8.99455e-05
-2.1155e-08
9.6965e-05
-0.000214552
-7.38811e-05
-0.000173641
-6.8426e-05
6.49307e-05
6.20851e-08
1.456e-08
4.44349e-09
-1.49973e-08
-1.23777e-08
1.51459e-09
2.51333e-09
-1.48195e-05
7.63573e-05
0.000121238
0.000178853
0.00024175
4.33012e-06
-0.0040119
0.000264262
0.00301457
-0.000245301
0.00274529
0.000312006
0.00237257
-0.000230414
-0.00185804
-0.00278033
0.00367293
-9.93806e-05
-0.00011464
-4.56881e-05
0.000245094
0.00039756
0.000621527
0.000376945
0.000301776
0.000206617
0.000129288
0.000139666
6.98897e-05
7.39687e-05
2.67655e-05
1.78595e-05
-0.000113004
-9.45358e-05
-7.07909e-05
0.000502805
7.71256e-05
0.000469065
-6.6751e-05
-8.71517e-05
0.000600672
-1.77361e-05
5.93931e-05
9.52958e-05
0.00013761
0.000178292
0.000184611
-9.68612e-05
-6.49464e-05
-0.000364241
-0.00387415
-0.00350629
0.0045895
0.00501359
0.00535806
0.000327041
-0.00625534
1.79833e-05
0.00837602
8.49685e-05
0.000341908
0.0124719
0.00193016
0.00092471
-0.0344308
0.0201169
0.0176185
-0.00165783
0.00714127
0.0120253
0.0208452
0.0175598
-0.00856393
0.0173198
0.0192252
0.0175912
-0.00891771
0.0171577
0.0123332
0.0123193
0.00167652
0.00388801
0.00279777
0.0020398
0.0011828
0.00119923
0.000600061
-1.34056e-05
-0.00012806
-0.000101419
-0.00607333
0.00720049
-5.86693e-06
-0.00903562
0.00419448
0.00217098
0.00124633
0.000722507
0.000712001
0.000319639
0.000402026
0.000186933
0.00183092
-0.00138139
0.000124957
0.000916768
-9.25573e-05
-0.000750495
-0.000760063
-9.28283e-06
0.000973252
-7.64846e-06
-5.18965e-05
-5.28691e-05
0.000157163
-9.31487e-05
-0.00134507
0.000197472
5.23488e-05
5.06236e-05
-3.04758e-05
-0.000147074
0.000630795
-7.8689e-05
9.05259e-06
-0.000214366
-5.65262e-05
-0.000223332
-7.35153e-05
-0.000221545
0.000131257
-0.000139434
-8.90412e-05
0.000398354
-7.26573e-05
-6.77796e-05
-8.38373e-05
0.000399098
0.000188784
3.74093e-05
-0.000147877
-8.55098e-05
5.1181e-05
0.000198512
0.000407078
0.000727447
0.00124713
0.00216558
0.0041043
0.0017199
0.00283581
0.00150031
0.000677107
-0.000145011
0.012508
-0.0125079
9.73278e-08
-0.015568
0.0139261
-0.000223517
-0.000206764
0.000206913
0.000160082
0.000313926
0.000131177
0.000106593
-0.00013135
-0.00010664
0.00930214
-0.0103772
-9.0026e-05
9.00382e-05
6.052e-05
-6.05956e-05
-4.29848e-05
-2.76425e-05
-1.66405e-05
4.72635e-05
-2.00877e-05
-3.70014e-05
0.000111714
-2.15826e-05
-2.26982e-05
-3.8834e-05
3.88457e-05
1.93373e-05
-0.00291018
-1.21907e-07
0.00291008
-1.93494e-05
-4.80008e-05
2.9612e-09
7.50987e-05
0.00386132
-0.00386139
0.00346012
-3.5594e-05
-7.50714e-05
-1.27958e-07
0.000238173
0.000397104
2.73194e-05
0.000220423
-6.01557e-05
6.84815e-05
0.000747761
0.00302497
0.00128961
-0.00010361
0.00612807
0.000620757
0.000317813
-3.40455e-05
0.000136598
6.74897e-05
-1.08626e-07
-2.79981e-05
-5.54979e-05
-5.14038e-05
0.000156959
5.87277e-05
-7.20332e-05
-1.38865e-05
-1.78293e-05
-0.00035847
1.79186e-05
-4.84009e-06
2.15781e-05
6.28404e-05
3.84691e-05
-1.91807e-07
1.58205e-05
-7.20339e-05
-3.16117e-05
2.61744e-09
-1.58222e-05
-2.62287e-05
7.20268e-05
3.16108e-05
-9.73799e-05
2.13325e-05
3.76287e-08
-2.13402e-05
2.62371e-05
-9.21713e-05
5.27763e-05
5.4752e-05
-0.000104516
-1.2684e-07
6.0014e-05
-8.89361e-06
1.414e-05
5.12938e-07
-0.000207182
-0.000146803
0.00215628
-7.02034e-05
0.015568
0.00831331
-0.000103984
-0.000100366
0.000205482
-0.00010315
3.41548e-05
3.79556e-05
-3.65014e-06
-0.00242075
0.00323305
-0.00383162
-2.67974e-05
-0.000458399
0.00179656
0.0138181
-0.0196771
0.00839626
-0.00438321
0.000150869
0.00116835
3.7234e-08
-0.00116818
0.00182238
-0.00839493
0.0196768
-0.0138182
-0.0130356
0.00379392
2.20157e-07
-0.00182263
0.00743265
-0.0012615
0.000134356
-0.00584279
0.000127678
0.00387389
-0.000264516
3.69629e-05
2.98244e-05
4.5022e-08
-2.74009e-07
-6.60541e-07
-0.000255177
0.0314978
0.0335663
-0.000251285
)
;

boundaryField
{
    face
    {
        type            calculated;
        value           nonuniform List<scalar> 
154
(
0.0001343
-0.00126181
-0.00182255
-2.34244e-07
-0.00438321
-0.00609061
8.6002e-08
-2.99571e-07
0.00622993
0.00192368
0.00073309
-0.000733352
-0.00623141
-0.00192287
8.95269e-07
-1.66681e-06
0.00182236
0.00438344
0.00609049
-0.000134181
0.00126102
0.00839614
0.00743263
0.00116807
0.000150684
0.00721596
0.00709845
0.00041589
0.00222205
-0.00116818
-0.000150885
-0.00839533
-0.00743268
-0.000416414
-0.00222196
-0.0072164
-0.00709917
0.0177208
0.0163891
0.00636077
1.22428e-07
0.00451039
-0.0148883
-0.017546
0.0175462
-0.00451065
0.0148879
0.00748771
-0.00748793
2.65026e-07
-0.0063617
-0.0177205
-0.0163901
0.0102845
0.00759487
0.0146581
0.00629094
0.00435428
-0.0100228
0.0128308
0.00385987
0.00677287
0.00574713
0.00859336
0.00596812
-0.0128312
0.0100225
-0.0146595
-0.0102846
-0.00759543
-0.00629127
-0.0043544
-0.00386072
-0.00677286
-0.00596829
-0.00574775
-0.00859403
-0.000733257
-0.00623034
-0.00192384
3.42392e-07
-3.6467e-07
0.00182238
0.00438308
0.00609066
-0.000134275
0.00126166
0.000134356
-0.0012615
-0.00182263
3.7234e-08
-0.00438321
-0.00609036
2.47257e-07
-3.52965e-07
0.00622993
0.00192361
0.000733125
0.00839626
0.00743265
0.00116835
0.000150869
0.007216
0.00709896
0.000415941
0.00222204
-0.00116818
-0.000150844
-0.00839493
-0.00743239
-0.000416366
-0.00222225
-0.00721581
-0.00709833
-0.0128313
0.0100226
-0.0102847
-0.0146596
-0.00759576
-0.00629147
-0.00435423
-0.00386011
-0.00677264
-0.00596762
-0.00574747
-0.00859338
0.0175468
0.0148882
-0.0045098
0.00748794
-0.00748845
3.66293e-08
-0.00636124
-0.0177211
-0.0163887
0.0177203
0.0163894
0.00636058
2.20157e-07
0.00451005
-0.0148876
-0.0175464
0.0075955
0.0102848
0.0146585
0.00435456
0.00629137
0.0128313
-0.0100228
0.00386034
0.00677324
0.00859364
0.00574771
0.00596769
)
;
    }
    outlet
    {
        type            calculated;
        value           nonuniform List<scalar> 
154
(
3.41745e-05
7.52194e-05
2.57021e-05
2.25229e-09
1.08404e-08
-2.1332e-05
-7.203e-05
-7.53183e-05
-3.16306e-05
-3.79535e-05
3.16265e-05
3.79637e-05
2.13382e-05
-2.61716e-08
7.20347e-05
7.53141e-05
2.25846e-09
-2.33098e-12
-7.52286e-05
-2.57067e-05
-3.41662e-05
-9.73598e-05
-0.000103858
-2.62292e-05
-1.58173e-05
-0.000103963
-0.000100368
-1.54175e-05
-3.56868e-05
2.62266e-05
1.58174e-05
9.73555e-05
0.000103858
1.54304e-05
3.57002e-05
0.000103961
0.000100347
-0.000223289
-0.00021055
7.00175e-05
-9.39306e-05
9.39331e-05
-2.44227e-09
-3.93526e-05
0.000197397
0.000219677
0.000204739
-0.000219661
-0.000204747
3.95017e-05
-0.000197465
-5.46248e-05
5.44525e-05
-5.02817e-07
-7.00332e-05
0.000210547
0.000223285
-5.26404e-05
-0.000104057
-9.83018e-05
-2.95151e-05
-7.77591e-05
-3.26603e-05
-7.34578e-05
-0.000103092
-5.65093e-05
-8.81275e-05
0.000104026
9.82315e-05
5.26545e-05
7.77753e-05
2.95341e-05
3.26531e-05
7.34533e-05
8.81304e-05
5.64713e-05
0.000103083
3.16108e-05
3.79556e-05
2.13325e-05
3.76287e-08
7.20268e-05
7.53146e-05
2.61744e-09
-8.13276e-10
-7.5226e-05
-2.57046e-05
-3.41531e-05
3.41548e-05
7.52244e-05
2.56776e-05
-4.52423e-09
2.08404e-08
-2.13402e-05
-7.20339e-05
-7.53112e-05
-3.16117e-05
-3.79518e-05
-9.73799e-05
-0.000103884
-2.62287e-05
-1.58222e-05
-0.000103984
-0.000100366
-1.54281e-05
-3.57083e-05
2.62371e-05
1.58205e-05
9.73629e-05
0.000103886
1.54294e-05
3.57017e-05
0.000103984
0.000100376
-0.000219723
-0.000204769
3.93452e-05
-0.000197432
5.12938e-07
5.46376e-05
-5.44572e-05
-7.00247e-05
0.000210555
0.000223313
-0.000223332
7.00246e-05
-0.000210582
-9.39506e-05
9.39347e-05
-1.80529e-08
-3.9501e-05
0.000197485
0.000219728
0.000204809
-0.000104074
-5.26849e-05
-9.82753e-05
-7.7792e-05
-2.95813e-05
-3.26925e-05
-7.35153e-05
-5.65262e-05
-0.00010315
-8.81442e-05
9.83175e-05
0.000104099
5.27093e-05
7.78058e-05
2.95858e-05
3.2707e-05
7.34985e-05
8.81464e-05
5.65399e-05
0.000103158
)
;
    }
    wall
    {
        type            calculated;
        value           nonuniform List<scalar> 
658
(
-0.00025132
-0.000376348
-0.00132321
-0.00162352
-5.42869e-08
-0.000172885
2.35466e-05
0.000285635
-1.60883e-05
0.000204064
-8.01288e-06
0.000110237
-2.1489e-05
-0.000116183
5.61951e-06
-6.73619e-05
-7.11378e-07
-8.57764e-05
0.000378158
0.00161946
-6.58185e-06
-3.45943e-06
-1.37128e-07
-4.55449e-09
-4.76285e-08
6.27356e-05
-1.3894e-05
-0.000486357
6.5879e-07
-0.000345625
6.11183e-07
3.05926e-05
2.07756e-05
0.000116631
-5.62753e-06
6.74137e-05
5.58913e-07
-0.000194599
1.24708e-07
-0.000109858
-2.46355e-08
-0.000380025
-0.00162172
8.63325e-05
-9.80546e-07
-3.23779e-07
-0.000204074
-0.000182143
0.000218772
-6.68786e-05
-0.000151883
8.0232e-05
-3.08763e-05
-8.4854e-05
7.17567e-05
-1.51312e-05
-4.85178e-05
4.9108e-05
3.69146e-05
-1.16498e-05
-3.70468e-05
-2.48177e-06
-1.71852e-05
-1.04352e-06
2.77539e-05
-1.61056e-05
1.75694e-05
-6.92238e-06
-7.21711e-06
-3.80967e-07
-1.27361e-05
-2.85295e-05
0.000182329
-0.000224048
0.000151757
-7.41377e-05
0.000204931
6.6848e-05
8.10556e-07
2.63777e-06
8.48663e-05
-6.82325e-05
4.83974e-05
-4.71318e-05
3.14609e-05
1.54096e-05
6.94333e-07
3.06018e-07
1.39927e-05
1.15545e-05
3.71304e-05
2.52462e-06
1.72082e-05
1.07703e-06
-6.27964e-05
5.60824e-08
-3.69277e-05
1.05241e-07
1.60291e-05
6.96024e-06
7.20367e-06
3.4919e-07
1.27693e-05
2.85276e-05
-2.76234e-05
1.59617e-08
-1.76125e-05
1.52876e-07
-5.1786e-06
-2.58785e-05
3.05229e-05
1.98495e-06
-1.1153e-05
1.94982e-05
6.59468e-06
-4.39801e-06
6.62931e-06
3.46863e-06
-8.882e-06
-2.19144e-05
0.00162314
0.000252647
0.00037546
0.00132284
0.000486444
0.000173946
0.000345242
-2.44145e-05
-0.000286079
1.68435e-05
-0.0002035
7.65276e-06
0.000194775
-2.88711e-05
9.14151e-06
2.59402e-05
-2.91619e-05
1.10796e-05
-1.9021e-05
5.27427e-06
-1.87297e-06
1.36114e-07
9.19555e-09
4.45437e-06
-6.82285e-06
8.85348e-06
2.19497e-05
3.92262e-05
0.000189839
-0.000504485
6.11618e-05
9.57458e-05
-0.000191544
2.54314e-05
5.00593e-05
-0.000115841
1.55517e-05
2.8593e-05
-7.49292e-05
0.0026434
9.04559e-05
-0.000616178
1.84872e-05
-1.73184e-05
0.0004254
0.000294867
1.43486e-05
8.461e-07
1.02929e-05
7.16843e-06
0.00025119
0.000193486
0.000504569
-4.05553e-05
-0.000190786
0.000190782
-6.09164e-05
-9.67598e-05
0.000115856
-2.65295e-05
-5.01269e-05
7.46857e-05
-1.56817e-05
-2.91163e-05
-0.00264371
-8.93509e-05
0.0006148
-1.72835e-05
1.85011e-05
-0.000425052
-0.000296736
-1.51506e-05
-5.43055e-08
-9.98284e-06
-7.14188e-06
-0.0002526
-0.000194188
8.75938e-06
1.69438e-05
-4.74759e-05
4.90503e-06
9.47956e-06
-2.807e-05
3.59998e-07
3.79792e-06
-1.49261e-05
5.10596e-07
7.89523e-08
-7.95746e-06
-2.38853e-05
6.5694e-06
7.6189e-06
3.48977e-06
4.4528e-06
0.000131873
8.00263e-05
1.74641e-06
-4.64447e-07
-1.67206e-06
7.92462e-06
4.0998e-05
9.14892e-06
-4.19075e-05
4.75403e-05
-9.37992e-06
-1.68013e-05
2.80113e-05
-4.6885e-06
-9.4623e-06
1.4913e-05
-2.88416e-07
-3.86822e-06
7.85789e-06
-4.72626e-07
-6.03092e-08
2.4609e-05
-6.40778e-06
-7.68295e-06
-3.55142e-06
-4.39173e-06
-0.000132052
-8.02048e-05
-1.68105e-06
5.05096e-07
1.62353e-06
-7.94189e-06
-4.09208e-05
-9.18276e-06
4.19213e-05
-0.00155136
0.00369367
0.00117556
-5.00755e-05
0.000459697
0.000366256
0.000459775
-0.00609558
-0.00196169
0.000462482
-0.00286037
8.43922e-07
0.00286028
5.00067e-06
-3.40908e-05
-8.59111e-06
3.80879e-05
0.012996
-0.00947952
-0.0129964
0.00948018
0.00755386
-0.0112877
0.00035634
-0.00208955
-0.000549545
0.00282987
0.000120695
-0.000181529
-6.17538e-09
-0.00011752
0.000151665
-3.74094e-05
4.36591e-05
-4.37845e-06
1.14643e-05
3.86775e-06
6.99689e-06
5.35818e-06
3.73461e-05
-4.36788e-05
4.38686e-06
-1.14624e-05
-3.84908e-06
-6.9783e-06
-5.32851e-06
0.000117458
-0.000151891
7.6828e-05
-0.00012207
0.000200298
-0.00015297
-0.000120696
0.000181495
-4.99873e-06
3.41114e-05
8.62532e-06
-3.81633e-05
-0.00046351
0.00196048
0.00609637
0.00155113
-0.00369292
5.10446e-05
-0.00117301
-0.00045985
-0.000460968
-0.000368242
3.44158e-07
-0.000357118
0.000548835
0.0020906
-0.00283425
-0.00755281
0.011287
-7.94255e-07
0.000122972
-7.96184e-05
0.000153
-0.000200286
6.86433e-06
1.27397e-05
2.85502e-05
-9.13879e-06
-1.75543e-05
-1.36417e-07
1.60697e-05
1.15922e-05
7.23407e-06
3.65929e-07
1.70767e-05
1.01288e-06
0.000109699
-1.96742e-05
-3.69005e-05
-2.54606e-06
-6.7352e-05
-5.32181e-07
3.45386e-06
-8.84097e-06
-2.19698e-05
0.000205636
8.63968e-05
8.41793e-07
2.894e-07
1.0378e-07
0.000194479
-2.82503e-05
-2.77435e-05
-2.38499e-08
-3.68901e-05
-1.03993e-07
1.36764e-05
2.03109e-05
3.70138e-05
2.56827e-06
6.71185e-05
4.54051e-07
-6.30074e-05
-7.8261e-09
-0.000109843
-1.54205e-07
8.87694e-06
2.19378e-05
-3.48325e-06
1.88838e-08
3.39118e-09
6.52717e-06
-4.45021e-06
6.97558e-06
1.93727e-06
-1.10095e-05
1.89352e-05
-5.16186e-06
-2.59604e-05
2.91987e-05
-1.51292e-05
-4.83889e-05
4.66634e-05
0.000345577
-2.43293e-05
-0.000116049
5.6635e-06
-0.000203516
8.03826e-06
0.000485174
0.000174889
0.0016227
0.000249576
-0.00028578
1.55175e-05
0.000375057
0.00132377
4.43249e-06
-6.66926e-06
1.10596e-05
-1.94251e-05
-6.5533e-06
-2.0122e-06
-1.38086e-07
-3.15907e-07
2.58829e-05
-3.0275e-05
4.84672e-05
-4.82979e-05
4.9493e-06
1.48597e-05
-1.76997e-07
-2.3976e-07
3.07268e-05
2.28144e-05
0.00011547
-5.4308e-06
0.000203623
-8.16505e-06
-0.000194461
-1.80162e-07
-0.000345236
-5.82455e-08
-0.000175823
-0.000252664
0.000286214
-1.58352e-05
-0.000375819
-0.001323
-0.000484383
-7.54119e-07
-0.00162361
3.71504e-07
-3.09714e-05
-8.47224e-05
6.7892e-05
-6.63947e-05
-0.000151098
7.50415e-05
-0.000205685
-0.000183138
0.000224404
-8.60981e-05
0.000380623
0.00161796
1.76732e-05
-6.93808e-06
-1.27643e-05
-2.85266e-05
2.77344e-05
-1.6212e-05
3.69226e-05
-1.15229e-05
-7.19838e-06
-3.95499e-07
-1.71537e-05
-9.76048e-07
6.26551e-05
-1.39072e-05
8.49801e-05
-7.10144e-05
0.000151635
-7.87347e-05
3.06744e-05
6.61657e-05
-2.0038e-07
3.11084e-07
0.000182367
-0.000219899
-0.000379611
-0.00161792
-2.45932e-05
4.49371e-07
1.29864e-07
-7.86191e-06
3.98957e-07
3.7156e-06
-1.49338e-05
4.90854e-06
9.35789e-06
-2.79984e-05
9.18199e-06
1.68009e-05
-4.75245e-05
-4.1927e-05
-1.63601e-06
7.94312e-06
1.77208e-06
-5.66911e-07
9.12198e-06
4.099e-05
3.5537e-06
4.29751e-06
6.41467e-06
7.4214e-06
8.0351e-05
0.000132413
2.39107e-05
7.96327e-06
-4.55979e-07
-5.50624e-08
1.49275e-05
-3.99723e-07
-3.7652e-06
2.80385e-05
-5.03864e-06
-9.44741e-06
4.75344e-05
-8.80921e-06
-1.68278e-05
4.19175e-05
1.62809e-06
-7.90094e-06
-1.78195e-06
4.44545e-07
-9.14609e-06
-4.08378e-05
-3.56888e-06
-4.47713e-06
-6.19613e-06
-7.58823e-06
-8.01123e-05
-0.00013209
1.57705e-05
2.8963e-05
-7.45776e-05
2.53377e-05
5.00039e-05
-0.000115514
6.03788e-05
9.50507e-05
-0.000190509
4.04187e-05
0.000190301
-0.000503993
1.00274e-05
6.98975e-06
1.45831e-05
5.64567e-07
0.000194349
0.000252494
1.7695e-05
-1.86167e-05
9.05688e-05
-0.0006157
0.000294766
0.000424796
0.00264306
7.47793e-05
-1.56684e-05
-2.9258e-05
0.000115469
-2.56626e-05
-5.056e-05
0.00019111
-6.05412e-05
-9.66077e-05
0.00050404
-4.05561e-05
-0.000190281
-1.02879e-05
-7.19359e-06
-1.43828e-05
-6.84745e-07
-0.000193975
-0.000251852
-1.85965e-05
1.79244e-05
-9.00351e-05
0.000615024
-0.000295917
-0.000424775
-0.00264334
0.00755363
-0.0112869
0.000356447
-0.00209026
-0.00055126
0.00283291
0.000151912
-0.000117457
-3.73746e-05
4.36768e-05
-4.38642e-06
1.14442e-05
3.8584e-06
6.98472e-06
5.32924e-06
3.73564e-05
-4.36325e-05
-1.14637e-05
4.37663e-06
-3.86669e-06
-5.35867e-06
-6.99837e-06
-3.1696e-07
0.000117433
-0.000151711
-0.00155015
0.00369476
-5.11999e-05
0.00117438
0.000459788
0.000460819
0.000368241
-0.00609566
0.00046268
-0.00196205
-0.0028598
0.00286028
1.22501e-06
-0.00947979
0.0129962
-0.0129969
0.00947959
-0.000120679
0.000181517
-5.00138e-06
3.41075e-05
8.58651e-06
-3.80845e-05
-0.0075539
0.0112889
-6.59881e-07
5.00593e-06
-8.63559e-06
-3.41099e-05
3.81779e-05
0.000120658
-0.000181498
8.45871e-09
-0.000356745
0.00208945
0.000549328
-0.00283013
0.000122045
-7.68213e-05
-0.000200306
0.000152954
7.96119e-05
-0.000122945
0.000200283
-0.000152977
-0.000463354
0.00609772
0.0019609
0.0015515
-0.0036938
4.97698e-05
-0.00117448
-0.000459902
-0.0004594
-0.000366245
)
;
    }
}


// ************************************************************************* //
