/*--------------------------------*- C++ -*----------------------------------*\
| =========                 |                                                 |
| \\      /  F ield         | OpenFOAM: The Open Source CFD Toolbox           |
|  \\    /   O peration     | Version:  2306                                  |
|   \\  /    A nd           | Website:  www.openfoam.com                      |
|    \\/     M anipulation  |                                                 |
\*---------------------------------------------------------------------------*/
FoamFile
{
    version     2.0;
    format      ascii;
    arch        "LSB;label=32;scalar=64";
    class       volScalarField;
    location    "0.8";
    object      gradTz;
}
// * * * * * * * * * * * * * * * * * * * * * * * * * * * * * * * * * * * * * //

dimensions      [0 -1 0 1 0 0 0];

internalField   nonuniform List<scalar> 
5322
(
-0.0567767
-0.0477068
-0.0338641
-0.036469
-0.0215727
-0.0114923
-0.00550754
-0.00237845
-0.000931003
-0.000337742
-0.000125398
-7.20173e-05
-4.00177e-05
-6.33496e-05
-7.51277e-05
-7.90572e-05
-8.90078e-05
-8.37203e-05
-0.000154352
-0.000255577
-0.000467079
-0.00075733
-0.00131773
-0.00205336
-0.00336585
-0.00493732
-0.00764447
-0.0107679
-0.0157108
-0.0208635
-0.0287296
-0.0365626
-0.0471694
-0.0557769
-0.0641214
-0.0594565
-0.0722134
-0.0696683
-0.0716977
-0.0540707
-0.0662858
-0.0684351
-0.0529485
-0.0684068
-0.0677107
-0.0539326
-0.0694457
-0.0657383
-0.0534908
-0.0687282
-0.0797279
-0.05176
-0.0738229
-0.0623505
-0.0532633
-0.0587821
-0.0754163
-0.0574829
-0.0529669
-0.0584545
-0.0760944
-0.0582416
-0.0529212
-0.0570402
-0.0761459
-0.060433
-0.0528146
-0.0543418
-0.0750074
-0.0648371
-0.0441998
-0.0623015
-0.059258
-0.05834
-0.0588314
-0.05855
-0.0585105
-0.0584064
-0.0595204
-0.0572317
-0.05675
-0.047925
-0.0497476
-0.0611338
-0.0375537
-0.0531412
-0.0829398
-0.0567087
-0.0558589
-0.0470293
-0.0570126
-0.0331478
-0.0348462
-0.0348732
-0.0477243
-0.0503166
-0.0455129
-0.0509208
-0.08423
-0.054921
-0.0557482
-0.0476013
-0.0513488
-0.047271
-0.0517677
-0.0443743
-0.0463105
-0.0369466
-0.0218609
-0.0116609
-0.00558588
-0.00240631
-0.000935116
-0.000334183
-0.000134576
-8.01408e-05
-6.33574e-05
-6.35042e-05
-0.000115028
-6.64927e-05
-5.26455e-05
-5.53336e-05
-5.43989e-05
-7.1199e-05
-5.54493e-05
-7.01462e-05
-5.39446e-05
-5.65356e-05
-7.02135e-05
-5.49766e-05
-5.64163e-05
-7.14962e-05
-5.59653e-05
-5.54281e-05
-7.12135e-05
-5.57948e-05
-5.48016e-05
-7.20088e-05
-5.60213e-05
-7.08898e-05
-5.45597e-05
-5.31344e-05
-6.69498e-05
-6.30031e-05
-6.36999e-05
-0.000115656
-6.38449e-05
-6.37677e-05
-6.34482e-05
-6.45371e-05
-0.000119234
-6.42638e-05
-6.40858e-05
-6.4223e-05
-6.36442e-05
-0.000118911
-6.35727e-05
-6.26669e-05
-5.27405e-05
-7.54994e-05
-7.92798e-05
-8.96184e-05
-0.000174727
-0.000283366
-0.000132316
-0.000155639
-8.42788e-05
-9.04589e-05
-4.733e-05
-6.06784e-05
-6.37362e-05
-6.04338e-05
-8.72862e-05
-7.95994e-05
-8.44245e-05
-0.000170051
-0.000168131
-0.000272891
-0.000171734
-0.000274067
-0.000482133
-0.000481711
-0.000793897
-0.000506828
-0.000797687
-0.00133404
-0.0013339
-0.00211533
-0.00138974
-0.00212233
-0.00337102
-0.00337146
-0.00508877
-0.00344271
-0.00510354
-0.00769082
-0.00769593
-0.0110152
-0.00767536
-0.0110482
-0.0158028
-0.0158257
-0.0214264
-0.0153746
-0.021493
-0.0291271
-0.0292002
-0.0373712
-0.0275103
-0.0375083
-0.0474247
-0.0475001
-0.0508591
-0.0841968
-0.0548828
-0.0547348
-0.0477338
-0.0639441
-0.063822
-0.0348521
-0.0349488
-0.0476845
-0.0507438
-0.0452335
-0.0517564
-0.0842891
-0.0552895
-0.0546385
-0.047876
-0.0506314
-0.0474654
-0.0454685
-0.0451143
-0.0368788
-0.0218876
-0.0116942
-0.00560512
-0.002415
-0.000938471
-0.000335337
-0.000135038
-8.04704e-05
-6.37974e-05
-6.44246e-05
-6.43891e-05
-6.35757e-05
-0.000119001
-6.41358e-05
-6.36665e-05
-5.57122e-05
-5.66946e-05
-9.84644e-05
-6.41311e-05
-0.000119214
-6.39086e-05
-9.72124e-05
-5.68903e-05
-7.06364e-05
-5.53485e-05
-5.58303e-05
-5.67731e-05
-7.11323e-05
-4.03774e-05
-6.27545e-05
-8.46635e-05
-8.45711e-05
-8.75316e-05
-0.000168686
-0.000273435
-0.000483105
-0.000794887
-0.00133705
-0.00211664
-0.0033779
-0.00509028
-0.00770856
-0.0110157
-0.0158516
-0.0214188
-0.0292562
-0.0373271
-0.0478575
-0.0502845
-0.0842865
-0.0511653
-0.0455113
-0.0473235
-0.0376231
-0.027535
-0.029132
-0.0215368
-0.0153897
-0.0158203
-0.0110634
-0.00768303
-0.00770222
-0.00510935
-0.00344644
-0.00337702
-0.00212488
-0.00139158
-0.00133726
-0.000798712
-0.000507691
-0.000483762
-0.00027442
-0.000172073
-0.000170672
-0.000107379
-0.00017077
-0.000274539
-0.000172299
-0.000168926
-8.77348e-05
-8.00519e-05
-6.07289e-05
-4.04329e-05
-6.43894e-05
-7.9846e-05
-0.000169252
-0.000272547
-0.000481429
-0.000797851
-0.00133967
-0.00212578
-0.00339801
-0.00511389
-0.00777299
-0.0110698
-0.0160369
-0.0214674
-0.0297305
-0.0370934
-0.0482908
-0.0506721
-0.0835764
-0.0541535
-0.0443645
-0.0522952
-0.0410299
-0.0268925
-0.0319846
-0.0232169
-0.0149965
-0.0172198
-0.0118124
-0.00746073
-0.0083357
-0.00542236
-0.00333853
-0.00364301
-0.00224241
-0.00134419
-0.00143335
-0.00083513
-0.00048816
-0.000512057
-0.000284059
-0.000163603
-0.000175146
-8.99907e-05
-7.60577e-05
-6.11321e-05
-5.71446e-05
-5.61134e-05
-9.0454e-05
-4.74284e-05
-5.45781e-05
-7.88287e-05
-7.73549e-05
-0.000168245
-0.00027727
-0.000269567
-0.000273155
-0.000168942
-0.000166121
-0.000169909
-8.12208e-05
-7.8266e-05
-8.73719e-05
-0.000104527
-0.000103299
-9.0651e-05
-5.93705e-05
-5.75399e-05
-9.69905e-05
-0.000114151
-0.000106705
-8.69937e-05
-8.50946e-05
-0.000170481
-0.000274375
-0.00029891
-0.000483424
-0.000798506
-0.00133678
-0.00212456
-0.00218772
-0.00337866
-0.00510659
-0.00771418
-0.0110455
-0.0108547
-0.015863
-0.0214595
-0.0292339
-0.0374132
-0.0349294
-0.0348294
-0.0206518
-0.0207008
-0.0110397
-0.010908
-0.0159884
-0.021518
-0.0154428
-0.0217909
-0.0292527
-0.0295432
-0.037264
-0.0275993
-0.0382537
-0.0471554
-0.0538227
-0.0500487
-0.0862201
-0.0570638
-0.0537925
-0.049807
-0.0630629
-0.0333515
-0.030755
-0.04043
-0.0232396
-0.0301187
-0.0221835
-0.0125802
-0.0161575
-0.0110615
-0.00618425
-0.00782642
-0.00505156
-0.00275693
-0.00339914
-0.00206292
-0.00110276
-0.00133178
-0.000759591
-0.000397114
-0.000466461
-0.000253755
-0.000131593
-0.000154815
-8.91322e-05
-8.43007e-05
-0.000142116
-0.00015682
-0.000227853
-0.000426887
-0.000481145
-0.00081388
-0.00135726
-0.00217839
-0.0021122
-0.00212999
-0.00138646
-0.00134061
-0.0013373
-0.000799403
-0.000503726
-0.000788057
-0.000836117
-0.000834933
-0.000294373
-0.000244546
-0.000314667
-0.000271565
-0.00025541
-0.000312314
-0.000332903
-0.000123622
-7.0726e-05
-4.08028e-05
-7.50159e-05
-4.44416e-05
-7.85567e-05
-0.000111722
-0.000191592
-0.000550461
-0.0008972
-0.000926296
-0.00239314
-0.00236293
-0.00150003
-0.00121652
-0.00133099
-0.00189486
-0.00309374
-0.0034754
-0.00525455
-0.00799169
-0.0114118
-0.0111135
-0.0110903
-0.00769474
-0.00776132
-0.00775465
-0.00512411
-0.00344406
-0.00510692
-0.00516386
-0.00502794
-0.00215766
-0.00185048
-0.00227936
-0.00213492
-0.00201732
-0.000881575
-0.000789991
-0.000745918
-0.000694423
-0.000478213
-0.000705219
-0.000565732
-0.000341051
-0.000126973
-7.29178e-05
-7.83818e-05
-6.67817e-05
-0.00011521
-8.40647e-05
-0.000197362
-0.000199497
-0.000273974
-0.000297567
-0.000483718
-0.000484225
-0.000798786
-0.000508507
-0.000797114
-0.000841519
-0.00133891
-0.0013395
-0.00212425
-0.0013943
-0.00212515
-0.00218888
-0.00338294
-0.00338584
-0.00510482
-0.00345427
-0.00511672
-0.00514352
-0.00771912
-0.00773083
-0.0110416
-0.00770194
-0.0110879
-0.0108785
-0.0158555
-0.0159061
-0.0214434
-0.0154249
-0.0215965
-0.0206613
-0.0291575
-0.0293491
-0.0373308
-0.0275594
-0.0376822
-0.0349108
-0.0473344
-0.0477608
-0.0508225
-0.0454356
-0.0508644
-0.0481834
-0.0551251
-0.0532571
-0.0467361
-0.0621437
-0.0388146
-0.0487215
-0.034737
-0.033155
-0.038091
-0.03731
-0.0354927
-0.0386183
-0.0391286
-0.0308822
-0.0231883
-0.0228452
-0.0119104
-0.011993
-0.00829166
-0.00559901
-0.00561081
-0.0055655
-0.00238571
-0.000931183
-0.000338332
-0.000125857
-7.24544e-05
-4.04119e-05
-6.36465e-05
-5.58953e-05
-7.8679e-05
-8.04318e-05
-6.10563e-05
-6.30928e-05
-7.99997e-05
-5.5623e-05
-6.80951e-05
-5.92423e-05
-5.77706e-05
-6.67763e-05
-5.30192e-05
-6.79196e-05
-5.83215e-05
-6.02603e-05
-8.19528e-05
-6.37938e-05
-6.50865e-05
-6.50126e-05
-6.37066e-05
-6.35798e-05
-6.22576e-05
-0.000124568
-6.49426e-05
-6.36757e-05
-6.36762e-05
-0.000124765
-6.50142e-05
-8.3548e-05
-0.0001399
-0.00013725
-0.000115126
-0.000113846
-0.000106072
-0.000311739
-0.000880002
-0.00226804
-0.00527149
-0.0110178
-0.0105389
-0.0092881
-0.011261
-0.010735
-0.0101948
-0.0101547
-0.0147334
-0.0166788
-0.022095
-0.0317844
-0.0282159
-0.0271697
-0.0194714
-0.0204375
-0.0152581
-0.0168601
-0.0169788
-0.0117426
-0.0223118
-0.0379731
-0.0581776
-0.0584151
-0.0594798
-0.0468229
-0.0418311
-0.0456052
-0.0531553
-0.0473149
-0.0556015
-0.0836868
-0.0753591
-0.0703003
-0.0730616
-0.0453039
-0.0584925
-0.0611402
-0.0742576
-0.0463459
-0.0601965
-0.0613155
-0.0746043
-0.0465596
-0.0594611
-0.0621363
-0.0745572
-0.04787
-0.0591486
-0.0665866
-0.0933301
-0.0773836
-0.0757919
-0.09661
-0.0954104
-0.0746289
-0.0534227
-0.0738334
-0.0624036
-0.0532411
-0.0586685
-0.0658777
-0.0535249
-0.0686242
-0.0797719
-0.0517502
-0.0567855
-0.0479515
-0.0497882
-0.0611515
-0.0478446
-0.0336937
-0.0385752
-0.0292425
-0.0199683
-0.0215034
-0.0158441
-0.0104538
-0.0108902
-0.00771129
-0.00494296
-0.00498956
-0.00337639
-0.00209839
-0.00206127
-0.00132816
-0.000802165
-0.00076455
-0.000470859
-0.000271768
-0.000258341
-0.000155944
-9.05125e-05
-9.06264e-05
-5.56124e-05
-5.66668e-05
-6.07368e-05
-8.97425e-05
-0.00017525
-0.000283855
-0.000163245
-0.000169102
-7.95256e-05
-7.57418e-05
-6.40655e-05
-4.02741e-05
-6.05126e-05
-6.27104e-05
-7.99256e-05
-8.03024e-05
-7.4286e-05
-0.000128492
-0.000343148
-0.00094179
-0.000941162
-0.0024157
-0.00563832
-0.0053282
-0.00495244
-0.00470711
-0.00465073
-0.00714844
-0.00747601
-0.00332935
-0.00370827
-0.00374863
-0.00339617
-0.0033895
-0.00219449
-0.00212458
-0.00337745
-0.00345237
-0.005114
-0.0077065
-0.00769709
-0.0110777
-0.0158293
-0.0154086
-0.0215463
-0.0291328
-0.0275221
-0.0374869
-0.0302166
-0.0308416
-0.0480223
-0.0479621
-0.038079
-0.0222415
-0.0117078
-0.00555744
-0.00238652
-0.000933468
-0.000339822
-0.000127038
-7.3483e-05
-4.05604e-05
-6.24757e-05
-7.97915e-05
-7.22305e-05
-0.000125811
-0.00033855
-0.000934098
-0.002394
-0.00557708
-0.0117457
-0.0223156
-0.0381357
-0.0591437
-0.0586677
-0.052463
-0.104235
-0.0754926
-0.0723653
-0.0613428
-0.0745634
-0.0466059
-0.0467339
-0.0504219
-0.0764204
-0.0479148
-0.0486504
-0.0496063
-0.0768345
-0.048137
-0.0488677
-0.0493574
-0.0768249
-0.0497077
-0.0505867
-0.0562599
-0.0982267
-0.0782677
-0.0763183
-0.0766496
-0.075997
-0.0585716
-0.0534955
-0.0565331
-0.0978716
-0.0558583
-0.0594285
-0.0760438
-0.0583074
-0.0528784
-0.0569109
-0.0687893
-0.0529135
-0.0680226
-0.0680567
-0.0540615
-0.0691943
-0.0576401
-0.0529441
-0.0582407
-0.058601
-0.0583975
-0.0588971
-0.0581576
-0.0529585
-0.0549395
-0.059817
-0.0761997
-0.0666774
-0.0545656
-0.071108
-0.0626207
-0.0545958
-0.0863014
-0.0457615
-0.0571628
-0.0459701
-0.0510189
-0.0424631
-0.0312941
-0.0337168
-0.0260729
-0.0188849
-0.0191825
-0.0143227
-0.00975325
-0.00992218
-0.00694861
-0.00472291
-0.00453878
-0.00307215
-0.00194927
-0.00189034
-0.00119905
-0.000758142
-0.000693223
-0.000427706
-0.000252813
-0.000230857
-0.000141135
-8.43509e-05
-7.85051e-05
-4.37927e-05
-7.37248e-05
-5.52252e-05
-4.02438e-05
-7.09272e-05
-5.41008e-05
-5.51324e-05
-6.96521e-05
-5.37253e-05
-5.61564e-05
-6.97876e-05
-5.46533e-05
-5.62051e-05
-7.10851e-05
-5.57797e-05
-5.49688e-05
-7.06819e-05
-4.02889e-05
-6.07043e-05
-7.96436e-05
-8.45584e-05
-0.000106741
-0.000169389
-0.000171084
-0.000273177
-0.000271763
-0.000295284
-0.000477261
-0.000483965
-0.000791048
-0.000828203
-0.000700409
-0.00142066
-0.00109332
-0.00221775
-0.00182938
-0.00359519
-0.00271466
-0.00535112
-0.00429749
-0.00819375
-0.006068
-0.0115937
-0.00906273
-0.01675
-0.0121448
-0.0225837
-0.0171708
-0.0307703
-0.0218819
-0.0395686
-0.0292358
-0.0502318
-0.0352569
-0.0414586
-0.047638
-0.0465635
-0.0347016
-0.0379867
-0.0261746
-0.0294379
-0.0285849
-0.0203568
-0.0217885
-0.0145808
-0.0160007
-0.0155986
-0.0107423
-0.0112101
-0.0072999
-0.00782076
-0.00763517
-0.00508929
-0.00518747
-0.0032694
-0.00342207
-0.00335619
-0.00216629
-0.00215237
-0.00131834
-0.00134843
-0.00132826
-0.000830243
-0.000806345
-0.000475379
-0.000479686
-0.000477993
-0.000291589
-0.000274374
-0.000156688
-0.00016787
-0.000164717
-0.00010372
-7.63891e-05
-5.39258e-05
-4.69414e-05
-6.03311e-05
-5.62993e-05
-5.51953e-05
-8.97927e-05
-8.93491e-05
-0.00011421
-6.63453e-05
-7.77886e-05
-7.96629e-05
-6.20217e-05
-7.92823e-05
-8.41392e-05
-8.68028e-05
-0.000105104
-0.00016766
-0.000162264
-0.000281913
-0.00024368
-0.000508224
-0.000394849
-0.000563335
-0.000196808
-0.000198892
-0.000167726
-0.00011293
-9.62544e-05
-6.3281e-05
-0.000118492
-6.38251e-05
-5.52631e-05
-6.76068e-05
-5.99208e-05
-5.89223e-05
-6.01622e-05
-5.811e-05
-9.83346e-05
-0.000115058
-0.00010706
-0.00031339
-0.000312562
-0.000298945
-0.000481985
-0.000481932
-0.000293175
-0.000564538
-0.000198872
-0.000200215
-0.000168997
-0.000172334
-0.000274363
-0.000482727
-0.000508236
-0.0007976
-0.00133649
-0.00139347
-0.00155978
-0.000881819
-0.000844266
-0.00227252
-0.00528189
-0.00515663
-0.00527042
-0.00226954
-0.000881784
-0.000842893
-0.000876407
-0.000310492
-0.000296255
-0.000271008
-0.000479224
-0.000510356
-0.00083153
-0.00142549
-0.00222571
-0.00109744
-0.0013273
-0.000703133
-0.000763181
-0.000397201
-0.000470313
-0.000244997
-0.000257713
-0.000270964
-0.000255494
-0.000429938
-0.000478472
-0.000699262
-0.000809441
-0.00083392
-0.00133238
-0.00137594
-0.00209608
-0.00211483
-0.00217928
-0.00334979
-0.00342143
-0.00506262
-0.00506682
-0.00508985
-0.00760713
-0.00759524
-0.0109186
-0.0109286
-0.0107065
-0.0156085
-0.0146664
-0.0211869
-0.0286305
-0.0262761
-0.0370123
-0.0461665
-0.0416676
-0.0465094
-0.0370497
-0.0218656
-0.011649
-0.00557718
-0.00240191
-0.0009332
-0.000333458
-0.000134258
-7.99125e-05
-6.34267e-05
-6.39946e-05
-6.42884e-05
-6.39548e-05
-9.78482e-05
-0.000114615
-0.000113642
-9.63911e-05
-6.34323e-05
-5.53006e-05
-6.78535e-05
-5.71593e-05
-5.88815e-05
-5.73175e-05
-9.66946e-05
-0.00011333
-0.000105476
-0.00016848
-0.000163018
-0.000189854
-0.000191612
-0.000137229
-8.18949e-05
-6.38537e-05
-6.37225e-05
-0.000124735
-6.24036e-05
-6.31619e-05
-0.000118722
-0.000191421
-0.000311094
-0.000293222
-0.000102809
-8.99464e-05
-0.000169378
-0.000104504
-0.000165433
-0.000168241
-0.000269068
-0.00027181
-0.000297993
-0.000480889
-0.00050573
-0.000794906
-0.000839656
-0.00132822
-0.00138257
-0.00210995
-0.00210579
-0.0021686
-0.00335379
-0.00329743
-0.00505668
-0.00763468
-0.00734072
-0.0109184
-0.0109264
-0.00522849
-0.00225071
-0.000873535
-0.000309457
-0.000190972
-0.000136856
-8.16485e-05
-0.000194411
-0.00033825
-0.000192201
-0.000190704
-0.000191979
-0.000194735
-0.000338273
-0.000313502
-0.000299547
-0.000882106
-0.000844134
-0.00227001
-0.00219023
-0.0024069
-0.00560348
-0.0118035
-0.0119022
-0.0226416
-0.021434
-0.0204919
-0.0359488
-0.0525575
-0.0469271
-0.0688906
-0.0540442
-0.106711
-0.0740925
-0.0729444
-0.0657404
-0.0840632
-0.07796
-0.0800416
-0.0775616
-0.106119
-0.0732327
-0.0722773
-0.0613353
-0.0742276
-0.0464579
-0.0474716
-0.0510417
-0.0760139
-0.0477061
-0.0495332
-0.0503993
-0.0764268
-0.047934
-0.0496059
-0.0502837
-0.0764061
-0.0496058
-0.0509888
-0.0678467
-0.0463181
-0.0348557
-0.0348884
-0.0375241
-0.0399778
-0.0266691
-0.0315206
-0.0225031
-0.0269156
-0.0302623
-0.020468
-0.0284884
-0.0375228
-0.0349035
-0.0459387
-0.0502299
-0.0374788
-0.0354499
-0.0320605
-0.0422018
-0.0428357
-0.0572222
-0.0595811
-0.0583215
-0.0463095
-0.0345354
-0.0457939
-0.042723
-0.045986
-0.0344476
-0.0457733
-0.0427695
-0.0460562
-0.0345646
-0.0458708
-0.0593519
-0.0580787
-0.0531306
-0.0513841
-0.0619984
-0.0767608
-0.0585855
-0.0772208
-0.0782702
-0.075112
-0.0594198
-0.0558714
-0.0562868
-0.097416
-0.0566464
-0.0632174
-0.0946522
-0.0792644
-0.0757953
-0.0586488
-0.0559788
-0.0683129
-0.0507947
-0.0504843
-0.067316
-0.0453576
-0.0370378
-0.0369524
-0.0218654
-0.011664
-0.00558747
-0.00240711
-0.000935459
-0.000334324
-0.000134642
-8.01872e-05
-6.24382e-05
-6.37899e-05
-7.03562e-05
-5.89574e-05
-5.75114e-05
-7.03536e-05
-5.66065e-05
-5.28283e-05
-6.2776e-05
-6.65367e-05
-6.35157e-05
-5.26671e-05
-5.43835e-05
-7.13394e-05
-5.5499e-05
-9.00162e-05
-5.414e-05
-7.01966e-05
-5.89496e-05
-6.64991e-05
-5.71104e-05
-9.64086e-05
-6.34339e-05
-6.39741e-05
-0.00011875
-6.41696e-05
-6.41411e-05
-6.40083e-05
-6.31993e-05
-5.51198e-05
-5.55869e-05
-7.16432e-05
-5.5689e-05
-9.77967e-05
-0.000114667
-0.000113638
-0.00010291
-8.45265e-05
-0.000115709
-6.6842e-05
-7.85893e-05
-7.28311e-05
-0.000127036
-0.000341577
-0.000941041
-0.002409
-0.00560745
-0.0118025
-0.0224097
-0.0224219
-0.0383531
-0.038541
-0.058728
-0.0530059
-0.054512
-0.054776
-0.0843439
-0.0629446
-0.0731267
-0.0754382
-0.103958
-0.0522698
-0.0547234
-0.0548477
-0.0533605
-0.0557518
-0.0566601
-0.0829532
-0.0514956
-0.0531434
-0.0470536
-0.0558605
-0.068239
-0.0508075
-0.0352826
-0.0382625
-0.0592269
-0.059
-0.0478187
-0.0483395
-0.0313625
-0.0171569
-0.00844383
-0.00377574
-0.00153142
-0.00151236
-0.000563382
-0.000563431
-0.000199679
-0.000198351
-0.000316811
-0.000883486
-0.0022687
-0.00527306
-0.011069
-0.0209384
-0.030463
-0.0300556
-0.030236
-0.0167068
-0.00828635
-0.00371626
-0.0037063
-0.00151043
-0.00152629
-0.000566661
-0.000480669
-0.000511632
-0.000832542
-0.0014282
-0.00222771
-0.00133712
-0.00133453
-0.000795286
-0.00048643
-0.000575864
-0.000310831
-0.000297192
-0.00027169
-0.000113522
-9.68135e-05
-5.52176e-05
-0.000105928
-0.000191665
-0.000189991
-0.000115109
-6.34032e-05
-6.32938e-05
-6.79134e-05
-5.98614e-05
-6.11625e-05
-7.04376e-05
-6.26265e-05
-0.000124963
-7.03354e-05
-6.78053e-05
-5.55419e-05
-6.64485e-05
-7.02667e-05
-5.86856e-05
-5.70336e-05
-5.77637e-05
-5.85685e-05
-5.68801e-05
-5.76099e-05
-6.78213e-05
-6.62255e-05
-6.31303e-05
-6.33523e-05
-6.61258e-05
-0.000114593
-6.24562e-05
-5.24523e-05
-0.00018924
-0.000191286
-0.000136901
-8.16377e-05
-0.000194453
-0.000191545
-0.000311178
-0.000293512
-0.000245662
-0.000831253
-0.000704591
-0.000877126
-0.000839818
-0.0022598
-0.00218182
-0.00211818
-0.00337653
-0.00361856
-0.00537331
-0.00826378
-0.011659
-0.00739907
-0.00770472
-0.00509539
-0.00331584
-0.00385208
-0.00214402
-0.0018393
-0.00498509
-0.00432467
-0.00525126
-0.00512186
-0.00527101
-0.00514019
-0.0110113
-0.010865
-0.0206563
-0.0206622
-0.0198248
-0.0178862
-0.0209561
-0.0170019
-0.00856472
-0.00387406
-0.00157633
-0.000578297
-0.000574792
-0.000570868
-0.000942544
-0.00155868
-0.00153781
-0.00242189
-0.0038188
-0.00375543
-0.00242178
-0.000942444
-0.000575204
-0.000573563
-0.000569868
-0.00034158
-0.000946546
-0.00242837
-0.00562674
-0.00561653
-0.00841963
-0.00825649
-0.0117128
-0.0166707
-0.0163059
-0.0219235
-0.0295362
-0.0301729
-0.0347929
-0.0636499
-0.0472022
-0.0675573
-0.0463074
-0.0450987
-0.0632613
-0.0492945
-0.0666249
-0.0743899
-0.0800719
-0.0773235
-0.105313
-0.0730487
-0.0631081
-0.0593479
-0.0793074
-0.0802469
-0.0565654
-0.0633749
-0.0751102
-0.0802024
-0.0747017
-0.0730577
-0.104705
-0.0776587
-0.0803235
-0.0803917
-0.0806024
-0.080374
-0.0773583
-0.0794196
-0.0713421
-0.062138
-0.0745546
-0.0478873
-0.046578
-0.0502974
-0.0764275
-0.0495626
-0.0484999
-0.0493738
-0.076872
-0.0496235
-0.0487284
-0.0491096
-0.0768144
-0.0508305
-0.0564438
-0.0977695
-0.0806067
-0.0753494
-0.0596658
-0.055813
-0.0673456
-0.0453467
-0.0370339
-0.0219129
-0.0116902
-0.00560239
-0.00241517
-0.000939806
-0.000337317
-0.000572738
-0.000575492
-0.000486013
-0.000793699
-0.00133163
-0.00133652
-0.00211488
-0.00337109
-0.00361332
-0.00537009
-0.00825466
-0.011654
-0.00610911
-0.00771255
-0.00431919
-0.0049874
-0.00272992
-0.00337601
-0.0018363
-0.00205906
-0.00209516
-0.00198289
-0.00307146
-0.00328622
-0.00457635
-0.00519965
-0.00510444
-0.00764903
-0.00758296
-0.010942
-0.010948
-0.0107445
-0.0155115
-0.0151508
-0.0211843
-0.0202665
-0.0284295
-0.0270736
-0.0369762
-0.0370752
-0.0345049
-0.0461178
-0.0427827
-0.0459157
-0.0459511
-0.0344822
-0.0369815
-0.0370199
-0.0458481
-0.042715
-0.0452397
-0.0348045
-0.0205609
-0.0109543
-0.00524479
-0.0022587
-0.000877167
-0.000830501
-0.00214236
-0.00225847
-0.0021783
-0.00524894
-0.00511574
-0.00508901
-0.00769526
-0.00739937
-0.0110238
-0.0158195
-0.0169917
-0.0227658
-0.0314971
-0.0399891
-0.0225002
-0.0292623
-0.0174683
-0.0215062
-0.012325
-0.0158505
-0.00914592
-0.0108889
-0.0104433
-0.00991546
-0.0143892
-0.0147832
-0.0196355
-0.0217677
-0.0204687
-0.0284912
-0.0270598
-0.0374933
-0.0368971
-0.0345389
-0.0462714
-0.0426284
-0.0459574
-0.0502036
-0.0349084
-0.0374702
-0.0354165
-0.0421716
-0.0428063
-0.0450669
-0.0374949
-0.0320254
-0.0336678
-0.0385802
-0.0478757
-0.0298952
-0.0351984
-0.0208737
-0.0110288
-0.00525097
-0.00225745
-0.000878157
-0.000314503
-0.000114833
-6.66272e-05
-5.66213e-05
-5.55593e-05
-4.41235e-05
-5.43608e-05
-7.9245e-05
-7.68944e-05
-7.42884e-05
-4.04217e-05
-5.54064e-05
-7.78588e-05
-8.69629e-05
-8.07622e-05
-0.000106398
-0.000168335
-0.000171616
-0.000273217
-0.000297981
-0.000480463
-0.000504764
-0.000794404
-0.000790744
-0.00083509
-0.00132638
-0.00133087
-0.00210544
-0.0015162
-0.00150023
-0.00132834
-0.000561369
-0.000480354
-0.000339486
-0.000338458
-0.000125716
-7.22966e-05
-7.88103e-05
-6.33216e-05
-7.06746e-05
-7.88862e-05
-0.000112368
-8.52932e-05
-0.000142132
-0.000157965
-0.000275724
-0.000293341
-0.000479875
-0.000500992
-0.000784808
-0.000794996
-0.000840557
-0.0013295
-0.00138442
-0.00211242
-0.00217516
-0.00334846
-0.00341814
-0.00506052
-0.00505907
-0.00508174
-0.00760607
-0.0080275
-0.00365452
-0.00334826
-0.00236849
-0.00236622
-0.000929024
-0.000564346
-0.000480407
-0.000199506
-0.000169517
-0.000124075
-0.00019348
-0.000233167
-0.000314816
-0.000334401
-0.000553071
-0.000483205
-0.000898609
-0.000755783
-0.00120854
-0.0013229
-0.00216026
-0.00217316
-0.0033644
-0.0034075
-0.00504923
-0.00507516
-0.00510268
-0.00760565
-0.0076005
-0.0109293
-0.0107141
-0.0155278
-0.0151485
-0.0211731
-0.0212157
-0.0202685
-0.0284255
-0.0205327
-0.016599
-0.0083744
-0.00824115
-0.00560398
-0.00241583
-0.000940036
-0.000337427
-0.000569975
-0.000573792
-0.00155584
-0.0015686
-0.000877493
-0.0022597
-0.00524723
-0.00851097
-0.00840642
-0.00381194
-0.00375023
-0.00153546
-0.00155333
-0.000572967
-0.000505754
-0.000481296
-0.000297754
-0.000480309
-0.000795176
-0.000839403
-0.00132717
-0.00132919
-0.000794837
-0.000793909
-0.000840341
-0.00132877
-0.00132942
-0.000794855
-0.000480182
-0.000297747
-0.000480523
-0.000273297
-0.000273219
-0.000273432
-0.000272297
-0.000296856
-0.000477869
-0.000480128
-0.000505122
-0.000791672
-0.000838327
-0.00132453
-0.00132772
-0.00138336
-0.0021064
-0.00217527
-0.00334633
-0.00334664
-0.00334499
-0.00334915
-0.00217461
-0.00211269
-0.00211207
-0.00138473
-0.00211097
-0.00217935
-0.00334847
-0.00335685
-0.00211474
-0.00137714
-0.00133229
-0.00135605
-0.000833978
-0.00078542
-0.000501365
-0.00047973
-0.00048401
-0.0002933
-0.000269209
-0.000271721
-0.000169311
-0.000106208
-0.000168163
-0.000171605
-0.000169809
-0.000106602
-0.000169332
-0.000171348
-0.000168085
-0.000105845
-0.000168314
-0.000271108
-0.000267412
-0.000167563
-0.000198363
-0.000124378
-7.16953e-05
-4.01762e-05
-6.27264e-05
-6.08011e-05
-6.23657e-05
-6.25466e-05
-4.04373e-05
-7.26298e-05
-8.0202e-05
-6.0831e-05
-6.30957e-05
-4.03241e-05
-7.08633e-05
-5.53526e-05
-5.47715e-05
-5.52237e-05
-7.94813e-05
-8.65804e-05
-8.45292e-05
-8.46353e-05
-8.61798e-05
-8.05844e-05
-8.6273e-05
-7.73897e-05
-5.23762e-05
-5.50693e-05
-7.055e-05
-5.46789e-05
-9.60925e-05
-0.000113307
-0.00031039
-0.000312294
-0.000878341
-0.00225964
-0.00380489
-0.00342251
-0.00506568
-0.00508862
-0.00759841
-0.00760794
-0.0076033
-0.00763951
-0.00510314
-0.00506785
-0.00507524
-0.00341064
-0.00336439
-0.00344304
-0.00217339
-0.00209789
-0.00216128
-0.00132515
-0.00121064
-0.0018949
-0.00198624
-0.00307575
-0.00458335
-0.00468929
-0.00701972
-0.00998074
-0.00992957
-0.0144057
-0.0196579
-0.0189499
-0.0263941
-0.028785
-0.0221425
-0.0160708
-0.0116429
-0.00807295
-0.00550758
-0.00365726
-0.00234519
-0.00149408
-0.000899704
-0.000756711
-0.000700926
-0.000809718
-0.000479453
-0.000430682
-0.000233783
-0.000256113
-0.00031515
-0.000553432
-0.000193535
-0.000142408
-0.000158314
-0.000169579
-0.000104441
-0.000165352
-0.000168327
-0.000199488
-0.00012372
-7.05926e-05
-4.04743e-05
-5.54644e-05
-7.432e-05
-4.41683e-05
-7.93451e-05
-8.53518e-05
-0.000112377
-7.88457e-05
-5.44165e-05
-7.69146e-05
-8.69191e-05
-8.07888e-05
-7.77746e-05
-7.8649e-05
-7.19583e-05
-0.000124903
-0.000336759
-0.000333695
-0.000924364
-0.00237037
-0.00550641
-0.00510479
-0.00764967
-0.00786913
-0.00520179
-0.00505338
-0.00369164
-0.00151249
-0.000564853
-0.00056539
-0.000925346
-0.00235775
-0.00545472
-0.00813211
-0.00759007
-0.0109477
-0.0107459
-0.0155057
-0.0156294
-0.0156108
-0.0162153
-0.0107807
-0.0109508
-0.0112468
-0.00735126
-0.00611272
-0.00833187
-0.00824937
-0.0166
-0.0167769
-0.0158325
-0.0170072
-0.0227688
-0.0174823
-0.0196077
-0.0104282
-0.00915533
-0.0109787
-0.0108263
-0.0110363
-0.020621
-0.0205753
-0.0214884
-0.014846
-0.0168961
-0.0109589
-0.0205677
-0.0300531
-0.0295478
-0.016655
-0.0162996
-0.00824782
-0.00838771
-0.0116933
-0.0117277
-0.0117127
-0.00561648
-0.0038217
-0.00381128
-0.00155542
-0.00153521
-0.00155265
-0.00156771
-0.00385017
-0.00331547
-0.00374596
-0.00152439
-0.00150937
-0.00151557
-0.00152136
-0.000564941
-0.000562404
-0.000199024
-0.000197518
-7.81238e-05
-0.000565213
-0.00372382
-0.00370652
-0.00825334
-0.00830011
-0.00838122
-0.0167135
-0.0166111
-0.0167903
-0.00833473
-0.0214621
-0.029198
-0.0266772
-0.0374679
-0.0304974
-0.0300813
-0.0478446
-0.0479157
-0.0507821
-0.068344
-0.0954637
-0.096568
-0.0534166
-0.0665737
-0.0933449
-0.0773729
-0.0585864
-0.0759685
-0.0768226
-0.059526
-0.0562562
-0.09841
-0.0788129
-0.0761794
-0.100635
-0.0855587
-0.0856273
-0.0804683
-0.0744581
-0.04951
-0.0668297
-0.045202
-0.0369481
-0.021923
-0.016682
-0.00842603
-0.00840521
-0.0110099
-0.0109749
-0.0108159
-0.0206153
-0.0205607
-0.0195996
-0.0104225
-0.0049818
-0.00786075
-0.0112421
-0.0107798
-0.0156098
-0.0151433
-0.0213426
-0.0211973
-0.0203238
-0.0283606
-0.0270531
-0.0284214
-0.0205377
-0.0109422
-0.00838388
-0.00850723
-0.01689
-0.014849
-0.0166526
-0.0162977
-0.0082467
-0.00374967
-0.0038031
-0.00225863
-0.000878031
-0.000312153
-0.000481819
-0.000564184
-0.000793477
-0.000200377
-0.000273287
-0.000170041
-8.04054e-05
-8.66865e-05
-6.27563e-05
-4.02824e-05
-7.32832e-05
-0.000126771
-0.00150512
-0.00151048
-0.00132941
-0.000925768
-0.00149298
-0.00189129
-0.00234242
-0.00237339
-0.00365468
-0.00343874
-0.00550158
-0.00468308
-0.00701083
-0.00734151
-0.00996646
-0.00806697
-0.0116305
-0.0115511
-0.00551285
-0.00368587
-0.00335616
-0.00366352
-0.00334965
-0.00547316
-0.00811788
-0.00763712
-0.00804594
-0.0109312
-0.0114193
-0.0160809
-0.0156229
-0.0160595
-0.0162001
-0.0221211
-0.0189261
-0.0263693
-0.0268921
-0.0302403
-0.0287677
-0.0218074
-0.036913
-0.0531011
-0.0537252
-0.0564467
-0.0622
-0.0574891
-0.0445511
-0.0285436
-0.0286692
-0.0214336
-0.0361711
-0.052205
-0.0628362
-0.0583814
-0.0439551
-0.0280205
-0.0158661
-0.0212091
-0.0155282
-0.0114103
-0.00547349
-0.0214041
-0.0361544
-0.0522591
-0.0630523
-0.0584667
-0.0439763
-0.0279885
-0.0158327
-0.0155252
-0.0161302
-0.00815739
-0.00370627
-0.00224254
-0.000874006
-0.000312929
-0.00026804
-0.000804681
-0.00519352
-0.0108119
-0.0202316
-0.0286081
-0.0446965
-0.0526689
-0.06441
-0.0583228
-0.0489292
-0.0545555
-0.0568501
-0.0522107
-0.0362519
-0.0359473
-0.0213006
-0.0113514
-0.00544082
-0.00235122
-0.000922211
-0.000335398
-0.000337129
-0.000125595
-0.000200608
-0.000200236
-8.00332e-05
-7.93458e-05
-7.81495e-05
-7.00209e-05
-0.000122659
-0.000331125
-0.000562415
-0.000499488
-0.000781327
-0.000793282
-0.000875625
-0.000572267
-0.000569154
-0.000194178
-0.000571629
-0.000573829
-0.000292067
-0.000102306
-8.94946e-05
-0.00017392
-0.000131337
-0.000827824
-0.00156377
-0.00155171
-0.00153342
-0.00155007
-0.00379761
-0.00374595
-0.00380174
-0.00225576
-0.0052401
-0.00524371
-0.0109469
-0.0166151
-0.015156
-0.0155308
-0.0107106
-0.0155053
-0.0212054
-0.0202566
-0.0283655
-0.0284317
-0.0211683
-0.0212333
-0.0203245
-0.0283422
-0.0286842
-0.0211931
-0.0151571
-0.0213588
-0.0217749
-0.0148005
-0.0123294
-0.0161108
-0.0115389
-0.0217866
-0.0368774
-0.0375201
-0.0450777
-0.0537237
-0.0564644
-0.0530561
-0.0622372
-0.0574922
-0.0446099
-0.028596
-0.0213689
-0.0113832
-0.0159078
-0.00806725
-0.0109431
-0.0109255
-0.0109346
-0.0109233
-0.0107355
-0.0155629
-0.0155177
-0.015153
-0.0211902
-0.0203184
-0.0285081
-0.0284103
-0.0270711
-0.0369759
-0.0371264
-0.0370354
-0.0270515
-0.0300235
-0.0295282
-0.0219172
-0.0219461
-0.028824
-0.0369495
-0.0348406
-0.0349601
-0.0639308
-0.0478684
-0.0466836
-0.0666607
-0.0743256
-0.0791654
-0.0773918
-0.0804706
-0.0806409
-0.0737538
-0.0485817
-0.0656596
-0.0436159
-0.0635265
-0.0637565
-0.0635288
-0.0638936
-0.064127
-0.05911
-0.0791171
-0.104744
-0.0534917
-0.0779615
-0.0833241
-0.08038
-0.0857331
-0.0807183
-0.0758018
-0.101908
-0.0768185
-0.0509902
-0.0564958
-0.0979359
-0.0559089
-0.0671732
-0.0507176
-0.0642032
-0.0437458
-0.036977
-0.0288451
-0.0295429
-0.0295503
-0.0300448
-0.0294915
-0.0166086
-0.0295049
-0.0288744
-0.0162965
-0.0166156
-0.0083834
-0.00848725
-0.0109499
-0.020574
-0.0205429
-0.0294985
-0.0348097
-0.0331567
-0.0299117
-0.0518061
-0.0375599
-0.0478856
-0.0472116
-0.0443422
-0.0478007
-0.0570098
-0.064128
-0.0476572
-0.0465713
-0.066853
-0.0452101
-0.043748
-0.0638886
-0.0484979
-0.0658697
-0.0738998
-0.0744383
-0.0793797
-0.0714896
-0.0790783
-0.104678
-0.0779555
-0.0804029
-0.080477
-0.0805953
-0.0807564
-0.0738962
-0.0488796
-0.0658699
-0.0762182
-0.0806513
-0.0762191
-0.0740539
-0.0488195
-0.0660844
-0.0438818
-0.0641933
-0.0645402
-0.0586604
-0.0348489
-0.0347879
-0.0584164
-0.0581247
-0.0331603
-0.0349099
-0.0347848
-0.0452402
-0.0580931
-0.0583205
-0.0586605
-0.0542648
-0.060732
-0.0438387
-0.0280618
-0.0215145
-0.0114516
-0.00547845
-0.00235898
-0.000918888
-0.0015076
-0.00211116
-0.00208949
-0.00137317
-0.00213671
-0.00384101
-0.00340187
-0.0050338
-0.00506971
-0.00509614
-0.00761579
-0.00760252
-0.00505852
-0.00341991
-0.0050677
-0.0036692
-0.00235327
-0.000925027
-0.00150873
-0.00150707
-0.000564578
-0.00367282
-0.00543789
-0.011337
-0.0212648
-0.0280871
-0.037069
-0.0369228
-0.0370398
-0.0280342
-0.0158795
-0.00805706
-0.00759896
-0.00809461
-0.0109457
-0.0108975
-0.00757188
-0.0103878
-0.00496735
-0.0168534
-0.0151202
-0.0211847
-0.0212405
-0.0159818
-0.0158298
-0.00800874
-0.0036371
-0.00148561
-0.000549108
-0.000191623
-7.80878e-05
-0.000111279
-0.000312428
-0.000894512
-0.00233359
-0.00368022
-0.00548153
-0.0115394
-0.0218081
-0.028275
-0.0442585
-0.0427107
-0.0439949
-0.0358898
-0.0360597
-0.0520729
-0.0627961
-0.0583529
-0.0440299
-0.0519041
-0.0625195
-0.0585443
-0.0519275
-0.0636537
-0.058451
-0.0635955
-0.0195293
-0.0270588
-0.0368747
-0.0270806
-0.0367318
-0.0535259
-0.0671505
-0.0762498
-0.07681
-0.0833168
-0.0807077
-0.0857059
-0.085619
-0.0855221
-0.0763645
-0.0805369
-0.0853998
-0.101792
-0.0784963
-0.0857691
-0.0921933
-0.0909488
-0.102351
-0.102371
-0.100811
-0.102059
-0.101943
-0.0631287
-0.0629722
-0.0288475
-0.0678463
-0.0535288
-0.0631187
-0.0746427
-0.00760314
-0.0426538
-0.0754051
-0.00524119
-0.00760779
-0.0197917
-0.0102123
-0.00497834
-0.00205317
-0.019953
-0.00493755
-0.00135414
-0.00210909
-0.00132976
-0.000930849
-0.101906
-0.0292023
-0.00374701
-0.00273217
-0.00329098
-4.73686e-05
-0.000275819
-0.00013262
-0.00039794
-0.00109885
-0.000801145
-9.03704e-05
-0.000837919
-0.0591856
-0.0629969
-0.0627578
-0.0534629
-0.0206436
-0.000118575
-6.30859e-05
-6.78195e-05
-0.0537933
-0.000270187
-0.00513507
-6.02973e-05
-0.032621
-0.0477392
-4.01138e-05
-0.0206212
-0.0207174
-0.00218837
-0.00436562
-8.02766e-05
-0.0159522
-0.0109659
6.99874e-05
0.000122583
0.000331051
0.000335232
0.000922102
0.00235109
0.00544021
0.0113484
0.0212921
0.0359315
0.0518778
0.0632919
0.053613
0.0704858
0.0766374
0.0551382
0.0618138
0.053066
0.0606445
0.041447
0.0476564
0.04239
0.0313691
0.0337082
0.0261161
0.0187471
0.0192921
0.0142753
0.00990402
0.00992256
0.00698927
0.0046642
0.0045781
0.00306106
0.00197822
0.00188508
0.00120361
0.000748947
0.000693883
0.000426792
0.00025353
0.000230547
0.000141029
8.44706e-05
7.8437e-05
4.3766e-05
7.37148e-05
4.02634e-05
5.52057e-05
6.2738e-05
4.02605e-05
6.07627e-05
6.25896e-05
4.05293e-05
6.22574e-05
6.20657e-05
4.04975e-05
6.21029e-05
5.89722e-05
3.92867e-05
5.91096e-05
6.57437e-05
5.769e-05
6.79928e-05
8.54977e-05
9.90554e-05
8.26243e-05
7.72458e-05
8.41644e-05
0.000105524
8.49796e-05
7.92992e-05
8.55575e-05
0.000106443
8.39889e-05
7.92677e-05
8.64212e-05
0.000105831
8.03581e-05
7.73685e-05
8.6272e-05
0.000103717
7.62863e-05
5.38483e-05
4.68688e-05
5.512e-05
8.96808e-05
0.000154252
0.000255302
0.000466314
0.000757593
0.00131993
0.00204873
0.00336201
0.00496649
0.00767876
0.0107693
0.0156985
0.0209541
0.0287778
0.0365639
0.0471479
0.0557979
0.0641116
0.0594454
0.0720446
0.0695691
0.0715187
0.0661542
0.0536961
0.101639
0.0757747
0.0804698
0.075765
0.0790687
0.09096
0.0921164
0.0855265
0.0810262
0.0813071
0.0810797
0.0855228
0.101657
0.0804617
0.0587755
0.0559328
0.0631518
0.0566929
0.0587039
0.0770154
0.102508
0.0790504
0.094606
0.0757495
0.0909579
0.0720243
0.0695661
0.064847
0.0622128
0.0502166
0.0416527
0.059221
0.0544049
0.0748738
0.0715565
0.0536537
0.066088
0.0603478
0.0583457
0.0461244
0.0370652
0.0284352
0.0211978
0.0155142
0.010906
0.00757606
0.00503792
0.00331107
0.00208687
0.00129539
0.000775447
0.000458003
0.00025937
0.000134611
0.000130757
0.000137314
0.000169234
0.000257254
0.000460878
0.000496251
0.000773193
0.0012987
0.00137198
0.00208445
0.00331192
0.00340854
0.00504067
0.00756505
0.0075908
0.0109181
0.0154873
0.0151533
0.0211922
0.0284178
0.0270872
0.0369966
0.0459645
0.0427905
0.0587429
0.0574224
0.0760488
0.068139
0.0527243
0.068534
0.0576501
0.0761487
0.0664062
0.0535219
0.0707569
0.0551369
0.0592964
0.0459743
0.0370828
0.0286263
0.0211507
0.0156783
0.0108315
0.00766292
0.00500377
0.00330114
0.00207453
0.00129355
0.000772648
0.000454937
0.000260976
0.000134677
0.000129186
0.000136402
0.000163512
0.000242548
0.000494816
0.000474482
0.000808387
0.00138747
0.00131349
0.00217652
0.00352256
0.00326653
0.00535399
0.00740033
0.00760351
0.0111647
0.0154524
0.0151524
0.0214005
0.0285111
0.0270655
0.037148
0.046532
0.0426931
0.0581222
0.0619737
0.0766349
0.062609
0.0546947
0.0863851
0.0516581
0.0605945
0.0478687
0.0415428
0.0514415
0.0572264
0.054638
0.0458457
0.0596117
0.0489687
0.0642593
0.056096
0.0353318
0.0503332
0.0462322
0.0416387
0.0622326
0.059298
0.0544041
0.0748664
0.0649492
0.0441487
0.0542552
0.0946669
0.0757383
0.0909553
0.0790617
0.102514
0.0770399
0.0587366
0.0631747
0.0566914
0.0513993
0.0683513
0.0559521
0.0563523
0.0508132
0.0504979
0.0674432
0.05596
0.0559256
0.0504432
0.0508216
0.0674364
0.0563836
0.0559228
0.0513012
0.0566986
0.0683272
0.0631507
0.058688
0.0784387
0.0770034
0.102548
0.079069
0.0909554
0.0756736
0.0804878
0.101457
0.0760798
0.0780634
0.100556
0.0780095
0.0761402
0.101427
0.0804623
0.058804
0.0781394
0.0920663
0.0855384
0.097864
0.058696
0.0528091
0.060472
0.0576269
0.0588552
0.0460479
0.0460353
0.0462082
0.0428088
0.0588737
0.0583355
0.0605191
0.0761041
0.0575425
0.0529151
0.0586416
0.0985772
0.0858064
0.0855378
0.0978298
0.0586888
0.0527911
0.0543074
0.0649421
0.062203
0.0502548
0.0352715
0.0558385
0.0441422
0.0640839
0.0489769
0.069477
0.0748643
0.0718052
0.0658087
0.0684468
0.0683736
0.0761013
0.0658803
0.0717429
0.0695113
0.0719693
0.0564851
0.0478718
0.0473916
0.0457114
0.0535775
0.0568387
0.0638828
0.0523631
0.0364294
0.0368564
0.0317943
0.042306
0.0338442
0.0379376
0.0297362
0.0216713
0.0165803
0.0147334
0.019863
0.0263223
0.0262491
0.021949
0.0289268
0.0213817
0.0122695
0.0168687
0.0156844
0.0146895
0.0226169
0.0212189
0.0287151
0.0262744
0.0308718
0.0172676
0.0195728
0.0331686
0.0347453
0.0292883
0.0367001
0.0332038
0.0470698
0.0341249
0.0205179
0.01967
0.0188297
0.0220695
0.0282638
0.0439509
0.0442342
0.0521551
0.0634324
0.0583196
0.0585165
0.0595656
0.0529293
0.0582539
0.0588053
0.0459046
0.0427767
0.0460408
0.0345895
0.0370255
0.0370335
0.0284363
0.0270891
0.0283635
0.0203197
0.0212458
0.0211618
0.015528
0.0151591
0.0154318
0.0107106
0.0109519
0.0108844
0.00758102
0.00759436
0.00754212
0.00504322
0.00504035
0.00503154
0.0033089
0.00340609
0.00330634
0.00212259
0.00207848
0.00208549
0.00129384
0.00136969
0.00129554
0.000804135
0.000770777
0.00077611
0.000458018
0.000495841
0.00046034
0.000276541
0.000256741
0.000259933
0.00013639
0.000169522
0.000137246
7.27096e-05
5.84949e-05
5.37675e-05
7.03508e-05
0.000107719
0.000106842
9.23535e-05
0.000116635
0.000220684
0.0002497
0.000424895
0.0003837
0.000720778
0.00129628
0.00106866
0.00198913
0.00325778
0.00266416
0.00458691
0.00765478
0.00756056
0.00813912
0.00503235
0.00508075
0.010432
0.0109254
0.0109284
0.0107332
0.0144678
0.0103895
0.0108863
0.0110599
0.00623828
0.00771449
0.00685153
0.00460842
0.0032066
0.00337045
0.00332004
0.00340143
0.00498098
0.00511279
0.00764667
0.00737712
0.00837544
0.00487091
0.00558814
0.0110235
0.0115997
0.0217817
0.0367545
0.0529331
0.0643103
0.0534146
0.0581908
0.0584554
0.0639232
0.0527504
0.0365475
0.0216134
0.0114867
0.00544895
0.00551025
0.00229425
0.0022673
0.00221952
0.00333391
0.00358383
0.00492548
0.00461154
0.00384286
0.00304313
0.00294071
0.00183775
0.0021258
0.00132445
0.000767215
0.000456364
0.000439762
0.000451263
0.000489692
0.000767119
0.000768373
0.00129373
0.00136519
0.00129041
0.000803649
0.000813121
0.00212016
0.00178463
0.00218792
0.0020393
0.00191544
0.0055961
0.0115039
0.0119865
0.0161958
0.021669
0.0204566
0.0283005
0.0361477
0.0213714
0.0113348
0.00541152
0.00229341
0.000867596
0.000823419
0.000774536
0.00072813
0.00118311
0.000700378
0.000459617
0.000433483
0.000371367
0.000173576
0.000106526
0.000104597
6.79244e-05
5.25413e-05
6.04758e-05
0.00013175
0.000131207
0.000155559
0.00025924
0.000254911
0.000271771
0.000456202
0.000456112
0.000459005
0.000457204
0.000496001
0.000773146
0.000774763
0.00129526
0.00137344
0.00129748
0.000805641
0.000774751
0.00049557
0.000771094
0.000802678
0.0012928
0.00129353
0.00137466
0.00208455
0.00209237
0.00331598
0.0033223
0.00331525
0.00341457
0.0050428
0.00504976
0.0075896
0.00760283
0.00760633
0.00506385
0.00506068
0.00342026
0.00332722
0.00214152
0.00209807
0.00205991
0.0021265
0.00145096
0.00368625
0.00826482
0.0116897
0.010937
0.0107329
0.0155816
0.015563
0.0155664
0.0155405
0.0151706
0.0211998
0.0212234
0.028482
0.0271075
0.0285095
0.0203095
0.0212157
0.015177
0.0212286
0.0203289
0.0285188
0.0285113
0.0271107
0.0370776
0.0370509
0.0345688
0.0370445
0.0370697
0.0345325
0.0461756
0.0370462
0.0395371
0.0307792
0.0225697
0.0167509
0.0121529
0.0209122
0.0171667
0.028737
0.0218869
0.0365552
0.0292282
0.047099
0.0327375
0.0313712
0.033686
0.0261859
0.0261038
0.0294299
0.0203347
0.0211751
0.0151138
0.015588
0.015554
0.0107294
0.0109186
0.00759665
0.00759804
0.00759228
0.00508421
0.00506075
0.00341841
0.00334475
0.0033431
0.00217486
0.00210991
0.00137294
0.00132482
0.00132809
0.00083021
0.000806023
0.000475256
0.000479643
0.000274286
0.000156579
0.000167837
0.000164653
0.00016844
0.000167722
0.000169741
0.000168483
0.000168974
0.000165456
0.000165964
0.000148534
0.000126882
7.32043e-05
7.71683e-05
0.000135142
0.000120482
0.000139796
0.00012824
5.86027e-05
6.81606e-05
6.999e-05
0.000104852
0.000286074
0.000304227
0.000275852
0.000258724
0.000134311
0.000168853
0.000136746
0.000130362
5.75792e-05
5.77134e-05
7.21278e-05
0.000136821
0.000254939
0.000268596
0.000160497
0.00018849
0.000333112
0.000931763
0.00240001
0.00557635
0.0116529
0.0218803
0.0370754
0.0646374
0.0769136
0.0488304
0.0490325
0.049004
0.0488729
0.0662393
0.0489043
0.0488961
0.0490666
0.0662507
0.0489957
0.0770491
0.0489964
0.0662508
0.0488849
0.0770537
0.0489123
0.0490915
0.0662623
0.0487871
0.0490215
0.0506013
0.0502896
0.0508822
0.067411
0.0558815
0.0563464
0.0598795
0.0782933
0.0983511
0.0560765
0.0674167
0.0504216
0.0769454
0.064649
0.0587071
0.09749
0.078335
0.101556
0.0762273
0.0597319
0.056128
0.0760377
0.0858709
0.0811387
0.0758655
0.0599956
0.0738596
0.0813593
0.085792
0.100625
0.0771847
0.0759158
0.0781812
0.0921008
0.0858771
0.0974475
0.0561386
0.0560756
0.0674084
0.0505407
0.0502352
0.0559027
0.0563433
0.0598469
0.0782696
0.100648
0.0771713
0.0983226
0.0585358
0.0587174
0.0646376
0.0769178
0.0488309
0.048849
0.0770166
0.0644
0.0585271
0.0528544
0.0523204
0.0633337
0.0584143
0.0642612
0.0526732
0.0364812
0.0361863
0.0213691
0.0113435
0.00539866
0.00229201
0.000865749
0.000296027
0.000295997
0.00028902
0.000140746
0.000172711
0.00024426
0.000302812
0.000130419
0.000130622
8.2919e-05
5.24241e-05
5.31378e-05
5.55984e-05
4.54469e-05
7.04117e-05
5.1385e-05
5.20407e-05
7.144e-05
6.76483e-05
5.11593e-05
5.78906e-05
6.75856e-05
7.34888e-05
5.64122e-05
6.47512e-05
6.74657e-05
7.41401e-05
5.67903e-05
6.48539e-05
6.71857e-05
7.3e-05
5.64694e-05
6.36772e-05
6.88246e-05
8.94933e-05
5.50059e-05
5.2544e-05
7.15306e-05
7.09099e-05
5.43164e-05
4.5036e-05
6.81349e-05
8.56103e-05
9.92654e-05
8.28544e-05
5.90037e-05
3.93137e-05
5.93321e-05
6.58694e-05
5.78353e-05
0.000127077
7.33309e-05
7.7313e-05
0.000135428
0.000221227
0.000245801
0.000438553
0.000713817
0.000770478
0.00129407
0.00200823
0.00206807
0.00334179
0.00492349
0.00490031
0.0076509
0.0107255
0.0103421
0.015673
0.0209007
0.0196175
0.0287487
0.0365325
0.0327367
0.0471196
0.055811
0.0477117
0.0641007
0.0594604
0.0489338
0.0545935
0.0515297
0.0530772
0.0580075
0.0606783
0.0510235
0.0423648
0.0313614
0.0336333
0.0260927
0.0187233
0.0192147
0.0142625
0.00985631
0.00987566
0.0069677
0.00465862
0.00454316
0.00304699
0.00196123
0.00185811
0.00118323
0.000728822
0.000658735
0.000405268
0.000233169
0.000198717
0.000142614
0.000148803
0.000166182
0.00016583
0.00010576
8.51736e-05
8.41768e-05
7.74393e-05
6.24466e-05
4.04981e-05
6.19399e-05
6.25213e-05
4.03818e-05
6.22646e-05
6.02259e-05
4.00599e-05
6.33642e-05
6.03061e-05
5.63361e-05
6.96096e-05
5.36129e-05
5.61968e-05
5.43346e-05
5.63744e-05
5.49962e-05
5.53501e-05
5.39126e-05
5.3482e-05
5.79374e-05
6.4352e-05
9.71305e-05
6.35353e-05
6.42411e-05
9.78693e-05
6.37502e-05
6.3346e-05
9.61918e-05
6.24299e-05
6.61164e-05
8.93939e-05
5.50941e-05
5.3971e-05
5.22125e-05
6.33316e-05
0.000114676
6.27422e-05
6.34926e-05
0.0001186
6.3467e-05
6.46624e-05
0.0001189
6.29728e-05
6.44784e-05
0.000117186
0.00018856
0.000304384
0.000276459
0.000459894
0.000487297
0.0004765
0.000813267
0.000378666
0.000460183
0.000800283
0.000818453
0.000770534
0.000476301
0.000282335
0.000260137
0.00027108
0.000455279
0.000286223
0.000227523
0.000268959
0.000139968
0.000128431
0.000137041
0.000160728
0.000255163
0.000172606
0.000296936
0.000871237
0.00230972
0.00544366
0.0114433
0.0215487
0.0157925
0.0158044
0.0160025
0.00804228
0.00834372
0.0063045
0.00468108
0.00732891
0.0079618
0.00357692
0.00361414
0.00144969
0.00143413
0.000515081
0.000523065
0.000170544
9.7027e-05
0.000105833
4.78041e-05
5.79733e-05
5.83718e-05
0.000131175
6.92949e-05
5.23357e-05
5.43894e-05
7.01252e-05
4.76871e-05
5.81109e-05
5.76933e-05
4.74035e-05
5.78232e-05
5.87162e-05
5.93996e-05
6.82907e-05
7.00949e-05
0.000104977
0.000120889
7.22418e-05
0.000107241
0.000107382
0.000171859
0.000171386
0.000515595
0.00143943
0.00358621
0.00796458
0.00811469
0.0107912
0.0202209
0.0338667
0.0476825
0.056597
0.058201
0.0446564
0.0439518
0.0439171
0.0279777
0.0279756
0.0285889
0.0370186
0.0395311
0.0307518
0.0225561
0.0167353
0.0146645
0.0211878
0.0286091
0.0262719
0.0300187
0.0348499
0.0344915
0.0461518
0.0586425
0.0977545
0.0757396
0.0527424
0.0453931
0.0454091
0.0465266
0.0349188
0.0205718
0.0109394
0.00521849
0.00223749
0.00086414
0.000304592
0.000284028
0.00025624
0.00027811
0.000198536
0.000334848
0.000513756
0.000861774
0.000843072
0.000847748
0.000286877
0.000103323
9.11701e-05
5.40051e-05
4.54638e-05
7.40093e-05
5.30024e-05
5.32774e-05
6.14031e-05
6.51568e-05
5.75921e-05
4.85501e-05
5.44234e-05
4.92862e-05
5.94006e-05
5.27413e-05
6.65728e-05
7.3052e-05
5.58604e-05
5.63795e-05
6.60794e-05
8.12851e-05
6.28344e-05
6.41961e-05
6.60313e-05
8.2385e-05
6.35654e-05
6.50036e-05
6.4512e-05
8.06501e-05
6.27776e-05
6.41691e-05
8.16414e-05
6.35268e-05
6.24828e-05
7.98672e-05
6.31501e-05
6.32597e-05
9.60244e-05
5.50878e-05
5.42796e-05
5.48739e-05
6.3912e-05
0.000118665
6.3588e-05
6.36089e-05
0.000124623
6.43249e-05
6.51417e-05
0.00012486
0.000194281
0.000336674
0.000332793
0.000930635
0.00239905
0.00557631
0.0116525
0.0218805
0.0370763
0.0348689
0.0345682
0.0370578
0.0395751
0.0286685
0.0446804
0.043962
0.0583655
0.0428103
0.046228
0.0454025
0.0439605
0.0371103
0.0348369
0.0344939
0.0205499
0.0202523
0.010935
0.0106775
0.00522792
0.0050468
0.00224578
0.00213368
0.000868676
0.000807612
0.000306553
0.000277325
0.00012269
0.000121778
0.00010963
5.99915e-05
6.59964e-05
0.000123471
5.69797e-05
5.65445e-05
7.13267e-05
0.000135499
0.000135535
0.000129897
5.79946e-05
5.77764e-05
7.22601e-05
0.000122284
0.000120479
0.000303007
0.000865437
0.00224681
0.00523537
0.0109349
0.0205484
0.0205623
0.0348556
0.0348614
0.0205377
0.0202825
0.0286533
0.0211993
0.0146656
0.0156206
0.010915
0.0115886
0.00817373
0.0053401
0.00356975
0.0027055
0.00492656
0.00428429
0.00765421
0.00606017
0.0107338
0.00905589
0.0156745
0.0103463
0.00985861
0.00988347
0.00729561
0.00697015
0.00780696
0.00508011
0.00502526
0.00339844
0.00335169
0.00333933
0.00217066
0.00210244
0.00138173
0.00132435
0.000837642
0.000793243
0.000504626
0.000480317
0.000479403
0.000296689
0.000270866
0.000167513
0.000267389
0.000291499
0.000477884
0.000477949
0.000792716
0.000499365
0.000781318
0.000827814
0.00213699
0.00225047
0.00240093
0.00557752
0.0116545
0.0218818
0.0370755
0.0646263
0.0768867
0.0504413
0.0561103
0.0673783
0.056029
0.0595844
0.0760176
0.0772375
0.101103
0.0772199
0.0760337
0.101562
0.0535681
0.0666239
0.0761215
0.0575073
0.0527985
0.058688
0.042759
0.0458449
0.0459697
0.0345473
0.0370913
0.0270399
0.0285195
0.0285554
0.0203588
0.021761
0.0146043
0.0160417
0.0112099
0.00730736
0.00783545
0.00518279
0.00327889
0.00343137
0.00215316
0.00131769
0.0013478
0.00148665
0.00364405
0.00802296
0.015847
0.0280697
0.037954
0.0261762
0.0294621
0.019531
0.0331487
0.0348569
0.0586577
0.0977345
0.0559538
0.0631326
0.0683119
0.0566991
0.0586694
0.0770065
0.0784408
0.101585
0.0858427
0.0858127
0.0858418
0.0810799
0.0814161
0.0758808
0.0599791
0.0738748
0.0816122
0.0812469
0.0769612
0.0503839
0.0560363
0.0981162
0.0584184
0.0586727
0.0973723
0.0560999
0.0595946
0.0761133
0.0781815
0.0921066
0.0945996
0.0542298
0.0331381
0.0195188
0.0103794
0.0109244
0.0106992
0.0109298
0.0109184
0.0109388
0.00760013
0.00762287
0.00504749
0.00508479
0.00362987
0.00805346
0.0109366
0.00761222
0.00837765
0.0166101
0.0168632
0.0300326
0.02955
0.0289233
0.0219436
0.0166178
0.0163124
0.0116954
0.00837654
0.00849481
0.00383542
0.00379157
0.00559909
0.0024112
0.00154399
0.00155478
0.00154666
0.00379684
0.00523444
0.0109453
0.0107175
0.0166081
0.0219427
0.0371093
0.0644067
0.0454009
0.0439601
0.064069
0.0370997
0.0219869
0.0117316
0.0116957
0.0056002
0.00241214
0.0022481
0.00213595
0.00208582
0.00208926
0.0021351
0.00333221
0.00208433
0.00220351
0.00139253
0.000812764
0.000486864
0.000378186
0.000713067
0.000680858
0.00129345
0.00107633
0.00200798
0.00181141
0.00334263
0.00206802
0.00196072
0.00185801
0.00130514
0.00118291
0.00132209
0.000818101
0.000770277
0.000496329
0.000475908
0.000472909
0.000294964
0.000270854
0.000171173
0.000273647
0.000297006
0.000272552
0.000171221
0.000272488
0.000310281
0.000333244
0.000932474
0.000938322
0.000931644
0.0023996
0.00557549
0.0116516
0.0218787
0.0370741
0.0295292
0.0205292
0.0202487
0.0109179
0.0106774
0.0155847
0.0109092
0.0115784
0.00816661
0.00533592
0.00356796
0.0032905
0.00503719
0.0076087
0.00733554
0.00848238
0.0103749
0.00904567
0.0195117
0.0331301
0.0292031
0.0542332
0.0441203
0.0465142
0.0683271
0.0513029
0.0503727
0.0760808
0.0738741
0.0738903
0.0759587
0.0857928
0.078217
0.0761271
0.0503428
0.0643843
0.0371113
0.0289227
0.0295321
0.0295341
0.0300229
0.0465166
0.0416295
0.059313
0.0446492
0.0528788
0.0642795
0.0534461
0.0584582
0.058195
0.0563901
0.0477871
0.0339719
0.0366699
0.0216786
0.0115171
0.0054701
0.00231215
0.00229354
0.000858016
0.000292239
0.00010684
4.74577e-05
6.97985e-05
5.41395e-05
5.27085e-05
6.70256e-05
7.40035e-05
5.66181e-05
5.65413e-05
6.59702e-05
8.23452e-05
6.35692e-05
6.42038e-05
6.59288e-05
8.35263e-05
6.51158e-05
6.41365e-05
8.15983e-05
6.45152e-05
6.42509e-05
9.7778e-05
5.57623e-05
5.48383e-05
5.50609e-05
6.34612e-05
0.000118868
6.30255e-05
6.27546e-05
0.00012485
0.000194285
0.000336675
0.000937646
0.00086879
0.000306173
0.000275826
0.000258331
0.000168371
0.000255263
0.000167516
0.000160101
0.000502968
0.000508807
0.00144293
0.001443
0.00361188
0.00801788
0.015851
0.0158826
0.0162306
0.0280285
0.0280068
0.0439532
0.0286022
0.0262645
0.0202941
0.0108327
0.00517314
0.00219992
0.000827104
0.000868427
0.000295417
0.000107038
4.73391e-05
6.8963e-05
5.54938e-05
5.11849e-05
6.69728e-05
7.29244e-05
5.64149e-05
5.55187e-05
6.44395e-05
8.05867e-05
6.44288e-05
6.4323e-05
9.70286e-05
5.50893e-05
5.3816e-05
5.33944e-05
5.78506e-05
0.000117099
6.72148e-05
5.67676e-05
4.97069e-05
6.06608e-05
6.02142e-05
4.95628e-05
6.00775e-05
5.22113e-05
6.92322e-05
4.66319e-05
4.93027e-05
5.69237e-05
5.75935e-05
6.88672e-05
6.50471e-05
0.000121751
0.000190639
0.000568786
0.00154559
0.00379351
0.00837399
0.00824247
0.0163127
0.0219463
0.0116987
0.0056017
0.00562115
0.00824209
0.00824226
0.0163123
0.0166057
0.0168491
0.0205726
0.034913
0.0295487
0.0289222
0.0439601
0.0454041
0.0643925
0.0770011
0.0371093
0.0219438
0.0116969
0.00560085
0.00374334
0.00379183
0.00521802
0.00504739
0.00224059
0.00213415
0.0033281
0.00208373
0.00220314
0.00139278
0.000681086
0.000819415
0.00212705
0.00181076
0.00219738
0.00515729
0.0036575
0.00146894
0.000828054
0.000279096
9.90008e-05
0.000524546
0.000772561
0.00130247
0.00132265
0.00155928
0.00383605
0.00495789
0.00428009
0.00523713
0.0109473
0.00838218
0.0166207
0.0151536
0.0212198
0.0202759
0.0211695
0.0155425
0.0107169
0.0109169
0.0109382
0.0155162
0.015523
0.0107347
0.010916
0.0109475
0.0155625
0.021243
0.0203183
0.0211782
0.0284211
0.0283874
0.0284627
0.0284217
0.0202754
0.0211846
0.0212317
0.0151549
0.0155277
0.0107118
0.0109199
0.0109362
0.00759749
0.00760651
0.00508363
0.00505619
0.00506173
0.00505769
0.00506751
0.0050883
0.00761166
0.0076007
0.00759803
0.00760392
0.00509356
0.00505295
0.00506954
0.00761367
0.0075659
0.0108875
0.0112099
0.0107326
0.015594
0.015108
0.0211684
0.0217674
0.0203413
0.0285734
0.0284995
0.0371382
0.034561
0.0369474
0.0270719
0.0370803
0.0344906
0.0369539
0.027081
0.0370991
0.0345014
0.0369985
0.0286442
0.030772
0.0171777
0.0225851
0.0146708
0.0156223
0.0167658
0.00907421
0.0116037
0.00734406
0.0081989
0.00430397
0.00535494
0.00329904
0.0033565
0.00216846
0.0021049
0.00210637
0.00334703
0.00341802
0.00334904
0.00217265
0.00210714
0.00211174
0.0033437
0.00341849
0.00334615
0.00217155
0.00210201
0.00211083
0.00334175
0.00339841
0.00502525
0.00517988
0.00508153
0.00763291
0.00780398
0.00729286
0.00605715
0.00799972
0.0115231
0.0158164
0.0217602
0.0280335
0.0366604
0.0438159
0.0534956
0.0459281
0.0570823
0.0458061
0.0863105
0.0547274
0.0625195
0.0619436
0.0550132
0.0529215
0.0581709
0.0593446
0.0426583
0.0458438
0.0460548
0.0458208
0.0459894
0.0460788
0.0461767
0.0502156
0.0292279
0.0395606
0.0262722
0.030027
0.0465161
0.0453904
0.0439596
0.0453995
0.0454001
0.0349115
0.0205746
0.0168526
0.016624
0.0109488
0.00848445
0.00733886
0.00762628
0.00503987
0.00329247
0.00383701
0.00522141
0.00505572
0.00224159
0.000865739
0.000806016
0.00130183
0.000772338
0.00047619
0.000459076
0.000523421
0.000512895
0.000169686
0.000256898
0.000171886
0.000278393
9.88154e-05
5.92876e-05
7.07654e-05
7.14284e-05
4.4994e-05
6.87161e-05
8.94065e-05
5.48899e-05
5.2464e-05
7.05553e-05
5.58962e-05
5.1925e-05
5.66816e-05
5.86563e-05
5.96987e-05
5.90592e-05
5.68178e-05
4.91754e-05
7.02554e-05
5.29855e-05
5.14796e-05
6.83597e-05
5.98134e-05
6.05321e-05
4.96585e-05
5.75858e-05
6.92397e-05
6.76713e-05
5.70866e-05
0.000119726
0.00018743
0.000567956
0.000568519
0.000937286
0.000568068
0.00056885
0.000190703
0.00013548
6.44105e-05
0.000121855
6.90285e-05
7.11606e-05
6.42771e-05
0.000125068
0.000194447
0.000191038
0.000122002
5.66989e-05
0.00013759
0.000139825
0.000137518
0.000134883
0.000120742
6.37056e-05
6.74287e-05
5.42693e-05
0.000113558
0.00030979
0.000874003
0.00225352
0.00523788
0.00495991
0.00212755
0.000819365
0.000799992
0.000454812
0.000282009
0.00025988
0.000166311
0.000271958
0.000193829
0.000554133
0.0007928
0.000834752
0.000788876
0.000504272
0.000478785
0.000479654
0.000561746
0.000915675
0.00234325
0.0054326
0.0113412
0.0212853
0.0359259
0.0518717
0.0632642
0.0583487
0.0626613
0.0766335
0.0618282
0.0551262
0.0528826
0.0582296
0.0427601
0.0458219
0.0344384
0.0369974
0.0270718
0.0283912
0.0283768
0.0203139
0.0212221
0.0151193
0.0155861
0.0107479
0.0109102
0.00763116
0.00509396
0.00503985
0.00335534
0.0021671
0.00209049
0.00150835
0.00368189
0.00506589
0.00340257
0.00334848
0.00225529
0.00524032
0.0109523
0.0205788
0.0349148
0.0586771
0.0973665
0.0582555
0.0528894
0.0592326
0.0426769
0.0464987
0.0346825
0.0370459
0.028254
0.0442032
0.0439292
0.0585178
0.0683384
0.0761279
0.0575203
0.0593547
0.0666499
0.0683505
0.0530024
0.0628481
0.0585118
0.0593709
0.0439258
0.0441916
0.0580555
0.04268
0.0465079
0.0458611
0.0345422
0.0369814
0.0270705
0.0283702
0.0202537
0.0211854
0.0151532
0.0155156
0.0155012
0.0107349
0.0109378
0.00757266
0.00762147
0.00509576
0.00506132
0.00759456
0.00760057
0.010923
0.00759772
0.0109324
0.00804683
0.0158587
0.0212095
0.0279957
0.037006
0.0358522
0.0518517
0.02799
0.0282366
0.0370167
0.0270374
0.0285608
0.0284948
0.0203079
0.0211884
0.0151518
0.0155004
0.0107066
0.0109337
0.0109493
0.0205585
0.0348286
0.0295511
0.0295517
0.0289219
0.0295309
0.0348374
0.0205579
0.0109474
0.00524063
0.00379933
0.00225324
0.000873997
0.000570934
0.000865734
0.000806941
0.000568687
0.00154487
0.00153125
0.00153119
0.00374336
0.00242341
0.000943905
0.000340708
0.000568194
0.00153136
0.00374354
0.00380005
0.00838401
0.0052416
0.00225746
0.00241301
0.000938418
0.000336917
0.00013685
0.000191423
0.000571586
0.000570901
0.00155952
0.00132286
0.0014706
0.00366948
0.00814123
0.0161317
0.00155025
0.000877088
0.000311907
0.000114661
0.000191265
0.000571696
0.000568209
0.00153143
0.00241271
0.0037436
0.00824266
0.0163127
0.0166103
0.0205404
0.0109305
0.00837688
0.00848934
0.0168577
0.0166247
0.0083847
0.00380049
0.0038414
0.00379694
0.00522955
0.00497
0.0103906
0.0076415
0.00817002
0.0115029
0.0215882
0.0364844
0.0526502
0.0642866
0.0584507
0.0680643
0.0685937
0.0527857
0.0633277
0.0585571
0.0663192
0.0707438
0.0535166
0.101508
0.0783669
0.0762343
0.059699
0.0761742
0.0595668
0.0575349
0.0528561
0.0586809
0.0588562
0.0427576
0.0438677
0.0520492
0.0633624
0.0583571
0.063841
0.0568135
0.0522568
0.0362947
0.0346688
0.0369943
0.0379655
0.0476019
0.0465402
0.0441466
0.0360808
0.0281986
0.0270226
0.021541
0.0114656
0.00547886
0.00546461
0.00362449
0.00231444
0.00146581
0.00214728
0.00215552
0.00207863
0.00132531
0.00131865
0.000835192
0.000788814
0.0007932
0.000496466
0.000473465
0.000295278
0.000270972
0.000272162
0.00016643
0.000193944
0.000319409
0.000290791
0.000176491
0.000527843
0.00086895
0.000903788
0.00234827
0.00149663
0.00366746
0.0080758
0.0159441
0.0213782
0.0113924
0.00545657
0.00235277
0.000919236
0.000553943
0.000560462
0.000480045
0.000479303
0.000297194
0.000272261
0.000273659
0.000171233
0.000169156
0.000168733
0.000106579
8.34942e-05
8.55915e-05
7.95123e-05
5.51919e-05
6.83358e-05
5.87253e-05
5.68076e-05
4.97655e-05
6.90111e-05
5.56066e-05
5.10533e-05
6.87501e-05
6.03077e-05
6.07137e-05
5.2066e-05
5.59848e-05
6.72776e-05
6.89546e-05
5.55755e-05
0.000121805
0.000190738
0.000333116
0.000134929
0.000136836
0.00033686
0.000568155
0.000571528
0.000309854
0.000113648
0.000191372
0.000311811
0.000876944
0.00225702
0.00155002
0.00138213
0.00132699
0.00132536
0.000837874
0.000792532
0.000794644
0.000504425
0.000480434
0.00047948
0.000295032
0.000269862
0.000271949
0.000170946
0.000167303
0.00010505
7.87732e-05
8.70435e-05
7.92101e-05
5.50377e-05
6.79208e-05
7.06269e-05
7.08951e-05
6.83669e-05
5.91532e-05
6.02651e-05
5.9708e-05
7.09034e-05
5.92488e-05
5.81633e-05
6.81328e-05
6.64563e-05
5.67116e-05
5.73113e-05
5.68316e-05
7.11557e-05
7.11585e-05
5.84444e-05
5.65487e-05
5.71118e-05
7.17458e-05
7.03729e-05
7.07143e-05
6.96032e-05
5.23002e-05
7.51016e-05
8.90019e-05
8.36728e-05
0.000173779
0.000131232
0.000281858
0.000243526
0.000508006
0.000394674
0.000828109
0.000700199
0.00142022
0.00109284
0.00221938
0.00183141
0.00359948
0.00272142
0.0037119
0.0055117
0.00547005
0.0114097
0.0214062
0.0361632
0.0522548
0.0439325
0.058395
0.052752
0.0591891
0.0416445
0.0622464
0.0441366
0.0648243
0.0489082
0.0545761
0.0515765
0.0570799
0.0459748
0.0510546
0.0438352
0.0568381
0.0862302
0.0626694
0.0547945
0.102545
0.0639047
0.0583586
0.052196
0.0362516
0.0215246
0.0159774
0.0155746
0.0212039
0.00809597
0.0114637
0.00548616
0.00236154
0.000919175
0.00056262
0.00056392
0.000791791
0.000838003
0.00132617
0.00132681
0.00210887
0.00138231
0.00210691
0.00150531
0.00366481
0.00542912
0.0113203
0.0212356
0.0158523
0.0159581
0.0212348
0.0215022
0.0362355
0.0366842
0.0438216
0.0510722
0.0414756
0.0476393
0.0346574
0.0379553
0.0280457
0.0217719
0.0187446
0.0192351
0.0145962
0.0160036
0.0107292
0.0108887
0.00756759
0.00762936
0.00760801
0.0050911
0.00505378
0.00341762
0.00334053
0.00217148
0.00211101
0.00150192
0.00149717
0.00207844
0.00136949
0.00132452
0.00131768
0.00210992
0.00132599
0.00214676
0.00215489
0.00340658
0.00304718
0.00454517
0.0032669
0.00517885
0.00362315
0.00546433
0.00465937
0.0049027
0.00799836
0.0115252
0.0158186
0.0142703
0.0217634
0.0114418
0.00546716
0.00234338
0.00231377
0.00146506
0.000868576
0.000728562
0.000658465
0.000459818
0.000404933
0.000198459
0.000142422
0.000270813
0.000176177
0.000290473
0.000232921
0.000245496
0.000437919
0.000220782
0.000227279
0.000527405
0.000901846
0.000318451
0.000116872
9.87235e-05
7.19827e-05
6.63769e-05
7.62878e-05
0.000123312
0.000331811
0.000335926
0.000922398
0.0023484
0.00366042
0.00366832
0.00506771
0.00807902
0.010944
0.00804134
0.0033435
0.0050656
0.000199145
7.95828e-05
7.09625e-05
0.000125083
7.21567e-05
7.98878e-05
0.00020006
0.000198424
0.000124208
7.15705e-05
7.81326e-05
7.80817e-05
0.000191556
0.000549026
0.000894292
0.000312453
0.000111284
0.000770114
0.0112073
0.0196356
0.0423886
0.0606459
0.0530409
0.0515675
0.0570793
0.0459774
0.0477703
0.0534924
0.0568246
0.0458132
0.054581
0.0862396
0.0547817
0.0639011
0.0521881
0.0595
0.0719919
0.0155106
0.0212034
0.0015505
0.00156343
0.00154907
0.000571121
0.00087319
0.000309344
0.000190971
0.000194086
0.00013423
0.000113334
0.000189246
0.00057361
0.000875228
0.000483811
0.000790433
0.000790883
0.000834619
0.0013267
0.0013309
0.00151753
0.00237888
0.0023642
0.00365635
0.00803324
0.0158322
0.0279459
0.0279774
0.0286126
0.0446603
0.0582254
0.056674
0.0476862
0.0338803
0.0202533
0.0161459
0.0158348
0.00803054
0.00365495
0.00149919
0.00138197
0.00132695
0.00132798
0.00149939
0.000927766
0.000338027
0.000333418
0.000124158
0.00011737
9.89359e-05
7.21676e-05
7.65184e-05
6.65974e-05
7.97673e-05
7.13654e-05
0.000198804
0.000198519
0.000560438
0.000930501
0.000337338
0.000125174
0.000126224
7.28386e-05
7.94539e-05
7.77062e-05
7.18672e-05
0.000196702
0.00056317
0.000477278
0.00087389
0.00224521
0.00520211
0.0108334
0.0103919
0.00490433
0.00208786
0.000312758
0.000114089
6.62801e-05
8.94968e-05
0.000268942
0.000793295
0.0001622
0.000167764
0.000112952
0.000114634
0.000169788
0.000102314
0.000292011
0.000504291
0.0121636
0.0196284
0.032727
0.0477622
0.0748869
0.0544364
0.0602531
0.0760762
0.0574648
0.0587494
0.0352514
0.021885
0.00233791
0.0054914
0.0115629
0.0218098
0.0367108
0.0534991
0.0458044
0.0542425
0.0945963
0.058087
0.0427806
7.06239e-05
6.75506e-05
0.00335341
0.00340655
0.00326684
0.00270514
0.00136958
0.00132256
0.00130576
0.00107696
0.0414476
0.0352588
0.0261631
0.0294057
0.0218769
0.0766473
0.00607418
0.000794466
0.0370211
0.0283923
0.0371086
0.0459887
0.0592482
0.0587107
0.0458845
0.0704694
7.1207e-05
0.0673834
0.0504388
0.0674045
0.0508327
0.0512207
0.014586
0.0159944
0.0121461
0.0161004
0.00837164
6.83298e-05
6.52029e-05
6.50623e-05
6.84789e-05
0.0171481
0.0587753
7.25707e-05
0.00143633
0.00129106
0.000120687
0.00922178
0.0159029
0.000684862
0.0527647
0.0531044
)
;

boundaryField
{
    face
    {
        type            calculated;
        value           nonuniform List<scalar> 
217
(
-0.08
-0.08
-0.08
-0.08
-0.08
-0.08
-0.08
-0.08
-0.08
-0.08
-0.08
-0.08
-0.08
-0.08
-0.08
-0.08
-0.08
-0.08
-0.08
-0.08
-0.08
-0.08
-0.08
-0.08
-0.08
-0.08
-0.08
-0.08
-0.08
-0.08
-0.08
-0.08
-0.08
-0.08
-0.08
-0.08
-0.08
-0.08
-0.08
-0.08
-0.08
-0.08
-0.08
-0.08
-0.08
-0.08
-0.08
-0.08
-0.08
-0.08
-0.08
-0.08
-0.08
-0.08
-0.08
-0.08
-0.08
-0.08
-0.08
-0.08
-0.08
-0.08
-0.08
-0.08
-0.08
-0.08
-0.08
-0.08
-0.08
-0.08
-0.08
-0.08
-0.08
-0.08
-0.08
-0.08
-0.08
-0.08
-0.08
-0.08
-0.08
-0.08
-0.08
-0.08
-0.08
-0.08
-0.08
-0.08
-0.08
-0.08
-0.08
-0.08
-0.08
-0.08
-0.08
-0.08
-0.08
-0.08
-0.08
-0.08
-0.08
-0.08
-0.08
-0.08
-0.08
-0.08
-0.08
-0.08
-0.08
-0.08
-0.08
-0.08
-0.08
-0.08
-0.08
-0.08
-0.08
-0.08
-0.08
-0.08
0.08
0.08
0.08
0.08
0.08
0.08
0.08
0.08
0.08
0.08
0.08
0.08
0.08
0.08
0.08
0.08
0.08
0.08
0.08
0.08
0.08
0.08
0.08
0.08
0.08
0.08
0.08
0.08
0.08
0.08
0.08
0.08
0.08
0.08
0.08
0.08
0.08
0.08
0.08
0.08
0.08
0.08
0.08
0.08
0.08
0.08
0.08
0.08
0.08
0.08
0.08
0.08
0.08
0.08
0.08
0.08
0.08
0.08
0.08
0.08
0.08
0.08
0.08
0.08
0.08
0.08
0.08
0.08
0.08
0.08
0.08
0.08
0.08
0.08
0.08
0.08
0.08
0.08
0.08
0.08
0.08
0.08
0.08
0.08
0.08
0.08
0.08
0.08
0.08
0.08
0.08
0.08
0.08
0.08
0.08
0.08
0.08
)
;
    }
    outlet
    {
        type            calculated;
        value           nonuniform List<scalar> 
217
(
-5.14237e-05
-5.06917e-05
-5.44623e-05
-5.18435e-05
-5.53525e-05
-5.22702e-05
-5.13928e-05
-5.07505e-05
-5.44961e-05
-5.54285e-05
-5.19565e-05
-5.25044e-05
-5.04163e-05
-5.15513e-05
-5.19682e-05
-5.11823e-05
-5.18023e-05
-5.42594e-05
-5.51467e-05
-5.5109e-05
-5.60025e-05
-5.47412e-05
-5.18083e-05
-5.22163e-05
-5.1163e-05
-5.13586e-05
-5.27803e-05
-5.27923e-05
-5.44049e-05
-5.28807e-05
-5.15788e-05
-5.44871e-05
-5.29835e-05
-5.2882e-05
-5.45049e-05
-5.16147e-05
-5.30448e-05
-5.45958e-05
-5.31258e-05
-5.31479e-05
-5.18997e-05
-5.27085e-05
-5.59768e-05
-5.21353e-05
-5.19699e-05
-5.65567e-05
-5.26381e-05
-5.23901e-05
-6.23444e-05
-5.17906e-05
-5.3126e-05
-5.53743e-05
-5.27742e-05
-5.33255e-05
-5.68385e-05
-5.2739e-05
-5.20698e-05
-5.61178e-05
-5.19915e-05
-5.2703e-05
-5.66589e-05
-5.25114e-05
-6.24112e-05
-5.20333e-05
-5.3249e-05
-5.53732e-05
-5.3131e-05
-5.32074e-05
-5.68799e-05
-5.23665e-05
-5.17455e-05
-5.63418e-05
-6.1886e-05
-5.2104e-05
-5.15208e-05
-5.49222e-05
-5.28702e-05
-5.25109e-05
-5.67284e-05
-5.30322e-05
-5.17833e-05
-5.26387e-05
-5.5888e-05
-5.26967e-05
-5.27872e-05
-5.70427e-05
-5.30347e-05
-5.25101e-05
-5.65273e-05
-5.33697e-05
-5.2308e-05
-5.55436e-05
-5.28631e-05
-5.24022e-05
-5.31849e-05
-5.7147e-05
-6.29363e-05
5.02223e-05
5.0892e-05
5.13673e-05
5.12828e-05
5.15798e-05
5.39239e-05
5.46407e-05
5.47078e-05
5.53924e-05
5.44616e-05
5.32288e-05
5.32352e-05
5.15331e-05
5.04792e-05
5.07745e-05
5.05966e-05
5.02321e-05
5.09543e-05
5.0783e-05
5.53775e-05
5.42384e-05
5.31683e-05
5.49408e-05
5.37949e-05
5.06861e-05
5.08414e-05
5.10767e-05
5.08552e-05
5.43057e-05
5.49599e-05
5.32042e-05
5.38195e-05
5.55982e-05
5.07325e-05
5.09954e-05
5.13393e-05
5.27811e-05
5.27861e-05
5.44215e-05
5.29161e-05
5.23132e-05
5.45733e-05
5.36216e-05
5.00405e-05
5.07171e-05
5.29636e-05
5.45963e-05
5.23837e-05
5.36835e-05
5.01001e-05
5.07722e-05
5.47324e-05
5.37047e-05
5.38092e-05
5.28998e-05
5.05996e-05
5.00803e-05
5.08631e-05
5.00511e-05
4.98754e-05
6.18348e-05
5.20981e-05
5.22877e-05
5.61439e-05
5.16893e-05
5.16562e-05
5.57246e-05
5.25835e-05
5.24693e-05
5.71596e-05
5.2777e-05
5.48089e-05
5.28547e-05
5.14078e-05
5.20146e-05
4.86539e-05
4.95243e-05
4.90687e-05
4.94585e-05
4.88189e-05
4.88335e-05
4.97779e-05
4.97911e-05
4.92372e-05
4.92508e-05
4.79147e-05
5.41981e-05
5.06742e-05
6.04144e-05
5.68215e-05
5.30657e-05
5.23104e-05
5.2384e-05
5.56716e-05
5.29065e-05
5.29571e-05
5.23404e-05
5.62662e-05
5.20274e-05
5.16457e-05
5.61171e-05
5.16047e-05
5.69474e-05
6.00351e-05
5.20268e-05
5.31676e-05
5.62497e-05
5.22201e-05
5.23812e-05
5.62151e-05
5.16744e-05
5.16994e-05
5.70249e-05
6.01886e-05
5.20632e-05
5.34122e-05
5.1954e-05
4.86295e-05
4.9437e-05
4.90293e-05
)
;
    }
    wall
    {
        type            calculated;
        value           nonuniform List<scalar> 
1558
(
-0.011069
-0.00527306
-0.0118025
-0.0118035
-0.00560745
-0.00560348
-0.058728
-0.0525575
-0.038541
-0.0359488
-0.0226416
-0.021434
-0.0119022
-0.011261
-0.00563832
-0.0053282
-0.0022687
-0.000883486
-0.002409
-0.0024069
-0.000941041
-0.00094179
-0.000316811
-0.000115709
-0.000341577
-0.000343148
-0.000127036
-0.000128492
-6.6842e-05
-7.28311e-05
-7.4286e-05
-0.0024157
-0.00227936
-0.000941162
-0.000881575
-0.000341051
-0.000314667
-0.000126973
-0.00011521
-0.0508075
-0.0592269
-0.059
-0.0352826
-0.0209384
-0.0382625
-0.0383531
-0.0224097
-0.0224219
-7.29178e-05
-6.67817e-05
-0.0478856
-0.0478007
-0.030463
-0.0300556
-0.0167769
-0.0166
-0.00833187
-0.00824937
-0.0478187
-0.0483395
-0.030236
-0.0313625
-0.0167068
-0.0171569
-0.00828635
-0.00844383
-0.00374701
-0.0037063
-0.00152629
-0.00151043
-0.000566661
-0.000563431
-0.000198351
-0.000199679
-7.85893e-05
-8.03024e-05
-0.00371626
-0.00377574
-0.00151236
-0.00153142
-0.000563382
-0.000565732
-0.000199497
-0.000197362
-8.02766e-05
-7.83818e-05
-0.000759591
-0.00133178
-0.000789991
-0.000253755
-0.000466461
-0.000271565
-9.0454e-05
-0.000154815
-8.91322e-05
-0.0558605
-0.0497882
-0.0611515
-0.0566601
-0.068239
-0.0557518
-0.0548477
-0.0533605
-0.0547234
-0.054776
-0.0522698
-0.0478446
-0.0336937
-0.0385752
-0.0292425
-0.0199683
-0.0215034
-4.04329e-05
-5.71446e-05
-5.61134e-05
-6.07368e-05
-6.40655e-05
-6.05126e-05
-6.27104e-05
-0.0158441
-0.0104538
-0.0108902
-0.00771129
-0.00494296
-0.00498956
-0.054512
-0.0551251
-0.0530059
-0.0532571
-0.0621437
-0.0688906
-0.0540442
-0.0469271
-0.04043
-0.0487215
-0.034737
-0.0221835
-0.0301187
-0.0204919
-0.0110615
-0.0161575
-0.010735
-0.00505156
-0.00782642
-0.00495244
-0.00337639
-0.00209839
-0.00206127
-0.00132816
-0.000802165
-0.00076455
-0.000470859
-0.000271768
-0.000258341
-0.000155944
-9.05125e-05
-9.06264e-05
-5.56124e-05
-5.66668e-05
-4.02741e-05
-4.03774e-05
-0.00206292
-0.00339914
-0.00213492
-6.27545e-05
-6.07289e-05
-6.43894e-05
-6.11321e-05
-0.0581776
-0.0584151
-0.0594798
-0.000114833
-0.00033855
-0.000339822
-0.000125811
-0.000127038
-6.66272e-05
-7.22305e-05
-7.3483e-05
-0.0507821
-0.0591437
-0.0586677
-0.0379731
-0.0386183
-0.0223118
-0.0228452
-0.0391286
-0.0231883
-0.0117426
-0.0119104
-0.0055655
-0.00561081
-0.011993
-0.00559901
-0.0351984
-0.0208737
-0.0381357
-0.038079
-0.0223156
-0.0222415
-0.0110288
-0.00525097
-0.0117457
-0.0117078
-0.00557708
-0.00555744
-0.00238571
-0.00239314
-0.000931183
-0.000926296
-0.00236293
-0.0008972
-0.000338332
-0.000332903
-0.000125857
-0.000123622
-0.000312314
-0.000111722
-0.00225745
-0.000878157
-0.002394
-0.00238652
-0.000934098
-0.000933468
-0.000314503
-7.24544e-05
-7.0726e-05
-0.0479157
-0.0478446
-0.0304974
-0.0300813
-0.0167903
-0.0166111
-0.00833473
-0.00825334
-0.0479621
-0.0480223
-0.0302166
-0.0308416
-0.0468229
-0.0308822
-0.0167135
-0.0169788
-0.00830011
-0.00838122
-0.0168601
-0.00829166
-0.00374596
-0.00370652
-0.00152439
-0.00150937
-0.000565213
-0.000562404
-0.000197518
-0.000199024
-7.81238e-05
-7.97915e-05
-0.00372382
-0.00374863
-0.00151557
-0.00152136
-0.00370827
-0.00150003
-0.000564941
-0.000564538
-0.000200215
-0.000198872
-0.000550461
-0.000191592
-8.04318e-05
-7.8679e-05
-7.85567e-05
-0.00201732
-0.000745918
-0.00025541
-8.43007e-05
-0.00337601
-0.00205906
-0.00209516
-0.0013273
-0.000763181
-0.000801145
-0.000470313
-0.000257713
-0.000270964
-4.04119e-05
-4.08028e-05
-0.0531553
-0.0418311
-0.038091
-0.0271697
-0.0204375
-0.0147334
-0.0101547
-0.00714844
-6.06784e-05
-6.37362e-05
-6.04338e-05
-6.24757e-05
-0.00465073
-0.00309374
-0.00189486
-0.00121652
-0.000694423
-0.000426887
-0.000227853
-0.000142116
-6.30928e-05
-6.10563e-05
-6.36465e-05
-5.58953e-05
-7.88287e-05
-7.50159e-05
-4.44416e-05
-0.0546385
-0.0552895
-0.0534629
-0.0537925
-0.0570638
-0.0537933
-0.0556015
-0.0473149
-0.000155639
-9.04589e-05
-9.03704e-05
-5.55593e-05
-5.66213e-05
-4.01138e-05
-4.05604e-05
-0.0558589
-0.0567087
-0.0611338
-0.0497476
-0.068344
-0.0557482
-0.054921
-0.0534917
-0.0547348
-0.0548828
-0.052463
-0.033155
-0.0194714
-0.0101948
-0.00470711
-0.0478757
-0.0385802
-0.0336678
-0.0292623
-0.0215062
-0.019953
-0.0158505
-0.0108889
-0.0104433
-0.00771255
-0.0049874
-0.00493755
-0.0567767
-0.0477068
-0.06441
-0.0630523
-0.0526689
-0.0522591
-0.0338641
-0.0202316
-0.036469
-0.0361544
-0.0215727
-0.0214041
-0.000112368
-7.22966e-05
-7.06746e-05
-0.0108119
-0.00519352
-0.0114923
-0.0114103
-0.00550754
-0.00547349
-0.0628362
-0.0622
-0.052205
-0.0531011
-0.0537252
-0.0361711
-0.036913
-0.0214336
-0.0218074
-0.0374949
-0.0221211
-0.0114193
-0.0115511
-0.00547316
-0.00551285
-0.0116305
-0.00550158
-0.00224254
-0.000874006
-0.00237845
-0.00236849
-0.000931003
-0.000930849
-0.000312929
-0.00011421
-0.000337742
-0.000339486
-0.000125398
-0.000126771
-6.63453e-05
-7.20173e-05
-7.32832e-05
-0.00236622
-0.00237339
-0.000929024
-0.000925768
-0.00234242
-0.000898609
-0.000338458
-0.000334401
-0.000125716
-0.000124075
-0.000314816
-0.0583228
-0.0584667
-0.0446965
-0.0439763
-0.0286081
-0.0279885
-0.0161302
-0.0158327
-0.00815739
-0.0080275
-0.0583814
-0.0574891
-0.0564467
-0.0439551
-0.0445511
-0.0280205
-0.0285436
-0.0450669
-0.0287677
-0.0158661
-0.0160809
-0.00804594
-0.00811788
-0.0160595
-0.00806697
-0.00370627
-0.00365452
-0.0015162
-0.00150023
-0.000563335
-0.000561369
-0.000196808
-0.000198892
-7.77886e-05
-7.96629e-05
-0.00366352
-0.00368587
-0.00150512
-0.00151048
-0.00365468
-0.00149298
-0.000564184
-0.000564346
-0.000200377
-0.000199506
-0.000553071
-0.00019348
-8.04054e-05
-7.88103e-05
-7.88862e-05
-0.0684068
-0.0677107
-0.0694457
-0.0657383
-0.0687282
-0.0797279
-0.05176
-0.05675
-0.0421716
-0.0354165
-0.0263693
-0.0196355
-0.0143892
-0.00996646
-0.00701083
-6.03311e-05
-6.33496e-05
-6.02973e-05
-6.20217e-05
-0.00457635
-0.00307146
-0.00189129
-0.00120854
-0.000699262
-0.000429938
-0.000233167
-0.000142132
-6.27563e-05
-6.07043e-05
-6.33216e-05
-5.54064e-05
-7.9245e-05
-7.42884e-05
-4.41235e-05
-0.0594565
-0.0722134
-0.0641214
-0.0477392
-0.0557769
-0.0540707
-0.0529485
-0.0471694
-0.032621
-0.0365626
-0.0287296
-0.0197917
-0.0208635
-8.52932e-05
-4.02889e-05
-4.04217e-05
-0.0157108
-0.0102123
-0.0107679
-0.00764447
-0.00497834
-0.00493732
-0.0539326
-0.0534908
-0.047925
-0.0320254
-0.0189261
-0.00991546
-0.00468308
-0.00336585
-0.00205317
-0.00205336
-0.00131773
-0.000804681
-0.00075733
-0.000467079
-0.00026804
-0.000255577
-0.000154352
-8.93491e-05
-8.97927e-05
-5.51953e-05
-5.62993e-05
-4.00177e-05
-4.02824e-05
-0.00198289
-0.000755783
-0.000255494
-0.0696683
-0.0716977
-0.0662858
-0.0684351
-0.0635955
-0.0535259
-0.0522107
-0.0636537
-0.0625195
-0.0519275
-0.0519041
-0.0367318
-0.0362519
-0.0218081
-0.0215145
-0.00545472
-0.00550641
-0.0116429
-0.00550758
-0.00235775
-0.00237037
-0.0359473
-0.0358898
-0.0213006
-0.0212648
-0.0115394
-0.0114516
-0.00548153
-0.00547845
-0.0113514
-0.011337
-0.00544082
-0.00543789
-0.000925346
-0.000924364
-0.00234519
-0.000899704
-0.000336759
-0.000333695
-0.000124903
-0.00012372
-0.00031515
-0.000112377
-7.19583e-05
-7.05926e-05
-0.00233359
-0.00235898
-0.000894512
-0.000918888
-0.00235122
-0.00235327
-0.000922211
-0.000925027
-0.000312428
-0.000331125
-0.000111279
-0.000122659
-0.000335398
-0.000337129
-0.000124378
-0.000125595
-0.0627961
-0.0622372
-0.0520729
-0.0530561
-0.0537237
-0.0360597
-0.0368774
-0.0213689
-0.0217866
-0.0375201
-0.0221425
-0.0113832
-0.0115389
-7.00209e-05
-7.16953e-05
-7.26298e-05
-0.0568501
-0.058451
-0.0585443
-0.0438387
-0.0280618
-0.0442585
-0.0439949
-0.028275
-0.0280342
-0.0158298
-0.00800874
-0.0159818
-0.0158795
-0.00809461
-0.00805706
-0.0583529
-0.0574922
-0.0564644
-0.0440299
-0.0446099
-0.0280871
-0.028596
-0.0450777
-0.028785
-0.0159078
-0.0161108
-0.00806725
-0.00813211
-0.0160708
-0.00807295
-0.0036371
-0.00148561
-0.00368022
-0.0036692
-0.0015076
-0.00150707
-0.000549108
-0.000191623
-0.000562415
-0.000564578
-0.000198363
-0.000200236
-7.80878e-05
-7.81495e-05
-8.00332e-05
-0.00367282
-0.00369164
-0.00150873
-0.00151249
-0.00365726
-0.00149408
-0.00056539
-0.000564853
-0.000200608
-0.000199488
-0.000553432
-0.000193535
-8.0202e-05
-7.8649e-05
-7.88457e-05
-0.0545958
-0.0459701
-0.0545656
-0.0529135
-0.0312941
-0.0188849
-0.00992957
-0.00468929
-0.00975325
-0.00472291
-0.00198624
-0.000756711
-0.000256113
-8.53518e-05
-4.03241e-05
-4.04743e-05
-0.00194927
-0.000758142
-0.0691943
-0.0658777
-0.0686242
-0.0797719
-0.0517502
-0.0567855
-0.0422018
-0.0354499
-0.0263941
-0.0196579
-0.0144057
-0.00998074
-0.00701972
-0.00453878
-0.00307215
-0.00189034
-0.00119905
-0.000693223
-0.000427706
-0.000230857
-0.000141135
-7.85051e-05
-4.37927e-05
-7.37248e-05
-5.52252e-05
-6.27264e-05
-6.08011e-05
-6.23657e-05
-0.00458335
-0.00307575
-0.0018949
-0.00121064
-0.000700926
-0.000430682
-0.000233783
-0.000142408
-6.25466e-05
-6.0831e-05
-6.30957e-05
-5.54644e-05
-7.93451e-05
-7.432e-05
-4.41683e-05
-0.000252813
-8.43509e-05
-0.0540615
-0.0535249
-0.0479515
-0.0320605
-0.0189499
-4.02438e-05
-4.01762e-05
-4.04373e-05
-0.0457615
-0.0863014
-0.0571628
-0.0626207
-0.071108
-0.0666774
-0.0687893
-0.0510189
-0.0424631
-0.0337168
-0.0260729
-0.0191825
-0.0143227
-0.00992218
-0.00694861
-0.0680226
-0.0680567
6.62801e-05
0.000114089
7.18672e-05
7.28386e-05
0.000125174
0.000126224
0.000312758
0.00087389
0.00545657
0.00547886
0.00231444
0.00546461
0.0113924
0.0114656
0.000337338
0.000338027
0.000930501
0.000927766
0.00224521
0.00520211
0.00237888
0.0023642
0.0055117
0.00547005
0.0213782
0.021541
0.0115231
0.0217602
0.0360808
0.0362947
0.0520492
0.0522568
0.0366604
0.0534956
0.0633624
0.063841
0.0108334
0.0202533
0.0115029
0.0114097
0.0215882
0.0214062
0.0338803
0.0476862
0.0364844
0.0361632
0.0526502
0.0522548
7.13654e-05
6.65974e-05
0.000124158
0.00011737
9.89359e-05
0.000333418
0.000319409
0.000919236
0.000903788
0.000290791
0.00086895
0.00235277
0.00234827
0.056674
0.0642866
0.0633277
7.77062e-05
7.94539e-05
0.000196702
0.000198519
0.00056317
0.000560438
0.00151753
0.00149919
0.0037119
0.00365495
7.97673e-05
7.65184e-05
7.21676e-05
0.000198804
0.000193944
0.000560462
0.000553943
0.000176491
0.000527843
0.00149939
0.00149663
0.00365635
0.00366746
0.00146581
0.00362449
0.00817002
0.00803054
0.0161459
0.0158348
0.0286126
0.0279774
0.0446603
0.0439325
0.0582254
0.0584507
0.00803324
0.0080758
0.0158322
0.0159441
0.00799972
0.0158164
0.0279459
0.0281986
0.0438677
0.0441466
0.0280335
0.0438159
0.0585571
0.0583571
0.0568135
0.000127077
0.000198717
0.000405268
0.000658735
0.00118323
0.00185811
0.00304699
0.00454316
0.0695691
0.0715187
0.0661542
0.0680643
0.0069677
0.00987566
0.0142625
0.0192147
0.0260927
0.0336333
0.0423648
0.0510235
0.0685937
0.0663192
0.0707438
0.0625195
0.0570823
0.0863105
0.0458061
0.0535166
0.0547274
0.0103919
0.0156985
0.0107693
0.0196284
0.0287778
0.0209541
0.032727
0.0471479
0.0365639
0.0477622
0.0641116
0.0557979
4.04981e-05
3.93137e-05
7.33309e-05
0.000233169
0.000728822
0.0594454
0.0720446
0.0536961
0.0527857
6.03061e-05
6.33642e-05
6.02259e-05
6.22646e-05
6.25213e-05
6.19399e-05
6.24466e-05
5.90037e-05
5.93321e-05
6.58694e-05
5.78353e-05
5.512e-05
5.63361e-05
8.94968e-05
0.000154252
8.96808e-05
4.00599e-05
4.03818e-05
0.000268942
0.000466314
0.000255302
0.000793295
0.00131993
0.000757593
0.00196123
0.00465862
0.00208786
0.00336201
0.00204873
0.00490433
0.00767876
0.00496649
0.00985631
0.0187233
0.0313614
0.0459281
6.99874e-05
0.000111284
0.000122583
7.15705e-05
7.21567e-05
0.000124208
0.000125083
0.000312453
0.000331051
0.000894292
0.000919175
0.000335232
0.000335926
0.000922102
0.000922398
0.0534924
0.0632642
0.0639011
0.00233791
0.00236154
0.0054914
0.00548616
0.00235109
0.0023484
0.00544021
0.00542912
7.09625e-05
6.63769e-05
0.000123312
0.000116872
9.87235e-05
0.000331811
0.000318451
0.000915675
0.000901846
0.000290473
0.000868576
0.00234325
0.00234338
0.0054326
0.00546716
0.00231377
0.00546433
0.0115629
0.0114637
0.0218098
0.0215246
0.0113484
0.0113203
0.0212921
0.0212356
0.0367108
0.0362516
0.0534991
0.052196
0.0359315
0.0358522
0.0518778
0.0518517
0.0639047
0.0632919
0.0628481
0.0113412
0.0114418
0.0212853
0.0215022
0.0115252
0.0217719
0.0359259
0.0362355
0.0518717
0.0521881
0.0366842
7.80817e-05
7.81326e-05
7.98878e-05
0.000191556
0.000549026
0.000198424
0.00020006
0.00056262
0.00056392
0.00148665
0.00364405
0.00150835
0.00150531
0.00368189
0.00366481
7.95828e-05
7.62878e-05
7.19827e-05
0.000199145
0.000193829
0.000561746
0.000554133
0.000176177
0.000527405
0.00150192
0.00149717
0.00366042
0.00366832
0.00146506
0.00362315
0.00802296
0.015847
0.00809597
0.00804683
0.0159774
0.0158587
0.0280697
0.0438352
0.028254
0.0279957
0.0442032
0.0439292
0.0568381
0.0583586
0.0585178
0.00804134
0.00807902
0.0158523
0.0159581
0.00799836
0.0158186
0.02799
0.0282366
0.0439258
0.0441916
0.0280457
0.0438216
0.0585118
0.0583487
0.0568246
0.00118291
0.00185801
0.00304718
0.00454517
0.00698927
0.00992256
0.0142753
0.0192921
0.0261161
0.0337082
0.04239
0.0510546
0.0570799
0.0458044
0.0862302
0.0626694
0.0704858
0.0666499
0.0683384
0.00697015
0.00988347
0.0142703
0.0192351
0.0261038
0.033686
0.0423886
0.0510722
0.0683505
0.0666239
0.0704694
0.0626613
0.0570793
0.0862396
0.0458132
4.02634e-05
8.44706e-05
4.02605e-05
4.05293e-05
0.00025353
0.000748947
0.0459774
0.0535681
0.0547817
0.00197822
0.0046642
4.04975e-05
3.92867e-05
7.32043e-05
0.000232921
0.000728562
0.00196072
0.00465937
0.00990402
0.0187471
0.0313691
0.0459748
0.0547945
0.053613
0.0530024
0.00985861
0.0187446
0.0313712
4.3766e-05
7.37148e-05
7.8437e-05
5.52057e-05
6.2738e-05
6.07627e-05
6.25896e-05
0.000141029
0.000230547
0.000426792
0.000693883
0.00120361
0.00188508
0.00306106
0.0045781
6.22574e-05
6.20657e-05
6.21029e-05
5.89722e-05
5.91096e-05
6.57437e-05
5.769e-05
0.000126882
0.000198459
0.000404933
0.000658465
0.000103323
9.11701e-05
0.0477871
0.0366699
0.0365475
0.0528788
0.0527504
0.0563901
0.0642795
0.0639232
9.88154e-05
0.000107038
0.00010684
0.000286877
0.00027811
0.000847748
0.000843072
0.000861774
0.00229425
0.0022673
0.00551025
0.00558814
0.00221952
0.00358383
0.000278393
0.000827104
0.000295417
0.000292239
0.000868427
0.000858016
0.00219992
0.00517314
0.00231215
0.00229354
0.0054701
0.00544895
0.0115997
0.0110235
0.0217817
0.0205179
0.0367545
0.0341249
0.0529331
0.0478718
0.0108327
0.0202941
0.0115171
0.0114867
0.0216786
0.0216134
0.0339719
0.0643103
0.0564851
0.000171886
0.000169686
0.000523421
0.000512895
0.0014706
0.001443
0.00366948
0.00361188
0.000167516
0.000160101
0.000508807
0.000502968
0.000513756
0.00144293
0.00145096
0.00362987
0.00368625
0.00143633
0.00333391
0.00814123
0.00801788
0.0161317
0.015851
0.0286022
0.0280068
0.0446492
0.0439532
0.058195
0.0584582
0.00805346
0.00826482
0.0158826
0.0162306
0.0280285
0.0286685
0.043962
0.0446804
0.0584554
0.0581908
5.65445e-05
5.69797e-05
4.66319e-05
5.25413e-05
6.79244e-05
0.000104597
4.54638e-05
5.40051e-05
0.0558385
0.0640839
0.0477703
0.0595
0.0719919
0.0534461
0.0527647
6.81606e-05
5.86027e-05
0.000135142
7.71683e-05
5.92876e-05
5.77134e-05
5.75792e-05
4.73391e-05
0.000433483
0.000700378
0.000334848
0.00118311
0.00183775
0.00294071
0.00384286
0.069477
0.0718052
0.0658087
0.0684468
0.0683736
0.0658803
0.0717429
0.0695113
5.77764e-05
5.79946e-05
4.74577e-05
0.000173576
0.000198536
0.00072813
0.00771449
0.00191544
0.00461154
0.00492548
0.000220782
0.000437919
0.000245496
0.000713067
0.00129345
0.000770114
0.00200798
0.00334263
0.00206802
0.00492656
0.00765421
0.0049027
0.0110599
0.0159029
0.0108863
0.0213817
0.0289268
0.01967
0.0367001
0.0470698
0.0332038
0.056096
0.0642593
0.0473916
0.0107338
0.0156745
0.0103463
0.0209122
0.028737
0.0196356
0.0365552
0.047099
0.0327375
0.0534146
0.0596117
0.0719693
0.00219738
0.00515729
0.00230972
0.00229201
0.00544366
0.00539866
0.000105833
9.7027e-05
8.2919e-05
0.000295997
0.00028902
0.000867596
0.000823419
0.000140746
0.00229341
0.00218792
0.00541152
0.0055961
0.0107912
0.0202209
0.0114433
0.0113435
0.0215487
0.0213691
0.0338667
0.0476825
0.0364812
0.0361863
0.0526732
0.0523204
0.056597
0.0642612
0.0633337
0.0113348
0.0115039
0.0213714
0.021669
0.0119865
0.0220695
0.0361477
0.0364294
0.0521551
0.0523631
0.0368564
0.0535775
9.90008e-05
0.000107241
0.000107382
0.000279096
0.000828054
0.000296936
0.000296027
0.000871237
0.000865749
0.0634324
0.0638828
0.000172606
0.000171386
0.000524546
0.000515595
0.00146894
0.00143943
0.0036575
0.00358621
0.000171859
0.000170544
0.000515081
0.000523065
0.000130622
0.00143413
0.00144969
0.00357692
0.00361414
0.00811469
0.00796458
0.0161004
0.0157925
0.0285889
0.0279756
0.0446564
0.0439518
0.058201
0.0584143
0.0079618
0.00804228
0.0158044
0.0160025
0.00834372
0.0161958
0.0279777
0.0283005
0.0439171
0.0442342
0.0282638
0.0439509
0.0585165
0.0583196
0.0568387
0.000424895
0.00129628
0.000720778
0.000774536
0.00024426
0.000172711
0.00325778
0.00198913
0.0020393
0.00458691
0.00468108
0.0107255
0.0103421
0.015673
0.0209007
0.0196175
0.0287487
0.0365325
0.0327367
0.0471196
0.055811
0.0477117
0.0641007
0.0594604
0.0720243
0.0536537
0.0527243
0.0103895
0.0188297
0.0317943
0.0457114
6.82907e-05
7.7313e-05
0.000135428
5.87162e-05
5.93996e-05
5.78232e-05
5.76933e-05
4.74035e-05
5.81109e-05
5.83718e-05
4.76871e-05
0.000221227
0.000245801
0.000438553
0.000713817
0.000770478
0.00129407
0.0535219
0.0546947
9.23535e-05
0.000130419
0.0695661
0.0715565
0.066088
0.068139
0.00756056
0.0063045
0.0107332
0.0144678
0.019863
0.0263223
0.0338442
0.042306
0.0514415
0.068534
0.0664062
0.0707569
0.062609
0.0572264
0.0863851
0.0458457
0.00200823
0.00206807
0.00334179
0.00492349
0.00490031
0.0076509
5.79733e-05
5.84949e-05
4.78041e-05
5.37675e-05
5.55984e-05
4.54469e-05
5.31378e-05
5.24241e-05
)
;
    }
}


// ************************************************************************* //
