/*--------------------------------*- C++ -*----------------------------------*\
| =========                 |                                                 |
| \\      /  F ield         | OpenFOAM: The Open Source CFD Toolbox           |
|  \\    /   O peration     | Version:  2306                                  |
|   \\  /    A nd           | Website:  www.openfoam.com                      |
|    \\/     M anipulation  |                                                 |
\*---------------------------------------------------------------------------*/
FoamFile
{
    version     2.0;
    format      ascii;
    arch        "LSB;label=32;scalar=64";
    class       volScalarField;
    location    "2";
    object      gradTx;
}
// * * * * * * * * * * * * * * * * * * * * * * * * * * * * * * * * * * * * * //

dimensions      [0 -1 0 1 0 0 0];

internalField   nonuniform List<scalar> 
5322
(
-0.251627
0.00571593
0.0069758
0.000800933
-0.000125254
-0.000164477
1.1003e-05
0.000137504
8.47623e-05
-0.000203476
-0.00100609
0.011005
0.0169516
-0.233468
-0.0061845
0.40632
-0.319278
-0.00503721
-0.243599
0.157018
-0.213478
0.185659
-0.196369
0.197413
-0.199956
0.192045
-0.19245
0.199609
-0.196622
0.196632
-0.186579
0.211905
-0.159195
0.242545
0.00343031
0.30432
0.21455
-0.0855578
0.240499
-0.0138073
-0.228084
0.229367
-0.0138854
-0.244032
0.242517
-0.00834453
-0.259381
0.226506
-0.00572811
-0.271853
-0.268192
-0.389493
-0.121653
0.261212
-0.0166559
-0.431359
-0.0122548
0.412247
-0.00494688
-0.411946
-0.00177597
0.40148
-0.00231917
-0.404624
-0.000146916
0.39533
0.00502015
-0.400706
0.0172481
0.328145
0.0130212
-0.350315
0.396933
-0.410815
0.39548
-0.402734
0.403519
-0.402683
0.4584
-0.330267
0.161836
-0.213764
-0.138216
0.240019
0.0249492
-0.136085
0.15896
-0.427988
-0.161551
0.510153
-0.0219328
0.00955387
0.0176311
0.0796125
0.365936
-0.0850959
-0.010414
-0.0419674
0.163899
-0.379514
-0.379913
0.849015
-0.0412597
0.282249
0.459415
-0.00573611
0.0027676
0.00379121
0.00229867
0.00112474
0.000444651
-0.000123026
-0.00118211
-0.0028981
0.00455674
-0.00153716
-0.134154
-0.132366
0.0140102
0.0843649
0.00479225
0.128712
-0.153955
-0.0115349
-0.0354572
0.238668
0.196328
0.0545988
0.153506
0.099234
0.0754614
0.164811
0.0832132
0.0892731
0.16768
0.0728498
0.140486
0.190607
0.21607
0.00928194
-0.158382
0.00873254
0.105502
-0.127818
-0.137131
0.0196017
0.0566648
0.0311789
-0.107322
-0.117954
0.0220686
0.035137
0.042347
-0.116397
-0.110438
0.0222514
0.0230995
0.067048
-0.127753
0.166685
-0.359317
-0.481633
0.415087
-0.486079
-0.020354
-0.334462
0.00268195
0.32606
-0.0783103
0.388622
0.192648
0.28727
-0.430506
0.167992
-0.370943
0.246773
0.321731
-0.393501
0.00881191
-0.334553
0.294443
0.366512
-0.389494
-0.00242893
-0.32645
0.310679
0.379558
-0.389
-0.000777356
-0.324603
0.316184
0.383991
-0.39121
5.2837e-05
-0.326592
0.315664
0.384752
-0.396882
0.000435445
-0.33217
0.310528
0.382703
-0.405581
0.00101952
-0.339258
0.300559
0.377374
-0.412475
0.00242508
-0.340985
0.28225
0.35236
-0.0769392
0.15658
-0.376719
-0.384169
0.854239
-0.0293501
-0.0321597
0.019728
0.0859295
0.363568
-0.067185
-0.0066975
-0.0748874
0.14915
-0.383834
-0.377528
0.849345
-0.0497283
0.282329
-0.01073
0.00466581
0.00454957
0.00292894
0.00152482
0.000661299
-4.08282e-06
-0.00109178
-0.00263294
0.00454732
-0.00140929
0.106604
-0.118329
0.117913
-0.107104
0.000214954
0.107219
-0.101332
-0.000569273
-0.127636
7.08783e-05
-0.107244
-8.29436e-05
0.101069
0.00397323
0.119203
-0.00973608
-0.128883
0.000421597
0.127457
-0.000131652
-2.1452e-05
0.225762
-0.388056
0.387589
-0.383352
0.403554
-0.412863
0.431766
-0.430448
0.437306
-0.435466
0.439257
-0.437397
0.441551
-0.438131
0.444608
-0.437109
0.446212
-0.42846
0.439609
-0.235536
0.0049559
0.237747
0.00640882
-0.428855
0.417008
0.00216443
-0.433433
0.42715
0.00147018
-0.432149
0.428569
0.000974963
-0.429463
0.427638
0.000677486
-0.427145
0.425601
0.000706135
-0.424443
0.421062
0.00113377
-0.417175
0.406239
0.00128902
-0.388039
0.000228177
0.387905
-0.406494
-0.00182757
-0.402955
0.38277
-0.000719545
-0.227689
-0.0147959
0.231598
-0.401881
0.388022
-0.40862
0.410463
-0.417827
0.417333
-0.41928
0.420342
-0.419781
0.423904
-0.419665
0.429309
-0.416431
0.434648
-0.401787
0.43134
-0.232114
-0.0498174
0.100948
0.0127368
-0.400358
0.360347
0.00505071
-0.394544
0.381367
0.000723612
-0.38262
0.381068
-0.000471
-0.378028
0.378443
-0.000664595
-0.376777
0.377756
-0.00192591
-0.375717
0.378389
-0.00487775
-0.370593
0.373432
-0.0112612
-0.344986
0.31587
0.00680913
-0.114477
0.19483
0.320382
0.0102146
0.0398686
-0.0585693
0.163917
-0.505633
0.383649
-0.481093
-0.323953
-0.400546
0.0103984
0.263762
0.291727
-0.420014
0.162431
-0.376939
-0.0280115
0.0201948
-0.152582
0.0130543
-0.00616097
-0.161882
0.0165111
-0.0261391
-0.382445
-0.414783
0.299257
-0.38806
0.00498702
0.354044
-0.38593
0.372689
-0.386237
0.00273943
0.37957
-0.389096
0.380825
-0.395235
0.0147856
0.378099
-0.402508
0.370459
-0.403652
0.0833736
0.0194991
0.0125131
0.0131678
0.00633903
0.0155326
0.39081
-0.413032
0.00319054
-0.335007
0.275982
0.384759
-0.40514
0.00724474
-0.355706
0.247257
0.49416
-0.0581878
0.0093129
-0.41193
-0.380135
0.803868
-0.0498934
0.0133812
0.0225221
-0.245364
0.0561472
0.192954
-0.199716
0.01641
0.207152
-0.187916
0.00259955
0.201696
-0.192867
-0.00035877
0.192915
-0.187226
-0.00499519
0.200821
-0.181109
-0.0122886
0.211799
-0.142509
-0.0205615
0.250399
0.095081
0.0703204
-0.0184907
-0.00962942
0.0985743
-0.0433431
0.443997
-0.474375
0.463541
-0.473329
-0.306438
-0.397362
-0.000935398
0.30331
0.382697
-0.397103
-0.00219341
-0.307689
0.00259738
0.000227807
0.00335245
-0.000322763
0.00659792
0.0254707
0.0235759
0.0428272
-0.0125097
0.0067734
0.178339
0.283367
0.236329
0.0798795
0.35931
0.143026
0.0670585
0.019994
0.0128087
-0.00577954
-0.00367629
0.00369449
0.00600745
-0.0563778
-0.000869952
0.0649792
-0.0599988
0.469368
-0.475456
0.472135
-0.484719
-0.317932
-0.407108
0.00111575
0.300838
0.392436
-0.400563
0.000135321
-0.309527
0.00450232
0.00199193
0.000502982
0.000344575
0.000867712
0.0015398
0.00244936
0.0019703
0.00526395
0.00802194
0.0764349
-0.00133568
-0.000499581
-0.00245746
0.000420762
0.00101835
-0.0100938
0.0234251
-0.270101
-0.000676216
0.00371166
0.000174916
-0.00365724
0.412928
-7.11421e-05
-0.431582
0.417128
-0.421098
-0.00148323
0.431075
3.18971e-06
-0.437245
0.42475
-0.425302
-0.000618108
0.436513
0.000246787
-0.439042
0.427972
-0.426817
2.74188e-05
0.439017
0.000471326
-0.441154
0.431017
-0.426964
0.00064386
0.440605
0.000390688
-0.443881
0.434562
-0.424453
0.00154969
0.439997
-0.000847763
-0.444416
0.436126
-0.413772
0.00246084
0.428748
-0.00378329
-0.436002
0.429829
-0.235886
-0.000288755
0.234226
-0.0143702
-0.0298938
-0.0314163
-0.0327892
-0.410902
0.102525
0.0912565
-0.0349873
-0.0721059
-0.0359609
-0.469352
0.0988653
-0.120052
-0.201215
-0.0737565
-0.0577284
-0.0604229
-0.025727
-0.011497
0.00189806
-0.000465805
-0.0093168
-0.0116454
-0.00682949
-0.0132535
-0.0263006
0.00465123
0.209431
0.245571
0.240815
0.277458
0.343131
0.32668
0.255514
0.257196
0.167804
-0.149231
0.0481697
-0.0175106
-0.012264
0.0437209
-0.130105
-0.000354878
-0.000204592
-0.000420486
3.27586e-05
-0.0821861
-0.0936329
-0.0927947
-0.0831924
0.0824717
-0.0700085
0.00259882
0.0932215
-0.0804428
-0.0807704
0.00257846
0.0928794
-5.66152e-06
1.46631e-05
4.0863e-05
4.5716e-05
-0.00245578
0.00329008
-0.00168397
-0.000927515
-0.000118437
0.000508191
0.00127066
0.00541176
0.00400025
0.00217811
0.0094638
-0.0026605
0.0567088
-0.0809192
0.479381
-0.49471
0.492296
-0.0102483
-0.144628
-0.0216231
0.0398386
-0.00429654
-0.00957143
-0.00504859
-0.0276017
-0.0577742
-0.115212
-0.263276
-0.269167
-0.670791
-0.316675
-0.276908
-0.0094302
-0.109181
0.0857983
-0.542047
-0.32389
-0.151487
0.245548
0.0197774
0.0128183
-0.25679
0.271759
0.00159422
-0.032148
-0.282122
0.273077
0.000477737
-0.0358402
-0.275318
0.272175
0.00234831
-0.058746
-0.26269
0.194062
-0.154589
0.126616
0.0959829
0.283385
-0.133151
-0.0770683
0.0421163
0.170631
-0.558301
-0.0310931
-0.326901
0.284777
0.262312
0.250363
0.314305
0.15202
0.0345536
0.121456
0.183683
0.303551
-0.141457
0.0291763
0.225288
-0.194005
0.000221668
0.1972
-0.199977
-0.00250716
0.191376
-0.19556
-0.00146785
0.190232
-0.193531
-0.00128707
0.189663
-0.194798
-0.00272254
0.183287
-0.205665
-0.0162191
0.155638
-0.238172
-0.0887022
-0.00384376
-0.320832
-0.19864
0.115901
-0.316091
0.349716
-0.371145
0.0104227
-0.388946
0.401246
-0.00609472
-0.231363
0.0147768
0.228032
-0.225574
0.000800326
0.00133385
0.000391569
0.000314515
0.000484815
0.000449199
0.000144031
0.000322782
0.000865361
0.00127545
0.0038395
0.000567769
0.0615787
-0.06476
-0.00187683
-0.000470304
0.00262057
0.000266355
0.303251
0.390607
0.00254405
-0.323583
0.316437
0.000181937
-0.325815
0.315031
0.000569878
-0.332483
0.309074
0.00118182
-0.342557
0.298256
0.00242091
-0.349488
-0.0154218
-0.0123254
-0.0662329
-0.0658166
-0.106428
-0.0516227
-0.0252576
-0.011298
-0.00754244
-0.0150381
-0.0278679
0.00180673
0.204312
0.237408
0.23052
0.32725
0.195879
0.00219023
-0.0221989
-0.0116132
-0.00598613
-0.00943633
-0.0221672
-0.0477398
-0.0990127
-0.232798
-0.247824
-0.441239
-0.332113
-0.104597
-0.105374
0.224639
0.0263381
-0.0275609
-0.0219118
0.111242
0.00460182
-0.0886265
-0.0848205
0.087893
-5.34902e-05
-0.0980171
-0.0938123
0.0769119
-0.000395986
-0.12185
-0.116264
0.0372074
-0.154107
0.0980174
0.0950235
0.0994576
0.0864888
-0.135277
0.00948798
0.0501376
-0.153238
0.0368035
-0.148019
0.173979
-0.402768
-0.0216521
-0.38757
0.2631
0.270957
0.271345
0.266284
0.261464
0.264723
-0.419285
-0.0253804
-0.378252
0.271236
0.290447
0.272414
0.286693
-0.0214018
-0.403321
-0.400786
0.174384
0.272346
0.240458
0.238111
0.296452
0.283853
0.227592
0.0692756
0.151425
0.0616826
-0.0327802
0.0760284
0.011623
-0.0554529
0.0576833
0.00249641
-0.0572634
0.0568382
0.00034027
-0.0584127
0.0561362
-0.00017113
-0.0566911
0.0578935
-0.000777599
-0.0582083
0.0560939
-0.00385898
-0.0609801
0.0532219
-0.0142255
-0.0811979
0.0311156
-0.0646148
-0.156905
-0.0748946
-0.232947
-0.280678
-0.286464
-0.192912
-0.1418
-0.218013
-0.00918334
0.159422
-0.12045
0.0117074
0.132156
-0.1318
0.00556412
0.137736
-0.141266
-0.00467458
-0.00949623
-0.244972
-0.000782759
-0.397274
0.000467033
-0.393659
0.00210942
0.411857
-0.418046
0.000497997
-0.414746
0.00485243
0.420914
-0.381614
6.78887e-05
0.382165
0.00200026
-0.381648
7.43263e-05
0.382083
0.00131685
-0.381754
0.000106565
0.381808
-0.000680481
-0.381932
0.000189757
0.38169
-0.00102668
-0.382027
0.000542056
0.381883
-0.0057067
-0.378169
0.00275497
0.378267
-0.00768476
-0.00841457
-0.471759
-0.340987
0.00780768
0.43975
-0.00285927
-0.467272
-0.32417
0.0064454
0.457137
-0.000917468
-0.465115
-0.319585
0.00241581
0.46172
-0.000675687
-0.464215
-0.317191
0.000159038
0.464484
0.000671318
-0.461825
-0.315683
-0.00197404
0.465807
0.000794958
-0.457581
-0.312979
-0.00551941
0.469289
0.0030522
-0.439545
-0.30522
-0.00584548
0.476989
0.0106962
-0.382212
-0.270196
0.0250767
0.503218
0.0607818
-0.043522
0.116316
-0.199198
-0.322081
-0.00326681
-0.0901312
0.00140324
0.276155
-0.022799
0.00387145
-0.232719
0.00103995
0.398273
-0.389359
-0.00243818
-0.392063
0.0109298
-0.376212
-0.000733732
0.378332
0.00848881
0.00308373
0.000784523
0.00451815
0.409721
0.00281399
-0.00350154
-0.101845
-0.000283292
0.110079
-0.000151877
0.000361473
0.000496523
-0.0175358
-0.0202685
-0.0145283
-0.158773
0.0159755
-0.0260217
0.00244388
0.00279178
0.00493651
0.360386
0.29742
0.00171246
-0.00327293
-0.0135324
-0.0161851
0.264068
0.00970993
-0.336348
0.301235
-0.0022272
-0.32596
0.312906
-0.000702772
-0.000709521
0.00114706
0.00415838
0.00129623
0.00275469
0.00570469
0.00271817
0.00138995
0.0011814
0.00460011
0.000362756
0.00100509
0.00246987
-0.333413
0.293362
0.465201
-0.480388
0.473486
-0.478865
-0.00116534
-0.377324
-0.00363166
0.380738
-0.00471264
-0.374631
-0.0120347
0.392658
0.0234667
0.0294007
-0.267799
-0.000912895
0.287537
-0.301666
-0.000699693
-0.49697
-0.000952035
0.495095
-0.434162
-0.000197992
-0.439421
0.000121078
0.439246
-0.434152
-5.51285e-05
-0.431228
-5.4886e-05
0.431204
-0.443571
-0.000221587
-0.422149
-0.00133664
0.421174
-0.420243
-0.00376786
0.416403
-0.410299
-0.00776473
-0.00984422
-0.00227583
-0.000985437
-0.000135265
0.000149793
0.000442765
0.00129357
0.00267235
-0.00462531
0.00121354
-0.106713
0.118539
-0.117176
-0.109629
0.00109728
0.000658309
-0.0022809
0.00642045
0.103965
0.000945677
-0.00123809
-0.00967925
0.0126733
-0.0111019
-0.155511
0.0151954
-0.03296
0.233136
0.0112674
-0.0111652
-0.00942622
0.00619987
8.95332e-05
0.0797265
0.0807815
-0.00243617
0.0689088
0.106597
-0.0018417
-0.00232299
-0.00239519
-0.000823976
0.00824706
-0.123938
0.317061
0.0184727
-0.473145
-0.00302675
0.47902
-0.420338
-0.00210431
-0.433809
-0.000215481
-0.428108
-0.000175832
-0.429424
0.000941859
0.430208
-0.441333
0.000190207
-0.422179
0.000629516
0.422627
-0.422358
-0.000400102
0.422414
-0.000269468
9.27265e-05
0.000460687
0.00116373
0.00189907
0.00252057
0.000135752
-7.57969e-05
-0.00256298
-0.00244368
-0.00921921
-0.0116039
-0.00243356
-0.00250088
3.92397e-05
5.22513e-05
0.000308351
0.00012848
0.000330518
0.000260841
0.000336785
0.000404549
0.000381134
0.000259383
0.00155683
0.00189923
0.00249686
0.00908454
-0.000505188
0.064196
-0.330295
-0.0835654
-0.000120386
-0.0312256
0.141848
-0.144772
-0.470876
-0.170442
-0.00274774
0.0411857
-0.000222419
-0.333588
-0.141366
-0.0934825
0.213456
0.0257602
-0.0235959
-0.0413744
0.120401
0.00437844
-0.0823832
-0.102555
0.103043
0.000230416
-0.0910808
-0.108087
0.0955577
0.000565794
-0.117104
-0.122499
0.0257644
-0.00707493
0.00114493
0.0014583
0.412183
-0.372711
0.00250775
0.385892
-0.0140264
0.0103511
-0.487577
0.00178106
-0.30273
0.310406
-0.00262448
-0.294727
-0.513282
0.44406
-0.0278681
0.0449616
0.166874
0.0017641
0.359063
0.266793
0.300365
-0.398968
0.00467954
-0.337991
0.0106618
-0.37423
0.00804134
-0.358556
0.0105477
-0.360335
0.00908297
-0.384533
0.280049
0.273813
-0.0192705
-0.48212
-0.387654
0.171185
-0.119066
0.149368
0.0838962
0.0996929
-0.146351
0.041255
0.0313047
-0.157934
0.06235
0.114342
-0.136969
0.214627
-0.11498
0.0179075
-0.127206
0.0221659
-0.138746
-0.108732
0.0212952
-0.00879986
-0.00201483
-0.00138218
-0.000302606
0.000316978
0.000387948
0.000523597
0.00126921
0.00261242
-0.00468209
0.00131457
-0.0697576
0.082363
0.000600318
0.0166182
0.011925
0.00960873
-0.119887
-0.00879497
0.128116
-0.105464
-0.0577378
0.129961
-0.141583
-0.193463
-0.218355
0.153975
0.158994
-0.00952853
-0.0134005
-0.0434134
0.00504923
0.162996
-0.029639
-0.0381817
-0.0215296
0.116676
0.11676
-0.0383578
-0.0293672
0.149999
-0.0823592
-0.174378
-0.0827922
0.160576
-0.0160963
-0.0170754
-0.0208623
-0.00553795
0.00172324
0.275753
-0.0232725
0.010608
-0.000449145
0.000352304
0.000574532
0.000356266
-4.38549e-05
-0.000703172
-0.00177156
-0.000244832
-0.00126171
0.000328986
-0.0112393
-0.00419472
0.00612558
-0.0157838
-0.00758899
-0.00749438
-0.209469
0.201302
-0.00575912
-0.0047176
0.00981013
-0.00483302
-0.00447866
0.0340746
0.0709949
0.0363153
0.253208
-0.127479
0.0163126
0.13297
0.167912
-0.0666459
0.00665393
-0.00242141
0.0110309
-0.0026936
0.00127768
-0.0192185
-0.00381821
0.000132429
-5.99727e-06
-0.000524176
-0.0012078
-0.000829665
-0.00208855
0.00147932
0.00281929
0.000611929
-0.00530864
-0.0011209
-0.000242982
-0.000212886
-0.000381584
0.000553856
0.00755487
0.00234922
0.00387318
0.00221732
0.000842026
1.89227e-05
0.000764415
0.00080764
0.0017039
0.00298704
-0.410978
0.373725
-0.376024
0.376853
-0.376392
0.00193122
-0.416807
0.416823
0.0044483
0.00294057
0.00181868
0.00080688
0.407779
0.00246402
-0.00379272
0.12906
-0.00278095
0.00241078
0.0115762
-0.0190235
0.136588
0.10726
-0.0474337
0.0188663
-0.000401964
-0.000170649
0.0700191
-0.00241026
-0.000142664
0.0494047
-0.149462
0.0433364
0.000520188
0.0173559
0.0126982
0.00135142
-0.0132576
0.00537444
0.0116758
-0.0475333
-0.0436515
0.137056
-0.057874
-0.105357
-0.0191907
0.12942
-0.00862301
0.0116609
0.00931798
-0.00648942
-0.000352196
0.00254912
0.00931805
-0.00368615
-0.00407649
-0.00108652
-0.000636591
-0.000185291
0.00117725
0.000749798
0.00063617
0.000425808
0.418753
-0.41896
0.377032
-0.377355
0.377662
-0.379156
0.00183046
-0.421043
0.419691
0.00136595
0.000561793
3.28518e-05
-0.000368296
0.000541505
-0.00107101
0.000552457
0.000243802
0.00043911
0.000337822
0.000646169
0.000218127
0.000680679
0.00200934
0.0112578
0.0101977
0.0366359
0.00173648
0.000738814
0.000136667
-0.00076351
-0.0027271
-0.00113925
-0.00114343
0.000125611
-0.00026623
-0.000209737
0.000241707
0.000268399
0.000260093
1.39582e-05
-0.00110265
-0.00292448
-0.00306058
-0.00119245
1.45611e-05
0.000108998
0.000194252
0.000301238
0.000412751
0.000730903
0.000629124
0.000586407
0.0013019
0.00110939
0.000606689
0.00176642
0.00339102
0.00138655
0.00205182
0.0491136
-0.0100305
0.00441831
0.00143294
0.00536921
0.108573
-0.00506031
-0.0156851
0.0776722
0.0232968
-0.333735
-0.116094
-0.254152
0.22775
-0.155043
-0.16601
0.20387
-0.270235
-0.0145497
-0.0197864
-0.224617
0.197789
-0.00315706
-0.0110399
-0.00114326
0.00404048
0.0056594
0.0826878
0.0258001
-0.153418
-0.131826
0.250458
0.0249531
-0.059244
-0.0171976
0.103451
0.00337662
-0.118195
-0.07663
0.0778099
-0.000279142
-0.12374
-0.0850438
0.0676103
-0.00111928
0.107762
0.103661
0.00620446
0.129562
-0.12595
0.000485169
-0.113824
-0.000632619
-0.00262064
-0.00044637
-3.75734e-05
0.000178502
0.000197419
0.000171672
0.000137772
4.00665e-05
-0.00105298
-0.00286564
-0.00151281
-0.325473
0.31109
-0.000688956
-0.323886
0.316496
0.475262
-0.480087
0.475804
-0.485457
0.000280153
-0.382303
0.00257592
0.378438
-0.000364844
-0.378452
-0.000218135
0.378584
0.00205685
0.0022996
-0.278666
0.000790854
0.282743
-0.304466
0.000442044
-0.496422
0.000432884
0.498641
-0.434823
-0.000160609
-0.437785
0.00046007
-0.433094
-0.00069022
-0.426701
-0.00131656
0.42265
-0.438499
0.000113426
0.420082
-0.00118217
-0.41348
0.412479
-0.00122095
-0.427456
0.432026
-0.417587
-0.000151811
0.000425883
0.00186728
0.00156879
0.000807716
0.000267404
-0.000223526
-0.00108833
-0.00118949
-0.000169725
0.000848079
0.00210862
0.00215804
0.00466506
-0.325644
0.316308
0.000939297
-0.330721
0.312061
0.475515
-0.496178
0.472749
-0.505351
0.012776
-0.432401
0.0398871
0.376609
0.00244426
-0.396461
0.0114225
0.379845
0.000725063
0.00709839
-0.275443
0.00570885
0.293692
-0.311082
0.00153954
-0.492282
0.00273054
0.497505
-0.426018
-0.0016954
0.416912
0.00379476
-0.471445
0.275233
-0.00111784
-0.31763
0.282171
-0.295551
0.0154422
-0.0361053
-0.0180128
-0.0312925
-0.0558631
0.351152
-0.498077
0.107909
-0.0795563
-0.0308924
-0.0117467
-0.00431956
-0.00253147
-0.00413969
-0.00108449
0.0664324
0.68513
0.343514
-0.178348
0.120244
0.061487
0.39101
-0.33915
0.368419
-0.0219421
-0.240353
0.0116592
0.434818
-0.411131
-0.00109949
-0.408034
-0.000104966
-0.412632
-0.000256621
-0.422403
0.00183335
0.426176
-0.436224
0.000425287
-0.420655
0.00172698
0.422528
0.00162786
0.00110423
0.443304
0.00247277
0.43824
-0.000344216
-0.00280234
-0.00527963
-0.0179426
0.00285607
0.24038
0.0167096
0.0208975
0.0828445
0.145593
-0.20133
-0.000569411
-0.298671
0.00102844
-0.49454
-0.00228807
0.491535
-0.431453
-0.000809988
-0.438706
-4.49733e-05
-0.432663
-3.9032e-05
-0.431069
0.000364322
0.431362
-0.443018
8.79835e-07
0.443225
-6.38775e-05
0.000408254
0.443782
-2.88115e-05
-0.00017416
-0.000867316
-0.00229819
0.427447
-0.00454911
0.403313
0.024105
0.0123479
0.30425
0.0120678
0.0071726
-0.0005326
0.309105
0.00118239
0.00486313
-0.278038
-0.000364374
-0.303427
-0.000164494
-0.496707
-0.000199937
0.496848
-0.43499
-2.31944e-05
-0.439175
0.000275701
-0.434281
-0.000272094
-0.43025
-0.000574888
0.429493
-0.443197
-0.000440747
0.436814
-0.000941342
-0.000405628
5.52729e-06
0.000144091
0.000231317
0.000429015
0.00125718
0.00235754
0.00127383
0.00125503
0.00062595
0.00110529
-0.00157639
-0.000616072
0.000137716
0.000445608
0.000523803
0.000475853
0.000336837
0.000549656
0.00104602
0.0031176
0.00264806
-0.330143
-0.00858771
-0.323405
0.359249
-0.00738942
-0.340841
-0.348592
0.366201
0.342386
-0.00725316
-0.325364
-0.371594
0.389125
-0.34974
-0.00887716
-0.312859
0.352162
0.370408
0.365004
0.357005
-0.00814516
-0.344384
-0.319807
0.00268
0.348811
-0.0067406
-0.365425
-0.333269
0.00120716
0.344738
-0.00247209
-0.373717
-0.339189
-0.348518
-0.356657
-0.00281412
0.355744
0.363273
0.00125567
0.337807
-0.00274782
-0.330973
-0.380241
0.386692
0.00116169
-0.305357
-0.458712
-0.00628134
0.31693
0.0021527
-0.298084
-0.441099
-0.00714151
0.334399
0.393852
-0.283254
0.0228199
-0.275353
-0.00972167
-0.279084
0.0224939
-0.274516
-0.009674
-0.280175
0.0236261
-0.279701
0.389102
0.338493
-0.0105677
0.0152766
-0.001397
-0.208849
-0.250355
-0.237061
-0.262822
-0.25025
-0.25224
-0.259129
-0.212773
-0.329283
-0.260366
-0.237971
-0.249627
-0.168645
-0.0728576
-0.0904366
0.149679
-0.1674
0.393872
0.398238
0.395173
0.396848
0.411334
0.38663
-0.162179
0.130751
-0.0725612
-0.168803
-0.0908868
0.163137
-0.0168977
-0.00348327
-0.00348722
-0.00163097
-0.000733057
0.000392069
0.000396721
0.36072
-3.37777e-05
-0.351948
-0.360398
-0.333386
-0.384158
-0.000268292
0.335357
0.384703
0.000483654
-0.307935
-0.464347
-0.00229207
0.312685
0.467627
0.00154842
0.060864
-0.0597134
-0.000676526
0.0606898
-0.0600363
-7.37006e-05
0.0614702
-0.0594927
0.0021843
0.0680687
-0.0535944
0.0128284
0.0951849
0.0338925
0.0188971
0.0062728
0.00290453
0.00048143
-8.4589e-05
-0.000469358
-4.51334e-05
-0.0012503
-0.000924501
-0.00278129
-0.0617794
0.470139
0.00313877
0.0580453
-0.0805398
-0.0126582
-0.0219194
-0.00858317
-0.0527035
0.036428
0.0109185
-0.383693
0.0237176
-0.264877
-0.0107733
0.0157699
0.000673192
-0.168068
-0.286279
-0.278601
-0.233153
-0.0736136
-0.157224
-0.0634373
-0.125435
-0.356555
0.0608512
0.503144
0.384192
0.413846
-0.161768
-0.344471
-0.207888
-0.000535878
0.0349534
0.0228145
0.0130509
0.00494802
0.00160516
-0.000180608
-0.308837
-0.468324
0.466445
0.311363
0.000352242
0.0019204
0.00576461
0.00632775
0.0196605
0.00719012
0.00128337
-0.000251842
0.000104834
0.382108
0.00163689
-0.334392
-0.387197
-0.307775
-0.47484
0.00102797
0.311965
0.466095
0.0024099
0.00154055
0.00164566
0.00113598
0.00174853
0.00303245
-0.424178
0.38003
-0.380427
-0.00589662
0.00248045
0.00119144
-0.00264236
0.00061571
0.000181615
0.420401
0.000610429
0.000408966
0.419671
0.00267278
0.000254687
0.000811745
0.00149774
-0.000903043
-1.56236e-05
0.000488492
8.73985e-05
0.000310163
0.000144066
3.68662e-05
0.000373314
0.00137741
0.000608885
0.000132075
5.45687e-05
-0.000785546
-0.000251403
-0.000264602
-0.000864215
-7.37618e-05
0.000177627
0.000165915
-0.000454781
-0.000356424
-0.000210907
-0.000178816
-0.0037318
-0.00385232
-0.0170003
-0.0065003
0.372154
-0.00244085
0.000211356
0.000124726
-0.00173115
-0.00185631
-0.00104024
-0.0070183
-0.0064004
-0.00484516
-0.00097104
-0.337033
0.303196
0.00462768
-0.334665
-0.0137895
-0.0136903
-0.0651926
-0.0831742
-0.304248
-0.306518
-0.491589
0.123212
0.0468886
0.254647
-0.0896482
0.132022
-0.0148228
-0.150828
0.135734
-0.00339598
0.105902
-0.00345421
0.127667
-0.140898
-0.0119009
-0.00374719
-0.00462527
0.00202697
-0.0170415
0.1134
-0.00567494
0.00419486
0.00423857
0.00271803
0.00153972
0.000665407
0.000567626
0.00603799
0.00519325
0.0129722
0.0112043
0.0320282
0.00662563
0.00299457
0.00100847
0.30391
-0.306473
0.00111899
-0.495913
0.00136042
0.50086
-0.433007
-0.000643272
-0.433301
0.00045799
0.428274
-0.000280348
1.59999e-05
0.000309934
0.000434042
0.00110654
0.00233031
0.0013985
0.000869683
0.000481405
0.000185236
9.04497e-05
0.000142898
0.000166324
0.000155425
0.42645
5.04641e-06
0.432105
3.07571e-05
0.414545
0.398022
0.00161156
0.396487
0.239129
0.00630304
0.00137074
-0.000159793
7.80382e-05
-0.000842569
0.433558
0.00151064
-0.00103741
0.282128
0.000171648
0.000533566
-0.000304205
0.304356
0.00106243
0.0035084
-0.277531
0.00276589
0.287035
0.000162681
0.00215018
0.00096798
0.000641097
-8.47975e-05
0.435148
0.000156923
0.43455
-7.16825e-06
0.000639069
0.435631
0.000293744
0.439654
-0.000141372
0.00182536
0.435402
-0.00155513
0.303182
-0.000373869
0.00606373
-0.27863
0.00955946
0.298574
-0.00967128
-0.000327498
-0.010691
-0.0360646
-0.0844381
0.00314645
-0.0122832
-0.00532076
0.00406076
0.00367249
0.432599
-0.000649151
-0.00138671
-0.00135799
-0.000289463
-0.00486147
-0.000240503
0.000664253
0.000510117
0.438602
0.43301
-0.000329812
-6.65608e-05
-0.000876841
-0.00168289
-0.00186422
-0.0079983
-0.00299405
-0.00310942
-0.0016518
-0.00063138
0.441544
-0.00125189
-0.000213481
0.000397542
-0.000290869
-0.0015437
-0.00551289
-0.0166586
-0.00399644
9.74627e-05
0.000405628
0.00181413
-0.00210575
0.00244703
0.00421423
-0.00733458
0.0324503
0.0671986
-0.0488604
0.348495
-0.00169058
-0.0232824
-0.0341404
-0.0189722
-0.00656113
-4.11552e-05
0.00646821
0.0188026
0.0338852
0.0364548
0.000659531
0.0179139
0.0177542
-0.329348
-0.167544
-0.344906
-0.169275
-0.00047208
0.0212672
0.00541517
0.00227134
0.322488
0.383217
-0.00144516
0.0031191
0.00127965
0.00254706
0.00139611
0.00302181
-0.00388144
-0.0206568
0.153876
0.352815
0.0147561
-0.000489573
0.00100449
0.00103036
0.000519814
0.000604099
0.00025911
0.00025968
0.000329266
-0.000576412
0.000119921
8.73084e-05
0.000869014
-0.000411814
-0.000674094
-0.36344
0.00257456
-0.353979
0.341333
0.00687047
-0.355648
-0.367621
0.350725
0.328296
0.00458912
-0.334921
-0.391491
0.375324
-0.0006968
0.31381
0.463729
0.00517762
-0.00106467
-0.00125424
0.000996456
0.00171281
0.00446416
0.0772528
0.122254
0.187096
0.442362
0.0287012
0.2289
0.338895
-0.0156161
-0.00427083
-0.01129
-0.00307723
-0.00157335
-0.000215298
0.333271
0.357511
0.349394
0.339261
0.0027622
-0.379258
-0.345296
-0.000887107
0.334024
0.00726208
-0.381141
-0.350473
-0.00222464
0.322369
0.343582
0.305834
-0.00155274
-0.00242516
-0.00270472
-0.000820135
0.000258939
0.00166361
0.000321826
0.000265964
-0.000814655
-0.000346635
-0.00312158
0.029481
-0.003235
-0.00203526
-0.00492288
-0.00389509
-0.0024116
-0.00411023
-0.00175959
0.0843258
-0.00200407
0.00187795
0.000255686
-9.22631e-06
0.00510558
0.00447027
-0.0315797
0.181398
-0.0788351
-0.306282
-0.387919
0.0290593
-0.177555
0.073745
0.0233385
-0.109405
-0.117643
-0.0128474
-0.0194285
0.129077
0.118296
-0.0111066
-0.11508
-0.00199141
0.11558
-0.000585837
0.0015037
-0.000115096
0.00134664
0.00329857
0.00343274
0.00235868
0.000687936
0.000546894
-0.00133087
-0.00115063
-0.000184282
-0.000689157
-1.18801e-05
-0.000147391
0.000831204
0.00180775
0.00168403
-0.00235423
0.00306941
0.00657855
-0.0123326
0.385865
-0.0253188
0.0184357
-0.429438
0.00530258
0.00469027
0.0350588
0.00405894
0.00861115
0.0263205
-0.00193205
-0.000737389
-0.00259896
0.00680229
0.0741846
-0.00479958
-0.00275997
-0.00140798
0.00190495
-0.188138
0.218174
-0.00649961
0.00141585
-0.00892384
-0.0224179
-0.0253631
-0.00471466
-0.00223738
0.0904791
-0.00230726
-0.00281648
-0.00530839
-0.000878563
-0.00310072
0.079741
-0.00520021
-0.00298679
0.00681028
0.00519832
-0.00118956
-0.00132851
-0.000867454
-0.00220098
0.00203176
0.0055373
0.00439351
0.0035429
-0.00874615
0.0173199
0.0173974
0.0200973
0.0268108
0.38584
0.0525789
0.00820371
-0.0130756
-0.0046879
-0.000271798
0.00392082
0.011722
0.00179353
0.38017
0.318895
0.00116234
-7.53543e-05
0.000356383
0.000366378
0.316836
0.377641
0.000122354
-0.377234
-0.342232
0.342063
0.000351219
0.35296
0.000371077
0.00760454
0.0212054
0.00214846
0.00208044
0.00616879
0.000402008
0.000492927
-0.00615531
-0.0187149
-0.00523041
0.31395
0.335154
0.322258
-0.0058964
-0.00192225
-0.000303572
-8.72406e-05
-0.000284469
0.37389
0.315336
-0.00012598
0.000369151
0.000111602
-0.000729742
-0.000826686
0.312742
0.365223
-0.0017806
0.00106223
7.73962e-05
-0.000437283
-0.00187817
-0.0104497
-0.0553271
-0.357774
-0.129084
-0.0252434
-0.00343728
-0.000506215
0.00028717
-0.000303945
-0.000639603
0.000779124
-0.00522061
-0.0135738
0.0127444
-0.0166274
-0.0333046
-0.0224093
0.0125533
0.230067
0.330946
-0.0160807
0.00274979
0.220107
0.332741
0.00188829
0.209553
0.346045
0.165058
0.00104027
-0.0019313
0.356093
-0.00213209
0.0201636
0.121464
0.0209702
0.0448148
0.0474822
0.0451033
0.059727
0.03768
-0.000985628
-0.00490901
0.0459141
-0.0215916
-0.0100314
-0.00778334
0.0490594
0.00477339
0.0338976
0.0297018
0.20744
0.175101
0.194426
0.185629
0.190172
0.0411317
0.00668071
-0.000795427
-0.00698257
-0.0839487
-0.283818
-0.267949
2.79805e-05
0.0114427
0.171215
0.000112622
0.434478
0.00326974
0.000579608
0.000187263
-0.00064911
-0.0110047
0.00182144
0.305571
0.437436
0.433138
-0.000219588
-0.010771
-0.427733
0.0012062
0.00152997
0.00141667
-0.044435
0.47762
0.0127034
0.00676573
0.00226587
0.00587223
0.0949117
0.00333733
0.214778
-0.254357
-0.031607
-0.4494
-0.000211416
-0.0214945
0.1075
0.000720645
-0.455754
0.411951
0.00559904
0.2329
0.0153723
0.088972
0.216901
0.0347627
0.0370233
0.00176897
0.00151291
-0.00174013
0.293321
0.0132864
-0.0185448
-0.0262786
-0.00841663
0.00215048
0.000460888
0.000198809
0.000352685
0.000413719
0.000133439
-0.000966772
-0.00151463
-0.0135911
-0.00688318
0.243841
0.019728
-0.408774
0.445387
0.0270034
0.321897
0.0020474
-0.298106
0.308571
0.0302549
-0.270641
0.293154
0.00585332
-0.282238
0.288395
0.00365618
-0.284781
0.288266
0.0026166
-0.286491
0.288176
-0.000614965
-0.289805
0.28501
-0.00721716
-0.296659
0.272498
-0.033569
-0.312027
0.203446
-0.1485
-0.395044
-0.120331
-0.370448
0.0231331
0.242098
-0.243956
0.0138969
0.253098
-0.250427
0.00520195
0.254232
-0.261387
-0.00294759
0.25344
-0.260262
-0.0215209
0.244713
0.256922
0.396055
0.100218
-0.285885
0.00373276
0.420252
-0.000773694
-0.428245
-0.00190594
0.41061
-0.00250943
-0.414637
-7.11532e-05
0.412218
0.000429617
-0.406037
0.00130565
0.417902
-0.0123428
-0.439192
-0.0190723
0.342644
-0.0608489
0.0787435
0.178628
-0.326989
0.333053
-0.395948
0.372889
-0.385029
0.378851
-0.379258
0.380542
-0.376313
0.381822
-0.374547
0.380352
-0.376544
0.381682
-0.374295
0.391671
-0.332655
0.321708
-0.158579
0.313518
0.394275
0.19623
0.290875
0.212015
0.163555
0.107318
0.0659241
0.19128
0.00546139
0.244527
0.0346406
-0.000799286
-0.0194903
-0.0237026
-0.0195105
-0.00887249
-0.00521839
0.128699
0.0179917
-0.125144
0.115653
0.0608384
-0.115378
0.146463
0.199108
0.212054
-0.137802
-0.115215
0.0286942
0.213181
-0.0848222
0.324979
-0.346735
0.375598
-0.00726432
0.396325
-0.396832
0.0175332
0.238525
-0.0109878
-0.222696
0.392234
-0.407876
0.419609
-0.4372
0.436131
-0.442629
0.439636
-0.443302
0.439698
-0.443884
0.439362
-0.445589
0.438799
-0.446627
0.431761
-0.439966
0.239373
-0.0049706
-0.23837
-0.00615741
0.430991
-0.418824
-0.0014916
0.433941
-0.428115
-0.00121063
0.432203
-0.429673
-0.000934077
0.430739
-0.429725
-0.000586556
0.430534
-0.429394
-0.000627443
0.429472
-0.426009
-0.00105765
0.422984
-0.411688
-0.00075785
0.395017
-0.396636
0.00082667
0.227128
-0.00661215
-0.233313
0.39622
-0.000531157
0.234505
0.00388627
-0.242584
0.404058
-0.407206
0.419075
-0.429039
0.432491
-0.434941
0.435053
-0.433694
0.425382
-0.431944
0.412353
-0.425322
0.414398
-0.426727
0.412059
-0.436598
0.228729
0.0423446
-0.293043
-0.0119927
0.445432
-0.4015
-0.0035909
0.375308
-0.384405
-0.000581753
0.37841
-0.369423
9.28636e-06
0.402488
-0.461137
0.0106145
0.50205
-0.491586
0.00368532
0.497678
-0.491858
0.00238917
0.492913
-0.481245
0.000424047
0.466493
-0.441862
-0.020279
0.211531
-0.00105683
-0.369682
0.324152
-0.321295
0.297138
-0.00218974
0.196263
-0.389024
-0.0599889
-0.130515
0.156159
0.068077
-0.319755
0.326302
0.0192449
0.475129
0.341673
-0.0133727
-0.411347
-0.246001
0.361663
-0.174768
0.467585
-0.0128348
-0.0135583
0.105479
-0.190206
-0.242395
-0.00573006
-0.0203924
0.122246
-0.0112041
-0.094503
0.128366
0.133598
-0.0186627
-0.0700056
-0.0282995
0.111953
0.119897
-0.0235363
-0.0407391
-0.0408164
0.119825
0.112367
-0.0234245
-0.0280192
-0.0698729
0.133834
0.130083
-0.0183835
-0.0941674
-0.0107359
-0.131484
0.123287
-0.0196258
-0.00557323
-0.244258
-0.19077
-0.0655626
-0.163152
-0.105911
-0.0868616
-0.170006
-0.0874252
-0.105254
-0.162657
-0.0660401
0.111539
-0.0487614
-0.0347348
0.00172773
0.148725
-0.0192638
0.0295874
0.417575
0.389793
-0.270641
0.35717
0.354458
0.378405
-0.00978387
-0.268845
-0.308069
0.420216
-0.173151
0.38777
0.0244586
-0.0191941
0.153052
0.0105997
0.001949
0.14934
-0.0193529
0.0290261
0.360634
0.470428
-0.412761
0.479394
0.0180982
0.329146
-0.0159592
-0.319438
0.0685419
-0.393076
-0.174783
-0.197559
-0.28615
-0.243434
-0.244951
-0.173149
-0.284446
-0.198844
-0.392078
-0.313588
-0.643499
-0.0631792
-0.0880249
-0.142249
-0.0868722
-0.0296408
-0.0300471
-0.0319132
-0.00931799
-0.0144299
-0.0295377
-0.304983
0.271224
-0.311577
0.303683
-0.309703
0.306847
0.000604401
0.280896
-0.285584
-9.87731e-05
0.00462195
-0.382569
0.349503
0.00830894
0.460265
0.340226
0.00304666
-0.464487
-0.327823
0.336297
0.00166871
0.4664
0.0197666
0.00162669
-0.000533105
-0.00390547
0.0151133
0.356948
-0.0266485
-0.386782
-0.00204692
-0.00494713
-0.0153417
-0.00377655
-0.00412399
-0.00301881
-0.0162903
0.00156691
0.00147347
0.0122174
-0.0115984
-0.0033058
-0.398692
-0.00230968
0.406442
-0.399161
0.412939
-0.000331732
-0.416545
0.000115988
0.433314
-0.42712
0.428094
0.000406853
-0.433331
-0.00127009
0.438639
-0.433675
0.430832
0.00059985
-0.437234
-0.00282457
0.439105
-0.434296
0.428703
0.000171544
-0.438211
-0.00289906
0.438596
-0.433824
0.426448
-0.000938022
-0.440334
-0.00274618
0.440679
-0.434725
0.425246
-0.00156834
-0.439743
-0.000691821
0.441766
-0.435746
0.417109
-0.00236137
-0.430603
0.000194158
0.43483
-0.432928
0.235155
-0.00321301
-0.242029
0.00760002
0.00461026
-0.0197727
0.111788
0.198125
0.357556
0.0463414
0.0167537
-0.308373
-0.109758
0.0765106
-0.0090835
-0.226433
0.173818
-0.00708597
-0.19956
0.197206
-0.0176867
-0.0956201
-0.228506
-0.0969984
0.310816
0.108005
-0.0397619
0.00134644
0.000600043
-0.310159
0.284304
-0.286125
-0.0134327
-0.0336472
0.327739
0.00921867
-0.282893
0.094489
-0.246684
0.4333
0.370084
0.378079
-0.00194243
-0.356008
-0.360328
0.357335
0.00514863
0.465061
0.369165
0.0108972
-0.0209504
-0.00783086
0.00369255
0.0188171
-0.000587855
-0.190138
-0.208472
-0.365616
-0.325524
-0.19191
0.000618092
0.0250033
0.0104744
0.00122607
0.00474834
-0.00643452
0.0194073
0.0193076
-0.013538
-0.0916402
-0.087132
-0.33551
0.158822
0.0941572
0.00225191
-0.0259275
0.049111
-0.435979
0.459932
-0.426745
0.256223
0.403897
0.376358
-0.00567292
-0.34157
-0.354254
0.393638
-0.0027825
0.359247
-0.0684705
-0.0119829
-0.00678982
-0.00103603
-0.00378192
-0.00592501
0.00762477
0.0307136
-0.00127967
-0.00338906
-0.00144654
-0.00360643
-0.00116573
0.00248272
0.00041068
-0.00234779
-0.00578938
-0.00930507
-0.00502792
-0.000815849
0.000412317
-0.0304338
-0.00902479
-0.0364511
0.0621959
0.00678679
-0.057924
0.0985831
0.484413
-0.07423
-0.12341
0.58639
0.379411
-0.670831
0.125365
0.0450036
-0.00688189
-0.417876
-0.329628
-0.105647
0.37963
0.383109
0.355497
0.401271
-0.0042573
-0.314622
-0.36818
0.395276
-0.00196068
0.352836
-0.0382496
-0.353027
-0.00435721
-0.322759
-0.0455765
0.365629
0.38565
-0.00205564
-0.335334
-0.362364
0.375341
0.345029
0.385526
-0.00108345
-0.335396
-0.373806
0.377183
-0.000466307
0.341384
-0.00102254
-0.360736
-0.00118988
0.354591
-0.0104784
-0.369646
-0.327201
0.00769823
0.0050669
-0.00202761
-0.00766887
-0.45823
-0.339469
0.00702478
0.358117
0.353643
0.342521
0.372589
0.000473241
-0.335347
-0.363571
0.372383
0.00196458
0.346558
-0.0026309
-0.341225
0.000754529
-0.359361
0.000717666
0.364894
0.35177
0.00207707
-0.348044
-0.322026
-0.00507554
-0.31918
-0.350086
-0.00372461
0.340633
-0.304776
-0.460485
0.474469
-0.468986
0.473549
0.00108078
0.374132
0.0028052
-0.377263
0.00428192
0.370592
0.00865397
-0.388281
-0.0223272
-0.0295593
0.269699
0.000446393
-0.290975
0.303689
9.15816e-06
0.500736
0.000489742
-0.499806
0.437402
-0.000184877
0.444917
-0.000470174
-0.445201
0.438923
-0.000142666
0.439226
-0.000420032
-0.439975
0.445005
7.58414e-05
0.438379
0.000821099
-0.438159
0.503213
0.000379805
0.305534
0.000258885
-0.312579
0.301698
0.000152188
-0.319084
0.477418
-0.407187
0.413863
-0.404556
0.403265
-0.412898
0.397924
-0.471722
0.325218
-0.17013
0.218161
0.146479
-0.24384
-0.0309677
0.128905
-0.169373
0.429939
0.157565
-0.538345
0.0133542
-0.0129431
-0.0207891
-0.0828352
-0.357139
0.0778566
0.00725846
0.0491828
-0.167238
0.371915
0.378943
-0.857099
0.0390102
-0.291489
-0.461035
0.00061724
-0.00738734
-0.00627505
-0.00367807
-0.00185076
-0.000832614
-0.000130996
0.000883814
0.00235232
-0.00493436
0.00208751
-0.0686022
0.0838983
-0.0837724
0.0685979
-0.00291928
-0.0936477
0.0802271
0.0793166
-0.00291765
-0.0944925
0.00014574
0.0945899
0.00300391
-0.0789426
0.00193897
-0.0793278
0.0944055
0.00293086
-0.0683356
0.0836309
0.11878
-0.119825
0.107904
0.000854224
-0.109538
0.104908
0.00156765
0.125707
-0.00130775
0.10937
0.00137371
-0.107577
0.00217298
-0.00496899
0.000376692
-0.00918484
-0.131224
-0.00108322
0.130434
-0.00158492
-0.106264
0.00101535
0.00638344
0.019786
-0.0479579
0.142401
0.00155373
-0.000356612
-0.00100549
-0.00601194
-0.131019
0.000313385
0.048749
0.0342352
0.00510214
-0.156087
0.0346505
0.0374193
0.0229443
-0.119759
-0.11822
0.0443631
0.0268321
-0.142337
0.0876411
0.179599
0.0952486
-0.153554
0.0197562
0.0214812
0.00523413
-0.00158921
0.0696098
-0.0827174
0.000180909
-5.50554e-05
-0.000584072
-0.000588117
-8.66854e-05
-0.0020663
-0.00106483
-0.0056984
0.00469824
0.00112416
-0.000502327
-0.00129744
-0.00215764
-0.00249021
-0.00158619
0.000318241
0.00197496
0.00247696
-0.0268671
0.30997
-0.112257
0.0213293
0.272494
0.14142
0.12391
-0.143438
0.652548
0.171421
0.00301964
-0.0149859
-0.0232613
-0.233635
0.221714
-0.207871
-0.0247734
-0.0238426
0.249869
-0.291759
-0.00768817
0.0278279
0.280119
-0.277978
-0.00131757
0.0350867
0.278249
-0.269854
0.00100296
0.0601929
0.276171
-0.1818
0.172311
-0.119592
-0.087728
-0.321814
0.177236
0.13476
-0.000406991
-0.153
0.587596
0.0369713
0.326473
-0.272995
-0.272488
-0.254994
-0.339114
-0.158987
-0.0314569
-0.126885
-0.187017
-0.305848
0.144766
-0.0285421
-0.226735
0.195705
-1.87692e-05
-0.198355
0.201317
0.00255766
-0.192523
0.19737
0.00143557
-0.191868
0.196176
0.00127072
-0.191934
0.198151
0.00282549
-0.185788
0.209473
0.016752
-0.156819
0.242165
0.0893574
0.00439314
0.302616
0.0671354
-0.0493756
-0.486846
-0.0179573
0.260296
0.390255
-0.0361859
0.0823774
0.0127298
-0.0596086
0.0639953
0.00291407
-0.062913
0.0619345
0.000800283
-0.0627992
0.0621856
0.000130931
-0.063596
0.061596
-0.00220382
-0.0701862
0.0558309
-0.0129275
-0.0973774
0.0303735
-0.0455276
-0.17006
0.00221041
-0.355463
-0.260486
-0.302976
0.0266299
0.36887
0.433389
-0.162755
-0.25805
-0.262877
-0.251311
-0.265578
-0.254987
-0.234514
-0.287701
-0.218281
-0.194235
-0.389829
-0.344337
-0.238508
-0.19589
-0.0559447
-0.0968785
-0.0796103
-0.0816563
-0.0879814
-0.0709559
0.147382
0.0010784
-0.0475719
0.160341
-0.0340363
-0.0335739
0.159647
-0.0423337
-0.0227377
0.15703
-0.0669006
-0.0843564
0.124693
0.0366584
0.154779
-0.0041122
0.134625
-0.0140602
0.135957
0.110084
-0.0216551
0.118381
0.115653
-0.02099
0.113994
0.124825
-0.022221
0.00932527
-0.000246086
-3.3164e-05
-0.412267
0.375329
-0.00109734
-0.385664
0.0163318
-0.00936536
0.492531
-0.00163272
0.295677
-0.303383
0.00362028
0.289775
0.52245
-0.44618
-0.00443406
0.0149221
-0.384165
0.134381
-0.0257004
-0.246336
-0.00137262
0.434541
-0.0118105
0.00469512
0.00230639
0.000486463
-0.000437105
-0.000678711
-0.000317901
-0.000437672
0.00105893
0.00241833
0.00570037
-0.0491212
-0.217296
0.207932
0.0245867
0.000945621
-0.00119928
0.000816923
-0.00129157
-0.00181469
-0.00270083
-0.00389743
-0.00579487
0.0441405
0.00237882
-0.00263389
-0.018869
0.0196628
0.000555658
0.000274982
0.229654
-0.217358
0.00811458
0.00759555
-0.0103632
0.0161905
0.0145992
-0.0200563
-0.0351794
-0.157052
-0.141846
-0.00453972
-0.0273577
-0.00160151
-0.00248689
-0.00497279
0.00333938
-0.00252565
-0.00233857
-0.00118428
-0.00123021
-0.000833622
-0.000270911
-0.000823328
0.000522534
0.00173928
0.00724085
0.00571026
-0.250615
0.0328896
0.00295834
-0.0025732
-0.000518269
0.000485723
-0.00136996
-0.00175869
0.416094
-0.374702
0.379086
-0.378505
0.378543
-0.00159188
0.420784
-0.419343
-0.0034663
-0.00215982
-0.000916979
0.00061597
-0.408831
-0.000692294
0.00670416
-0.122106
0.00586697
-0.00181883
0.00186571
0.00914557
0.00150789
0.000867245
4.37416e-05
-0.000990137
-0.00193893
-0.00314293
-0.00447815
0.0286487
-0.58828
0.103084
0.112164
-0.0541311
0.165632
0.0452584
0.0589624
0.062812
0.127538
0.258731
0.390586
-0.00982201
0.441156
0.298528
0.187745
0.170886
-0.0878313
-0.0443778
0.13032
-0.0241821
-0.0516935
-0.0388542
0.153766
0.0670057
-0.195186
-0.0300036
0.0146876
0.0371047
-0.125025
-0.00769908
0.077394
0.0989825
-0.104992
-0.00187147
0.087949
0.107309
-0.0962503
-0.0015563
-0.0746197
-0.0786989
-0.00180856
-0.0809333
-0.0689598
7.9536e-05
-0.106637
-0.104751
-0.00592313
-0.130472
0.147031
-0.000527995
0.114273
0.00143081
0.118841
0.0838719
0.00350352
0.0940579
0.0923551
0.00332397
0.00166245
-0.0013917
-0.00727471
-0.00406091
-0.00204775
-0.000359313
0.000552616
0.00117338
0.00244969
-0.0015898
-0.00219277
-0.307396
-0.458325
0.0014759
0.00467374
0.0168608
-0.306601
-0.00977211
0.374549
0.00871205
0.00256425
8.72513e-06
-0.000191667
-0.000187896
-0.000350959
-0.000651905
-0.000564878
-0.00107147
-0.000923923
-0.00124742
-0.00110248
-0.00106863
-0.000985103
-0.000364618
-0.000773505
0.000180997
-0.00049643
-0.00603945
0.0236318
-0.227785
0.254591
-0.124498
0.380191
0.361996
-0.856429
0.0686909
0.0623661
-0.157941
0.370421
0.372913
-0.858678
0.0243001
0.0230316
-0.0259267
-0.0156625
-0.00601087
-0.000830119
0.00185219
0.000796376
-0.000668547
-0.00267359
-0.00217077
-0.000626747
-0.00294503
0.334025
-0.322437
0.000302788
0.33177
-0.327201
-0.471606
0.475569
-0.473039
0.48177
-0.000370155
0.380379
-0.0025388
-0.37619
0.000354724
0.375921
0.000188296
-0.375695
-0.00150342
-0.00201391
0.28192
-0.000557076
-0.285755
0.306825
-0.000692876
0.500085
-0.00100142
-0.503386
0.437555
-0.00052522
0.44205
-0.00151268
0.436735
-5.34612e-05
0.432761
4.55238e-05
-0.43164
0.439209
0.00157241
0.424166
0.00304434
-0.484152
-0.00158479
0.500163
-0.431662
0.435523
0.00233744
-0.497877
0.000955172
0.000238908
-0.000563198
-9.48743e-05
-0.000318826
-0.000479471
-0.0011525
-0.00234808
0.00520151
-0.00175999
0.107659
0.106914
-0.000927001
-0.112231
0.00135192
-0.134402
0.134736
-3.58844e-05
-0.134767
0.134316
0.00178992
0.00692747
0.240073
-0.00014549
0.40671
-8.29169e-06
0.405021
4.32302e-05
-0.418401
0.421319
-0.000583978
0.432758
-0.00181575
-0.435166
0.497439
9.93943e-05
0.308806
-0.0003226
-0.306201
0.30796
1.64735e-05
-0.307373
0.308018
0.000178254
-0.308327
0.307491
0.000314156
-0.309784
0.000833271
0.000779591
0.000456282
-0.000575903
0.000189861
0.312262
-9.40053e-05
-0.303814
-0.000740822
0.000886558
0.00264042
0.0197772
-0.149244
0.0713643
0.0939845
0.0183638
-0.129922
0.010938
-0.123219
0.131662
-0.00175374
-0.00690576
0.00017602
0.00723986
0.0205812
0.0254568
-0.0479929
0.142658
0.00151046
0.00052077
0.000472905
8.6216e-05
0.119163
0.112329
2.64377e-05
-2.23278e-05
0.000696306
-0.00860365
-0.106868
-0.00117649
0.000751775
-0.0487406
-0.0346585
0.106262
-0.0133239
-0.000748395
0.000683425
-2.33503e-05
-0.000799291
-0.000698685
-0.370222
-0.339251
-0.352375
0.362194
0.353098
-0.350515
0.00692949
-0.00126783
-0.00293387
-0.359957
-6.62027e-05
-0.000219788
0.000722584
0.00127546
0.00232272
0.000821064
0.00108497
-0.000152558
0.000251608
0.000183039
-0.000297595
5.68599e-05
0.00196372
-0.000517026
-0.000986225
-0.000606293
-0.00098429
-0.00191754
-0.00252577
-0.00240907
-0.00140238
-0.00216132
-0.000466829
0.00124738
0.000503254
0.0010218
0.00230088
-0.00582805
0.00869685
0.00255009
6.87227e-05
2.53019e-05
-0.000131263
-0.000301397
-5.03058e-05
-0.000851083
-0.00203313
-0.00640115
-0.0132021
-0.32637
-0.373514
-0.0126724
0.336876
-0.320223
-0.473421
0.492807
-0.471421
0.501611
-0.0144797
0.431196
-0.0417145
-0.375648
-0.00295216
0.39491
-0.0118607
-0.378261
-0.000412371
-0.00706617
0.278155
-0.00632598
-0.2974
0.312975
-0.00299531
0.494304
-0.00507642
-0.505193
0.426138
-0.00132074
0.417911
-0.00321872
-0.419171
2.95763e-05
0.417702
-0.000268701
-0.420332
0.0020669
0.0023885
0.000817534
0.000583899
0.000262498
-0.000444566
-0.000470136
-0.000466211
-0.00100687
-0.00198954
-0.00104105
-0.000885542
-0.000286565
-0.000616282
-0.00043012
-0.421092
0.421884
-0.378259
0.378574
-0.378218
0.37971
-0.00165821
0.4228
-0.42131
-0.00124191
-0.000448952
0.000124567
0.000721295
0.00124556
0.00606919
0.00277708
0.0274336
0.0128288
-0.00936454
0.0234319
-0.136204
-0.108709
0.0461457
-0.00174967
-0.00165394
0.0477815
-0.00651015
0.0488578
-0.000889345
-0.11869
2.16926e-05
-3.37644e-05
0.00105922
0.00266447
0.00273926
0.00209716
0.00911187
-0.0136351
-0.244402
0.00521826
0.000360351
-0.190666
-0.20972
-0.325692
-0.365676
-0.646448
-0.061489
0.00154669
0.0217541
0.00997175
0.00350551
0.00692038
0.0207288
0.0218881
0.0525405
0.109115
0.244296
0.431357
0.314955
0.0968159
0.0904195
-0.223719
-0.028921
0.0218666
0.0191432
-0.114901
-0.00753388
0.0836619
0.0821241
-0.0902514
-0.00192949
-0.092223
-0.0811937
-0.00178536
-0.117282
-0.112195
0.000457748
-0.146826
0.149904
0.000138149
0.108531
-0.00100404
0.111105
0.0731631
-0.000366253
-0.00382602
-0.00648159
-0.00397622
-0.0141923
-0.0229338
-0.0897139
-0.332951
0.00686133
-0.307877
0.0632293
0.0979755
0.0172445
0.016432
0.00660795
0.00578822
0.000355755
-0.0014856
-0.000439012
-0.000968044
-0.00215429
0.00329087
0.00349577
0.0169198
0.00195155
0.000757654
0.00380926
0.00189381
0.003659
0.0113252
0.0308051
0.0477028
0.0997802
0.231653
0.389897
0.296784
0.0700891
0.121046
-0.253351
-0.0298528
0.0513512
0.0122014
-0.107951
-0.00758269
-0.135035
-0.129575
0.00379839
-0.1545
0.143149
0.0042157
0.067668
0.000423335
0.00889639
-0.080424
-0.0553743
0.161752
0.147322
-0.0536979
0.145842
0.115736
0.306794
0.425168
-0.0558228
-0.0832733
-0.0860104
0.013447
-0.116903
0.0023542
-0.00715474
-0.00495954
-0.00233263
-0.00116327
-0.000411768
-0.00040737
0.00011753
-0.000150206
-0.000307266
-0.000500129
-0.000549515
-0.000334135
-0.000455239
-0.000525033
-0.000547882
-0.000798852
0.00204019
0.00501333
-0.00265923
-0.0011199
-0.00239011
-0.00840582
0.0063529
-0.00135451
-0.00208137
-0.00109702
-0.000433083
-0.000364025
-0.000558144
-0.000687705
-0.000646694
-0.000409676
-0.000670846
-0.00032649
-0.421462
0.425405
-0.380122
0.381225
0.00648604
-0.00189541
-0.00106608
0.00287505
0.000591808
0.000404186
-0.00130436
-0.00240954
0.000130292
-0.00399799
0.0778801
-0.00580617
0.429741
-0.420438
-0.00220097
-0.000102754
-0.000401266
-0.000513035
0.00131557
-0.000155009
0.000729999
-0.000395785
-0.00088107
-0.000987006
0.373213
0.00723921
0.307452
-0.321367
0.00250673
0.314513
0.380883
-0.386187
-0.320582
0.0027657
0.313798
0.39145
-0.396999
0.382878
0.00764441
0.308472
-0.325772
-0.388085
-0.325737
-0.390959
0.00508812
0.309168
0.380262
-0.00102305
-0.38868
0.00143118
0.315864
0.385347
-0.000338674
-0.386854
-0.000704272
0.318738
0.387592
0.317672
0.38419
-0.000258019
-0.318556
-0.384103
-0.000348
-0.318046
0.000137013
0.316094
0.395184
-0.395268
-0.000373193
0.300361
0.46862
0.00243739
-0.304971
-0.000871851
0.297944
0.463094
0.00676099
-0.309503
-0.398716
0.36098
0.0102831
0.296889
-0.00209495
0.354555
0.00908272
0.291603
-0.00226287
0.366972
0.00569904
0.291951
-0.324535
-0.481469
-0.0039427
0.474954
-0.00089237
-0.321147
-0.479155
-0.00307162
0.477509
-0.000375837
-0.477793
-0.00314872
0.478981
-1.1994e-05
-0.315925
-0.00243931
0.320882
0.389204
-0.384815
6.91797e-06
-0.315307
-0.00270298
0.319795
0.386452
-0.381093
-0.000106313
-0.316099
-0.0018212
0.317187
0.398066
-0.392616
-8.2333e-05
0.301097
0.472363
0.000169698
-0.303562
-0.46978
-0.00154316
-0.00156048
0.000452332
8.19111e-05
0.00133941
0.000832107
0.0089242
0.0210945
0.0533218
0.121339
0.0622663
0.154907
0.0686794
0.227523
0.270656
0.285268
-0.378086
-0.415206
-0.0193009
0.26267
0.294357
0.0133293
-0.401303
-0.337685
-0.390185
-0.334949
-0.395085
-0.332202
-0.485773
-0.00867816
0.466294
-0.00107798
-0.00233266
-0.00913063
-0.00860565
-0.00246386
-0.00188474
0.00184546
0.00149168
0.000669111
0.000430028
5.00486e-05
-8.00131e-05
-0.000347229
-0.00054618
0.332416
-0.32578
-0.001468
-0.00103751
-0.00224207
-0.00315863
-0.00579042
-0.0127318
-0.0336925
0.343076
-0.311071
-0.00677858
0.339809
0.012643
0.0131694
0.0622929
-0.296502
0.079789
0.0802127
0.312819
0.333147
0.531534
-0.207982
-0.0649772
-0.275619
0.0741657
-0.167544
0.0678282
-0.0196728
-0.0448302
0.037549
-0.00463887
-0.00801615
-0.0096459
-0.00807636
-0.00341777
0.00349609
-0.003917
-0.234303
0.233615
0.00442249
0.000747719
-0.00101218
0.00594546
0.00266927
-0.000986859
0.0103612
-0.0563121
0.00372945
-0.0100683
-0.00558038
-0.00298523
-0.00122046
-0.00305695
-0.00490863
-0.0079434
-0.00868588
-0.112946
0.00219398
0.0132471
-0.000429779
-0.0860626
-0.000343186
-0.0041044
-0.00399279
-0.000239416
-0.0314867
-0.00159073
-0.00168502
-0.00799171
-0.00797813
0.0260939
-0.192837
0.269778
0.276403
-0.00733169
-0.00470275
-0.00295733
-0.00152867
-0.000662375
-0.00125291
-0.00357602
-0.00800616
-0.303117
0.318243
-0.00285725
0.470098
-0.00936169
-0.424922
-0.0104989
-0.00615631
-0.438076
-0.000746494
0.436283
-0.00242809
0.429718
-0.439655
-0.00279745
-0.000787089
-0.000530158
-0.000326043
-0.000123001
0.000205117
0.00119808
0.00159457
0.0139926
-0.010082
0.213874
-0.0197103
-0.444981
0.408535
-0.00153481
0.412657
-0.000253029
0.41822
2.18584e-06
0.432344
-0.000639288
-0.43386
0.438278
-0.000142556
0.438142
-0.00111984
0.500771
7.96782e-05
-0.502862
0.50213
0.000169938
-0.502754
0.502964
0.000252877
-0.501702
0.000630232
-0.000135894
0.43929
-4.89836e-05
-0.4397
5.20467e-05
-0.000225818
-0.000440636
-0.000940876
-0.00157822
-0.000620851
0.00871721
-0.412803
0.00153327
0.410728
-0.000495395
0.485788
0.00340133
-0.498036
-0.00177512
-0.00187939
-0.000425557
0.000837571
0.239836
1.33363e-05
-0.406763
0.405137
-0.24032
-0.239958
-7.44982e-05
0.000245129
-0.000983836
-0.405034
8.65643e-05
0.00159322
0.470614
0.000277663
-0.485228
0.421779
0.000595225
0.439307
0.000152923
0.433412
-8.17992e-07
0.438642
-0.000618405
-0.438485
0.443256
4.73488e-05
0.439266
-0.000577193
-0.439759
5.01062e-05
-0.445438
0.444777
-0.439971
0.439645
-0.00051837
-0.445897
-0.000625802
-0.000648904
-0.445125
-0.000683247
-0.439688
0.000113553
4.96217e-05
3.04548e-05
0.00124126
0.496946
0.00141141
-0.496645
0.434385
0.000142065
0.444477
-8.39625e-05
0.437753
-6.45846e-05
-0.440291
-0.000249775
-0.00013691
-4.95825e-05
0.000810515
-0.00104966
-0.00116329
-0.00279285
0.00409607
0.00175972
0.00067613
-0.000196214
-0.000233374
-0.000823539
-0.00129688
0.0015838
-0.000387
-0.00014585
-8.62399e-05
-0.000679009
-0.000467875
-0.00187351
-0.000990831
-0.00085888
-0.00108041
-0.00118316
-0.00282583
-0.00172127
-0.000937776
-0.000850863
-0.000404394
-0.000399159
-0.000555339
-0.000731787
-0.000890941
-0.000949685
-0.00135396
-0.00339046
-0.00245679
-0.00447018
-0.00214246
-0.00328521
0.00422992
0.000265081
-0.000839898
-5.01845e-05
-0.00151664
-0.000654189
-0.000632723
-0.000242166
0.00178251
0.000614843
0.000508789
-0.000284
-0.000256153
-0.000440373
-0.000404938
-0.00052163
-0.000918559
0.000792569
0.000142196
-0.000356963
-0.000351139
-0.000895246
-0.000532505
-0.000401576
-0.000355956
-1.25266e-06
-0.000110074
-0.000299817
-0.000157161
-0.00045235
-0.318869
0.000118272
-0.00413719
-0.0141494
-0.0266835
-0.00182987
0.189555
0.328712
0.239706
0.264421
0.238554
0.199631
0.328073
0.261303
0.244659
0.239962
0.179512
0.0863191
0.0997331
-0.141739
0.173198
-0.383297
-0.413853
-0.0208417
0.246792
0.300841
0.0109258
-0.017422
-0.00156458
0.202517
0.342979
0.163006
0.34667
-0.00218436
-0.0229948
0.00870952
0.291144
0.445556
-0.477445
-0.327562
-0.0141468
-0.0347336
-0.00524867
-0.00134791
-0.012983
-0.00479657
-0.00142199
7.99194e-05
-0.000508887
-0.00298187
-0.00631024
0.478846
-0.0010585
0.300104
-0.306233
-0.385271
-0.00476104
0.318304
0.402335
0.00295981
-0.364176
-0.00481471
0.323661
0.410286
-0.00838066
0.0187271
-0.00448213
-0.0783808
-0.12332
-0.0339725
-0.0191778
-0.00155206
-0.00081458
0.00151371
0.000367234
-0.000209993
-0.00170772
-0.0191499
-0.00676048
-0.000963163
0.00320497
0.01117
0.00510819
0.00566417
-0.297952
-0.356707
-0.00754536
0.329532
0.393609
-0.00929908
-0.256733
-0.305666
0.0236358
0.367319
0.420814
-0.167419
0.154137
-0.0485249
0.0207983
0.0129346
0.00702563
0.0162002
-0.21191
0.208619
-0.00544301
0.000252012
-0.0258241
0.00174007
-0.017199
-0.04608
0.000505739
-0.023765
0.00140436
0.000620696
0.0015725
-0.0065058
-0.00723297
0.0017765
0.000257069
0.00246874
-0.00209107
-0.0137569
0.00903844
-0.00264114
-0.00143804
-0.000894392
0.000329522
0.000624403
-0.311472
-0.374051
-0.00666325
0.322482
0.389259
0.00219258
-0.289974
-0.367876
-0.00455037
0.331739
0.396219
-0.008385
-0.3243
0.0316629
0.359984
0.433107
-0.168225
0.152773
-0.0503564
0.000139246
-0.000347146
-0.000824407
0.0022017
0.00260993
0.00279727
7.51854e-05
0.0228384
0.0201541
0.000862643
-0.0444171
0.0127484
0.0161869
0.0111065
-0.171112
-0.171449
-0.0120067
0.0111323
0.000665693
0.00335924
0.00839797
0.0127544
-0.152113
0.130183
-0.1672
0.483583
-0.000178952
-0.416446
0.0210501
0.487766
0.014667
-0.466933
0.00521896
0.482501
0.0045828
-0.475445
0.00127326
0.480448
-0.00104314
-0.477109
-0.000411783
0.000732303
0.000891366
-9.98283e-06
-0.00646336
-0.0192858
-0.0341613
-0.00291342
-0.0176097
0.322917
-0.0276366
0.234869
0.0136688
0.417548
0.0163445
-0.473636
-0.0681713
0.0604339
-0.324588
0.390632
0.144474
-0.199887
0.0142984
0.0271402
0.370837
-0.213931
0.000441323
0.0195781
0.0304645
0.0100405
0.0326777
0.00993803
0.0027023
-0.00106136
-0.43863
-0.502348
-0.000628576
0.00119508
0.000640981
-0.000200105
-0.00207877
0.00220665
-1.72535e-05
-0.438065
0.000476829
0.444204
-0.438483
0.437461
-0.000209646
-0.443548
-0.000350645
-0.000535832
5.62657e-05
0.000164353
0.000176956
-0.000299333
0.000310161
-0.438305
-0.00238452
-0.00975721
-0.0132843
-0.0143648
0.19951
-0.00160957
0.298265
-0.00327312
-0.313241
-0.000158398
-0.0014736
-0.00476726
0.28111
0.000457042
0.305875
-0.000119118
0.500625
-0.00020837
-0.501377
0.43809
-0.000364467
0.444138
-0.000870557
0.438582
-0.0001547
-0.438695
-0.0016135
-0.00291526
0.499014
-0.00241422
-0.506387
0.435013
-0.439866
-0.445229
-0.306723
-0.0016969
0.308667
-0.290148
0.280574
-0.00278593
-0.307359
-0.000452428
-0.00113753
-0.00324474
-0.00129286
0.000136274
-0.000182983
0.000790453
-0.285361
-0.309439
-0.000923016
-0.000987657
-0.00163506
-0.00252396
0.000903219
-0.000718572
-0.00634229
0.280944
-0.011347
-0.287539
0.297165
-0.0212595
-0.283498
0.0312426
0.0153795
0.0308728
0.056735
-0.351357
0.499432
-0.114288
0.00805253
-0.00119907
0.00670012
0.024794
0.0748723
-0.0231289
-0.00798394
-0.00925291
-0.00513568
-0.00182208
0.000428075
0.000111843
-2.96119e-05
-0.000956024
-0.00125408
-0.43986
-0.000377138
-0.439493
-0.000583973
-0.445753
-0.44013
-0.00398292
-0.00229507
-0.00912378
5.45791e-05
0.00407092
0.00113474
0.00045602
0.00468727
0.00431322
0.0185877
-0.00178038
-0.0205193
-0.0131807
-0.000589213
-0.0020379
-0.0137997
-0.085045
0.0111409
-0.308007
-0.00530807
-0.307459
-0.32265
-0.0268674
0.324792
-0.389713
-0.143997
-0.0895538
-0.0863174
-0.0271984
-0.133133
-0.0595424
-0.370602
-0.000419822
-0.0304371
-0.032559
0.158033
-0.31467
-0.443446
-0.439057
-0.000135056
0.00071757
0.000574379
0.00280003
-0.000647288
-0.00134228
0.00913796
0.00189713
-0.00530098
0.00221433
0.0109552
0.00270739
0.000819289
0.00164977
0.323814
0.391519
-0.00519654
-0.308861
0.0007793
0.00162377
0.00526745
0.00575109
0.000346512
-0.000245915
-0.00189614
-0.00589983
-0.00551262
-0.00339703
-0.00603369
0.368068
0.647552
0.0613216
-0.00327429
-0.00475814
-0.00120273
-0.00169029
-0.000122657
0.000497872
0.00189999
0.000837284
-0.380304
-0.307865
0.00170271
0.0169651
0.0306394
0.0224156
-0.0111461
-0.0291659
-0.192435
-0.456847
-0.334781
-0.236113
-0.3246
-0.228958
0.0181163
0.0188156
0.00584461
0.0138807
0.0251693
-0.00105239
-0.00162094
-0.21082
-0.326973
-0.372432
-0.19516
0.0075983
0.0036756
-0.290156
0.00465622
0.00280605
0.00153304
-0.000766136
0.00389002
0.00280336
-0.000370777
0.00122956
-0.0667828
-0.684847
-0.0966975
-0.0269905
-0.0077109
-0.0107659
-0.230626
-0.0151779
-0.0151047
-0.241937
-0.0085007
0.000529728
0.00253426
-0.00151831
0.00690006
0.0231169
0.0902707
0.174937
-0.354143
-0.430441
0.173449
-0.370398
-0.112362
-0.0174785
-0.00418054
0.000454154
0.000955951
0.000814268
0.00208139
0.0136526
0.0867007
0.133724
0.0136781
-0.105929
-0.47126
0.0100604
-0.180484
-0.0211442
-0.3042
-0.469429
-0.00247905
-0.00143512
0.00085164
-0.466867
-0.00492971
0.00174274
-0.0083589
-0.00716496
-0.00250907
-0.472901
-0.00539748
0.170623
-0.000770532
-0.434219
-0.432569
-0.438389
-0.432876
-0.421354
-0.41076
-0.405099
-0.422137
-0.243593
-0.00133998
0.000988888
-0.107002
0.0232441
-0.11178
-0.133408
-0.00152718
-0.470962
-0.00197672
-0.00113385
-0.000498899
0.242443
-0.244123
-0.22271
0.244948
0.000771693
0.112131
0.00459296
-0.00455143
0.00111475
0.0339562
0.0452207
-0.390808
-0.00473505
-0.21907
-0.0273345
)
;

boundaryField
{
    face
    {
        type            calculated;
        value           nonuniform List<scalar> 
217
(
0.0338976
-0.0100314
-0.00374719
0.00477339
-0.00490901
-0.0215916
-0.00530839
-0.0253631
-0.00471466
0.00404048
0.0776722
-0.00114326
0.0411857
0.0232968
-0.000222419
-0.0110399
-0.00274774
-0.00462527
0.0233385
-0.109405
0.00202697
0.073745
0.0056594
0.0826878
0.0290593
0.0258001
-0.000985628
0.03768
-0.0224179
-0.00411023
-0.00892384
-0.0024116
0.059727
0.00141585
-0.00389509
0.0490594
-0.000878563
0.0459141
-0.00310072
-0.00281648
-0.0194285
-0.00223738
-0.0170415
-0.177555
-0.153418
0.0448148
-0.00275997
0.0474822
-0.00140798
0.0451033
0.00190495
-0.00175959
-0.0156851
-0.00203526
-0.0145497
-0.155043
-0.16601
-0.00492288
-0.0197864
-0.170442
0.20744
0.149368
0.214627
0.0297018
-0.11498
0.129562
-0.00778334
-0.12595
0.127667
-0.0119009
-0.140898
0.175101
0.0996929
0.0838962
0.194426
0.0950235
0.0980174
-0.333735
-0.333588
-0.00315706
-0.0312256
0.135734
-0.010771
-0.150828
0.132022
-0.0128474
-0.117643
0.123212
-0.491589
-0.306282
-0.332113
0.185629
0.0864888
0.0994576
0.190172
0.0959829
0.126616
0.283385
-0.133151
-0.00649961
-0.00575912
-0.267949
-0.0788351
-0.131826
-0.104597
-0.0770683
0.218174
-0.188138
0.201302
-0.105374
-0.116094
-0.0934825
-0.141366
-0.209469
0.197789
-0.224617
0.141848
-0.151487
-0.144772
-0.32389
0.00723986
-0.0346585
0.0205812
0.001949
0.0254568
0.0105997
0.00510214
0.0342352
-0.0195105
-0.000356612
-0.00887249
-0.00100549
0.0346406
-0.00690576
0.00017602
-0.000799286
-0.00651015
-0.0194903
0.000472905
-0.0237026
0.00052077
0.019786
0.00172773
0.00638344
-0.0347348
0.0488578
-0.000889345
0.0477815
-0.00165394
0.000751775
-0.0487406
0.00151046
-0.0479929
0.0461457
-0.00174967
0.048749
0.000313385
0.00155373
-0.0479579
0.00101535
-0.0487614
0.134316
0.00178992
-0.131484
0.123287
-0.0196258
-0.00557323
-0.19077
-0.244258
-0.0655626
-0.105911
-0.163152
-0.0868616
-0.0874252
-0.170006
0.0997331
0.0863191
0.179512
0.146463
0.212054
0.199108
-0.115215
0.0286942
0.128699
-0.122106
-0.00521839
0.125707
-0.131019
-0.00601194
0.00546139
0.19128
0.244527
0.0195781
-0.123219
0.131662
-0.00175374
-0.134402
0.134736
-3.58844e-05
-0.134767
0.0659241
0.107318
0.163555
0.0876411
0.0952486
0.179599
-0.105254
-0.0660401
-0.162657
0.130434
-0.131224
-0.00108322
0.122246
-0.190206
-0.00573006
-0.242395
-0.0203924
)
;
    }
    outlet
    {
        type            calculated;
        value           nonuniform List<scalar> 
217
(
-0.00967925
0.0126733
-0.0175358
-0.0111019
-0.0202685
-0.0145283
0.00504923
-0.0134005
0.0166182
-0.000420486
0.011925
-0.000204592
-0.0132576
0.0126982
0.00135142
0.00537444
0.0116758
0.0173559
0.000496523
0.0188663
-0.000401964
-0.0175106
-0.00616097
-0.012264
0.0130543
-0.0436515
0.000361473
-0.0475333
0.000520188
-0.00123809
0.0433364
-0.000142664
0.0494047
-0.0474337
0.000600318
-0.0434134
0.000720645
-0.000170649
0.0481697
-0.000354878
0.0437209
-0.141266
-0.00467458
0.128712
-0.153955
-0.0115349
-0.0354572
0.196328
0.238668
0.0545988
0.099234
0.153506
0.0754614
0.0832132
0.164811
-0.0904366
-0.0728576
-0.168645
-0.141583
-0.218355
-0.193463
0.158994
-0.00952853
-0.119887
0.12906
0.00960873
-0.127636
0.127457
-0.000131652
-0.218013
-0.1418
-0.192912
-0.00918334
0.159422
-0.12045
0.0117074
0.132156
-0.1318
0.00556412
0.137736
-0.0725612
-0.0908868
-0.168803
-0.0823592
-0.0827922
-0.174378
0.0892731
0.0728498
0.16768
-0.128883
0.119203
-0.00973608
-0.158382
0.140486
0.21607
0.190607
0.00928194
-0.0120067
0.0111323
0.000665693
0.0127484
0.0161869
0.0201541
0.0022017
0.0228384
0.00260993
-0.00807636
-0.0832733
-0.00341777
-0.0516935
-0.0558228
-0.0388542
0.00349609
-0.0241821
-0.00463887
-0.0448302
0.037549
-0.00801615
-0.080424
-0.0096459
-0.0860104
-0.0553743
-0.0536979
0.0111065
-0.017199
0.0207983
0.00279727
0.0129346
0.00266927
0.00174007
0.00702563
0.00594546
-0.0444171
0.000862643
-0.0503564
0.000139246
-0.000824407
0.00889639
-0.000347146
0.013447
0.161752
0.147322
-0.0485249
7.51854e-05
-0.04608
0.000505739
-0.0258241
0.000252012
-0.000429779
0.0132471
-0.000986859
0.0103612
0.145842
0.153766
-0.00101218
0.000747719
0.13032
-0.238508
-0.19589
0.0366584
0.0127544
0.154779
-0.130472
0.00839797
0.147031
-0.146826
0.00335924
0.149904
-0.152113
-0.0968785
-0.0559447
0.13476
-0.21191
0.208619
-0.217358
0.0904195
0.115736
0.0670057
0.187745
0.229654
-0.234303
0.233615
-0.233635
0.170886
0.221714
-0.0443778
-0.171449
-0.0816563
-0.0796103
0.306794
0.298528
-0.003917
-0.0232613
-0.1545
-0.00133998
0.143149
-0.167544
-0.0196728
0.0678282
-0.207982
0.531534
0.296784
0.314955
-0.171112
-0.0709559
-0.0879814
-0.180484
-0.087728
-0.119592
-0.321814
0.177236
0.0162002
0.00811458
0.276403
0.0700891
0.121046
0.0968159
)
;
    }
    wall
    {
        type            calculated;
        value           nonuniform List<scalar> 
1558
(
-0.000381584
-0.000212886
-0.000703172
0.000259383
-4.38549e-05
0.000381134
-0.0112393
0.064196
0.000328986
-0.000505188
0.00189923
0.00249686
0.00155683
0.00217811
0.000865361
0.00127545
-0.000242982
-0.0011209
0.000356266
0.000404549
0.000574532
0.000449199
-0.00530864
0.00172324
0.000352304
0.000484815
-0.000449145
0.000314515
0.275753
0.010608
0.000391569
0.000322782
0.000867712
0.000144031
0.0019703
0.000420762
0.00659792
0.00101835
-0.000676216
-0.0666459
0.0110309
-0.0026936
0.00665393
0.000553856
-0.00242141
-0.00126171
-0.00177156
-0.000244832
-0.0100938
-0.270101
0.0184357
0.00469027
0.00755487
0.00234922
0.00303245
0.00174853
0.00164566
0.00113598
0.00127768
-0.0192185
0.00387318
-0.00381821
0.00221732
0.000132429
0.000842026
-5.99727e-06
0.0012062
0.000764415
0.0017039
0.00080764
0.00298704
0.00147932
0.000611929
0.00281929
-0.0232725
0.00133385
1.89227e-05
-0.000524176
-0.000829665
-0.0012078
-0.00208855
-0.00245746
-0.00365724
0.000174916
-0.00174013
0.0234251
-0.181109
0.200821
0.00526395
-0.142509
0.211799
0.0254707
0.0102146
0.250399
0.095081
0.13297
0.183683
0.303551
0.0709949
0.167912
0.0340746
-0.00483302
-0.00447866
0.00981013
-0.0157838
-0.0047176
-0.141457
0.0291763
0.225288
-0.194005
0.000221668
0.1972
-0.0147959
0.19483
0.320382
0.115901
-0.231363
0.228032
-0.225574
-0.199977
-0.00250716
0.191376
-0.19556
-0.00146785
0.190232
0.00612558
-0.0298938
-0.00419472
-0.0314163
-0.410902
-0.0835654
-0.000120386
-0.330295
-0.245364
0.0912565
-0.0349873
-0.199716
0.192954
0.00908454
-0.187916
0.207152
0.0094638
-0.192867
0.201696
0.0038395
-0.193531
-0.00128707
0.189663
-0.194798
-0.00272254
0.183287
-0.205665
-0.0162191
0.155638
-0.238172
-0.0887022
-0.00384376
-0.320832
-0.19864
0.0147768
-2.1452e-05
-0.187226
0.192915
0.0015398
0.225762
-0.227689
0.231598
-0.114477
0
0
0
0
0
0
0
0
0
0
0
0
0
0
0
0
0
0
0
0
0
0
0
0
0
0
0
0
0
0
0
0
0
0
0
0
0
0
0
0
0
0
0
0
0
0
0
0
0
0
0
0
0
0
0
0
0
0
0
0
0
0
0
0
0
0
0
0
0
0
0
0
0
0
0
0
0
0
0
0
0
0
0
0
0
0
0
0
0
0
0
0
0
0
0
0
0
0
0
0
0
0
0
0
0
0
0
0
0
0
0
0
0
0
0
0
0
0
0
0
0
0
0
0
0
0
0
0
0
0
0
0
0
0
0
0
0
0
0
0
0
0
0
0
0
0
0
0
0
0
0
0
0
0
0
0
0
0
0
0
0
0
0
0
0
0
0
0
0
0
0
0
0
0
0
0
0
0
0
0
0
0
0
0
0
0
0
0
-0.251627
0.00571593
-0.00733458
-0.0079983
0.00421423
-0.00186422
0.0069758
0.00181413
0.000800933
-0.00168289
-0.000125254
-0.000876841
0.0828445
-0.0179426
0.0167096
0.000405628
9.74627e-05
-0.000164477
-0.000329812
1.1003e-05
-6.65608e-05
-0.000289463
-0.0122832
-0.00135799
-0.0360646
-0.0844381
-0.00138671
-0.010691
-0.000649151
-0.000327498
-0.0180128
-0.000373869
-0.000141372
0.00096798
-7.16825e-06
0.000641097
0.00215018
0.00106243
-0.000290869
-0.0015437
0.000137504
-2.88115e-05
8.47623e-05
-0.000219588
-0.00551289
0.00140324
-0.000203476
-0.000344216
-0.00100609
-0.000159793
0.276155
0.011005
0.00137074
-0.00017416
0.000533566
-0.000867316
0.00151064
0.000171648
0.00118239
-0.00280234
0.0071726
-0.00527963
0.024105
0.0120678
0.0324503
-0.00299405
0.00244703
-0.00310942
-0.00210575
-0.0016518
-0.00125189
-0.00063138
-0.000213481
-6.38775e-05
-0.00486147
-0.00532076
0.00314645
-0.000240503
0.00406076
0.000664253
0.00367249
-0.0361053
-0.00967128
0.000510117
0.00182536
0.000293744
0.000639069
-0.00155513
0.000162681
0.000397542
0.000408254
0.00162786
0.00110423
0.00308373
0.00247277
0.000784523
0.00451815
-0.022799
0.00387145
0.000156923
-8.47975e-05
7.80382e-05
-0.000842569
-0.000304205
-0.00103741
5.04641e-06
-0.00229819
3.07571e-05
-0.00454911
-0.0005326
0.0123479
0.00161156
0.00285607
0.0208975
-0.244032
0.242517
-0.259381
0.226506
-0.271853
-0.268192
-0.389493
0.161836
-0.295551
0.282171
-0.27863
0.293692
-0.275443
0.287035
-0.277531
0.116316
-0.233468
0.2329
-0.232719
0.282743
-0.278666
0.282128
-0.278038
0.287537
-0.267799
0.30425
-0.20133
0.239129
-0.244972
0.24038
-0.240353
0.39101
0.368419
0.120244
0.30432
0.21455
0.00343031
0.088972
0.242545
-0.0138073
-0.0138854
-0.159195
0.0153723
0.211905
-0.186579
0.00326974
0.196632
0.145593
-0.00949623
-0.0219421
-0.196622
0.000579608
0.199609
-0.19245
0.000187263
0.192045
-0.00834453
-0.00572811
-0.213764
-0.0312925
0.00606373
0.00709839
0.0035084
-0.199956
-0.00064911
0.197413
-0.196369
-0.00399644
0.185659
-0.213478
-0.0166586
0.157018
-0.243599
-0.0901312
-0.00326681
-0.322081
-0.199198
0.0169516
0.00630304
0.0022996
0.00486313
0.0294007
-0.0855578
0.240499
-0.228084
0.229367
0
0
0
0
0
0
0
0
0
0
0
0
0
0
0
0
0
0
0
0
0
0
0
0
0
0
0
0
0
0
0
0
0
0
0
0
0
0
0
0
0
0
0
0
0
0
0
0
0
0
0
0
0
0
0
0
0
0
0
0
0
0
0
0
0
0
0
0
0
0
0
0
0
0
0
0
0
0
0
0
0
0
0
0
0
0
0
0
0
0
0
0
0
0
0
0
0
0
0
0
0
0
0
0
0
0
0
0
0
0
0
0
0
0
0
0
0
0
0
0
0
0
0
0
0
0
0
0
0
0
0
0
0
0
0
0
0
0
0
0
0
0
0
0
0
0
0
0
0
0
0
0
0
0
0
0
0
0
0
0
0
0
0
0
0
0
0
0
0
0
0
0
0
0
0
0
0
0
0
0
0
0
0
0
0
0
0
0
0
0
0
0
0
0
0
0
0
0
0
0
0
0
0
0
0
0
0
0
0
0
0
0
0
0
0
0
0
0
0
0
0
0
0
0
0
0
0
0
0
0
0
0
0
0
0
0
0
0
0
0
0
0
0
0
0
0
0
0
0
0
0
0
0
0
0
0
0
0
0
0
0
0
0
0
0
0
0
0
0
0
0
0
0
0
0
0
0
0
0
0
0
0
0
0
0
0
0
0
0
0
0
0
0
0
0
0
0
0
0
0
0
0
0
0
0
0
0
0
0
0
0
0
0
0
0
0
0
0
0
0
0
0
0
0
0
0
0
0
0
0
0
0
0
0
0
0
0
0
0
0
0
0
0
0
0
0
0
0
0
0
0
0
0
0
0
0
0
0
0
0
0
0
0
0
0
0
0
0
0
0
0
0
0
0
0
0
0
0
0
0
0
0
0
0
0
0
0
0
0
0
0
0
0
0
0
0
0
0
0
0
0
0
0
0
0
0
0
0
0
0
0
0
0
0
0
0
0
0
0
0
0
-0.0185448
-0.085045
-0.0262786
0.0185877
0.00407092
0.00431322
5.45791e-05
-0.0137997
-0.00841663
-0.0020379
-0.00207877
0.00215048
0.000428075
0.000460888
0.000111843
-0.0863174
0.0139926
-0.0304371
0.000454154
-0.000200105
0.000955951
0.000640981
0.000198809
-2.96119e-05
0.000352685
5.62657e-05
-0.00912378
-0.00798394
-0.00513568
0.024794
0.0748723
-0.00182208
0.00670012
-0.000787089
-0.00119907
0.0153795
-0.000718572
-0.000530158
-0.00163506
-0.000326043
-0.000987657
-0.00252396
-0.00113753
0.000814268
0.00119508
0.00208139
0.0027023
0.000413719
0.000164353
0.000133439
0.000176956
0.0136526
0.00993803
0.0867007
0.0326777
-0.000966772
0.000113553
-0.00151463
4.96217e-05
0.0304645
-0.0135911
0.000245129
-0.000123001
-0.000923016
0.000205117
-0.00238452
-0.000182983
-0.0014736
0.00119808
-0.00975721
0.00159457
-0.032559
-0.0132843
-0.0205193
-0.00178038
0.00113474
-0.0131807
-0.000589213
0.00468727
0.00045602
0.00220665
-1.72535e-05
0.000833271
0.000779591
0.000630232
-0.000350645
-0.000135894
-0.000535832
-0.00229507
-0.00925291
-0.0231289
-0.00398292
-0.0104989
-0.00279745
-0.00615631
0.0312426
0.00805253
-0.0016135
-0.00291526
-0.000956024
-0.00125408
0.000903219
-0.000452428
0.000456282
-0.000575903
-0.000628576
-0.000625802
-0.00106136
-0.000648904
0.000189861
0.0142984
-0.00177512
-0.000683247
-0.00187939
-0.000425557
0.0271402
0.0100405
0.000837571
-0.000583973
-0.000377138
-0.000299333
0.000310161
0.000136274
0.000790453
3.04548e-05
0.00124126
8.65643e-05
0.00159322
-0.000158398
-0.0143648
-0.000983836
-0.010082
-0.0271984
-0.2974
0.278155
-0.290148
0.280574
0.288266
-0.284781
0.288395
-0.282238
0.293154
-0.270641
0.308571
-0.199887
0.390632
0.133724
0.370837
-0.213931
0.243841
-0.24032
0.239836
-0.285755
0.28192
-0.285361
0.28111
-0.290975
0.269699
-0.307459
0.19951
-0.239958
0.240073
-0.243593
0.213874
-0.389713
-0.370602
-0.133133
0.0231331
-0.1485
0.0138969
0.00520195
-0.033569
-0.00721716
-0.143997
0.00692747
-0.000419822
-0.000614965
0.0026166
-0.00294759
-0.0215209
0.218161
0.0308728
-0.00634229
-0.00706617
-0.00324474
0.00365618
0.00585332
0.0302549
0.144474
0.000441323
-0.00688318
-7.44982e-05
-0.00201391
-0.00476726
-0.0295593
-0.120331
-0.370448
-0.395044
0.242098
-0.243956
0.253098
-0.250427
0.203446
-0.312027
0.272498
-0.296659
0.28501
-0.289805
0.288176
-0.286491
0.254232
-0.261387
0.25344
-0.260262
0.244713
0.256922
0.396055
-0.17013
0.297165
-0.287539
0.280944
0
0
0
0
0
0
0
0
0
0
0
0
0
0
0
0
0
0
0
0
0
0
0
0
0
0
0
0
0
0
0
0
0
0
0
0
0
0
0
0
0
0
0
0
0
0
0
0
0
0
0
0
0
0
0
0
0
0
0
0
0
0
0
0
0
0
0
0
0
0
0
0
0
0
0
0
0
0
0
0
0
0
0
0
0
0
0
0
0
0
0
0
0
0
0
0
0
0
0
0
0
0
0
0
0
0
0
0
0
0
0
0
0
0
0
0
0
0
0
0
0
0
0
0
0
0
0
0
0
0
0
0
0
0
0
0
0
0
0
0
0
0
0
0
0
0
0
0
0
0
0
0
0
0
0
0
0
0
0
0
0
0
0
0
0
0
0
0
0
0
0
0
0
0
0
0
0.000591808
0.000404186
0.000486463
-0.00158619
-0.000437105
-0.00249021
0.00237882
0.0441405
-0.143438
0.00247696
-0.0268671
-0.000815849
0.000412317
0.30997
-0.00502792
-0.00378192
-0.00930507
0.0307136
0.000522534
0.00173928
-0.000678711
-0.00215764
-0.000317901
-0.00129744
0.00724085
0.00571026
0.00112416
-0.000502327
0.00469824
-8.66854e-05
-0.250615
-0.0056984
-0.0020663
-0.00578938
-0.00127967
-0.00234779
-0.00360643
-0.00338906
-0.00412399
0.00041068
-0.00931799
0.00147347
-0.0319132
-0.0144299
-0.0868722
0.0778801
-0.00497279
0.00333938
-0.00399799
0.000130292
0.00469512
0.00197496
0.00230639
0.000318241
0.0122174
-0.0300471
-0.0118105
-0.00233857
-0.00580617
-0.00118428
-0.00240954
-0.00123021
-0.00130436
-0.000833622
-0.00252565
-0.00579487
-0.00270083
-0.00389743
0.12391
-0.00181469
-0.00129157
-0.00119928
0.000816923
-0.000823328
-0.000270911
-0.00113385
-0.000437672
-0.00175869
-0.00136996
0.00295834
-0.0025732
0.0328896
-0.00106483
0.000945621
0.00570037
0.00105893
0.00241833
-0.0491212
-0.00144654
0.000485723
0.00248272
-0.000518269
0.00156691
-0.00301881
-0.0162903
-0.0033058
-0.0115984
-0.0296408
0.0765106
0.173818
-0.226433
-0.0304338
0.0213293
-0.112257
0.197206
-0.19956
-0.00592501
-0.0956201
0.207932
0.196176
0.00127072
-0.191934
0.198151
0.00282549
-0.185788
0.209473
0.016752
-0.156819
0.242165
0.0893574
0.00439314
0.302616
0.213181
-0.0109878
-0.00661215
-0.0134327
-0.00377655
-0.0295377
-0.142249
-0.141846
-0.187017
-0.305848
-0.0351794
-0.157052
-0.0200563
0.0161905
0.0145992
-0.0103632
0.0196628
0.00759555
0.144766
-0.0285421
-0.226735
0.195705
-1.87692e-05
-0.198355
0.00388627
-0.00105683
0.0463414
0.14142
-0.0848222
0.238525
-0.222696
0.227128
-0.0969984
-0.217296
0.284304
-0.286125
0.280896
-0.285584
0.271224
-0.304983
0.196263
-0.233313
0.234505
-0.242584
0.211531
-0.389024
-0.369682
-0.130515
0.201317
0.00255766
-0.192523
0.19737
0.00143557
-0.191868
-0.018869
0.00461026
-0.00263389
-0.0197727
0.00301964
-0.0149859
0.171421
0.652548
)
;
    }
}


// ************************************************************************* //
