/*--------------------------------*- C++ -*----------------------------------*\
| =========                 |                                                 |
| \\      /  F ield         | OpenFOAM: The Open Source CFD Toolbox           |
|  \\    /   O peration     | Version:  2306                                  |
|   \\  /    A nd           | Website:  www.openfoam.com                      |
|    \\/     M anipulation  |                                                 |
\*---------------------------------------------------------------------------*/
FoamFile
{
    version     2.0;
    format      ascii;
    arch        "LSB;label=32;scalar=64";
    class       volScalarField;
    location    "1.7";
    object      gradTy;
}
// * * * * * * * * * * * * * * * * * * * * * * * * * * * * * * * * * * * * * //

dimensions      [0 -1 0 1 0 0 0];

internalField   nonuniform List<scalar> 
5322
(
0.045742
0.00563476
0.00160219
0.000801545
0.00137897
0.0014469
0.00119611
0.000891938
0.000632418
0.000410347
0.000136588
-0.00042852
-0.000412738
-0.000381731
-0.000350689
0.000815617
0.00106843
-1.47388e-05
0.000872792
-0.00136189
0.00157944
-0.00220167
0.00264585
-0.00366578
0.00443777
-0.00573292
0.00679474
-0.00886776
0.0103257
-0.0126496
0.0145229
-0.0174851
0.0202291
-0.0202164
0.0209289
-0.01211
0.0244153
0.0296263
0.0150089
0.0169387
0.0218967
0.018409
0.0198029
0.0204697
0.0195255
0.0201903
0.0198382
0.021207
0.0205557
0.0188542
0.0238228
0.0105175
0.0124131
-0.0379194
-0.00180506
-0.0217482
0.0120713
-0.028296
-0.00130209
-0.0245816
0.0122489
-0.0278011
-0.00115641
-0.0244031
0.0123053
-0.0288488
-0.00160766
-0.0236905
0.0124946
-0.0322609
0.000940556
0.0246279
0.0136555
0.0191613
0.0142367
0.0181059
0.0150552
0.0180577
0.0153721
0.0216107
0.00153499
0.00861105
0.0125383
0.0198008
-0.00122894
-0.00697426
0.0026679
0.00503793
0.0109935
0.00163279
0.00296147
0.000521048
7.0035e-05
6.54571e-05
0.0236866
-0.0138198
0.00045428
0.0139713
0.000437584
-0.000791781
0.00264621
0.000463437
0.0149623
-0.02303
0.0206729
0.000522367
-0.000476072
-5.64487e-05
1.495e-05
4.54129e-05
4.08964e-05
3.00891e-05
2.15714e-05
1.49115e-05
-8.70788e-07
5.48164e-06
0.000300779
-0.000109889
-4.99661e-05
-0.000215976
0.000272695
-0.000129123
-0.000264669
-0.000372378
-0.000415834
-1.56885e-05
0.000313283
-0.000231449
2.31661e-05
0.000256223
-0.000253878
1.11639e-05
0.000265724
-0.000272894
-9.31271e-06
0.000246785
-0.000297657
-2.4896e-05
-7.88781e-05
0.000458782
0.000373517
-0.000265642
0.00017224
0.000133312
-0.000293475
4.13259e-05
-0.00027844
0.000215968
0.000227837
-0.000252974
-3.47491e-06
-0.000228455
0.000231523
0.000257972
-0.000225579
-2.47371e-07
-0.000209614
0.000274673
-1.04508e-05
-3.95069e-06
0.000918022
-0.000710145
0.000948448
-0.00126265
6.08356e-05
-0.000598946
1.62749e-05
5.21443e-05
-7.51977e-05
0.00023698
-0.000471489
0.000472295
-0.000876785
3.69837e-06
0.000899783
-0.0010707
0.00111531
-0.00142006
8.32651e-06
0.00140464
-0.00184641
0.00191726
-0.00246117
1.29849e-05
0.00241699
-0.0031432
0.00325455
-0.00413513
1.85986e-05
0.00405981
-0.00516374
0.00534138
-0.00664275
2.90047e-05
0.0065239
-0.00811398
0.00839033
-0.0101586
4.71434e-05
0.00996994
-0.0121662
0.0125748
-0.014738
7.03883e-05
0.0144186
-0.0173169
0.0178709
-0.0199558
0.000101529
0.0194003
-0.0230995
0.0232902
-0.0138648
-0.000100137
-0.001591
0.000796877
-0.000481211
-2.28937e-05
0.000126738
0.000205988
1.69339e-05
0.0237125
-0.0138073
6.37344e-05
0.0166023
-0.00257961
-0.00114149
0.000991599
-0.000949448
0.0138815
-0.023357
0.000146531
0.000102638
0.000291282
0.000153846
6.05519e-05
1.5984e-05
-1.47102e-06
-7.95477e-06
-9.16972e-06
3.88669e-06
-4.68704e-06
-0.000239394
-0.000257169
-0.000258013
-0.000239141
6.15906e-05
7.39956e-05
4.07076e-05
-0.000310201
0.000142044
-0.000309405
7.35012e-05
6.17269e-05
4.14926e-05
-0.000305652
9.62491e-05
0.000288166
0.000178339
-0.000310282
0.000142589
0.000313085
0.000438813
0.000478757
-0.000889168
-0.000888166
-0.000952647
0.000841615
-0.00127499
0.0015244
-0.00208835
0.002634
-0.00345752
0.00435525
-0.00555997
0.00683739
-0.00861501
0.0101728
-0.0128228
0.0143472
-0.0180938
0.0189725
-0.00336318
0.0119485
-0.0019427
0.000467226
0.0164294
-0.01665
0.000955806
0.0130062
-0.0121199
0.00065956
0.00942247
-0.00819789
0.000461065
0.00639559
-0.00528511
0.000315533
0.00408473
-0.00327946
0.000204081
0.0024593
-0.00197722
0.000122592
0.00140053
-0.00120614
0.000110813
0.000738881
-7.29132e-05
0.000739035
-0.00120566
0.000110919
0.000845114
-0.000948704
0.000356581
0.000557753
0.000400916
0.000387252
-0.0008334
0.000669638
-0.00114596
0.00134172
-0.00187251
0.0023825
-0.00311305
0.00396975
-0.00503363
0.00623423
-0.00786194
0.00926791
-0.0117348
0.0130268
-0.0160669
0.016703
-0.00183926
0.00895658
-0.00691601
0.000822399
0.0231123
-0.0234443
0.00120724
0.018864
-0.0165115
0.000762367
0.0134724
-0.0108999
0.000491507
0.00902196
-0.00697514
0.00032583
0.0057663
-0.0043144
0.000207405
0.00352086
-0.00258411
0.000126823
0.00206241
-0.00156442
0.000116873
0.00113403
-0.00105337
0.000352343
0.000780449
0.000680048
-0.000339366
0.000769858
-0.0001745
9.99972e-05
0.000864952
-0.000760278
0.000846065
-0.00100734
0.00161689
-0.00143287
-1.44951e-05
-0.0012814
0.00109681
-0.000932077
2.12249e-05
0.000967704
3.82641e-05
2.74752e-06
-0.000250846
2.27608e-05
-1.97645e-05
1.32639e-05
-7.65646e-06
-3.79269e-06
0.000895427
-0.000897048
0.00108602
-0.00140481
2.70741e-06
0.0018727
-0.00241945
0.00319043
-0.00406157
1.40711e-05
0.00524838
-0.00651972
0.0082609
-0.00995237
3.29777e-05
0.012398
-0.0143854
0.017603
-0.0193969
-3.43598e-05
3.47295e-05
5.55877e-05
0.000158539
7.85718e-05
8.28348e-05
0.0125334
-0.0143837
6.44851e-05
0.0171017
-0.02011
0.0179626
-0.0192165
0.000177657
0.0234712
-0.0259021
0.0166588
-0.0127216
-0.0238937
-0.00186092
2.78916e-05
-0.0085687
-0.0023169
0.000330836
0.0122257
0.0149093
0.000950663
-0.0195429
0.0128671
-4.69918e-05
-0.0113844
0.00887624
-0.00016977
-0.00709772
0.00584522
-0.000115317
-0.00434029
0.00363476
-0.000103313
-0.00263401
0.00225619
-8.34117e-05
-0.00148178
0.00137775
-0.000101123
-0.000827998
0.000192603
0.000326889
-0.00054149
-3.99829e-05
0.000988892
-0.00119344
0.00134246
-0.00171469
0.00225288
-0.00287244
0.00465326
-0.00408979
-2.1433e-05
-0.00366285
0.00318964
-0.00244466
-2.07162e-05
0.0027699
1.38173e-05
-5.59049e-05
-3.04839e-05
-8.11508e-05
-0.000228759
-6.6984e-07
5.57439e-05
6.90902e-06
6.58787e-05
7.01234e-05
3.3814e-05
-4.64138e-05
0.000738057
0.000234594
4.07984e-05
0.000187892
-1.75539e-05
-0.000104761
-7.46123e-05
8.16474e-05
0.000125986
-0.000126381
-0.000201408
-0.00210175
-0.000112934
0.00255366
-0.00349115
0.0036885
-0.00460996
0.00583823
-0.00705695
0.0115877
-0.00998848
3.14383e-06
-0.00940746
0.00829939
-0.00655426
-1.67719e-05
0.00750616
5.64778e-05
-8.34283e-05
-7.59184e-05
4.47372e-05
-0.000720923
-0.000352182
-0.000249198
-0.000447506
-0.000178003
-0.000128567
0.00155739
-6.60424e-05
-3.91637e-05
0.00021301
-0.000385788
-0.000126889
0.000433713
0.000806128
0.00145499
7.45611e-05
-1.04498e-05
0.00010534
4.53576e-05
-0.001269
-6.73196e-05
0.00153373
0.0013997
-0.00197358
0.000122996
-0.00208489
-0.000125955
0.00264712
0.00246033
-0.00327051
0.00020528
-0.00346623
-0.000199349
0.00436347
0.00409547
-0.00527048
0.000318271
-0.00559846
-0.00021183
0.00681761
0.00643615
-0.00818556
0.00046768
-0.00872157
4.29899e-05
0.0100327
0.00955699
-0.0121635
0.000673988
-0.0130197
0.00114307
0.0137726
0.0134093
-0.0169644
0.000979436
-0.0181173
0.00460664
0.0174051
0.0174028
-0.00248855
0.000478577
-0.00303489
0.0566107
-0.0278126
-0.0287397
0.0423067
0.0111669
0.00393264
-0.0328768
-0.00773841
-0.00470382
0.0140123
-0.0147131
-0.000282586
0.000670283
-0.00279212
-0.00313638
-0.000650507
0.000839703
0.000451271
-0.00019983
-0.000522563
-0.000175224
0.000225092
6.18919e-05
3.07161e-05
1.31772e-05
-7.6259e-07
-1.07608e-05
-4.07567e-05
-1.94535e-05
0.000486769
-0.000487028
3.76708e-06
3.46013e-06
-0.000496298
0.000488697
-1.26948e-06
1.80419e-06
-1.91049e-06
-3.66561e-05
-2.33529e-05
8.85106e-05
4.90253e-06
0.000101702
-3.58095e-05
-4.42175e-05
-1.86325e-06
0.000168745
-0.000199712
0.000202683
-0.00016585
-0.000168775
-0.000140373
7.13372e-06
0.0002017
0.000177481
-0.000175213
-4.90075e-06
-0.000201126
7.34421e-07
1.60827e-06
5.85911e-06
-4.2004e-06
-6.28151e-06
-9.22305e-05
-5.8146e-05
-0.000110206
-0.000161875
-0.000188977
-0.000114507
-4.68119e-05
0.00080791
-0.00195853
-0.000851759
-0.000229288
0.00671943
-0.00794872
0.00886269
-0.0104712
0.0127568
-0.000582956
-0.0119542
-0.000525287
0.0105158
-0.000297271
-0.00109358
0.000178445
0.000125054
0.000246693
0.000291034
-0.000264187
-0.00317697
0.0109299
-0.00524864
-0.0181557
-0.002839
-0.00349228
-0.0431163
-0.0122201
0.00158992
-0.018251
0.0131724
0.000662574
0.000582675
0.0159133
0.0133169
0.00169933
-0.0015377
0.0174869
0.0157343
0.00179896
-0.00183371
0.0159159
0.0179006
0.00168009
-0.00410344
0.0132799
0.018127
-0.00648306
0.0105278
-0.00913769
0.00977611
-0.0383094
-0.0206878
0.00329809
-0.00947369
0.0180294
-0.0011369
-0.0292048
0.0168948
-0.00031572
-0.0199299
-0.0198439
-0.0284816
0.00951301
-0.0148719
-0.0100082
0.0153858
-0.0267506
-0.00405262
0.0167977
-0.0168967
-0.0014046
0.0128144
-0.0107704
-0.000741189
0.00882751
-0.00691885
-0.000528361
0.00575232
-0.00436205
-0.00036986
0.00359616
-0.00265217
-0.000219925
0.00217607
-0.00156632
-6.48595e-05
0.00134346
-0.000874386
0.000169149
0.000761356
-0.000353474
0.000675533
0.000778478
-0.00106301
0.00113133
-0.0015803
0.000118284
0.000667373
-0.000834287
0.000351548
0.000384909
0.000403816
0.000557256
0.000477644
0.00035619
0.000702516
0.00043134
-0.000137764
-0.000404702
-0.000618557
-0.000612873
-0.000931091
-0.00147333
-0.00113964
-0.000548857
-0.000317006
0.00417522
-0.00535072
-0.000225859
-0.000162501
-0.000306575
2.85254e-05
-0.00599535
0.00525609
2.23485e-05
0.00413669
-0.00527081
2.38808e-05
0.00666012
-0.00827388
5.11538e-05
0.0102041
-0.0123848
9.71512e-05
0.0147994
-0.0175635
0.000133214
0.0198807
0.000158197
0.000366071
1.09759e-05
-2.69658e-05
-7.22329e-05
1.17349e-05
2.88145e-05
2.14699e-05
1.24178e-05
5.58331e-06
1.92299e-06
9.06693e-07
4.32663e-06
1.32739e-05
-0.000474842
8.86164e-06
2.71825e-05
-3.21128e-06
-7.61429e-06
-1.30199e-05
-2.00502e-05
-3.45898e-05
-6.76198e-05
-0.00013245
-0.000178046
0.00073837
-0.000220834
-0.00057751
-0.000790762
0.0153295
-0.016413
0.0192563
1.8976e-05
-0.00270245
0.00224977
0.0069647
2.38431e-05
-0.00626682
0.00586111
0.00597937
5.41993e-06
-0.00667234
0.00622556
0.00537797
-9.70134e-06
-0.00842184
0.00798568
0.00754058
-0.000165594
0.0106489
-0.0112018
0.0109254
-0.0117277
-0.00109763
-0.00585149
0.00829156
-0.000743891
-0.00799289
-0.000188624
-5.80044e-05
0.0275633
-8.80218e-05
-0.0277411
0.0175424
-0.00062883
-0.018147
0.0181942
-0.000404761
-0.0190643
0.0279306
-0.00027212
-0.0279491
0.0242773
-0.0241969
0.0240322
-0.0246326
0.000115747
-0.027641
0.0273365
-2.81197e-05
-0.0181941
-0.00070085
0.0183415
-0.0156653
8.89032e-05
0.0278633
0.0100996
0.0268905
0.00998558
-0.0115038
0.0167362
0.00223509
-0.0120477
0.011806
0.000882484
-0.00910926
0.00815332
0.000588924
-0.00628959
0.00552485
0.000400605
-0.00411703
0.0034937
0.000278728
-0.00258127
0.00216469
0.000138383
-0.00156426
0.00122004
-6.18656e-06
-0.000994791
0.000581597
-0.000310269
-0.000866576
-0.000236187
-0.000737919
0.000490547
4.6618e-05
2.49229e-05
0.00029853
8.04293e-05
-0.000461852
-0.000373895
-9.57271e-05
-0.000291882
-0.000181259
-0.000138538
-0.000323867
-0.000152329
-0.000162671
-0.0003213
-0.000472787
-0.000506537
-0.000353622
0.000946922
7.19118e-05
-0.000675337
-0.000108229
0.00113201
0.00133245
6.12075e-05
-0.0012781
-0.000121759
0.00180862
0.00263666
-6.59561e-06
-0.00354553
8.8842e-05
0.0043719
-4.14567e-05
-0.00580634
0.000144792
0.00698571
-7.00771e-05
-0.00907752
0.000151774
0.0106384
-0.000100761
-0.0135075
0.000213497
0.0153853
-0.000185642
-0.0191695
8.38592e-05
0.020893
-0.000487824
-0.0259803
-0.000674649
0.000606791
-0.0157226
0.025663
0.000145596
0.0143659
0.000385314
-0.0119006
0.019539
-4.34287e-05
0.0102481
0.000316814
-0.00848426
0.0139167
-3.52626e-05
0.0070529
0.000240632
-0.00570055
0.00939925
-1.86738e-05
0.00461662
0.000186344
-0.00366136
0.00603402
-1.07236e-05
0.00289034
0.00012269
-0.00223944
0.00369889
-5.39271e-06
0.00172373
7.84755e-05
-0.00134254
0.00219305
-8.05727e-06
0.0010206
4.53146e-05
-0.000846757
0.00129664
-3.58083e-05
0.000765117
-9.76804e-05
0.000176076
-0.000780272
-0.000674331
0.000350256
-0.000767863
-0.000173852
-5.83488e-05
-0.00145702
-0.000807602
-0.000708198
-0.000462789
-0.000354814
0.000847251
0.000977037
8.89257e-05
-0.000639626
-0.000115312
0.00159932
3.33264e-05
-0.00207606
7.95652e-05
-0.000197534
-9.68106e-05
-4.29594e-05
-0.00088396
7.26121e-06
0.00030663
-3.61085e-05
-5.87432e-05
-7.95633e-05
0.000312868
-9.98417e-05
4.21017e-05
3.68524e-05
1.33373e-06
2.93019e-06
2.64665e-06
3.34106e-06
2.76205e-06
4.14259e-06
-3.98903e-06
-4.76906e-07
0.00187217
-0.00216832
1.19774e-05
-2.27141e-06
-1.44559e-05
1.76612e-06
-0.00110917
1.09339e-06
0.00141728
-0.0018947
3.89627e-06
0.00245704
-0.00321325
1.0226e-05
8.27588e-06
3.33529e-07
9.10989e-06
1.02909e-05
3.2065e-05
4.47431e-05
2.85527e-05
1.60292e-05
8.38498e-06
6.6385e-06
1.44544e-05
9.50327e-06
2.33646e-07
0.00139623
-0.00181007
0.00163436
-0.00213424
0.00276842
-0.00355468
6.25504e-05
-0.00127522
7.01027e-05
0.00119333
6.38825e-05
-0.000804826
4.05243e-05
0.000627119
-4.08305e-05
-5.5761e-06
0.00022057
-2.30543e-05
-0.000419598
0.00265212
7.69082e-05
-0.00218467
-0.000194092
0.0028293
0.00371436
0.000218115
-0.00372865
-0.000287757
0.00474328
0.00574381
0.000355375
-0.00589214
-0.000417902
0.00714423
0.00874605
0.000495254
-0.00891156
-0.000578321
0.0100854
-0.0127269
-0.000752113
0.0130639
-0.0174951
-0.000192983
-0.000617313
-0.000122934
-2.34325e-05
2.32232e-05
2.98048e-05
2.50456e-05
1.97603e-05
1.48193e-05
-1.35095e-06
5.50074e-06
0.000240306
0.000256826
0.0002593
-6.31016e-05
0.000313375
6.63967e-06
4.42334e-06
0.000322968
-5.38949e-05
0.000312876
-9.71856e-05
1.31805e-05
-2.45858e-05
2.60927e-05
-6.22905e-06
1.25142e-05
-8.2298e-07
-0.00106194
4.83707e-05
2.77212e-05
1.03241e-05
2.19225e-06
7.36766e-07
-0.000175538
0.000176448
7.21462e-06
-0.000143173
0.000235046
-5.76157e-05
1.64954e-05
5.44589e-05
1.67789e-05
-2.56282e-05
0.000316873
-0.00104284
7.17233e-05
-0.000708188
-0.000114813
0.00109794
0.00136206
4.67363e-05
-0.00129798
-0.000115313
0.00218989
0.00011453
-0.00223947
-0.000191411
0.00300145
0.00363329
0.000217727
-0.00377597
-0.00029656
0.00472212
-0.0059531
-0.000425486
0.00712072
0.000349611
0.000264924
0.000184857
0.000116431
5.97618e-05
1.67224e-05
-3.87388e-06
2.65738e-06
1.072e-05
3.75908e-06
-4.36215e-06
-2.22104e-05
-1.35569e-05
-6.09876e-06
-7.96576e-06
-5.53586e-05
-5.19724e-05
-0.00011195
-0.000113485
-0.000169839
-0.000197181
-0.00090959
-0.00140898
-0.00233008
-0.00251988
-0.00462222
-0.00396729
-0.0022729
-0.00858575
-0.0257888
0.00155789
-0.0411345
-0.0307003
-0.023272
-0.0155353
-0.01368
0.00516369
-0.0120787
-0.000685958
0.00308239
0.000340214
-0.000169873
0.0148032
-0.0171877
0.0196055
0.000177659
-0.00242622
0.00367413
0.00808543
0.000290489
-0.00564473
0.00756901
0.00755403
0.000303392
-0.00603342
0.00779758
0.00709874
0.00022239
-0.00808353
0.00888345
-0.000401817
0.000336359
0.000575721
0.00370977
-0.0157037
-0.0225908
0.00101715
0.0188609
0.000399737
0.000144453
0.011899
0.000141714
-0.0194716
0.022856
1.80795e-05
-0.0250386
0.0147874
-0.0147776
0.0128939
-0.00243926
-0.0165936
0.000523361
-0.0201434
0.0275221
-0.024093
0.0220675
-4.29684e-05
-0.0220982
3.2589e-05
0.0218872
-6.64942e-05
-0.0219887
1.2264e-05
0.0220855
-8.00229e-05
-0.022169
0.0245169
-0.0280882
0.00195795
-0.022068
0.0304434
0.00160024
0.000900735
-0.00982128
0.0104645
-0.0108376
3.52888e-05
-0.00802225
0.00738188
0.000527568
-0.00917623
0.00663593
-0.00780305
0.000659581
0.0152148
-0.00842696
0.00499411
0.0010593
-0.0093691
0.00740329
-0.000163879
-0.000140317
-8.68634e-06
0.000239798
0.000116953
3.96322e-05
6.03635e-06
-5.56037e-06
-9.29784e-06
-9.46123e-06
3.69906e-06
-4.35327e-06
0.000142928
0.000168798
4.77718e-07
-3.81546e-05
-2.36434e-05
0.000290173
9.63584e-05
-0.00026514
0.000133254
0.000171935
-0.000281403
4.00425e-06
-0.00029898
-2.45458e-05
-8.01049e-05
-0.000255364
0.000374796
0.00046384
2.34655e-05
8.88328e-05
-2.12984e-05
1.23771e-05
0.000217287
-0.000234163
-2.26687e-06
-0.000254762
0.000255853
0.000235847
-0.000215346
-2.62734e-07
-0.000274826
1.74314e-07
0.000275432
4.41074e-07
1.28152e-06
-8.55246e-06
2.57097e-06
2.32796e-05
5.12787e-05
0.00145371
0.000805068
0.000425705
-0.000139497
-0.000408161
-0.000636617
-0.00094143
-0.00143377
-0.00231255
-0.00400618
-0.00407891
-0.00789999
-0.00861527
-0.0185298
-0.0302558
-0.0273734
-0.0275133
0.0114207
-0.0161994
-0.00804989
-0.00869902
-0.0253319
-0.0308525
-0.0278501
-0.0278682
-0.0277507
-0.0276916
-0.0316483
0.0115723
-0.00158072
-0.00646311
0.0345473
-0.00969423
-0.0230176
-0.021401
-0.00622859
-0.00759143
-0.0173653
-0.0179652
-0.00240992
-0.00432974
0.000385243
0.000838104
0.000744739
0.000538314
0.000359307
0.000276804
0.000150268
0.000145987
4.26705e-05
9.59336e-05
-0.000267217
-0.00048167
-0.00073301
-0.00109498
-0.00170631
-0.00298749
0.000791402
0.000577489
0.000498046
0.000644713
0.00058299
0.000429488
0.000424346
0.000271588
0.00034275
0.000198857
0.00133732
0.00204787
-0.00259608
0.00349419
-0.00430961
0.000207441
0.00236985
-0.00187998
0.000128029
-5.14857e-06
-5.52355e-05
-5.39908e-05
-0.00115033
-4.5429e-06
-0.000307454
0.000179501
-8.41848e-05
-1.35604e-05
-2.2394e-05
4.0847e-05
-0.000294341
0.000227186
-1.36946e-06
-4.31992e-07
-4.03761e-07
3.87463e-07
0.000143352
-4.67918e-06
1.24672e-06
1.08916e-06
1.21851e-06
-8.81006e-05
1.02794e-06
3.70844e-05
2.32106e-05
3.06651e-05
-2.28691e-05
2.11718e-05
-9.34795e-08
2.54674e-06
-8.79104e-05
0.000294891
0.00028256
-0.000169913
-3.9214e-05
-0.000134639
0.000267164
2.54367e-05
9.03635e-06
1.52577e-06
6.49885e-07
-6.28956e-06
-4.85922e-06
-4.64005e-06
-3.00566e-05
-1.56119e-05
-5.57465e-05
2.45032e-05
-0.000107393
-0.00011017
-0.00016212
-0.000189474
-0.0031183
0.00394102
0.00572693
-0.00693055
0.00895728
-0.0107247
0.000469522
0.00617288
-0.00502298
0.000319044
1.54993e-05
-7.68758e-05
6.62037e-05
-8.60628e-05
0.000141739
-0.000199039
-0.000225962
-0.000204711
-0.000225833
-0.000143702
-2.18845e-05
0.000166168
0.000227716
0.000102381
0.00353393
0.000131095
0.000135356
6.04106e-05
2.41116e-05
6.18176e-06
-3.54269e-06
8.92713e-07
-1.29317e-06
-8.56323e-06
1.41184e-05
4.46392e-06
-3.32559e-06
3.50028e-05
1.4661e-05
1.53109e-05
8.13946e-06
1.07261e-06
1.22367e-05
1.10718e-05
3.2754e-06
6.71883e-06
1.2393e-05
2.1238e-05
1.14872e-05
7.46539e-05
3.42668e-05
5.26476e-05
0.000157611
6.93261e-05
0.000145376
0.000326338
0.000254913
0.00078449
-0.00243375
-0.00288174
-0.000472834
0.000380952
0.000525907
0.000298242
-0.00693414
-0.000161589
-8.93802e-05
-9.82932e-05
-0.000723049
-0.000244466
0.0161148
-0.000222873
-0.0198986
-0.000157052
-0.000850705
-0.0185098
-0.000852988
-0.00103611
-0.0123767
-0.00629795
-0.01029
-0.0246604
0.00258053
0.00617859
0.000376043
-0.00033902
-0.000292398
-0.000528949
8.72295e-05
-0.0144569
0.0190474
0.000119234
-0.00427192
0.00194864
0.00645422
4.53245e-05
-0.00808475
0.00515647
0.00520862
-1.27103e-05
-0.00833309
0.00550261
0.00462456
-6.50212e-05
-0.0076721
0.00186788
-0.0114098
0.00558675
0.00863818
-0.0106666
0.00313171
0.00131012
-0.000632129
-0.000105554
-1.61392e-05
3.08413e-05
3.39595e-05
2.67324e-05
2.00859e-05
1.3351e-05
5.4084e-06
1.24756e-05
5.47897e-05
0.00237423
-0.0030775
7.20967e-05
0.00396955
-0.00505317
0.00453114
-0.00570513
0.0070975
-0.00875527
0.000114322
-0.00337035
0.000134207
0.00322033
8.33589e-05
-0.00209908
0.000103842
0.00202498
2.06588e-05
8.67135e-05
0.000665211
-7.17808e-05
-0.00106958
0.00701312
0.000252327
-0.00562829
-0.000417907
0.00688499
0.00893348
0.000502838
-0.00875545
-0.000571866
0.0123105
0.000790912
-0.0126137
-0.000819089
0.0130501
0.0166218
0.000795319
-0.0208819
-0.000411762
-0.0173677
-0.0206456
0.000924367
0.0161477
0.0134069
-0.0170578
-0.000349366
-0.000623552
0.00057286
0.000468523
0.000377549
0.000279572
0.000190187
0.000115292
5.28711e-05
8.93427e-05
2.05022e-05
-3.89752e-07
2.9322e-05
-7.5849e-07
0.00636508
-0.0079377
0.000155544
0.00972372
-0.0119158
0.0106411
-0.0127821
0.0153394
-0.0173296
-0.000483067
-0.00724005
3.15587e-05
0.00732938
6.87367e-05
-0.00522318
0.000133238
0.00490752
1.15345e-06
0.000239369
0.00179038
-1.50789e-06
-0.00209737
0.0154646
0.000460236
-0.0116455
-0.000814804
0.0136941
0.0165296
0.000792466
-0.0214734
-0.000317162
-0.015344
-0.0275851
0.000232849
0.0204713
-0.00172302
0.00911791
-0.000222992
0.00617004
0.00528745
0.00267911
0.0016972
0.0114812
-0.0068478
-0.000344056
0.0012353
0.000687393
0.000484663
0.000361139
0.000255122
0.000163904
8.35308e-05
4.48318e-05
0.000577773
-0.000391782
-0.000640719
-0.000153702
0.000124196
-0.00035309
0.0011358
-0.000463229
-0.000551878
-0.000550115
-0.000339135
0.0008542
0.000960111
7.0617e-05
-0.00071881
-0.000109569
0.00132306
5.09049e-05
-0.00127401
-0.000116011
0.00183316
0.00219884
0.000120241
-0.00226536
-0.000196845
0.00297506
-0.000332942
-0.000259132
-0.00277385
-0.000140298
-0.00160462
0.000423422
0.000425969
0.000138384
-0.000452767
-0.000740891
-0.000476092
-0.000368305
-0.000798259
-0.000240746
-0.000131974
7.42163e-05
1.4022e-05
0.00161437
3.44323e-05
-0.00127727
-0.000119974
0.00172745
0.00224725
0.000111021
-0.0022486
-0.000189116
0.00361666
0.000222353
-0.00373479
-0.000291865
0.00474818
0.00577859
0.000337608
-0.00719706
-0.000576156
-0.000405609
-0.00458276
0.000857894
0.000862504
0.000628835
-0.000157358
-0.00157515
-5.50054e-05
-0.000801396
0.000143738
-0.000249537
-0.000302155
0.000104599
0.000417097
-0.000215302
-0.00193084
0.000321222
4.3535e-05
0.000401304
-4.91892e-05
0.00439229
0.000156854
-0.0035939
-0.000294082
0.00450564
0.00590768
0.000347087
-0.00586433
-0.000410109
0.00866916
0.000527011
-0.00882775
-0.000584687
0.0100836
0.0124999
0.000727712
-0.0153176
0.000425038
-7.11261e-05
-2.50661e-05
2.06932e-05
1.6171e-05
1.0222e-05
5.81822e-06
3.05491e-06
-1.86596e-06
4.95032e-07
1.29473e-05
2.83623e-06
-1.80682e-06
4.18046e-06
1.66391e-05
4.23232e-05
6.88266e-05
3.21841e-05
1.10493e-05
2.92213e-06
3.449e-06
-9.1723e-07
1.36495e-06
0.00189363
2.23373e-06
-0.00188603
0.00245524
4.11982e-06
-0.00320306
0.00321578
-0.00244467
0.00247795
5.92828e-06
-0.00324747
0.00320235
-0.00245482
0.00188694
-1.5966e-06
-0.00191879
0.00143152
-0.00142145
0.00142708
-0.00142654
5.62331e-06
-0.00188043
0.00192653
6.9904e-06
-0.00246951
1.75138e-06
-0.00319278
0.00326187
9.17809e-06
-0.00414806
-6.71621e-07
-0.00522969
0.00532844
-0.00524069
0.00526072
6.95684e-06
0.00411703
-0.00409946
4.27831e-06
0.00416153
1.39528e-05
-0.00530554
0.00524438
-0.00410396
-2.40511e-05
-0.00367646
0.00224804
1.05205e-05
0.00278242
-2.06599e-05
-0.00218179
0.00134689
1.04454e-05
0.0016296
-0.00144008
0.00110688
-5.33863e-06
-0.00112509
2.14831e-07
0.00110174
1.20774e-06
-0.00109785
4.41342e-06
0.00112825
7.41427e-06
-0.00110288
0.00144579
-0.00162748
1.77092e-05
1.87128e-05
1.2057e-05
4.13472e-05
2.50788e-05
-0.000490794
0.000509334
-0.000501013
0.000501835
2.71955e-07
-9.39228e-07
-1.17668e-06
-0.000508894
0.000491722
-2.45867e-05
-1.39162e-05
0.000249112
-0.000280197
6.32955e-07
-2.13763e-06
0.000909176
-0.000920256
0.000922639
-0.000906889
0.000942467
-0.000974173
-1.97097e-05
-3.82948e-06
-0.000248282
1.44442e-05
0.000280421
-1.16809e-05
1.06756e-05
9.46213e-06
2.66538e-06
4.94619e-06
8.26896e-06
1.04413e-05
1.0296e-05
-0.00656837
8.62742e-06
-0.00817507
0.00820275
-0.00826822
0.00819629
2.38919e-05
0.00667386
-0.00656772
-2.45924e-05
-0.00599841
0.0036676
2.13997e-05
0.00465876
-0.00288045
-0.000114697
-0.00211759
0.00256222
-0.000251845
-0.00346121
0.00412873
-0.000337996
-0.00537869
0.00643436
-0.00036402
-0.00794516
0.00962703
-0.000485009
-0.0114762
-0.00116191
-0.000385069
-0.000610393
-0.000209915
-0.00041615
-0.00017564
-0.000306867
-0.00013475
-0.000214659
-8.31937e-05
-0.000147806
0.00155714
-0.001721
-7.41366e-05
-0.00121813
0.000985797
3.949e-06
-1.4788e-05
-0.000134401
-3.96318e-05
-0.000581946
-4.35865e-05
0.000850142
3.66115e-05
-0.00129298
-1.38643e-05
-1.45114e-05
7.09445e-05
3.21554e-05
-4.64043e-05
-0.000490422
0.000738451
0.000237801
0.000864083
0.000306346
0.000174255
2.66828e-05
9.78717e-05
-0.000766034
0.000975895
-0.000940306
2.04632e-05
1.68787e-06
-4.3739e-05
-1.06356e-05
-7.31894e-07
6.67808e-05
8.33951e-05
0.000120346
0.000178782
4.37155e-05
-0.00935241
0.00572886
-0.00462129
0.007479
1.95619e-05
6.31634e-06
-2.95275e-06
3.00467e-06
1.21561e-05
2.44761e-05
3.91522e-05
4.92536e-05
-1.438e-05
-0.00999142
3.38632e-05
-0.0122324
0.0121755
-0.0138752
0.00851464
8.57682e-05
0.0114511
-0.00708774
-0.000162359
-0.000155978
0.00073415
0.000579354
0.000659137
0.000889207
0.00911
0.0133393
-0.0159821
0.001674
0.000112677
-4.81552e-05
0.000434169
-0.000154025
-6.52254e-05
-0.00778722
0.00011293
0.000730158
-0.0115106
0.000686521
0.000100233
4.4888e-05
9.80297e-05
0.000212741
0.000312235
0.000147433
5.66471e-05
2.69616e-05
2.28979e-05
2.1846e-05
3.11936e-05
4.1896e-05
2.71009e-05
2.13694e-05
2.69348e-05
1.76798e-05
1.5156e-05
-4.32941e-07
1.13258e-05
1.23345e-05
0.000104126
3.09144e-05
2.05942e-05
1.39314e-05
1.44301e-05
1.01026e-05
5.83386e-06
1.17016e-05
1.30456e-05
9.74137e-06
-4.70014e-05
1.69514e-05
3.09926e-05
2.30061e-05
4.01713e-05
6.38571e-05
7.03172e-05
0.000121251
6.02924e-05
0.00011535
5.6161e-05
0.0140919
-0.0170461
0.00026573
0.0191037
0.000365199
7.15171e-05
0.00020858
0.00127482
-0.00369522
0.0125045
-0.0104327
0.0219915
0.00317983
0.0135307
-0.0117828
0.0101523
-0.00992058
0.00709249
0.00804467
-0.0107625
0.00242822
-0.0116325
0.00749435
0.00774834
0.0145668
-0.000770951
-0.000302738
-0.00182701
-0.00013075
-0.00734517
-0.000151887
-3.27544e-05
3.50916e-05
4.94714e-05
8.40727e-05
4.53711e-05
3.82053e-05
4.54275e-05
3.79258e-05
-3.95032e-06
3.89479e-05
-3.99719e-07
0.0002806
0.000191075
0.00013428
-0.00881466
0.0106937
0.000360629
-0.00834837
-0.000581306
0.0100502
0.0126952
0.000719997
-0.012443
-0.000793025
-0.015194
0.000471379
0.000381964
-1.98841e-05
1.15769e-05
-3.48733e-06
0.000227862
4.10996e-05
2.12873e-05
2.82426e-05
2.19354e-05
-6.92001e-06
0.000194014
0.00011866
5.68813e-05
-0.00155022
-0.000137189
0.00183461
-4.23205e-05
0.00114199
-0.000823504
-0.000707591
0.00087449
-0.00051566
-0.000469917
-0.0004471
0.000141052
-0.000257324
-0.000287701
-0.00279031
0.000657791
-0.000290063
-0.000675641
0.000502367
0.000943613
-0.000419437
-0.00558808
0.000719378
0.000132189
0.00106541
-7.42821e-05
-0.00159337
-0.000562312
0.0010494
0.00173442
0.00130459
-0.000448734
-0.00465594
-0.000405452
-0.00452679
0.00115025
-0.000638663
-0.00734341
-0.000576611
0.0071677
0.00141645
-0.000876074
-0.0110057
-0.000551261
-0.0133184
0.00194763
0.000724605
0.00369259
0.000249812
-0.019424
0.000586652
0.00219035
0.00258312
0.00373595
0.0129736
0.0304482
0.0159901
0.0235562
-0.00210287
-0.00122799
-0.0157323
0.00140851
0.000900854
0.00262617
0.0157321
0.0228709
-0.00203358
-0.00112732
-0.000791319
0.0102098
-0.0106648
0.00133333
0.00112931
0.00115452
0.000449985
0.00203702
0.0144672
0.0230698
-0.00209415
-0.00113772
-0.000794589
-0.0107527
-0.000972591
-0.000714325
-0.000512319
0.000700547
0.000469505
0.000258492
5.64407e-05
0.000212617
0.000964682
0.00122183
0.00135442
-0.00126688
-0.00163933
0.00196315
0.0131952
0.025794
-0.00446435
0.00525173
0.00232276
0.00199609
0.000227988
-0.000144529
-7.3594e-05
-3.68649e-05
-1.91651e-05
-1.02398e-05
-4.01986e-06
4.4006e-06
1.89896e-06
8.41736e-07
-5.75699e-07
5.7065e-06
3.20751e-06
3.35353e-06
-2.07236e-07
-3.42729e-05
-7.09229e-05
-6.48353e-05
1.03846e-05
2.76683e-05
-0.00278189
0.00246634
1.08439e-05
9.18951e-06
1.05247e-05
1.05917e-05
5.60179e-06
1.11754e-05
3.37026e-05
-9.76289e-07
0.00025366
-0.00114403
8.93705e-05
6.3098e-05
7.68896e-06
1.11134e-05
1.3565e-05
-9.4814e-07
-8.76593e-06
1.82591e-05
1.36097e-05
1.14372e-05
9.82622e-06
1.22842e-05
1.42159e-05
4.37365e-05
4.12091e-05
0.0121348
3.17998e-06
-0.012107
0.0144649
-2.07124e-05
-0.0169463
0.016942
-0.0144415
0.0146925
2.6791e-05
-0.0170952
0.0170973
-0.0144058
2.45424e-05
0.0166927
-0.0104503
-8.78555e-05
-0.000111501
0.000119317
0.000260704
0.00029755
-0.000219291
-0.00143807
-0.00292917
-0.00561371
4.20353e-05
-0.0021546
-0.000863076
-0.00026158
0.000271796
0.000251132
4.6785e-05
5.23164e-05
5.28107e-05
2.8266e-05
0.0101706
-0.0100004
0.0100321
-0.0101429
-1.77876e-05
-0.0121162
0.0122647
-8.96872e-08
-0.0146787
-4.77892e-05
-0.0170101
0.0171126
-1.77346e-05
-0.0200048
0.0197019
-0.0226346
-9.35332e-06
-0.000153854
-5.48582e-05
1.76593e-05
3.25194e-05
0.00011792
0.000282914
0.000698092
0.00399772
-0.00232671
0.0570948
-0.00152182
-0.000260539
-0.0010805
-0.0112626
0.00251844
0.0065456
0.000509868
-0.000120058
-0.00580076
-0.000146026
0.00013663
0.000296083
2.51498e-05
3.24148e-05
0.000553955
0.000321753
-0.0184907
0.0162572
-0.000774166
-0.000471873
-0.000146237
0.0032453
-0.000862927
0.00266267
0.00435076
0.00774846
0.0149253
0.00328698
-0.00838518
0.00339016
-0.011601
0.00269758
0.00125203
-0.00801821
0.000565775
-0.000136355
1.1689e-05
-2.77968e-05
1.14537e-05
0.000120346
-8.22932e-05
-0.000196179
-6.02615e-05
-0.000215921
-4.94636e-05
7.64849e-06
-2.46396e-06
1.27104e-05
-8.85744e-06
-2.01457e-06
-4.17567e-05
5.09843e-06
6.59368e-05
0.000143137
0.000337721
0.00577307
0.0247425
0.00130948
-0.00329147
0.0158249
0.000737665
-0.0023654
-0.00150994
-0.00250617
0.0567338
-0.00124963
-0.000279945
0.00048777
0.000111141
0.000256294
-0.00528701
-0.000163017
-0.000157265
-0.00114135
-0.011364
-0.0104605
-0.00672813
-0.0239032
0.00255581
0.00582719
0.000259667
-0.000333543
-0.000355446
-0.000212724
-0.00641594
-0.000342735
0.00313203
-0.00206199
0.00336344
-0.000229162
-0.0058918
-0.000367153
-0.00016252
-4.66547e-06
0.000465838
0.00213492
0.000524113
0.000577709
0.00205273
0.00198649
0.000250058
-0.000104145
-2.78032e-05
4.85264e-05
0.00015538
-8.86099e-05
-1.06151e-05
0.00130881
0.0195198
0.00168408
0.000694944
-0.000178192
-0.000191578
-0.000149427
-0.000106673
-7.77289e-05
5.48238e-06
0.00412377
-0.0046595
3.50437e-05
9.19159e-05
4.37158e-06
4.23199e-05
-0.00746954
0.00659729
-4.96917e-06
-0.00816683
0.00829916
-0.00665286
1.08463e-05
0.0065941
5.69033e-06
7.25646e-06
4.07049e-06
7.66377e-06
5.66227e-06
5.78077e-06
1.49072e-05
8.86606e-06
1.50185e-06
-3.21551e-05
8.36213e-05
0.019909
-0.0196254
0.019602
-1.55987e-05
-2.83997e-06
3.75299e-06
9.24453e-06
-1.14231e-05
0.0100348
-0.0114029
4.49917e-05
0.000149115
0.00012384
-4.43341e-05
3.0403e-05
-0.016536
0.0144821
-3.66369e-05
0.000547467
0.00041099
0.000329065
0.000214692
0.000137172
3.84492e-05
-2.80199e-05
-0.000177194
1.23923e-05
8.27876e-05
0.000150706
-1.55621e-07
0.000193762
0.00028558
0.000387464
-8.06543e-05
-4.0196e-05
6.57897e-05
-2.57164e-05
-9.85352e-05
-2.94101e-06
-4.89794e-05
-2.55366e-05
-0.000129773
7.05824e-05
-0.000129967
-0.000479503
-4.59476e-05
-0.000161837
-0.000984045
0.000794985
0.00216757
0.000160039
5.89045e-05
-0.0195181
0.000104671
0.00116431
0.00612363
-0.000162603
-0.000201237
-0.0013077
-0.0133221
-0.0082376
0.00192552
-0.000238283
-0.000192455
-0.00016806
-0.00171999
-0.000336814
0.012864
0.00350427
-0.000667704
0.00258038
0.0191613
0.00154294
-0.00031161
-0.000497992
-0.000566944
-0.000820753
-0.018579
-0.0163408
9.89762e-05
0.00155685
0.000753909
0.00309778
-0.00578767
2.14734e-05
0.00019071
-0.00086673
0.000283951
-0.00712876
0.00114176
0.000791015
0.000558021
0.00038445
0.000109583
2.22801e-05
-0.00337413
0.00299514
-0.00272057
0.000628272
0.0144752
0.0126257
0.000527996
-0.000126926
-0.000153236
-0.000177709
-0.00102007
-8.80294e-05
-7.45744e-05
-9.299e-05
5.05214e-06
-0.000198616
-6.75678e-07
-0.0194615
0.000505499
-0.0176179
-0.000115648
0.000869335
4.00025e-06
-0.000226179
0.000101855
-0.000469904
0.00111407
2.45211e-05
-0.000571373
0.00218554
0.00671058
3.46164e-05
2.13398e-05
0.000124309
2.70168e-05
0.00020368
0.000703548
-0.0141319
0.000106369
-0.000365963
0.000140839
0.000414879
0.000423454
0.000624929
0.000848991
0.00110436
0.00127343
0.00104244
0.000254532
0.00202409
0.0142652
0.0192082
0.0183388
0.0121755
-0.026962
-0.0256934
-0.00105605
0.0229599
-0.000651522
-0.0248957
0.00407461
0.000959393
-0.00283684
0.00220289
0.000363635
-0.00212462
0.00147603
0.000235068
-0.00143765
0.000993857
0.000168143
-0.000952357
0.000615236
9.72864e-05
-0.000619129
0.00035275
3.9263e-05
-0.00039969
0.000181658
-1.3299e-05
-0.000292908
5.51873e-05
-0.000134832
-0.000347593
-0.000156064
-0.000463165
-0.000554852
-0.000558975
-0.000476307
-0.000492669
-0.000529656
-0.000506141
-0.000530962
-0.000520354
-0.000517291
-0.000522513
-0.000514673
-0.00054997
-0.000529282
-0.000508467
-0.000673768
-0.000344116
-0.000310018
0.00129792
0.000104638
0.00074246
-0.000343156
0.000970022
8.46362e-05
0.000863602
-0.000353443
0.000921097
7.39066e-05
0.000891029
-0.00035436
0.000908696
7.49733e-05
0.000935635
-0.00034031
0.000867666
7.66145e-05
0.00112565
0.000123104
-7.14535e-05
-0.000640378
5.02813e-05
-0.000606358
0.000620715
-0.000815254
0.00118923
-0.00128607
0.00203077
-0.00206447
0.00325363
-0.00325524
0.00490717
-0.00485119
0.00713021
-0.00666622
0.0102089
-0.00745502
0.0151025
0.00150702
0.0226628
0.0160756
-0.00634023
0.0175663
-0.0164018
-0.000840179
-0.000445879
-0.00959068
0.0100548
-0.00900892
0.0166948
0.00216125
0.00255962
-0.00068557
-0.00142466
-2.37442e-05
0.00144839
0.000133495
-0.0128877
-0.00551909
0.0080941
-0.00503784
-0.00666249
0.00891066
-0.000943931
0.0097117
-0.00147288
-0.000766981
0.00766301
-0.0151607
-0.0190554
-0.0241797
-0.0293687
0.0318973
-0.0244448
0.0257624
0.000134032
-0.0138456
0.0235824
-0.0124418
-0.014865
-0.0166759
-0.0216964
0.0285227
-0.0188758
0.0206403
-0.0164113
0.0151315
-0.0122734
0.010596
-0.0084815
0.00707269
-0.00550981
0.00453164
-0.00339069
0.00281015
-0.001994
0.00170623
-0.00116075
0.00028954
-0.000339136
0.000188219
0.000109209
-0.000965277
0.00149763
0.000123504
-0.00175123
0.00254341
0.000200504
-0.00303416
0.004118
0.000300551
-0.0048909
0.00631643
0.000428675
-0.00734927
0.00922141
0.000591016
-0.0103217
0.0129552
0.0008057
-0.013361
0.0177198
0.000353365
-0.014613
0.0245926
-0.0122764
-0.0180845
-0.0186279
-0.0197855
0.0273088
-0.0122735
-0.0196629
-0.0186852
-0.0183332
0.0273703
-0.0171958
0.0208333
-0.0161096
0.0153013
-0.0121889
0.0106041
-0.00819379
0.00678715
-0.00514427
0.00415689
-0.00307631
0.00259935
-0.00180722
0.00157841
-0.00108215
0.000212238
-0.000312346
0.000361793
0.000100292
-0.000954162
0.00217308
0.000125458
-0.00240442
0.00352372
0.000183316
-0.00413179
0.00558089
0.000221429
-0.00675154
0.00653207
0.000475326
-0.00814902
0.00882325
0.00061575
-0.0104362
0.012244
0.000768442
-0.0135025
0.0172706
0.000186343
-0.0155387
0.0253257
-0.0121688
-0.0216098
-0.0212267
-0.0172571
0.0325073
-0.0230084
0.0248608
0.000614678
0.00224878
-0.0105324
0.00350801
-0.00503607
-0.0224544
-0.00518418
-0.00167009
-0.0150506
0.000249728
-0.0195951
0.0212616
0.000205463
0.0203977
-0.023451
0.026294
-0.00149904
-0.0218345
-0.00130788
-0.00225743
0.00993051
0.0089655
-0.00218115
-0.0166386
-0.0156602
-0.0118083
0.00832746
-0.00812802
-0.00437495
0.00932364
-0.00148177
0.00854997
-0.00725343
-0.00748182
0.00824254
-2.76223e-05
0.00740356
-0.00737443
-0.00819095
0.00754128
4.75831e-05
0.00729234
-0.00853496
-0.00927157
0.00446888
0.00148881
0.00814977
-0.00830922
0.00716765
0.0118398
0.0156669
0.0167062
0.00217949
-0.00897515
0.0100617
-0.000207054
-0.00930326
0.0096707
9.38677e-06
-0.00964292
0.00930622
0.000227951
-0.00999854
-0.00150091
-0.0034727
-0.00254947
0.000645113
-0.00051255
-6.46598e-05
-0.000508283
-0.0259724
0.025944
-0.0231395
0.0213144
-0.0212971
0.0218002
5.12091e-06
0.0231623
-0.0238637
0.0260233
0.00014496
-0.0259286
5.00913e-06
3.57151e-06
2.52582e-06
1.89544e-05
-0.000608945
0.000522733
7.9146e-05
0.000516667
-0.0263047
0.0219045
-0.0205084
0.0196334
-0.000102707
0.0149146
0.00133757
0.00160458
0.00530104
-0.00630319
0.00150174
0.0174448
-0.015962
0.0163734
-0.0163557
-0.000137807
0.0159485
-0.0173865
0.00629158
-0.0158439
0.0176727
-0.00105062
-0.00588113
-0.00436746
-0.00901371
-0.0235439
-0.0116962
-0.00219987
-0.00147461
-0.00271425
-0.00110991
-0.00433187
0.00257095
-0.0199989
0.0181636
-0.0147535
0.0123669
0.000177115
0.00155569
-0.00242186
0.000233054
0.000218271
0.00652909
-0.0070932
0.000331872
-0.0105467
0.0116556
-5.88498e-05
0.0123181
-0.01369
0.0163043
-1.84355e-05
-0.0147162
-0.000226474
-0.000212779
-0.000479061
-0.000643803
-0.000437213
-0.00983408
-0.000936879
0.00702479
-0.00113079
-0.00067912
-0.000178758
-0.000643471
-0.00154354
0.000316543
-0.00226155
0.00178006
-0.00213824
-0.0142206
-0.0240113
-0.0229435
0.0254503
0.00117386
-0.0156353
-0.0175455
0.0202776
0.000289922
0.0178411
-0.00088339
-0.0137164
-0.0158054
0.0149202
0.000788477
0.0129764
-0.000801242
-0.0105355
-0.0119391
0.0103896
0.000586657
0.00932256
-0.00069679
-0.00758269
-0.00819851
0.00684325
0.000425918
0.00652766
-0.000573025
-0.00511455
-0.00526201
0.00433182
0.000290977
0.00431129
-0.000406847
-0.00320491
-0.00321156
0.00267613
0.000197199
0.00267241
-0.000325554
-0.00185165
-0.00188558
0.00162037
0.000125217
0.00158172
-0.000327603
-0.00101258
-0.0010946
0.000253797
0.000109857
0.000225122
-0.00194372
0.000797101
0.000749799
-0.00180449
0.000120325
-8.33094e-06
0.000358172
6.42355e-05
-0.000770993
0.000928186
-0.000930327
-6.39647e-05
0.0022669
-0.00258938
-7.1779e-05
0.00353965
-0.00382807
-0.000145234
0.0043463
-6.16962e-05
-0.00239177
0.00499852
-0.00606164
0.000555274
-0.000101932
-0.00110188
-0.00949324
0.000230948
-0.00165891
-0.000910312
-0.000528923
-0.00523746
0.000664366
0.0011521
0.00250502
-0.00422876
0.00369893
-0.00605889
0.00519763
-0.000139776
0.00699851
-0.00644049
0.00808895
-3.9946e-05
-0.00767454
-0.00199586
-0.000574795
-0.000375303
0.000143224
8.49138e-05
-1.75986e-05
-0.00028757
0.000285835
0.000632459
-0.00239427
-9.64243e-05
1.59368e-05
3.71198e-06
4.62687e-06
1.13162e-05
2.42322e-05
2.45616e-05
0.000164761
4.07013e-05
-1.10056e-05
-0.000202701
0.000184324
0.00406936
-5.41467e-05
-0.00336416
0.00122521
-0.000482181
-0.00350899
0.00238994
-0.0029887
0.00225807
-0.0018559
0.00130724
-0.00203589
0.00174419
1.43628e-05
0.00281578
-0.00248437
0.00314482
-2.84224e-05
-0.00366229
1.43268e-05
-7.78778e-05
-0.000113809
-0.000256393
-0.000410231
-0.000271855
-0.00042541
-0.00172058
-0.00163719
-0.000905978
0.000516032
-0.00184085
-0.000627132
0.00110589
-0.000570824
-0.00123148
-0.00121955
-0.000866654
-0.000594494
-0.000305807
-0.00035173
-0.000285464
-0.000373455
-0.0024126
0.00141946
0.000121828
-0.000619885
-0.000963707
-3.06085e-05
-0.000337017
0.00095001
0.000156733
3.58134e-06
2.84234e-05
-0.000292061
0.000603688
-6.96434e-05
0.0013937
-0.00147986
-2.92946e-06
-0.0018373
0.00178289
-0.00179157
0.00184924
-3.46253e-06
0.00242941
-0.00248627
0.00319442
-4.87872e-07
-0.00310578
5.60184e-06
-0.00244542
-9.42758e-06
0.00247427
3.6878e-06
-0.00317756
0.00312249
-3.30986e-06
0.00414209
-0.00408258
0.00516587
-0.00512375
0.00525956
2.41673e-06
0.00644915
-0.00660919
0.00819774
4.48313e-06
-0.007988
8.90053e-06
-0.00646323
9.89229e-07
-0.0052451
1.94116e-05
-0.00414981
0.00464125
-2.46958e-05
1.76649e-06
-2.57269e-05
-2.63128e-05
0.00835364
-0.00941331
4.83165e-05
-0.0120643
0.01183
-0.0117929
0.012101
-2.64327e-06
0.0140203
-0.0144249
0.0168889
-1.82912e-05
-0.0164646
1.58617e-06
-0.0139916
2.52753e-05
0.0144075
2.86841e-05
-0.0168494
0.0164876
3.68485e-05
0.0195664
-0.0189681
5.64003e-07
0.0189938
-0.0195866
2.75829e-05
-0.021269
0.0187888
-0.0169729
0.0147232
-0.0124741
0.0104127
7.28352e-05
0.00695455
0.000264348
-0.00656271
-5.29426e-05
0.0100062
0.000454262
-0.00729891
0.000980439
0.000956477
-0.00290092
-0.00026915
0.00223523
-0.0183809
0.000658421
0.0100066
-0.000585301
-0.00868318
-0.0106686
0.000556695
0.00750894
-0.000418025
-0.00621729
-0.00669764
0.000379986
0.00523981
-0.000291678
-0.00413343
-0.00404696
0.000224226
0.00353222
-0.000196269
-0.00264965
-0.00230364
8.44148e-05
0.00261425
-2.32635e-05
-0.00189987
0.00159233
1.36588e-05
-0.00102803
-0.000741589
-0.000764254
-0.000779902
-0.000747436
-0.000789659
-0.000744921
-0.000811698
-0.000722742
-0.000936745
-0.000109181
-0.000263064
-0.00040813
-0.000710845
0.000121472
0.000393149
-4.88607e-05
-7.32119e-05
-0.000246735
1.48249e-05
-3.12638e-05
1.52658e-05
1.74874e-06
-4.26657e-07
-0.00145522
0.000663057
-1.35728e-05
-0.000657497
-7.41764e-06
2.49715e-05
-3.3851e-05
-4.26028e-06
-0.000677555
0.00144066
-0.00126659
1.33933e-05
2.17584e-05
1.11119e-05
1.49387e-05
1.89882e-05
2.34639e-05
2.13067e-05
-9.19418e-06
-7.20451e-05
0.000501008
-5.94801e-05
0.00481082
0.00555191
0.00551701
0.00483471
-0.000185492
-0.00641079
-0.00567129
0.00575132
0.000196726
0.00641475
1.42182e-05
-0.00640044
-0.000179681
-0.00565202
1.03632e-05
0.00567169
0.00648058
0.000195892
-0.00479841
-0.00545233
0.00816468
0.00805399
0.00763247
-0.00143204
-0.00314136
-0.00199761
0.010265
-0.00722989
0.0114777
-0.00270327
-0.0014177
0.00741644
8.95545e-05
-0.000474694
-0.00227683
0.0116207
-0.00706213
-0.0140288
-0.00815848
0.0102224
-0.00250271
-0.00325606
-0.000309902
0.00145418
-2.01452e-06
-0.000179398
0.000144541
0.00178906
0.000586439
-0.0140945
-0.00779118
-0.0033763
-0.00348611
-0.00260501
0.000493156
-0.000670132
-0.00739997
0.00759853
9.27625e-05
0.00815663
-0.00821374
-0.00758595
0.00732663
0.000162158
0.00988517
-0.000460594
-0.0102902
-9.76145e-05
-2.5619e-05
-4.80226e-05
-0.000472103
0.000103195
-0.00473413
-0.00550714
7.13095e-05
-0.000551742
-0.00217799
0.00121037
-0.00196476
-0.0138856
-0.0229883
-0.0131307
-0.00199055
-0.000898156
-0.000487107
-0.00112099
-0.00120575
-0.000919334
-0.000579532
-0.000267274
4.29308e-05
1.96723e-05
5.73523e-05
0.000342362
0.000933202
-0.00110838
0.000589807
0.00101541
0.000657179
0.00153079
-0.000195258
0.00119638
0.000889842
0.000975918
0.000644218
0.000243334
0.000279206
-0.00056643
-6.96565e-05
-7.15713e-05
-0.00043744
-0.000464152
-6.47675e-05
2.80459e-05
-0.000492447
-0.000479351
-6.293e-05
4.03628e-05
-0.000461429
-0.000532806
-6.52925e-05
0.000103921
-0.000400767
-0.000579466
0.000153733
-0.000323445
0.00012604
-0.000412734
0.00102499
0.000531559
-0.000143422
0.000183161
-0.000617139
4.86175e-06
0.000939961
-0.000522988
-4.16741e-05
0.000496461
0.000514302
0.000812851
-0.00045334
0.000466728
0.00029556
-0.000568052
0.00160236
5.1092e-05
-0.00136613
0.0023814
-0.000196145
-0.00256692
0.00370924
-0.000409463
-0.00433026
0.00576953
-0.000603603
-0.00681321
0.00873059
-0.000819125
-0.010192
0.0126337
-0.00116277
-0.0145438
0.0172606
-0.00223139
-0.0201692
0.0199865
-0.00673688
-0.020864
0.011864
0.00437062
-0.00535229
0.0216555
-0.00194157
0.0276705
-0.0193426
0.0111113
-0.0163937
-0.00228153
0.0117446
-0.0115333
-0.000881006
0.00886532
-0.00801356
-0.000619848
0.00611308
-0.00541305
-0.000474742
0.00397246
-0.00351301
-0.000364248
0.00243933
-0.00218294
-0.000228185
0.00144485
-0.00122819
5.05643e-06
0.000890401
-0.000100549
0.000853327
-0.00125957
0.00107732
-2.31101e-06
0.000915639
-0.000954797
-2.54269e-06
0.000512267
-1.74737e-06
-0.000520633
0.000502361
2.28709e-05
-0.000480766
0.000478041
3.86297e-05
-0.000473886
0.000236253
-0.00039076
-1.4988e-05
0.000312283
-0.000231704
0.000259596
-0.000261083
0.000279571
-0.000291001
0.000274167
6.79468e-06
0.000136761
-0.000269305
8.6956e-06
0.000226015
-0.000227612
3.04343e-06
0.000235726
-0.000209839
-6.89279e-06
0.000276692
-0.000214348
0.000315186
-0.000415084
-0.00026364
0.000277658
-0.000112946
-4.9288e-05
0.000304116
-0.000227258
-5.28192e-07
0.000261636
-0.000251988
-3.8132e-06
0.000241427
-0.000293358
5.82145e-06
-8.62163e-06
-0.000131606
-0.000338702
0.00145207
0.00218647
0.00011246
-0.00250741
-0.000110423
-0.000112604
-0.00167911
-7.09902e-07
0.00274113
-0.00217487
-1.50033e-06
0.00156848
-0.000930068
0.00134975
-7.00677e-05
-0.000366858
-0.00146217
0.000440561
-0.000337212
0.000170555
9.25074e-05
-0.000934831
0.000347789
2.05626e-05
-0.000302166
-0.000652537
-0.00103962
-0.00137414
-0.00139861
0.000802473
0.000814242
0.000847795
0.000706549
0.0029264
-0.00171183
-0.000442018
0.000274134
0.000640356
0.000465448
0.000572929
0.000395832
0.000339712
0.000251097
0.000305998
0.000300974
0.000502404
0.000468818
0.000952932
0.000762111
0.000768248
-0.000330082
0.00057332
0.000166953
0.000171217
0.000627295
0.000935958
0.000781553
0.000765405
0.000826496
0.000788457
0.000878754
0.000676112
0.000393443
-0.00119057
2.72253e-05
3.11442e-05
-0.00194177
0.000425824
0.000451559
0.000276551
0.000279785
0.00025132
0.000345128
0.00046276
0.000615027
0.000739896
-0.00120649
-0.00138517
-0.00166288
-0.00564638
-0.0455051
-0.0256796
0.00155691
0.00200009
0.00193235
0.00107508
0.00109059
0.00123199
-0.0132574
-0.0207536
0.019026
-0.0152468
0.0134239
0.000580256
-0.010219
0.0129006
0.000735682
0.000140339
-0.000542596
-0.000755286
0.0176236
-0.00218474
0.0112069
-0.00873306
0.0016182
0.000604285
0.000591239
0.000592556
-0.00065517
-0.000487851
-0.000402393
-0.000323303
-0.000256354
-0.000180446
-0.00013083
-0.000202263
0.00045846
0.000122118
0.000916239
-0.00101637
-0.000191137
-0.00011624
-1.54815e-05
-8.74897e-06
-3.1547e-05
-5.77045e-06
-0.000178648
0.000721581
-4.73962e-05
-1.42391e-06
-0.000390472
0.00026949
0.000953103
0.000639196
0.000287204
-7.984e-05
-0.000108461
-3.89167e-05
8.38477e-06
0.000442628
-0.000617261
-1.75043e-05
4.29523e-05
-0.00010558
-0.000275885
-1.71188e-05
0.00016512
-0.000240672
-0.000249914
-1.6867e-05
0.000180713
-0.000254244
-0.000231302
-1.67891e-05
0.000152328
-0.000169403
-2.67598e-06
0.000177037
-0.000141691
3.06042e-06
0.000233337
-4.87913e-05
0.000323283
-0.000132375
-0.000161052
0.000321424
-7.07274e-05
-5.52007e-05
0.000262429
-0.000168583
8.81967e-06
0.000206309
-0.000197294
-1.28291e-06
-8.91759e-06
-2.02544e-05
-2.04062e-05
-2.15768e-05
-2.96198e-05
-3.10974e-05
-1.57108e-05
1.81554e-05
8.78976e-05
3.28736e-05
-3.14029e-05
-0.0187157
0.0168593
3.86734e-05
-0.000338442
0.000100092
0.0238475
1.55067e-05
-0.021761
9.58484e-05
0.000133997
0.000104259
-0.000616786
-0.000890083
-0.000485669
-0.000821266
-0.000402525
-0.000634031
-0.000325962
-0.000502594
-0.000256402
-0.000401369
-0.000194799
-0.000342995
-0.000138758
-0.000343006
2.63562e-05
3.7473e-05
7.97025e-05
0.000525594
3.18191e-05
8.43736e-05
2.5201e-05
-3.74731e-05
1.1783e-05
-0.000668725
0.000643397
4.64125e-06
2.29857e-05
-1.97977e-05
6.43932e-06
-1.00012e-06
-1.77687e-05
-1.2201e-05
-1.25509e-05
-6.68574e-06
5.37054e-06
1.35402e-05
2.87324e-05
7.65955e-06
7.35042e-06
-1.96267e-05
-1.63941e-05
-3.32806e-05
-0.016303
0.0137878
9.80781e-05
-0.0116156
0.00956476
-0.00862258
0.00702503
-0.00566302
0.0045143
5.2213e-05
0.00322865
0.000164888
-0.00320498
6.99825e-05
0.00481979
0.000202695
-0.00481008
9.3413e-05
0.000199483
-0.0015672
-0.000137778
0.00100006
-0.00869675
0.000272243
0.00456531
-0.000301719
-0.00371611
-0.00454575
0.000237793
0.00311476
-0.000191444
-0.00255916
0.00011928
0.00200239
-0.00011479
-0.00140501
-0.00140949
5.10425e-05
0.00130482
-0.000113774
0.00113648
4.16736e-05
-0.00134468
-0.00149484
0.00214135
-0.000120034
0.00180845
5.21556e-05
8.54334e-05
1.07038e-05
2.06055e-05
2.43035e-05
2.08407e-05
-1.14072e-05
-7.62388e-05
0.000495506
-5.63655e-05
-0.00740012
0.0024295
0.00140797
0.00292749
-0.0102203
0.00831595
0.00777167
0.0146624
0.00777381
0.00831687
0.0142903
0.019203
0.020095
0.0122926
-0.026155
-0.00101315
0.0163043
-0.000268758
-0.0192053
-0.0186404
0.0010102
0.0156612
-0.000763695
-0.0150126
-0.0125643
0.000640494
0.015042
-0.000189449
-0.0129132
0.0104738
-0.000124838
-0.0086507
0.00689823
-8.33727e-05
-0.00550659
0.00432867
-5.02256e-05
-0.00332362
-0.000294714
-0.000397978
-0.000523866
-0.000656012
-0.000468225
0.0200028
-0.000290795
-0.0183394
0.000233415
0.000507107
-2.81273e-05
5.12246e-05
0.000475379
-0.00866499
0.00813101
0.00147812
0.00444532
-0.0083665
0.0118401
0.0071536
0.0142771
0.000380101
-0.000251496
0.000410148
-0.00136045
4.26904e-05
2.34395e-06
0.000206175
-0.000146973
4.34889e-05
-0.001652
-2.55908e-05
-0.00804254
0.00293675
-0.0115198
0.00218225
0.00231412
-0.0115976
0.00243695
-0.0101961
0.0032376
0.00348927
0.00258596
-0.00995525
0.00230353
0.000520578
0.000239532
0.000167282
2.63712e-06
-2.5531e-05
-0.0100104
0.0097531
-0.00972976
0.00803654
-0.00816369
0.00659894
4.13947e-05
4.94684e-06
3.06021e-05
0.0100132
1.34326e-05
-1.88586e-06
1.22528e-05
4.07601e-05
0.000125134
0.000203789
5.30265e-05
2.81318e-05
7.95355e-05
1.00952e-05
-1.62498e-05
3.89954e-05
1.10286e-05
-2.75903e-05
1.0187e-05
-2.67886e-05
-2.68982e-05
1.70765e-06
-8.58324e-06
-5.61865e-06
-9.09675e-06
6.75924e-06
8.86178e-06
6.78388e-06
-1.37038e-06
5.22111e-06
7.90045e-06
7.61475e-06
-7.79179e-05
-0.000115
1.00635e-05
9.60171e-06
4.976e-06
2.65733e-06
3.54226e-06
1.42681e-06
-4.49265e-08
2.32547e-06
8.06093e-06
0.00405611
-0.00415188
-5.87883e-06
-0.0050209
0.00397241
-0.00354637
0.00275668
-0.00214121
0.00159637
0.000105285
0.0012162
0.000111549
-0.00122819
5.84463e-05
0.00207256
0.000135104
-0.00202083
6.42342e-05
7.566e-05
-0.000732702
-9.72314e-05
0.000336636
-0.00335496
0.00010662
0.00167771
-0.000116199
-0.00134812
-0.00154606
6.65872e-05
0.00114371
-0.000108327
0.00126964
5.43027e-05
0.001217
-0.000108437
0.00121794
5.49901e-05
1.25109e-05
1.68033e-05
7.17351e-07
-2.21101e-05
-2.36221e-05
-2.322e-05
-1.42842e-05
2.54909e-05
0.000109382
0.000211446
-0.000432905
-0.000728825
-0.000363582
-0.000551328
0.00913457
-0.00720654
-0.0104966
0.00903929
-0.00684801
0.00583173
0.000297519
-0.00474891
0.00620239
0.000426461
1.67801e-05
-0.000153584
8.93501e-05
-0.000163531
-0.000262313
0.000505931
-0.00132986
-0.000961681
0.000584525
-0.00112507
0.00912485
-0.00745384
9.63985e-05
0.000140152
-0.000143251
1.88661e-05
-7.4459e-05
0.00348904
0.00323891
-0.0080439
0.000588092
-8.14776e-05
-4.02571e-05
-2.84915e-05
4.09339e-05
-0.000125412
-0.000579121
-0.000183306
0.0235073
0.000339504
0.000293645
-0.000265672
-0.000617655
0.000117774
0.00241942
-0.0178008
0.00107305
0.00111952
2.40571e-05
-6.05939e-05
-5.30418e-05
-3.16343e-05
-1.45289e-05
1.04725e-05
3.24066e-06
1.38407e-07
9.21922e-07
6.36764e-06
8.33322e-06
-0.000430593
0.000439494
-0.000596532
-3.44065e-06
6.36947e-05
-5.65223e-05
-0.00022886
-2.98837e-06
0.000190022
-0.000181581
-0.000193187
-2.90899e-06
0.000199252
-0.000164934
-5.04849e-07
0.000252248
-6.56371e-05
0.000317837
-0.000155135
-0.000144441
0.000325032
-5.80013e-05
-5.43939e-05
0.000250291
-0.0001535
8.42318e-06
8.39914e-06
-1.44508e-06
-5.27478e-07
-3.11105e-07
-1.89638e-06
1.77136e-06
-0.00143828
-9.16478e-06
0.00143127
-1.76158e-05
1.89701e-05
1.9191e-05
-7.43649e-06
4.49578e-06
-3.78717e-06
-7.12614e-06
-1.12692e-05
-2.29592e-05
4.80724e-05
-5.89049e-06
7.13879e-05
-4.87897e-05
-7.9021e-05
-4.04189e-05
2.93149e-05
0.000661485
0.000480312
0.00036118
0.000263641
0.000180312
-1.70181e-06
8.97999e-06
-1.07882e-05
2.97597e-05
2.99014e-05
-0.00042691
0.000415852
-0.000577559
3.91035e-06
0.000123149
-3.82242e-05
-0.000205157
-1.23285e-07
0.000274117
-9.35681e-05
0.000315534
-0.000162007
-0.000126699
0.000308229
1.59093e-05
-5.76264e-05
-9.27759e-05
2.44634e-05
1.16424e-05
-5.12349e-05
9.31923e-07
4.89039e-06
-5.27022e-07
-0.000444512
-1.52859e-05
-1.48615e-05
1.66327e-06
-1.11269e-05
1.94647e-06
1.98139e-06
0.000233542
3.59393e-06
4.98848e-06
5.1664e-06
6.17471e-06
7.01956e-06
6.83156e-06
7.06209e-06
-3.06384e-06
-1.84267e-05
1.88092e-05
2.30362e-05
9.49912e-07
-4.72487e-06
-3.88236e-06
1.07978e-05
8.06903e-05
4.85888e-05
3.84748e-05
8.11305e-05
4.54926e-05
5.59798e-05
0.000139463
0.000106011
5.13573e-06
1.88058e-05
9.36005e-06
4.352e-06
3.11394e-06
2.13843e-06
-7.65902e-06
1.49524e-05
-0.000294993
-0.000440175
-0.000233796
-0.000370261
0.00402574
-0.00292855
-0.00424233
0.00362783
-0.00020475
-9.43855e-05
-0.000113566
-6.08493e-05
-0.000594138
-0.000910646
0.000553543
0.000410185
-0.000293802
1.66616e-05
0.000662404
0.000302735
-0.00169154
0.00248621
0.000192589
-2.73871e-06
3.47364e-06
-0.000134883
2.96531e-05
-3.28734e-06
8.27818e-06
1.32844e-06
1.30995e-05
6.30119e-06
-0.0142887
9.30862e-06
0.0141797
-0.0118948
4.40802e-06
0.00982536
-0.00989709
0.0119678
-0.0120946
2.09518e-05
0.010012
-0.00992701
0.0119943
-0.0143337
3.79357e-05
0.014472
-0.0168895
0.0167209
-0.0166394
0.0170692
-2.44678e-05
0.0139062
-0.0146165
-1.34462e-05
0.0122128
-2.17624e-05
0.00962276
-0.0101057
2.82706e-06
0.00825634
-1.3773e-05
0.00632405
-0.00663056
0.00645664
-0.00650163
3.06235e-06
-0.0080332
0.00808847
2.92995e-06
-0.00817864
1.34477e-05
0.00657309
-0.00652737
0.0080937
-3.72191e-05
0.0112607
-0.00696513
2.52254e-05
-0.0137414
-2.86134e-05
0.0163185
-0.0101426
2.86596e-05
-0.0192942
0.0168151
-0.0195135
5.26795e-05
0.0196873
2.55913e-06
-0.0193964
1.8083e-05
0.0192348
-4.49142e-05
-0.0198795
3.56928e-05
0.0189614
-0.0164329
0.0148963
0.000265314
-0.0126039
8.95422e-05
-0.0116929
0.0105384
0.000194757
-0.00870543
9.85581e-05
0.00710174
0.000145768
-0.00571503
8.40659e-05
-0.00504487
-8.36148e-06
0.00395464
-0.00413531
0.00529815
7.92935e-06
-0.00514799
3.08212e-06
0.00403233
-0.004058
0.0051862
-5.69702e-07
-0.00524849
1.03301e-05
0.00410125
-0.00408266
0.005183
-3.54028e-05
0.00738266
-0.00456679
1.17255e-05
-0.00928303
0.00566943
-0.000268094
-0.000165335
-0.000417622
-0.000291505
-0.000521516
-0.000424296
-0.000702739
-0.0011724
-0.00169727
-0.00608298
-0.00995329
-0.0265289
-0.0101266
-0.0275809
-3.90669e-05
0.0156413
-0.0299821
0.027018
-0.000191539
0.0241539
-0.0242867
-8.93387e-05
0.0218739
-0.0218112
0.021615
-0.0215658
0.0220346
-0.0214588
0.0198269
0.000456924
-0.0171574
7.16204e-06
-0.000129047
-0.0005897
-8.29523e-05
-0.000115062
-0.000580088
-0.000578411
0.000692832
0.00049663
-4.02943e-05
-7.56789e-05
0.000378588
-1.30991e-05
9.22694e-05
-0.00784044
0.00631362
6.52944e-05
-3.39256e-06
7.21829e-06
-1.28849e-05
6.5635e-06
4.75712e-06
-3.50769e-06
-0.00304831
0.00239628
2.78512e-05
-0.00176591
-2.12562e-05
-3.81757e-06
-7.43626e-06
0.00142845
-2.26918e-05
9.92654e-05
0.000218938
-0.000311625
0.000344338
-0.00063094
3.39041e-06
-0.000389421
0.000339137
-0.000223778
-0.000162548
-0.000349114
-3.38293e-05
4.73989e-06
2.20233e-05
4.06472e-05
4.83203e-06
-1.51898e-05
-0.000162309
-0.000105301
0.000631477
0.000195031
0.000139727
0.000603319
0.000307747
0.000293878
-0.000106334
-0.000168725
2.64178e-05
1.94073e-05
7.49792e-05
1.79844e-05
-9.70435e-06
1.91779e-07
-4.33433e-06
-2.37279e-05
-8.73312e-06
-5.79638e-06
-9.7076e-06
-2.36176e-05
0.000214476
-5.20856e-07
-1.65802e-06
-8.15718e-07
0.000174302
-1.47327e-06
-9.43527e-06
-5.19518e-06
1.01768e-05
2.99817e-05
-2.32737e-05
-1.37468e-06
-1.79664e-06
-5.65226e-06
2.29234e-06
0.000595456
-3.6814e-05
0.000274374
1.2493e-05
6.00431e-05
0.000117596
0.000189269
0.000276722
0.000119287
7.96821e-05
4.66396e-05
0.00269739
-0.0018917
7.20328e-05
0.000981372
-0.000107056
0.00135011
-5.22522e-05
-0.000168923
0.00219884
0.000131069
0.00188277
-0.000115637
-0.00146238
-0.00136825
-0.000140071
0.000581971
0.000816008
0.00107949
0.00125291
0.00102546
0.000244307
0.00201666
0.0142526
0.0241227
0.0216211
0.0121702
-0.0255936
-0.0270015
-0.00101943
0.0163263
-0.000265121
-0.0193203
0.00102225
0.0146848
-0.000790353
-0.0140726
-0.0135438
0.000829887
0.012045
-0.000587374
-0.00880541
0.000397816
0.00713031
-0.0059116
0.000259755
0.00472156
-0.00378234
0.000162644
0.00297328
-0.000287745
-0.000449196
0.00561441
-0.000301047
-0.00443103
0.000187189
0.000275061
0.000376556
0.00049292
0.000686454
0.00230349
-0.0116269
0.0164185
-0.00103389
0.0166897
-0.000186894
-0.0177275
0.000791081
0.0136196
-0.00118911
-0.0018705
-0.0019852
0.0231181
0.0193813
0.0122951
-0.0260873
-0.0261438
0.020142
0.0194158
0.0198429
0.0146054
0.0231162
-0.0260622
-0.00198419
-0.00186912
0.0156924
-0.000170408
-0.0176151
-0.0205319
0.00102217
0.0141803
-0.000789023
-0.0142258
0.000865022
0.0112306
-0.000580782
-0.00983468
-0.0094902
0.000546224
0.00848518
-0.000429565
-0.00700858
0.000362527
0.00511621
-0.00635499
-0.00654048
0.00791262
-0.000417987
0.0076866
-0.000590046
-0.000814361
0.0108816
-0.00114687
0.014321
0.000125184
0.00192679
-0.00114718
-0.00119251
0.0134645
-0.000759737
-0.0124416
-0.0151474
0.000842573
0.0107088
-0.000580676
-0.010004
0.000573805
0.00808395
0.000389886
0.000502908
0.000669406
-0.000198523
-0.000199397
-4.12627e-05
-3.39495e-05
3.69051e-06
2.90275e-06
3.21773e-06
2.92746e-06
-2.70684e-06
-8.30874e-06
-1.08793e-05
-7.95602e-06
-0.00018198
-0.000332854
-4.62239e-06
3.95126e-06
-8.41567e-06
-9.18678e-06
-9.40792e-06
-5.59124e-08
-3.14525e-07
-6.73684e-07
6.19475e-06
6.56195e-06
7.75301e-06
-1.66236e-05
-3.38646e-05
0.000284396
0.000192907
1.91707e-05
1.55026e-05
1.0767e-05
-6.51501e-06
1.64661e-05
2.18631e-06
5.51107e-06
8.58895e-07
4.02403e-05
-8.9595e-06
-2.40197e-06
-3.02827e-06
-2.14128e-05
-6.3902e-06
0.000118305
5.76945e-05
1.24114e-05
1.60931e-05
3.01046e-06
6.86996e-06
7.22567e-06
1.2638e-06
8.15337e-06
7.21355e-06
-3.52567e-06
-2.48167e-06
-1.86921e-05
3.05969e-06
7.85605e-06
-9.68244e-06
-3.94053e-05
-7.57287e-05
-3.33685e-05
-1.57063e-05
8.8377e-07
9.30516e-06
9.88387e-06
0.000123082
0.000167018
-0.00788065
6.51829e-06
-5.60399e-05
-5.00999e-05
4.41269e-05
0.000317698
-0.000314389
-6.82648e-05
0.0167062
-0.0171441
-0.000477404
-9.26268e-05
-0.000235733
0.0172492
-0.0178015
0.000327488
-4.48048e-05
-0.0102738
0.0102638
-0.000133179
-4.99698e-05
-0.0267803
0.0265704
-1.7536e-05
0.0234986
-0.0237234
-3.94804e-05
-5.12051e-05
0.000120163
0.00084908
-0.00083588
-0.00215516
-0.00243014
-0.00191736
-0.000253309
-0.000168219
0.0223129
-0.0142173
0.0154796
-0.0253593
2.00629e-05
9.90887e-05
7.59946e-05
-3.4676e-06
0.000153603
0.00017843
0.000139221
-0.000228444
-0.000311421
-0.000172163
-0.000202678
-0.00284668
3.63743e-06
0.00460525
-0.00366711
0.00315844
7.72893e-06
0.00244259
-0.00244345
-3.0008e-05
0.0018497
2.24046e-06
0.00141145
-0.00142688
-3.05119e-05
-2.63393e-05
6.89296e-05
-2.75629e-06
2.05523e-05
-9.65214e-05
-0.000101805
7.22134e-05
9.78085e-05
-2.98671e-06
6.44221e-06
1.96511e-05
4.16827e-05
5.45299e-05
3.50007e-05
2.48077e-05
1.85755e-05
1.36011e-05
-1.31302e-05
-3.7707e-06
-0.00189331
0.00186466
1.5972e-06
0.00140234
-0.001407
-5.55796e-06
-0.00110799
0.00108746
2.7088e-06
0.000910194
-0.000912329
-4.01849e-06
1.44067e-06
-2.15823e-06
-1.40131e-05
-0.000158341
-0.000111443
0.000574426
0.00011502
0.000219965
0.000573629
0.000291354
0.000317284
6.99868e-05
-8.85368e-05
1.87509e-05
2.75705e-05
1.37637e-05
1.10786e-05
-4.14743e-06
-2.04009e-05
-2.24525e-05
-3.638e-07
-4.27087e-08
-8.39016e-06
-5.47298e-06
-1.13145e-05
-1.62944e-05
-6.94451e-06
1.3249e-06
1.91223e-06
2.40747e-06
-4.44217e-06
-2.94992e-06
-0.00321004
0.00316807
2.68599e-06
0.00240688
-0.00242003
-4.51536e-06
-0.00184909
0.0019148
-1.71042e-06
0.00139477
-0.00142281
5.75678e-06
0.00111681
-1.37279e-06
0.00092137
-0.00088358
2.97625e-06
1.75442e-06
8.11031e-07
1.67746e-06
1.50306e-06
-9.64273e-05
4.40263e-05
5.40103e-06
-1.77752e-05
-7.21852e-07
6.3423e-06
3.97653e-05
-9.73575e-05
-8.96565e-05
2.76142e-05
4.52815e-06
-7.58476e-06
1.81367e-06
1.77241e-05
-2.35179e-05
1.47565e-05
2.71463e-05
-0.000345586
-0.000325709
-0.000371464
2.65141e-05
-9.82516e-06
-4.09881e-06
-0.000713733
1.6561e-05
0.000950377
6.76587e-05
-0.00127153
4.12817e-05
0.00163967
7.15745e-05
-0.00215138
7.11293e-05
0.00278101
6.36755e-05
-0.00357682
0.000105597
0.00455151
5.70121e-05
1.42723e-05
-4.20571e-05
-1.03742e-06
-1.51613e-06
5.40733e-06
1.62423e-05
1.99673e-05
-0.000158519
-0.0242413
0.000472552
0.0236923
-0.000218789
-0.0207071
0.0013339
0.0220518
0.00524269
-0.00360651
-0.0325507
0.0103825
0.00438274
-0.00243242
0.00207984
0.0235895
0.0172103
0.0216718
0.0212374
0.0156826
0.0113228
0.0241245
0.00199292
0.00116283
0.0015899
-0.000865653
-0.0105201
0.0101887
-0.000637186
0.00157622
0.0012826
0.000945433
0.00065765
-0.000156977
-0.000135964
0.00197861
0.000114789
-0.00244335
-0.00247495
0.00329989
-0.000190291
0.00323844
-0.000258176
-0.000411515
0.00107056
0.00120966
0.000921485
-0.000815553
-0.000871265
0.0121773
0.00155678
0.00114491
0.0024154
0.00210222
-0.00243227
-0.000617468
-0.0249106
0.000810488
0.0199976
-0.000475156
0.00122119
0.000336786
-0.0022324
-0.000182198
-0.0129595
0.000414629
0.00694989
-0.000429513
-0.00580775
-0.00714843
0.000373698
0.00496005
-0.000292704
-0.0042563
0.000234199
0.00340805
-0.000262259
-0.000298595
0.00284018
-0.000196133
-0.00228239
-0.00273061
0.00361462
-0.0023816
0.00439743
0.000176377
-0.00555009
0.000629444
-0.00106081
-0.000113164
0.00695393
-0.000419544
0.000723462
0.00013655
7.10283e-05
-0.000557282
0.0009555
-0.000685094
0.00149343
0.0150618
0.00153274
0.00123649
0.000889988
0.000486584
-0.000330632
0.000226004
-9.02326e-06
-0.000582051
-8.10966e-05
8.35936e-05
-0.000552181
-1.83217e-05
0.00169894
-0.000437679
-9.17707e-05
-0.000111655
-7.43948e-05
-0.000812407
0.000565188
9.60392e-05
-0.000331312
0.00058049
0.000316385
5.23124e-05
-0.000400375
-0.00100339
-0.000510402
-0.000728186
9.90624e-05
0.000379329
0.000420189
0.000618577
0.000831796
-0.000413977
-0.000455704
0.0057275
-0.000641706
0.00861789
-0.000591657
-0.00394615
0.00538557
-4.50785e-05
-0.000711495
-0.00051121
0.000128406
-0.000490068
-0.000715083
-4.34361e-05
-5.6266e-05
0.000130698
-0.000464395
-0.000745593
-0.00080047
-0.000255688
-0.000227027
0.000319062
9.51304e-05
-0.000246408
2.94343e-05
0.0105127
0.000176472
0.00411901
0.0229419
-0.00102977
-0.0325096
0.010415
0.00440024
0.00598511
0.00877589
0.0235864
0.00495607
-0.0035454
0.0172142
0.0211973
0.0113217
0.0019893
0.0226077
0.0159839
-0.00933668
0.0113982
-5.29541e-06
5.81047e-06
8.63601e-06
7.92863e-06
9.87454e-06
7.35538e-06
8.39892e-06
8.89088e-06
-2.92774e-06
6.56086e-06
2.68536e-05
1.00446e-05
0.00011455
5.45731e-05
0.00236924
-0.00246354
-4.86445e-06
-0.00307843
6.73496e-05
1.49126e-05
-2.82809e-05
1.12213e-06
3.84242e-06
7.22043e-06
8.62052e-06
-1.76263e-06
-8.34287e-05
-5.55232e-05
0.00030679
0.00235737
-0.0178716
0.00108373
0.00115313
0.000689025
-2.14821e-05
-3.36671e-05
-1.10161e-05
-1.50795e-06
2.97585e-06
9.05997e-06
0.00324235
-0.00314342
1.14835e-07
2.30209e-06
2.26543e-06
4.64088e-06
-9.09938e-06
6.97677e-05
0.000180781
-4.94921e-05
-1.64053e-05
-1.2527e-05
1.01591e-06
-1.89595e-05
-5.56586e-06
1.06333e-05
6.56614e-06
-1.83388e-05
-1.03189e-05
-4.8952e-06
7.94842e-07
1.26895e-05
9.90055e-06
-4.64255e-05
2.83911e-05
9.68728e-06
1.53206e-05
-0.00181127
0.000160391
0.000254107
0.000366657
0.000499313
0.000118372
8.10759e-05
3.13955e-05
8.00399e-05
4.2879e-05
0.000575067
-0.000201613
-5.09266e-05
-2.89725e-06
4.89321e-05
-0.00106324
1.13487e-05
3.04424e-06
-0.00107546
-2.50901e-05
1.71553e-05
8.35191e-06
2.97259e-05
0.00019146
0.000989801
0.00598535
0.00147696
-0.0266212
0.0263784
0.000100401
-0.0266145
0.00149647
-0.000156991
-0.000103543
0.00053256
0.000785492
0.00102874
0.00126536
0.00242074
0.00875594
0.00492927
0.00228289
-0.00998202
0.0158029
-3.37839e-05
-3.75364e-05
0.000625467
-0.00596785
0.00364938
-0.00021317
-0.000127931
-3.19365e-05
0.00225192
-0.000159183
-0.00010172
-0.000614502
0.000684864
-0.000394374
0.0117566
-9.70252e-05
-0.00153846
5.42998e-05
0.00207742
0.0148224
-0.0134054
0.0157682
-0.0185344
0.0167618
0.0163928
-0.0204296
0.018366
-0.000334826
0.00141412
-0.00737247
6.4782e-05
0.00749043
-0.00930127
-0.000322354
0.00839088
-0.000189439
0.000967983
3.60117e-05
4.06322e-06
0.000591565
0.000593086
-9.21582e-06
0.000197814
0.00152599
-0.00194603
-0.000182305
-0.000121609
-0.000111903
-0.00016189
0.00435001
-8.28109e-05
3.98255e-06
0.00118106
)
;

boundaryField
{
    face
    {
        type            calculated;
        value           nonuniform List<scalar> 
217
(
0.00258038
-0.000336814
-0.000770951
-0.000667704
-0.000192455
-0.00171999
-0.00206199
-0.000333543
-0.000355446
0.000376043
-9.82932e-05
0.00617859
0.00308239
-0.000723049
0.000340214
0.00258053
-0.000685958
-0.000302738
0.00266267
0.00435076
-0.00182701
-0.000862927
-0.00033902
-0.000292398
-0.000146237
-0.000528949
-0.000238283
0.00192552
0.000259667
0.000509868
0.00582719
0.0065456
-0.0082376
0.00255581
0.00251844
0.00350427
0.00336344
-0.00016806
-0.000229162
0.00313203
0.00328698
-0.000212724
-0.00013075
0.0032453
8.72295e-05
-0.000201237
-0.000157265
-0.0013077
-0.00114135
-0.0133221
-0.011364
-0.000120058
-8.93802e-05
-0.0010805
-0.00103611
-0.000157052
-0.000850705
-0.0112626
-0.0123767
-0.0120787
0.00154294
-0.00982128
0.000659581
0.0191613
0.0152148
0.00558675
0.012864
0.00863818
0.00749435
0.0145668
0.00774834
-0.00031161
-0.0108376
0.0104645
-0.000497992
-0.0112018
0.0106489
-0.000244466
-0.000169873
-0.0246604
-0.023272
0.00804467
0.0144752
0.00709249
0.0101523
0.0149253
0.00774846
0.0219915
-0.0104327
-0.000774166
-0.000790762
-0.000566944
-0.0117277
0.0109254
-0.000820753
-0.00913769
0.0105278
0.00977611
-0.0383094
-0.0239032
-0.0253319
-0.00578767
0.0162572
-0.0144569
0.0153295
-0.0206878
-0.00672813
-0.0104605
-0.00869902
-0.016413
0.0161148
-0.0171877
0.0148032
-0.00804989
-0.01029
-0.00629795
-0.0155353
-0.018251
-0.01368
0.00158992
0.000410148
0.00258596
-0.00136045
-0.000608945
4.26904e-05
1.89544e-05
0.000493156
-0.00260501
0.00144839
0.00178906
0.000133495
0.000586439
0.00255962
0.000380101
-0.000251496
-0.00068557
-7.4459e-05
-0.00142466
-0.001652
-2.37442e-05
4.34889e-05
0.00145418
0.000645113
-0.000309902
-0.00254947
0.00348904
0.00323891
1.88661e-05
-0.000143251
0.0032376
0.00348927
-0.000146973
2.34395e-06
9.63985e-05
0.000140152
-0.00348611
-0.0033763
0.000144541
-2.01452e-06
-0.00325606
-0.0034727
0.00831687
0.0142903
0.00716765
0.0118398
0.0156669
0.0167062
-0.00897515
0.00217949
0.0100617
-0.00930326
-0.000207054
0.0096707
-0.00964292
9.38677e-06
0.0102638
-0.0102738
-4.48048e-05
0.0097117
-0.000766981
-0.00147288
-0.0151607
-0.0190554
-0.00551909
-0.00873306
-0.0128877
-0.00722989
-0.00779118
-0.0140945
0.0166948
-0.00900892
0.00216125
0.0156826
0.0118401
0.0071536
0.0142771
0.00831595
0.00777167
0.0146624
0.00777381
0.0100548
-0.00959068
-0.000445879
0.00988517
-0.0102902
-0.000460594
0.00930622
-0.00999854
0.000227951
-0.00815848
-0.00706213
-0.0140288
-0.0118083
0.0089655
-0.0166386
-0.00218115
-0.0156602
)
;
    }
    outlet
    {
        type            calculated;
        value           nonuniform List<scalar> 
217
(
1.31805e-05
-2.45858e-05
3.68524e-05
2.60927e-05
1.33373e-06
2.93019e-06
-2.12984e-05
2.34655e-05
-3.81546e-05
-4.42175e-05
-2.36434e-05
-3.58095e-05
-2.28691e-05
2.32106e-05
3.06651e-05
2.11718e-05
-9.34795e-08
3.70844e-05
4.21017e-05
-4.31992e-07
-4.03761e-07
-3.66561e-05
-1.97645e-05
-2.33529e-05
2.27608e-05
-8.79104e-05
-9.98417e-05
2.54674e-06
1.02794e-06
-9.71856e-05
-8.81006e-05
1.24672e-06
1.08916e-06
-1.36946e-06
4.77718e-07
8.88328e-05
0.000101855
3.87463e-07
-1.91049e-06
0.000101702
8.85106e-05
-0.000162671
-0.0003213
-0.000129123
-0.000264669
-0.000372378
-0.000415834
0.000313283
-1.56885e-05
-0.000231449
0.000256223
2.31661e-05
-0.000253878
0.000265724
1.11639e-05
-0.000280197
0.000249112
-1.39162e-05
-0.00029898
-8.01049e-05
-2.45458e-05
0.000374796
0.00046384
9.63584e-05
0.000179501
0.000290173
0.000142044
0.000142589
0.000313085
8.04293e-05
0.00029853
2.49229e-05
-0.000461852
-0.000373895
-9.57271e-05
-0.000291882
-0.000181259
-0.000138538
-0.000323867
-0.000152329
-0.000248282
0.000280421
1.44442e-05
-0.000274826
0.000275432
1.74314e-07
-0.000272894
0.000246785
-9.31271e-06
0.000178339
9.62491e-05
0.000288166
0.000373517
-0.000297657
-7.88781e-05
-2.4896e-05
0.000458782
-2.35179e-05
1.47565e-05
2.71463e-05
2.76142e-05
4.52815e-06
3.97653e-05
4.40263e-05
6.3423e-06
5.40103e-06
-1.51898e-05
-1.11269e-05
-0.000162309
-0.000108461
1.66327e-06
-3.89167e-05
-0.000105301
-7.984e-05
2.20233e-05
-3.38293e-05
4.73989e-06
4.06472e-05
2.44634e-05
4.83203e-06
1.94647e-06
1.16424e-05
4.89039e-06
-7.58476e-06
-8.85368e-05
-1.40131e-05
-1.77752e-05
-0.000158341
-0.000168725
6.99868e-05
-0.000111443
-0.000106334
-8.96565e-05
-9.73575e-05
8.11031e-07
1.67746e-06
-9.64273e-05
-9.27759e-05
1.50306e-06
1.98139e-06
-5.12349e-05
9.31923e-07
-2.15823e-06
-7.21852e-07
1.87509e-05
2.75705e-05
0.000317284
0.000291354
-8.15718e-07
-1.65802e-06
2.64178e-05
1.94073e-05
-5.27022e-07
8.38477e-06
0.000293878
0.000307747
0.000287204
-1.4988e-05
0.000312283
-0.000415084
-0.000371464
-0.00026364
-0.000132375
-0.000325709
-0.000161052
-0.000155135
-0.000345586
-0.000144441
2.65141e-05
0.000259596
-0.000231704
0.000531559
0.00011502
0.000219965
0.000171217
0.000439494
-0.000444512
0.000442628
-0.000390472
0.000166953
0.000195031
0.000139727
0.000243334
0.00026949
0.000279206
0.000639196
1.77241e-05
0.000279571
-0.000261083
-1.52859e-05
-1.42391e-06
0.000631477
0.000644218
-0.000162007
-0.000334826
-0.000126699
-0.000223778
-0.000349114
-0.000162548
-0.00063094
0.000344338
2.99014e-05
8.33322e-06
1.81367e-06
0.000274167
-0.000291001
-3.75364e-05
0.00012604
-0.000323445
-0.000412734
0.00102499
0.000574426
0.000627295
0.000274374
-0.00042691
0.000415852
-0.000430593
)
;
    }
    wall
    {
        type            calculated;
        value           nonuniform List<scalar> 
1558
(
0
0
0
0
0
0
0
0
0
0
0
0
0
0
0
0
0
0
0
0
0
0
0
0
0
0
0
0
0
0
0
0
0
0
0
0
0
0
0
0
0
0
0
0
0
0
0
0
0
0
0
0
0
0
0
0
0
0
0
0
0
0
0
0
0
0
0
0
0
0
0
0
0
0
0
0
0
0
0
0
0
0
0
0
0
0
0
0
0
0
0
0
0
0
0
0
0
0
0
0
0
0
0
0
0
0
0
0
0
0
0
0
0
0
0
0
0
0
0
0
0
0
0
0
0
0
0
0
0
0
0
0
0
0
0
0
0
0
0
0
0
0
0
0
0
0
0
0
0
0
0
0
0
0
0
0
0
0
0
0
0
0
0
0
0
0
0
0
-0.000264187
-0.00317697
0.0109299
4.48318e-05
-7.61429e-06
1.92299e-06
-3.21128e-06
9.06693e-07
0.000577773
2.71825e-05
4.32663e-06
-0.00369522
0.00073837
-0.000220834
0.000291034
0.000670283
0.000246693
0.000839703
-0.00279212
-0.000650507
0.000125054
0.000451271
6.18919e-05
0.000225092
-0.00019983
-0.000175224
0.0012353
0.000687393
-0.000178046
-7.22329e-05
-0.00013245
1.17349e-05
0.000484663
0.000361139
-6.76198e-05
2.88145e-05
-3.45898e-05
2.14699e-05
3.07161e-05
0.000125986
1.31772e-05
8.16474e-05
-0.000126381
-7.46123e-05
-7.6259e-07
6.58787e-05
-1.07608e-05
7.01234e-05
6.90902e-06
0.000187892
0.000255122
0.000163904
-2.00502e-05
1.24178e-05
-1.30199e-05
5.58331e-06
8.35308e-05
-4.07567e-05
3.3814e-05
0.00127482
0.00020858
0.000365199
7.15171e-05
0.00011535
6.02924e-05
5.6161e-05
4.01713e-05
-2.69658e-05
1.09759e-05
0.000158197
0.000366071
-0.00524864
-0.00313638
0.000121251
0.000178445
6.38571e-05
7.03172e-05
-0.00109358
-0.000522563
3.09144e-05
2.30061e-05
2.05942e-05
1.39314e-05
1.69514e-05
1.17016e-05
9.74137e-06
1.30456e-05
-4.70014e-05
8.86164e-06
3.09926e-05
2.85254e-05
1.44301e-05
1.01026e-05
-0.000306575
-0.000201408
5.83386e-06
-2.27141e-06
1.76612e-06
-1.44559e-05
-0.000104761
-1.75539e-05
3.46013e-06
3.76708e-06
4.07984e-05
-0.000249198
-0.000128567
5.57439e-05
0.000326889
-0.00209908
0.00202498
2.06588e-05
-0.00127522
0.00119333
5.05214e-06
-0.000804826
0.000627119
-4.08305e-05
-1.94535e-05
-4.64138e-05
-0.00349228
-0.0181557
0.0140123
-0.0119542
0.0105158
-0.00794872
0.00671943
-0.00535072
0.00023698
-0.000471489
0.000472295
-0.000474842
0.00417522
-0.00349115
0.00255366
-0.00210175
0.00155739
-0.00119344
0.000988892
-0.00054149
0.000488697
-0.000496298
0.000486769
-0.000487028
0.000864952
0.000738057
0.000234594
0.000991599
-0.00114149
-0.000115648
2.78916e-05
-0.00186092
-0.000469904
-0.0122201
-0.0431163
-0.000598946
5.21443e-05
-0.000198616
-0.000640719
-0.000391782
3.46164e-05
1.32739e-05
0.0109935
0.00503793
0.0198008
0.0125383
0.0125045
0.00264621
-0.000791781
-0.000471873
0.000796877
-0.001591
-0.00057751
-0.00470382
-0.000525287
-0.000229288
-0.000317006
-0.0068478
0.0114812
0.0016972
-0.00724005
0.00732938
0.000109583
-0.00522318
0.00490752
1.15345e-06
-0.00337035
0.00322033
2.22801e-05
0
0
0
0
0
0
0
0
0
0
0
0
0
0
0
0
0
0
0
0
0
0
0
0
0
0
0
0
0
0
0
0
0
0
0
0
0
0
0
0
0
0
0
0
0
0
0
0
0
0
0
0
0
0
0
0
0
0
0
0
0
0
0
0
0
0
0
0
0
0
0
0
0
0
0
0
0
0
0
0
0
0
0
0
0
0
0
0
0
0
0
0
0
0
0
0
0
0
0
0
0
0
0
0
0
0
0
0
0
0
0
0
0
0
0
0
0
0
0
0
0
0
0
0
0
0
0
0
0
0
0
0
0
0
0
0
0
0
0
0
0
0
0
0
0
0
0
0
0
0
0
0
0
0
0
0
0
0
0
0
0
0
0
0
0
0
0
0
0
0
0
0
0
0
0
0
0
0
0
0
0
0
0
0
0
0
0
0
0
0
0
0
0
0
0
0
0
0
0
0
0.00216757
0.00612363
0.00199609
-0.000984045
-0.000479503
-0.000161837
-0.000129967
0.00116431
0.000227988
0.000387464
-0.000178192
3.91522e-05
0.000178782
-0.000209915
-0.00017564
2.44761e-05
0.000120346
-0.000144529
-9.85352e-05
-7.3594e-05
-3.21551e-05
0.00028558
-0.000191578
0.000193762
-0.000149427
-3.68649e-05
1.50185e-06
-1.91651e-05
8.86606e-06
1.21561e-05
8.33951e-05
-0.00013475
-8.31937e-05
-7.31894e-07
6.67808e-05
-1.06356e-05
7.09445e-05
-1.4788e-05
0.000174255
-4.3739e-05
3.21554e-05
0.000150706
-0.000106673
8.27876e-05
-7.77289e-05
-1.02398e-05
7.25646e-06
-4.01986e-06
4.07049e-06
1.23923e-05
-6.48353e-05
-0.000177194
-7.09229e-05
4.4006e-06
1.89896e-06
1.2057e-05
8.41736e-07
-2.55366e-05
-0.000863076
-4.89794e-05
-0.0021546
-0.00561371
-2.94101e-06
-0.000219291
4.6785e-05
0.00029755
-0.00143807
-0.000385069
5.23164e-05
0.000260704
-3.42729e-05
4.13472e-05
-9.39228e-07
0.00232276
0.000794985
-4.59476e-05
0.00168408
0.000694944
-4.0196e-05
-2.57164e-05
-8.06543e-05
-1.55987e-05
0.000547467
0.00041099
-3.66369e-05
-2.83997e-06
-1.14231e-05
3.75299e-06
-0.000129773
-0.00026158
4.20353e-05
7.05824e-05
0.000271796
8.36213e-05
0.000251132
-0.00292917
-0.00116191
5.28107e-05
0.000119317
2.8266e-05
4.92536e-05
-0.000610393
-0.00041615
0.000329065
0.000214692
-1.55621e-07
5.69033e-06
5.48238e-06
5.66227e-06
0.000137172
3.84492e-05
1.03846e-05
5.78077e-06
1.87128e-05
5.7065e-06
-2.80199e-05
-2.07236e-07
3.20751e-06
1.49072e-05
1.95619e-05
7.66377e-06
6.31634e-06
-0.000306867
-0.000214659
3.00467e-06
-2.95275e-06
-5.75699e-07
-1.45114e-05
-0.000134401
-3.96318e-05
-1.17668e-06
1.68787e-06
2.66828e-05
8.89032e-05
0.00998558
-0.00070085
-0.00062883
0.00223509
0.000882484
-0.00036402
-0.000337996
0.000588924
0.000400605
-0.000251845
-0.000147806
3.949e-06
0.000306346
-2.45867e-05
-4.64043e-05
0.000278728
0.000138383
-0.0190643
0.0168948
-0.0199299
-0.0198439
-0.0284816
0.00951301
-0.0165936
0.0128939
-0.0114762
0.00962703
-0.00794516
0.00643436
-0.00537869
-0.00411703
0.0034937
-0.00258127
0.00216469
-0.00156426
0.00122004
-0.000994791
0.000581597
-0.000866576
-0.000236187
-0.000737919
0.000490547
-0.000490794
0.000509334
-0.000501013
0.00412873
-0.00346121
0.00256222
-0.00211759
0.00155714
-0.00121813
0.000985797
-0.000581946
0.000501835
-0.000508894
0.000491722
-0.000490422
0.000864083
0.000738451
0.000237801
-6.18656e-06
-0.000310269
-0.000404761
-0.00031572
-0.0148719
-0.00243926
-0.000485009
4.6618e-05
2.50788e-05
2.71955e-07
0.0100996
0.0278633
0.0268905
-0.0156653
0.0183415
-0.0181941
0.0175424
-0.0115038
0.0167362
-0.0120477
0.011806
-0.00910926
0.00815332
-0.00628959
0.00552485
-0.018147
0.0181942
0.000575067
4.2879e-05
2.83911e-05
1.26895e-05
-4.8952e-06
7.94842e-07
8.00399e-05
0.000160391
2.48077e-05
0.000139221
-0.000172163
-0.000228444
3.50007e-05
0.00017843
-1.03189e-05
2.26543e-06
-1.83388e-05
2.30209e-06
0.000254107
0.000366657
-2.82809e-05
1.12213e-06
-4.20571e-05
-1.03742e-06
5.45299e-05
0.000153603
-0.000291505
-0.000424296
9.90887e-05
-0.000253309
0.000120163
-0.00191736
-0.0011724
-0.00608298
0.00084908
-0.00215516
0.000499313
0.000689025
-5.60399e-05
-1.51613e-06
-5.00999e-05
5.40733e-06
0.00115313
0.00108373
4.41269e-05
1.62423e-05
0.000317698
1.99673e-05
-1.89595e-05
-1.2527e-05
-9.09938e-06
6.97677e-05
0.000180781
4.64088e-06
6.89296e-05
1.36011e-05
7.22134e-05
-2.75629e-06
-0.000101805
1.85755e-05
9.78085e-05
-0.0178716
-0.000314389
-9.26268e-05
-4.64255e-05
9.90055e-06
9.68728e-06
1.06333e-05
1.53206e-05
6.56614e-06
1.49126e-05
2.97585e-06
1.42723e-05
-1.50795e-06
1.01591e-06
-1.64053e-05
-4.94921e-05
-5.56586e-06
-2.63393e-05
-3.7707e-06
-1.31302e-05
2.05523e-05
-9.65214e-05
1.14835e-07
-2.98671e-06
3.84242e-06
6.44221e-06
-0.000202678
-0.000311421
6.51829e-06
-1.10161e-05
-2.14821e-05
-3.36671e-05
-5.55232e-05
-8.34287e-05
0.00030679
-0.000158519
0.00235737
-6.82648e-05
7.22043e-06
1.96511e-05
8.62052e-06
4.16827e-05
-0.000417622
-0.000521516
-1.76263e-06
7.59946e-05
-5.12051e-05
2.00629e-05
-0.000702739
-0.00169727
-0.000235733
-0.00083588
-0.00243014
-0.00045334
0.000890401
-0.00122819
0.00144485
-0.00218294
0.00243933
-0.00351301
0.00397246
-0.00634023
0.0175663
-0.0164018
0.0167062
-0.00541305
0.00611308
-0.00801356
0.00886532
-0.0115333
0.0117446
-0.0163937
0.0111113
-0.0171441
0.0172492
-0.0178015
0.0156413
-0.0265289
-0.0275809
-0.0101266
0.000327488
-3.90669e-05
0.000118372
-0.00485119
0.00490717
0.00019146
-0.00666622
0.00713021
0.000989801
-0.00745502
0.0102089
0.00598535
0.00150702
0.0151025
-1.74737e-06
-4.16741e-05
0.000466728
5.05643e-06
-0.000228185
0.0226628
0.0160756
-0.000840179
-0.000477404
0.000236253
-0.000473886
0.000478041
-0.000480766
0.000502361
-0.000520633
0.000512267
-0.000522988
0.000496461
0.000514302
0.000812851
-0.000640378
-0.00039076
-0.000201613
-0.000606358
5.02813e-05
3.86297e-05
2.28709e-05
-5.09266e-05
-0.000815254
0.000620715
-2.89725e-06
-0.00128607
0.00118923
-0.000364248
-0.000474742
3.13955e-05
-0.00206447
0.00203077
8.10759e-05
-0.00325524
0.00325363
-0.000619848
-0.000881006
-0.00228153
-0.00995329
0
0
0
0
0
0
0
0
0
0
0
0
0
0
0
0
0
0
0
0
0
0
0
0
0
0
0
0
0
0
0
0
0
0
0
0
0
0
0
0
0
0
0
0
0
0
0
0
0
0
0
0
0
0
0
0
0
0
0
0
0
0
0
0
0
0
0
0
0
0
0
0
0
0
0
0
0
0
0
0
0
0
0
0
0
0
0
0
0
0
0
0
0
0
0
0
0
0
0
0
0
0
0
0
0
0
0
0
0
0
0
0
0
0
0
0
0
0
0
0
0
0
0
0
0
0
0
0
0
0
0
0
0
0
0
0
0
0
0
0
0
0
0
0
0
0
0
0
0
0
0
0
0
0
0
0
0
0
0
0
0
0
0
0
0
0
0
0
0
0
0
0
0
0
0
0
0
0
0
0
0
0
0
0
0
0
0
0
0
0
0
0
0
0
0
0
0
0
0
0
0
0
0
0
0
0
0
0
0
0
0
0
0
0
0
0
0
0
0
0
0
-5.77045e-06
-0.000178648
0.00107305
2.40571e-05
4.62687e-06
0.000293645
3.71198e-06
-0.0178008
-0.000265672
1.59368e-05
0.000218938
-1.07882e-05
9.21922e-07
-3.1547e-05
0.000122118
-8.74897e-06
-1.54815e-05
-0.00011624
4.07013e-05
-1.10056e-05
0.000164761
-0.000574795
-0.000202701
0.00406936
9.92654e-05
0.000180312
8.97999e-06
1.38407e-07
-1.70181e-06
3.24066e-06
0.000263641
0.00036118
-1.45289e-05
1.04725e-05
-3.16343e-05
2.45616e-05
0.000143224
-0.000375303
8.49138e-05
-0.00067912
-1.75986e-05
-0.00113079
-0.00028757
-0.00105062
0.000480312
0.000661485
-5.30418e-05
2.42322e-05
-6.05939e-05
1.13162e-05
0.00111952
0.000285835
0.0176727
-2.26918e-05
-7.43626e-06
-2.12562e-05
-3.81757e-06
-8.9595e-06
-3.78717e-06
-2.40197e-06
-7.12614e-06
-1.76158e-05
1.89701e-05
-7.43649e-06
1.9191e-05
-0.000191137
4.49578e-06
1.76649e-06
4.94684e-06
-2.57269e-05
-0.000182305
0.000184324
-3.02827e-06
-1.12692e-05
-2.14128e-05
-2.29592e-05
-4.04189e-05
-4.87897e-05
0.000339504
-7.9021e-05
0.00241942
0.000117774
3.06021e-05
-2.63128e-05
4.80724e-05
-5.89049e-06
7.13879e-05
3.86734e-05
0.000100092
-0.000338442
-9.64243e-05
-0.00239427
-3.74731e-05
2.5201e-05
-1.48615e-05
3.58134e-06
0.000156733
0.00095001
-4.73962e-05
0.000721581
0.0149146
0.00160458
0.00598511
0.0226077
0.0159839
-0.000617655
3.98255e-06
-0.000246735
-7.32119e-05
-0.000710845
-0.00040813
-0.000311625
-3.3851e-05
2.49715e-05
2.97597e-05
-0.000619885
0.00141946
-0.00101637
-0.0024126
0.00238994
-0.00350899
0.00122521
-0.00630319
0.0174448
-0.015962
0.0163734
-0.0163557
0.0159485
-0.0173865
0.00629158
-1.97977e-05
2.29857e-05
6.36764e-06
-3.06085e-05
0.000916239
-0.000373455
0.0011521
-0.00042541
-0.00336416
-5.41467e-05
0.000565188
-0.000812407
-7.43948e-05
0.0012162
-0.00122819
2.94343e-05
0.00207256
-0.00202083
6.42342e-05
0.00322865
-0.00320498
7.10283e-05
-0.00523746
0.00435001
-0.000528923
-0.0070932
0.00652909
-0.000178758
-0.00983408
0.00702479
-0.000936879
-0.0150506
-0.00167009
-0.00588113
0.00481979
-0.00481008
9.3413e-05
0.00695455
-0.00656271
0.000176472
0.0100062
-0.00729891
0.000980439
0.000632459
-0.0224544
-0.0158439
0
0
0
0
0
0
0
0
0
0
0
0
0
0
0
0
0
0
0
0
0
0
0
0
0
0
0
0
0
0
0
0
0
0
0
0
0
0
0
0
0
0
0
0
0
0
0
0
0
0
0
0
0
0
0
0
0
0
0
0
0
0
0
0
0
0
0
0
0
0
0
0
0
0
0
0
0
0
0
0
0
0
0
0
0
0
0
0
0
0
0
0
0
0
0
0
0
0
0
0
0
0
0
0
0
0
0
0
0
0
0
0
0
0
0
0
0
0
0
0
0
0
0
0
0
0
0
0
0
0
0
0
0
0
0
0
0
0
0
0
0
0
0
0
0
0
0
0
0
0
0
0
0
0
0
0
0
0
0
0
0
0
0
0
0
0
0
0
0
0
0
0
0
0
0
0
0
0
0
0
0
0
0
0
)
;
    }
}


// ************************************************************************* //
