/*--------------------------------*- C++ -*----------------------------------*\
| =========                 |                                                 |
| \\      /  F ield         | OpenFOAM: The Open Source CFD Toolbox           |
|  \\    /   O peration     | Version:  2306                                  |
|   \\  /    A nd           | Website:  www.openfoam.com                      |
|    \\/     M anipulation  |                                                 |
\*---------------------------------------------------------------------------*/
FoamFile
{
    version     2.0;
    format      ascii;
    arch        "LSB;label=32;scalar=64";
    class       volScalarField;
    location    "2.1";
    object      gradTx;
}
// * * * * * * * * * * * * * * * * * * * * * * * * * * * * * * * * * * * * * //

dimensions      [0 -1 0 1 0 0 0];

internalField   nonuniform List<scalar> 
5712
(
-6642.99
-8490.73
-15779
-23038.8
-23499.3
-40566.7
-18067
-46031.3
-14718.9
-32341.4
-22010.3
-33479.1
-19754.6
-25897.9
-8686.11
-9930.42
-14809.3
-16962.9
-19148.6
-18987.6
-15070.8
-18624
-22217.3
-19934.2
-5400.13
-4055.94
-6717.37
-4514.96
-12514.1
-10001.3
-21374.4
-15473.4
-16562.9
-17210.8
-18379.6
-17520.3
-6440.34
-5047.9
-39215.6
-52498.9
-25331.1
-31100.2
-52752.5
-68447.2
-27284.3
-31235.8
-29065.8
-41060.7
-25361.3
-33617.2
-14835
-23920.1
-2844.93
-958.878
-2996.52
-1080.02
-8590.16
-3466.89
-11786.9
-4335.53
-8383.47
-3216.72
-8922.51
-2860.88
-15210
-4838.84
-19624.2
-6620.18
-24027.4
-11925.8
-21997.1
-13037.5
-22535.8
-14574
-19820.8
-14906.7
-17290.9
-10269.9
-17288.7
-8806.88
-22695.2
-14512.3
-22744.8
-14647.5
-20935.1
-15781.6
-21188
-15853.1
-18676.4
-11861.9
-19344.1
-12154.5
-17662.4
-7646.76
-8156.8
-9931.79
-17735
-8358.99
-7114.89
-10062.7
-18704.9
-7611.7
-9246.93
-10006.8
-19632.6
-7795.82
-10058.8
-10455.5
-3686.45
-4025.71
-1238.18
-2420.98
-10796.2
-11411.6
-4169.08
-7392.49
-13826.3
-15366.4
-6662.03
-11329.1
-12283.5
-1075.75
-13583.8
-16757.1
-9097.3
-735.71
-7451.42
-12213.2
-19678.3
-13657.5
-9895.89
-12014.6
-10500.7
-9061.01
-14212.6
-3542.77
-2921.46
-2023.71
-2007.53
-9988.44
-8426.95
-6013.5
-5719.81
-12473.5
-10562.7
-7854.83
-7046.03
-5853.7
-7450.77
-12086
-12524.7
-14058.5
-12792.4
-15853.5
-13801.7
-10722.4
-9023.38
-9067.02
-9552.03
-11969.8
-9456.8
-10906.7
-7949.27
-9442.9
-6518.26
-11000.7
-7214.16
-10252.5
-4798.75
-8801.88
-9543.3
-12575.3
-16407.1
-13834.5
-20142.1
-7004.04
-7783.73
-9081.74
-2916.38
-7843.94
-15120.5
-7441.44
-16210.5
-13696.9
-24863.7
-13935.7
-26386.8
-5929.88
-12990.4
-5388.61
-13843.1
-8192.36
-6199.57
-11395.1
-4519.46
-8434.58
-1688.86
-9937.48
-773.409
-7870.78
-9287.72
-11937.4
-5520.52
-6509.62
-10950.2
-10562.6
-7241.39
-2326.45
-2052.74
-1838.46
-1670.51
-1534.2
-1373.74
-6891.26
-5664.99
-4910.97
-4423.61
-3566.04
-3098.35
-8452.39
-7299.55
-6746.94
-5326.12
-4353.11
-4116.72
-6555.86
-5807.66
-5667.59
-10932
-8326.53
-7018.48
-10294.6
-7624.05
-6190.98
-10808.7
-8546.88
-7438.36
-6709.12
-4432.12
-3461.64
-15729.5
-13628.2
-11811.1
-10105.4
-8422.1
-7001.45
-8971.43
-6984.88
-5582.76
-7529.99
-5448.28
-4191.24
-7738.46
-4316.19
-2438.01
-10366.8
-14044.7
-8198.46
-10595.4
-11159.2
-16395.8
-9968.68
-14515.3
-37.3659
-727.083
508.471
-99.9377
-2958.46
-3346.84
-1222.87
-654.729
-682.195
-2393.14
-9388.81
-13711.1
-6648.73
-3650.45
-9888.41
-9815.8
-15241
-16788.2
613.024
4136.78
-7559.65
-7126.33
-7176.26
-5535.55
-1022.71
-543.502
-663.197
-266.591
-1976.82
-195.145
362.775
864.784
-9222.94
-2389.43
-6234.78
-1621.58
-9025.02
-2752.72
-10928.8
-3523.05
-8806.89
-11911.8
-8147.71
-11621.5
-14160.4
-14998.3
-13519
-14207
-5635.94
-9418.41
-6505.31
-9354.76
-8648.4
-11197.9
-9543.13
-11316.6
-14087.4
-13956.7
-14752.7
-14018.1
-5691.46
-9117.52
-6195.94
-9289.94
133.334
-1359.72
-7440.77
-4694.58
701.288
-944.282
-6893.46
-4149.82
-326.235
-1618.37
-7611.2
-5116.86
-782.99
-1892.14
-7655.81
-5302.33
698.445
805.19
-166.45
-15.5033
2940.62
2979.05
220.997
384.132
615.477
2013.07
-1686.65
-1031.01
10267.5
9570.42
5587.92
4292.45
441.139
10492.8
10810.5
4337.58
6412.82
836.6
-10236.2
-8039.63
-7163.44
-6745.19
-4130.28
820.499
762.183
35.9867
-67.7108
2594.84
2555.89
108.938
-138.925
2613.3
3171.35
-699.009
-1026.93
5137.74
2333.95
8181.07
5138.16
3664.51
2789.65
4142.94
3606.18
-454.444
-1407.15
-3764.21
-2376.78
-1029.96
1032.33
-1005.54
769.391
-1727.57
-385.046
-2143.27
-2454.09
-5226.3
-4782.88
-9946.51
-6002.57
-8114.2
-8176.58
-12320.9
-9986.35
-7867.05
-4638.51
-3927
-3906.52
-11727.2
-5179.54
-12901.3
-5809.1
-13742.8
-10191.8
-14667.2
-10925
-9544.2
-3778.65
-10693.4
-4381.02
-6247.55
-4975.18
-4868.75
-7221.88
-4049.47
-4574.25
-4164.73
-6696.69
-7208.16
-4922.47
-5500.7
-8290.67
-8756.67
-5350.93
-6880.17
-8563.02
779.54
835.138
940.123
23.6929
292.4
328.951
2841.21
3022.99
3023.92
220.005
837.959
843.153
3592.62
4017.11
4126.29
-595.148
814.189
1104.68
1254.15
1072.37
770.385
3790.89
3878.09
3619.31
3105.93
3515.27
3460.13
3844.79
4142.14
4045.83
-1357.02
362.419
493.606
-3454.14
-1965.37
-1038.77
1023.89
2155.18
2759.58
985.71
2436.17
3069.02
436.209
2010.74
2464.93
-2335.56
511.981
850.493
28.9154
40.2601
51.6562
78.0967
269.664
153.21
128.109
124.477
11.9935
79.1937
183.511
283.684
439.77
282.529
318.715
342.636
-221.491
32.1409
262.754
506.408
165.883
231.685
298.201
339.44
40.0663
139.487
143.108
140.599
-212.467
-5.52328
121.014
204.999
-944.002
-192.781
97.3605
305.364
-1478.95
-343.392
1.48158
526.46
-653.975
-78.7157
181.035
452.104
-1214.45
-260.366
-17.2748
459.687
-1007.31
-231.768
124.933
387.669
-1659.78
-409.399
-0.910709
619.568
-1126.51
-308.691
114.985
462.742
-1789.73
-469.557
-22.5325
647.905
9.5315
23.7656
45.189
98.3391
39.0517
32.5615
26.9527
89.9107
73.9316
81.2019
140.531
266.307
168.954
110.143
84.1603
243.448
-400.538
-47.1969
153.202
454.062
-178.669
31.5122
110.964
429.771
-74.9646
122.496
228.032
454.828
-15.1634
98.5995
94.4815
433.565
-1043.42
-198.135
22.697
604.37
86.1648
45.6189
33.1414
68.4943
163.521
66.5338
35.08
32.0495
176.664
108.542
72.5013
175.922
417.231
176.911
88.1655
82.2612
104.301
121.062
100.626
289.399
527.193
248.843
133.098
129.715
-92.2144
110.654
127.024
402.794
413.14
269.136
158.346
164.925
-542.836
16.1486
63.7134
385.143
119.512
232.309
145.747
168.648
-1212.34
-120.299
49.5713
444.675
-389.224
58.859
92.2034
156.561
-935.733
-33.2701
60.6338
414.124
-230.057
136.484
123.525
169.918
-1467.27
-227.458
14.495
482.84
-532.638
-17.645
60.0094
146.376
-1659.15
-333.986
-34.5653
476.433
-665.043
-100.641
17.4663
126.445
34.4674
15.1567
7.75958
4.52332
3.2473
45.3732
23.2408
12.7482
7.64409
5.53334
82.3453
35.2889
18.0197
10.5609
7.64254
102.745
52.1038
28.6338
17.2678
12.5491
109.256
44.2194
22.2972
13.057
9.47707
138.241
69.1652
38.1197
23.1295
16.877
72.4678
35.4279
19.4479
11.8259
8.63677
51.5095
20.7999
10.4373
6.16185
4.45444
109.684
45.2654
23.2899
13.8206
10.0053
52.3672
18.5334
8.97326
5.20628
3.73854
115.569
52.6094
28.3325
17.079
12.4438
49.4597
18.4364
9.20382
5.38507
3.86331
84.4688
29.5991
14.0977
8.15424
5.86469
49.6456
16.5641
7.86334
4.56164
3.28442
73.5547
19.0937
7.31089
3.85072
2.6655
40.6442
9.03328
3.15164
1.59123
1.08021
28.7609
11.443
5.63668
3.21421
2.28536
20.7693
9.06647
4.67064
2.70127
1.92753
70.2581
28.7138
14.5112
8.39926
6.02914
53.6318
23.8732
12.5164
7.30991
5.23791
98.6028
35.4296
17.1607
9.78604
7.00258
72.7972
32.888
17.4388
10.2238
7.37845
88.6839
40.4321
21.8794
13.1231
9.56812
49.4969
25.0255
13.7344
8.15909
5.94962
45.9744
22.2297
12.3184
7.47456
5.45394
-325.38
-451.754
-723.99
-1103
-735.221
-1374.47
-197.356
-1101.55
455.758
-154.956
-706.082
-1204.56
248.067
167.534
-1133.45
-1804.25
-1444.26
-2066.34
-625.363
-145.338
-32.751
-7.23593
-1.81539
-208.865
-94.073
-13.3033
-3.52281
-1.5318
-1920.75
-444.332
-100.47
-22.0874
-5.54866
-498.367
-134.233
-32.5823
-6.85111
-1.84306
-3226.62
-747.941
-169.561
-37.3968
-9.37367
-790.945
-227.319
-55.0338
-12.7427
-3.19754
-4328.33
-1006.23
-229.033
-50.6631
-12.7132
-917.778
-285.35
-71.3238
-16.7044
-4.18318
-5405.32
-1268.99
-290.824
-64.6508
-16.2899
-1009.77
-345.773
-89.0114
-21.1246
-5.35253
-6401.75
-1549.17
-359.935
-80.6868
-20.4201
-1564.76
-480.197
-118.722
-27.285
-6.83624
-5961.35
-1437.52
-332.536
-74.2377
-18.7293
-1214.59
-406.817
-103.679
-24.3055
-6.09789
-6602.56
-1600.16
-372.485
-83.6303
-21.197
-1773.64
-526.584
-128.266
-29.0675
-7.26392
-6880.72
-1653.49
-385.432
-86.4972
-21.9107
-1840.11
-548.054
-134.689
-28.3606
-7.49867
-508.368
-6949.24
-6341.42
-2265.79
1648.47
2807.6
7822.13
11432.8
1769.4
8399.37
-1630.33
2599.02
2505.92
4949.61
9346.33
13226.6
14135.6
17742.2
5772.05
7475.18
-19851.2
-14351.7
-4749.36
-3714.33
-2669.14
-3811.53
-3554.57
-12214
-11680
-9972.55
-10792.8
-8909.7
-6386.63
-8325.11
-5518.79
-4674.63
-5681.99
-3901.54
-19786.5
-10295.9
-3642.55
-6212.44
-8431.82
-5887.62
-6425.7
-4780.92
-2907.35
-4111.45
-4368.76
-4723.57
-19524.4
-12810
-12175.8
-8798.51
-8741.18
-9183.37
-3947.48
-5205.61
-6606.55
-14161.2
-12275.9
-10345.2
-9598.96
-8283.43
-9325.67
-6395.19
-4976.35
-3832.61
-1978.51
-4190.2
-3471.55
-2598.91
-1617.89
-553.11
-3315.5
-2773.76
-2085.5
-1294.99
-439.663
-2369.31
-1968.2
-1468.43
-905.73
-306.229
-3406.72
-2851.44
-2141.8
-1326.95
-449.455
-3152.9
-2619.58
-1957.67
-1210.92
-410.51
-7851.5
-6019.67
-4734.04
-4410.93
-4783.04
-6382.7
-4698.66
-3358.38
-2799.79
-1962.13
-6225.24
-3739.27
-2595.37
-1814.36
-874.754
-5543.6
-3736.22
-2489.86
-1818.87
-1076.64
-4160.23
-2597.51
-1619.48
-1125.62
-553.064
-5051.64
-3769.8
-2601.98
-1554.53
-534.846
-5663.92
-3635.95
-2377.22
-1424.71
-533.636
-3622.02
-2163.93
-1296.74
-702.675
-237.385
-3849.38
-2968.39
-2088.1
-1248.28
-421.017
-4532.87
-3381.03
-2303.54
-1341.37
-445.439
-3247.29
-2524.78
-1781.17
-1060.65
-354.367
-13092.3
-9990.62
-8092.16
-7227.23
-6909.77
-7579.12
-5491.59
-4021.73
-2734.7
-1233.38
-3029.11
-2368.05
-1694.81
-1033.12
-355.981
-5257.55
-4196.5
-3070.5
-1910.48
-670.236
-6905.29
-5417.67
-3985.87
-2565.21
-971.702
-5006.25
-4029.19
-2983.19
-1881.25
-667.471
-5557.42
-4534.3
-3376.9
-2119.47
-739.608
-4156.59
-3394.28
-2514.34
-1559.37
-534.79
-2505.11
-2016.61
-1464.72
-888.567
-298.83
-3617.19
-2978.31
-2207.59
-1357.99
-459.424
-3713.64
-2956.19
-2136.01
-1299.16
-440.907
-4087.25
-3317.29
-2440.32
-1503.74
-513.529
-13586.9
-11272.3
-9437.43
-8439.32
-7381.87
-8894.9
-6372.93
-4915.32
-3653.91
-1868.19
-8982.26
-7118.01
-5427.96
-4021.62
-1959.85
-6917.05
-5247.3
-3950.82
-2691.78
-1099.37
-7286.63
-5822.99
-4347.82
-2821.52
-1060.96
-7162.22
-5390.81
-4032.63
-2735.24
-1103.65
-3385.39
-2734.65
-2017.3
-1257.65
-437.628
-4583.87
-3783.53
-2817.07
-1742.83
-592.454
-5680.49
-4603.43
-3407.84
-2129.96
-741.099
-5592.75
-11387
-11867.6
-32498.2
-11697.6
-43499.1
-6380.85
-15479.2
-11709.9
-9038.93
-19449.7
-16213
-11678.4
-10982.1
-21820.1
-17266.7
-4116.69
-3058.49
-7964.92
-5473.51
-9225.84
-6952.21
-24746.7
-18285.4
-15204.7
-11538.6
-15627.7
-9289.8
-1195.15
-3759.17
-40486.9
-53015.4
-24478
-30951.4
-53514.1
-68755.4
-26347.4
-31009.3
-30167.3
-41626.7
-24583.9
-33557
-16307.9
-24617.2
-1966.09
-518.488
-3452.48
-1177.91
-6688.04
-2985.86
-13564.7
-4897.98
-2942.14
-1669.59
-7360.87
-2314.09
-15229.4
-4784.2
-19800.4
-6668.86
-16521.8
-8556.87
-19042.4
-11313.3
-15046.7
-10761.7
-16892.9
-13081.1
-15211.2
-8898.84
-12036
-6216.02
-21551.7
-13734.7
-22458.5
-14434.6
-19769.2
-14988.1
-20876.3
-15637
-17908.8
-11227.2
-19162
-11979
-16658
-7356.32
-7254
-9575.03
-14905.9
-7520.36
-5436.22
-9411.62
-18432.8
-7536.94
-8825.49
-9831.33
-19599.1
-7788.99
-9939.75
-10404.3
-1131.08
-1017.95
-274.292
-1209.93
-4594.97
-4753.21
-2876.53
-5709.99
-2577.06
-3212.44
-4470.56
-8451.49
-12102.6
-9684.47
-9383.03
-11722
-7736.31
-7624.15
-8170.38
-6924.21
-13573.8
-11814.3
-11551.6
-9689.7
-6742.46
-5798.5
-12729.9
-1098.53
-823.947
-613.891
-688.778
-4272.26
-3391.75
-3620.07
-3190.59
-622.875
511.483
-4279.17
-3361.38
-10160.4
-10789.3
-9501.79
-8697.21
-7093.89
-5152.49
-9290.1
-7397.04
-8336.65
-6529.99
-11575.8
-11766.9
-9912.75
-7735.84
-7343.88
-4974.39
-6486.54
-4096.45
-9705.22
-5898.98
-9311.82
-5062.09
-8306.84
-9454.84
-13068.4
-17372.9
-13785.2
-20125.5
-6373.68
-7561.75
-7730.34
-2866.22
-7659.74
-14985.6
-7396.83
-16157.8
-13624.8
-24968.7
-13908.8
-26369.5
-5689.11
-12824
-5330.39
-13791.1
-7727.82
-6067.86
-11204.3
-4527.95
-7433.51
-1783.04
-9639.74
-1214.43
-7684.15
-9185.02
-11850
-5507.36
-6459.84
-10915.8
-10538.5
-7229.59
-811.016
-753.505
-552.674
-638.309
-2586.19
-1891.58
-2345.32
-2134.2
1076.06
583.348
-2747.47
-3048.51
-10673.6
-10119.2
-7706.29
-6645.54
-4096.54
-3448.47
-5803.08
-4785.71
-5491.19
-4007.89
-18296.6
-16004.9
-7992.21
-6790.98
-6079.7
-4616.6
-5035.5
-3226.55
-5380.13
-2330.79
-5605.09
-9223
-4910.87
-9347.42
-8345.54
-10421.5
-9373.69
-12766.3
-990.472
-718.073
-769.4
-654.13
-3635.78
-2593.42
-2975.75
-1668.32
-1385.35
-1661.66
-8337.76
-8952.55
-4687.68
-4236.15
-9356.11
-9692.48
-14399.9
-16552.5
372.622
3945.66
-7365.43
-7142.57
-7076.18
-5582.4
-1069.68
-966.966
-1163.95
-959.071
-1728.03
-1167.7
-597.615
-503.492
-8131.92
-3762.69
-6912.42
-3154.98
-9309.45
-3671.88
-11051.9
-3899.01
-5387.52
-10256.9
-6993.37
-10740.2
-8682.15
-11680.3
-11407.3
-12664.1
-5228.3
-9220.58
-4729.9
-9182.59
-8178.46
-10835.3
-9404.77
-11220.7
-13199.6
-13310.9
-14499.4
-13843.3
-5599.42
-9062.66
-6182.04
-9284.44
-471.111
-2190.91
-7865.84
-5354.54
-450.526
-2268.38
-7794.35
-5127.85
-778.2
-2203.73
-7847.89
-5521.29
-969.567
-2128.05
-7726.74
-5441.67
-1070.54
-1173.12
-1003.7
-1084.35
-2080.24
-2124.95
-1420.26
-1537.78
-8374.84
-7694.56
-3891.61
-3916.21
-3726.17
-5202.91
-4028.63
-260.634
-1796.97
-1293.52
-1386.82
-3590.64
2684.36
-843.493
-13807.9
-11728.6
-10602.7
-9221.3
-5756.1
-1178.61
-1060.93
-1222.96
-1519.94
-2102.62
-1648.7
-1977.49
-2627.14
-8035.76
-7917.93
-4341.32
-5611.76
-5032.55
-6701.27
-3154.3
-5082.15
-4828.57
-5266.44
-1129.03
-1501.53
-2878.29
-4306.52
-9667.71
-7938.67
-7616.67
-5591.97
-6649.85
-4745.26
-5896.93
-4289.05
-4323.34
-4752.88
-8331.15
-8225.53
-11229.5
-7243.99
-10419
-11178.5
-13052.6
-10983.5
-9417.65
-5841.88
-6925.8
-6912.05
-12231.3
-5952.64
-13031.6
-5996.8
-13942.6
-10838.8
-14706.2
-11063.7
-10258.7
-4534.04
-10894.8
-4582.06
-7723.37
-6066.53
-6176.38
-8449.74
-6599.05
-6998.12
-6057.2
-8700.37
-7979.87
-5636.26
-6243.67
-9073.47
-8997.85
-5575.26
-7120.61
-8786.79
-853.158
-735.751
-1096.85
-807.794
-1409.01
-1679.03
-1608.6
-1183
-7730.81
-6769.23
-3747.79
-1671.94
-7869.07
-7465.38
-6119.27
-5502.47
-5103.68
-4378.72
-1835.3
-1895.08
-4103.24
-1857.02
-8637.14
-7401.53
-4881.77
-3879.49
-3785.74
-2402.17
-2785.28
-1236.42
-4268.32
-103.22
-232.269
-106.557
-36.7925
22.9792
-217.677
-135.901
-47.4684
13.8907
-627.898
-277.832
-10.2545
174.045
-565.864
-326.654
-41.9083
115.516
-1028.61
-411.903
31.327
398.647
-1013.4
-496.255
-167.609
18.045
-697.823
-334.669
-164.662
-52.8211
-536.083
-220.507
-19.4646
113.919
-1538.86
-540.342
-129.768
139.85
-1829.22
-521.353
-97.8939
505.426
-1476.52
-519.022
-85.5497
267.022
-1661
-469.159
-126.032
459.123
-1438.97
-497.876
-40.6781
290.556
-1895.7
-537.198
-80.0038
588.388
-1303.59
-421.705
43.4466
419.572
-1876
-518.343
-53.1759
636.037
-215.702
-87.4998
-13.3713
71.4539
-185.656
-66.6676
-27.9828
67.9954
-556.457
-228.704
-20.1602
185.702
-467.037
-175.678
-73.3332
176.067
-1099.51
-382.864
-9.94798
399.407
-999.356
-333.387
-85.1171
364.27
-1222.1
-452.335
-84.6888
296.732
-923.107
-315.743
-114.176
406.114
-1673.59
-468.653
-110.336
639.909
-134.199
-49.9755
-15.2281
44.5931
-62.0498
-34.9529
-15.7525
0.157972
-404.187
-144.507
-63.3227
105.912
-204.806
-104.539
-56.2365
-7.80995
-717.542
-240.466
-96.444
191.005
-416.064
-183.231
-88.0884
-6.59673
-1091.33
-346.399
-121.971
289.669
-727.41
-270.048
-117.083
-1.47302
-1437.36
-416.015
-191.927
245.575
-980.366
-326.267
-155.325
-21.6181
-1921.13
-539.105
-205.388
305.839
-970.936
-303.095
-127.734
12.3907
-1851.68
-529.012
-234.229
253.737
-1074.2
-337.718
-149.568
-9.91017
-1896.33
-494.344
-151.219
395.108
-869.968
-244.365
-79.5864
58.8479
-1799.85
-424.12
-91.1897
446.37
-770.662
-174.398
-28.4836
97.8665
-5.77551
-10.0056
-7.19833
-4.78043
-3.59729
-26.587
-19.6455
-12.4343
-7.97255
-5.94856
-11.0959
-22.8152
-16.4464
-10.864
-8.11683
-57.5827
-43.5067
-27.5455
-17.5867
-13.0841
-5.42123
-27.4247
-20.1721
-13.3387
-9.93954
-75.3142
-57.2352
-36.0005
-22.8383
-16.9299
-36.6244
-28.6952
-18.1182
-11.4719
-8.49938
-4.43803
-12.1558
-8.90433
-5.85271
-4.39998
-16.3856
-29.8729
-20.8458
-13.5615
-10.1348
5.24553
-9.97519
-7.81615
-5.21414
-3.92621
-45.0727
-41.3661
-26.52
-16.8897
-12.5276
-0.753163
-11.541
-8.38002
-5.51543
-4.15129
11.8303
-14.1696
-11.698
-7.86866
-5.92851
8.60607
-7.97867
-6.55373
-4.38575
-3.30183
40.3151
-1.02297
-4.59722
-3.58226
-2.84299
26.8898
0.649398
-1.81762
-1.5153
-1.22885
0.0986784
-7.01363
-5.36126
-3.6256
-2.74551
-5.85299
-6.94777
-4.70486
-3.10174
-2.33557
-8.03446
-19.8673
-14.1449
-9.37454
-7.03524
-20.6646
-19.7996
-12.8955
-8.39409
-6.29447
9.44803
-21.4015
-16.5005
-11.1151
-8.36596
-34.4647
-28.986
-18.4157
-11.918
-8.88012
-41.6055
-34.4901
-21.5845
-13.7419
-10.1685
-38.9406
-24.3907
-14.7236
-9.39342
-6.93607
-29.4048
-20.0087
-12.0774
-7.59258
-5.61468
-58.0121
-202.298
-99.7835
-515.287
-35.5761
-709.393
261.456
-635.145
534.704
-79.2693
-762.121
-1260.52
132.014
-43.1468
-1161.2
-1821.87
-1451.95
-2070
-598.095
-141.448
-32.0473
-7.09522
-1.78138
-158.774
-87.0172
-12.1524
-3.34329
-1.49647
-1848.26
-433.432
-98.4481
-21.6787
-5.44912
-381.174
-116.321
-29.8262
-6.43267
-1.77028
-3115.78
-730.184
-166.199
-36.7155
-9.20884
-660.073
-206.477
-51.7003
-12.2053
-3.09961
-4200.8
-983.896
-224.649
-49.7655
-12.497
-830.359
-269.655
-68.5669
-16.2193
-4.08917
-5292.51
-1246.04
-285.99
-63.6299
-16.0415
-992.491
-338.877
-87.3651
-20.7771
-5.27689
-6352.26
-1535.68
-356.653
-79.94
-20.2311
-1573.59
-480.426
-118.514
-27.2056
-6.8124
-5888.29
-1418.62
-328.161
-73.2755
-18.4919
-1232.24
-405.888
-103.012
-24.1179
-6.05159
-6573.75
-1592.17
-370.486
-83.1663
-21.0776
-1775.75
-526.488
-128.149
-29.0298
-7.25292
-6871.16
-1650.85
-384.76
-86.339
-21.8698
-1840.15
-547.928
-134.639
-28.3513
-7.49554
-521.085
-6869.21
-6074.75
-2204.89
-1570.94
-931.319
-3693.27
-2686.56
-6418.86
-6001.9
-3056.89
-2303.56
-386.284
-591.996
-1016.19
-1649.33
-2468.88
-3397.04
-278.948
-599.504
-1246.68
-2169.28
-3263.51
-4373.46
-293.699
-135.365
-504.574
-345.238
-929.345
-771.552
-1550.53
-1440.15
-2226.43
-2142.11
-2911.88
-2631.21
-4200.12
-4732.98
-5135.96
-7633.1
-8537.28
-9400.98
-5294.06
-5809.25
-5768.71
-5254.66
-4493.56
-3925.83
-348.95
-295.598
-224.494
-140.144
-47.6332
-534.423
-452.362
-343.288
-214.181
-72.7756
-916.648
-775.206
-587.802
-366.523
-124.506
-1486.12
-1255.27
-950.784
-592.446
-201.189
-2220.71
-1872.34
-1416.07
-881.629
-299.314
-3046.78
-2561.45
-1933.2
-1202.56
-408.283
-251.855
-213.245
-161.874
-101.014
-34.3234
-540.911
-457.592
-347.071
-216.456
-73.5325
-1124
-950.066
-720.068
-448.872
-152.46
-1953.57
-1649.25
-1248.72
-777.963
-264.183
-2933.82
-2472.32
-1869.32
-1163.83
-395.171
-3921.1
-3295.74
-2487.53
-1547.88
-525.696
-265.428
-224.912
-170.858
-106.687
-36.2717
-122.341
-103.671
-78.7577
-49.1787
-16.7202
-455.698
-385.877
-292.94
-182.819
-62.133
-311.843
-264.112
-200.536
-125.165
-42.5404
-838.722
-709.658
-538.335
-335.778
-114.082
-696.46
-589.43
-447.223
-278.983
-94.7887
-1397.81
-1181.27
-895.083
-557.847
-189.452
-1298.45
-1097.42
-831.561
-518.229
-175.985
-2003.66
-1690.08
-1278.48
-795.92
-270.172
-1927.82
-1625.96
-1229.64
-765.221
-259.674
-2612.21
-2196
-1656.64
-1029.78
-349.405
-2360.15
-1983.16
-1494.69
-928.023
-314.596
-3748.73
-3137.55
-2361.74
-1468.84
-499.342
-4187.67
-3479.89
-2611.44
-1627.53
-556.22
-4470.97
-3671.91
-2748.16
-1727.2
-600.353
-6436.38
-5188.86
-3891.86
-2513.45
-922.529
-6801.64
-5335.59
-4037.73
-2747.17
-1132.91
-7169.12
-5519.74
-4208.13
-2975.84
-1329.58
-4727.39
-3959.07
-2982.13
-1855.69
-630.974
-5155.8
-4296.13
-3229.21
-2012.32
-686.512
-5070.49
-4194.72
-3147.24
-1970.02
-677.713
-4541.16
-3715.62
-2786.21
-1764.6
-620.277
-3755.32
-3014.27
-2265.91
-1475.53
-548.017
-3161.7
-2486.79
-1876.26
-1260.91
-497.394
-406.48
-654.181
-1124.95
-1811.24
-2693.2
-3673.57
-307.111
-686.231
-1396.52
-2383.93
-3531.85
-4659.87
-312.997
-151.766
-564.355
-397.294
-1035.67
-868.022
-1713.55
-1594.62
-2466.27
-2412.73
-3224.98
-3042.41
-4490.83
-5006.07
-5388.69
-7790.18
-8608.04
-9422.99
-5541.52
-5961.71
-5803.27
-5190.96
-4397.47
-3881.44
-367.303
-311.259
-236.479
-147.674
-50.2012
-590.975
-500.66
-380.285
-237.44
-80.7127
-1015.69
-859.944
-652.836
-407.474
-138.492
-1633.93
-1382.14
-1048.48
-654.13
-222.29
-2426.3
-2049.6
-1553.22
-968.569
-329.12
-3301.94
-2783.24
-2106.23
-1312.99
-446.293
-277.452
-235.081
-178.579
-111.506
-37.9024
-619.758
-524.911
-398.622
-248.857
-84.5873
-1260.44
-1066.79
-809.646
-505.274
-171.722
-2149.54
-1817.45
-1378.24
-859.747
-292.16
-3179.78
-2684.46
-2033.51
-1267.94
-430.871
-4185.36
-3525.47
-2666.79
-1662.31
-565.092
-282.941
-239.843
-182.273
-113.853
-38.7146
-137.223
-116.348
-88.4417
-55.2536
-18.7912
-510.025
-432.235
-328.419
-205.109
-69.737
-359.118
-304.422
-231.361
-144.518
-49.1396
-935.495
-792.396
-601.787
-375.708
-127.715
-784.239
-664.457
-504.745
-315.171
-107.143
-1546.62
-1308.98
-993.397
-619.911
-210.68
-1439.62
-1218.73
-925.091
-577.341
-196.216
-2223.4
-1879.48
-1424.95
-888.729
-301.983
-2175.9
-1839.91
-1395.22
-870.201
-295.669
-2901.06
-2447.06
-1852.47
-1154.71
-392.382
-2738.75
-2311.44
-1750.12
-1090.66
-370.487
-4020.23
-3376.84
-2551.04
-1591.06
-541.703
-4448.28
-3715.01
-2801.72
-1752.71
-600.162
-4720.82
-3905.19
-2943.05
-1859.02
-647.664
-6615.81
-5375.78
-4063.36
-2639.63
-971.772
-6905.2
-5454.9
-4156.67
-2843.28
-1175.78
-7207.25
-5565.32
-4255.18
-3015.62
-1348.33
-4958.6
-4163
-3143.62
-1960.05
-667.165
-5302.93
-4430.52
-3339.31
-2085.47
-712.333
-5112.08
-4240.47
-3190.69
-2002.17
-689.855
-4494.27
-3686.12
-2772.45
-1761.48
-620.855
-3677.59
-2956.08
-2228.5
-1457.26
-543.856
-3125.33
-2458.83
-1857.66
-1251.49
-495.172
-19791.5
-14408.2
-5131.21
-4125.11
-3144.54
-4406.07
-4049.3
-12998.8
-14618.3
-11562.7
-13343.7
-7918.29
-11295.7
-6056.48
-6322.56
-4618.24
-20479.9
-11316
-4361.97
-7136.48
-9302.48
-6404.55
-7094.22
-5372.24
-3308.37
-4787.35
-5312.71
-5448.91
-19412.5
-13010.2
-12836.9
-9197.3
-9193.65
-9722.84
-4631.86
-5858.65
-7253.14
-14178.2
-12353.4
-10463.1
-9759.21
-8434.34
-9420.92
-6494.05
-5072.39
-3912.94
-2013.69
-4556.68
-3804.03
-2869.18
-1796.26
-615.842
-3698.25
-3110.22
-2350.9
-1465.85
-498.765
-2816.32
-2365.04
-1784.35
-1110.5
-377.318
-3958.74
-3334.8
-2521.61
-1570.68
-533.591
-3620.05
-3036.02
-2290.32
-1427.06
-485.643
-9557.67
-7992.14
-6626.7
-6003.64
-5947.59
-10921.8
-9459.86
-7686.94
-6152.98
-3644.16
-8344.94
-5878.37
-4443.06
-3106.47
-1349.36
-9943.52
-8240.46
-6478.93
-4762.32
-2299.09
-6702.54
-5382.56
-3977.39
-2488.07
-867.489
-8872.61
-6624.1
-4847.22
-3082.02
-1128.45
-5251.29
-4289.83
-3188.64
-1985.08
-681.969
-5460.82
-4447.32
-3300.37
-2054.9
-706.87
-4038.81
-3320.36
-2473.33
-1536.17
-524.704
-14463
-11623.1
-9717.18
-8631.73
-7906.32
-8814.16
-6766.24
-5158.38
-3552.63
-1560.77
-3773.55
-3083.06
-2299.77
-1442.61
-502.108
-6196.55
-5089.66
-3823.43
-2420.87
-853.608
-7852.77
-6361.7
-4811.21
-3144.86
-1190.29
-5540.81
-4545.97
-3425.78
-2185.98
-778.641
-6212.93
-5140.8
-3878.71
-2455.85
-859.604
-4736.89
-3931.52
-2958.12
-1855.46
-639.594
-2925.2
-2427.74
-1818.34
-1130.16
-385.09
-4265.75
-3566.27
-2684.48
-1671.48
-569.155
-4657.18
-3840.46
-2871.2
-1790.77
-614.8
-4803.13
-3982.79
-2991.2
-1871.38
-643.54
-13727.7
-11569.4
-9832.9
-8892.79
-7837.97
-9188.9
-6680.79
-5208.9
-3890.51
-1975.45
-9918.29
-8113.6
-6370.08
-4758.82
-2296.32
-7381.48
-5728.19
-4388.38
-3015.4
-1225.73
-7790.17
-6336.65
-4808.19
-3153.08
-1188.95
-7800.31
-6041.03
-4623.62
-3169.6
-1276.07
-4053.92
-3350.28
-2523.57
-1594.73
-557.1
-5209.87
-4350.46
-3276.61
-2044.91
-698.228
-6333.15
-5222.83
-3930.42
-2484.83
-868.544
-481.477
-1371.86
-2183.28
-2951.01
-3681.24
-4363.92
-2635.54
-7079.8
-6724.24
-2579.09
-8999.17
-7547.06
-8995.17
-9954.49
-2389.98
-1543.17
-5551.34
-3210.81
-10557.8
-7488.02
233.738
-2137.98
-5900.44
-5525.35
-2076.82
-7656.04
-6156.07
-7543.64
-8489.84
-1978.56
-910.901
-4769.36
-1676.81
-8749.21
-4488.54
1556.67
-1561.76
-4487.13
-4188.88
-1521.73
-6048.45
-3697.33
-6118.35
-6772.39
-1492.25
-829.373
-3378.33
-1744.15
-6984.43
-1787.74
1695.27
-1150.04
-3472.71
-3308.86
-1161.59
-4628.99
-2251.56
-5082.33
-5976.69
-1122.97
-871.488
-2473.5
-1763.24
-6146.18
-367.987
1274.43
-929.374
-2944.81
-2851.17
-979.617
-3719.96
-1867.23
-4558.39
-5799.56
-888.922
-949.452
-1779.44
-1694.16
-5362.61
-150.792
140.883
-820.908
-2628.4
-2618.63
-887.479
-3445.07
-2127.83
-4222.91
-5544.43
-686.622
-745.045
-1470.64
-1658.64
-5276.06
-954.105
-472.099
-1390.83
-3401.21
-4965.97
-1920.45
-5510.23
-9629.94
-7280.69
-10491.4
-1013.59
-719.247
-3895.36
-2413.6
-1178.94
-9243.85
-4840.98
-1296.2
-3176.78
-4371.19
-1671.69
-5103.89
-8723.1
-6584.39
-8953.23
-1038.67
-638.886
-4040.91
-2290.24
-359.035
-9087.14
-3657.67
-1144.07
-2813.51
-3594.61
-1348.14
-4663.46
-7835.05
-5623.44
-7907.93
-926.34
-734.565
-3473.15
-2392.8
-575.878
-7379.86
-3509.31
-994.617
-2548.31
-2997.81
-1100.62
-4370.45
-7149.21
-5027.54
-7209.57
-855.083
-744.804
-3229.72
-2497.67
-377.916
-6874.7
-3551.93
-903.014
-2301.63
-2672.65
-966.88
-3984.59
-6587.54
-4603.06
-6871.29
-804.512
-801.898
-2949.37
-2707.98
-519.875
-6622.44
-3631.22
-841.081
-2060.47
-2484.52
-892.066
-3687.08
-6512.05
-4285.79
-6655.88
-837.029
-929.044
-2635.25
-2579.64
-772.233
-6782.63
-4021.84
6040.41
7626.89
15815.1
23115.2
23530.2
40552.2
18075.5
46034.2
14731.9
32347.3
22055.2
33481.5
19769.1
25979.6
7468.31
8467.8
14821.9
16965.9
19143.7
18985.1
15072.3
18621.9
22214.6
19931.2
4980.25
3775.42
6111.98
4122.39
12515.8
9973.69
21423.8
15495.6
16539.9
17215.5
18371.7
17521.1
6439.03
5027
39221.1
52505.7
25331.7
31102.2
52759.2
68455
27284.1
31236.8
29069.9
41066.6
25360.8
33620
14840.6
23925.4
2684.38
919.923
2754.61
1004.03
8561.66
3453.44
11791.6
4336.53
8378.21
3213.58
8910.07
2856.05
15210.8
4838.85
19627
6621.11
24027.1
11924.8
21995.6
13036.3
22533.2
14571.7
19818.3
14904.8
17288.5
10268.7
17288
8805.85
22694.8
14511.4
22744.8
14646.7
20933.7
15780.2
21187.2
15851.9
18676
11861.3
19344.5
12154
17658.9
7645.57
8155.6
9931.66
17732.4
8357.84
7113.52
10062.4
18704.8
7611.74
9246.41
10007
19633.8
7796.34
10058.6
10455.7
3464.96
3742.12
1188.75
2275.32
10747.2
11369.8
4146.36
7359.3
13817.9
15357.5
6658.17
11322.7
12283.6
1076.61
13583
16753.9
9095.83
736.647
7451.7
12212.5
19674.4
13655.2
9894.55
12013.7
10499.4
9058.96
14211.9
3233.72
2639
1826.86
1836.55
10012.2
8447.92
6066.45
5752.92
12466.5
10559.9
7852.07
7045.38
5853.89
7450.69
12085.9
12524.4
14057.5
12791.6
15850.1
13799.9
10721.3
9023.26
9066.4
9551.75
11969.3
9456.58
10905.8
7948.87
9441.54
6517.69
11000.5
7214.28
10251.9
4798.67
8801.06
9543.06
12574.3
16406.5
13833.2
20141.3
7003.44
7783.68
9081.17
2916.35
7843.18
15120.3
7440.71
16210.3
13695.7
24862.9
13934.7
26386
5929.38
12990.5
5388.14
13843.2
8192.12
6199.65
11395.4
4519.67
8434.08
1688.9
9937.71
773.673
7870.71
9287.91
11937.8
5520.75
6509.52
10950.4
10563.1
7241.68
2068.15
1839.63
1673.34
1527.47
1413.08
1277.78
6918.66
5675.28
4911.25
4453.1
3579.43
3101.74
8452.51
7300.41
6747.67
5327.16
4355.45
4119.06
6555.87
5807.82
5667.79
10931.9
8326.72
7018.75
10294.3
7624.29
6191.35
10808.4
8547.51
7439.14
6709.59
4433.22
3462.87
15729.3
13628.3
11811.5
10105.3
8422.17
7001.67
8971.27
6984.99
5583.04
7529.85
5448.46
4191.58
7738.56
4316.5
2438.44
10341.3
14028.6
8170.57
10581.3
11147.2
16386.8
9954.32
14507.3
76.3333
632.778
-425.494
57.8241
2957.92
3420.19
1223.88
734.102
657.103
2367.66
9372.63
13691
6631.4
3637.47
9881.27
9812.65
15236.8
16786.4
-618.869
-4138.67
7550.34
7122.01
7170.88
5533.5
893.072
493.915
560.057
229.543
2032.16
206.389
-302.121
-848.053
9212.05
2387.89
6228.3
1621.62
9018.37
2751.14
10925.4
3521.96
8797.08
11906.8
8140
11617.5
14153.6
14994.3
13513.7
14203.9
5628.94
9414.66
6496.7
9350.28
8643.7
11195.1
9540.56
11314.7
14084.1
13954.4
14750.7
14016.4
5687.1
9114.85
6193.64
9288.15
-137.083
1359.2
7438.08
4693.54
-705.651
943.572
6890.51
4148.76
323.367
1617.65
7609.09
5115.91
781.464
1891.64
7654.36
5301.6
-662.63
-759.243
152.223
7.07826
-2915.91
-2952.77
-216.926
-373.62
-614.149
-2011.65
1686.18
1030.72
-10267.4
-9569.61
-5588.22
-4292.63
-441.271
-10491.7
-10809.3
-4337.52
-6411.62
-836.534
10234.2
8036.58
7160.42
6742.78
4129.27
-785.123
-724.789
-56.6216
40.8653
-2565.55
-2530.53
-85.973
160.034
-2611.8
-3169.03
698.745
1026.36
-5137.53
-2333.97
-8180.78
-5138.1
-3664.81
-2789.73
-4142.43
-3605.4
454.171
1406.7
3763.25
2376.42
1028.59
-1032.72
1004.33
-769.684
1726.77
384.881
2142.75
2453.63
5224.17
4781.87
9944.28
6001.42
8112.51
8175.7
12319.1
9985.29
7864.99
4637.48
3925.11
3905.59
11725.5
5178.53
12899.9
5808.27
13741.3
10190.8
14665.9
10924.1
9542.5
3777.77
10692
4380.31
6246.01
4974.27
4867.83
7220.97
4048.04
4573.41
4163.86
6695.8
7206.86
4921.64
5499.84
8289.74
8755.57
5350.23
6879.4
8562.21
-743.593
-779.089
-875.208
-47.9064
-288.799
-319.571
-2814.46
-3008
-3013.44
-194.942
-824.373
-833.763
-3589.83
-4014.57
-4124.49
594.018
-813.729
-1104.35
-1254.11
-1072.25
-770.269
-3790.83
-3877.88
-3619.11
-3105.74
-3514.91
-3459.79
-3843.78
-4140.94
-4044.79
1356.41
-362.382
-493.448
3453.92
1965.44
1038.95
-1024.03
-2155.03
-2759.34
-985.762
-2435.91
-3068.7
-436.138
-2010.36
-2464.5
2335.1
-512.005
-850.419
-24.1376
-35.6416
-46.4014
-70.1093
-251.204
-141.942
-118.556
-114.567
-11.4765
-78.8981
-183.714
-284.952
-435.146
-280.767
-317.41
-341.78
221.466
-32.1338
-262.693
-506.246
-165.317
-231.5
-298.139
-339.363
-40.0958
-139.471
-143.089
-140.56
212.414
5.52839
-120.995
-204.968
943.965
192.84
-97.293
-305.255
1478.75
343.397
-1.43185
-526.344
653.886
78.7789
-180.919
-451.89
1214.27
260.384
17.3356
-459.546
1007.2
231.793
-124.88
-387.588
1659.57
409.397
0.953276
-619.463
1126.43
308.721
-114.93
-462.665
1789.57
469.565
22.577
-647.807
-6.11103
-20.4297
-40.7217
-88.9947
-35.9079
-29.3335
-23.9296
-81.2469
-73.6963
-80.9072
-140.275
-267.264
-165.461
-108.686
-83.6891
-244.27
400.474
47.2289
-153.109
-453.79
178.72
-31.4052
-110.864
-429.455
74.9845
-122.392
-227.904
-454.602
15.2468
-98.4781
-94.3783
-433.354
1043.28
198.179
-22.6116
-604.186
-84.1904
-42.8437
-30.3898
-61.8234
-154.861
-62.005
-32.201
-28.9483
-170.032
-106.441
-71.5841
-176.568
-413.032
-175.716
-87.7004
-82.3369
-104.095
-120.902
-100.579
-289.207
-526.6
-248.564
-133.022
-129.723
92.3018
-110.527
-126.932
-402.617
-412.888
-268.961
-158.268
-164.876
542.775
-16.0908
-63.6488
-385.009
-119.433
-232.214
-145.69
-168.594
1212.1
120.271
-49.5514
-444.592
389.122
-58.8717
-92.1945
-156.535
935.556
33.2795
-60.592
-414.017
230.009
-136.458
-123.494
-169.876
1467.04
227.423
-14.4828
-482.768
532.53
17.6203
-60.0091
-146.358
1658.98
333.969
34.5845
-476.364
664.965
100.628
-17.4612
-126.426
-31.4061
-13.9413
-7.21466
-4.25504
-3.08644
-41.3492
-21.2867
-11.7346
-7.07124
-5.1347
-82.4711
-35.2936
-18.0271
-10.5833
-7.66999
-102.749
-52.0422
-28.6025
-17.2677
-12.5591
-109.286
-44.257
-22.3338
-13.0941
-9.51216
-138.244
-69.1756
-38.1337
-23.1478
-16.9037
-72.4512
-35.4168
-19.4391
-11.8191
-8.63399
-51.4988
-20.7933
-10.4321
-6.15757
-4.45164
-109.64
-45.2383
-23.2693
-13.8046
-9.99641
-52.3448
-18.5195
-8.96237
-5.19735
-3.73174
-115.478
-52.5442
-28.2786
-17.0334
-12.403
-49.4247
-18.4128
-9.18455
-5.36877
-3.84889
-84.4431
-29.5844
-14.0866
-8.14545
-5.85912
-49.6309
-16.5555
-7.85664
-4.55608
-3.28003
-73.5346
-19.0835
-7.30359
-3.84496
-2.66143
-40.6338
-9.02841
-3.14816
-1.58844
-1.07806
-26.092
-10.4705
-5.22031
-3.02027
-2.1725
-18.6583
-8.19705
-4.25975
-2.48895
-1.77361
-70.4057
-28.7134
-14.5098
-8.41
-6.03529
-53.7835
-23.8751
-12.5146
-7.31647
-5.2452
-98.5722
-35.4168
-17.1528
-9.78259
-6.99994
-72.8418
-32.9309
-17.4779
-10.2626
-7.4245
-88.6178
-40.3896
-21.845
-13.0946
-9.54481
-49.4881
-25.0281
-13.7383
-8.16449
-5.96103
-45.9445
-22.2108
-12.3032
-7.46196
-5.44408
272.276
394.091
743.667
1124.75
739.763
1377.76
198.903
1102.78
-455.214
155.458
706.196
1204.69
-247.841
-167.269
1133.54
1804.35
1444.34
2066.43
549.561
126.845
28.4991
6.28449
1.57501
180.287
83.0827
11.3156
3.00877
1.3573
1945.45
450.748
101.955
22.4195
5.63168
510.802
137.956
33.448
7.07251
1.89506
3225.11
747.601
169.486
37.3803
9.36947
791.974
227.647
55.1214
12.7626
3.20248
4328.22
1006.18
229.019
50.6594
12.7121
918.208
285.482
71.3607
16.7133
4.18548
5405.49
1269.02
290.826
64.6505
16.2896
1010
345.844
89.031
21.1294
5.35382
6402.06
1549.24
359.95
80.6895
20.4207
1564.87
480.231
118.731
27.287
6.83675
5961.61
1437.57
332.546
74.2392
18.7295
1214.75
406.865
103.692
24.3087
6.09872
6602.9
1600.24
372.502
83.6339
21.1978
1773.74
526.614
128.273
29.0691
7.26431
6881.09
1653.58
385.452
86.5013
21.9117
1840.21
548.084
134.696
28.362
7.49903
506.277
6948.05
6337.9
2259.65
-1439.63
-2499.43
-7837.83
-11444.2
-1814.88
-8453.79
1613.01
-2621.75
-2521.11
-4967.14
-9381.46
-13267.8
-14058.3
-17653.6
-4967.62
-6440.6
19850.6
14351.2
4749.13
3714.15
2669.03
3811.36
3554.42
12213.6
11680
9972.29
10792.9
8909.93
6386.52
8325
5518.85
4674.54
5681.97
3901.48
19785.8
10295.5
3642.45
6212.21
8431.47
5887.36
6425.41
4780.72
2907.27
4111.29
4368.64
4723.39
19523.8
12809.5
12175.3
8798.13
8740.79
9182.99
3947.33
5205.38
6606.26
14160.5
12275.1
10344.4
9598.18
8282.76
9325.17
6394.72
4975.93
3832.27
1978.34
4189.99
3471.36
2598.76
1617.79
553.074
3315.34
2773.61
2085.39
1294.92
439.638
2369.21
1968.11
1468.37
905.686
306.214
3406.56
2851.3
2141.69
1326.88
449.431
3152.76
2619.45
1957.57
1210.86
410.487
7850.95
6019.1
4733.49
4410.41
4782.53
6382.62
4698.55
3358.28
2799.67
1961.95
6224.95
3739
2595.13
1814.17
874.647
5543.62
3736.23
2489.88
1818.89
1076.6
4160.36
2597.62
1619.6
1125.73
553.088
5051.53
3769.69
2601.89
1554.46
534.821
5663.79
3635.84
2377.13
1424.65
533.604
3622.07
2163.97
1296.78
702.704
237.394
3849.3
2968.31
2088.03
1248.23
421.001
4532.85
3381
2303.52
1341.35
445.433
3247.23
2524.73
1781.13
1060.62
354.357
13091.4
9989.7
8091.27
7226.41
6909.04
7578.73
5491.2
4021.39
2734.44
1233.26
3029.02
2367.96
1694.74
1033.07
355.962
5257.32
4196.29
3070.32
1910.36
670.191
6904.94
5417.33
3985.58
2565
971.616
5006
4028.96
2983
1881.11
667.421
5557.14
4534.05
3376.7
2119.33
739.556
4156.4
3394.11
2514.2
1559.28
534.756
2505.04
2016.54
1464.67
888.533
298.818
3617.04
2978.19
2207.49
1357.93
459.401
3713.53
2956.09
2135.92
1299.1
440.886
4087.08
3317.14
2440.19
1503.65
513.5
13586
11271.4
9436.58
8438.51
7381.18
8894.39
6372.45
4914.88
3653.56
1868
8981.72
7117.46
5427.44
4021.2
1959.64
6916.66
5246.93
3950.49
2691.53
1099.26
7286.25
5822.62
4347.51
2821.3
1060.87
7161.83
5390.43
4032.3
2734.98
1103.55
3385.24
2734.52
2017.19
1257.57
437.599
4583.66
3783.34
2816.92
1742.74
592.419
5680.22
4603.18
3407.63
2129.82
741.047
5177.36
10366
11889.5
32622.4
11732
43663.5
5888.37
13972.9
11697.1
9031.03
19399.1
16194.8
11665.6
10975.6
21767.2
17251.6
3818.08
2872.35
7267.49
4999.54
9226.63
6913.03
24854.2
18345.2
15165.2
11530.2
15608.2
9281.19
1190.01
3727.48
40495.9
53023.9
24474.5
30952.6
53521.6
68763.8
26344.2
31009.7
30174.5
41634.4
24579.7
33559.2
16317.6
24624.5
1893.34
517.893
3173.93
1094.47
6639.25
2966.15
13579.8
4901.72
2932.87
1665.63
7341.74
2307.4
15229.7
4784.04
19803.4
6669.87
16516.6
8553.71
19035
11310
15042.5
10758.8
16887
13078.1
15204.3
8895.92
12031.8
6213.2
21548.8
13732.8
22457.9
14433.5
19766.4
14986.2
20875.2
15635.7
17906.5
11225.6
19162
11978.3
16652.5
7354.62
7251.87
9574.7
14902.4
7519.02
5434.06
9411.2
18432.1
7536.85
8824.45
9831.34
19600.3
7789.51
9939.38
10404.5
1139.36
1014.79
301.725
1166.15
4515.02
4674.44
2844.3
5664.28
2572.21
3209.28
4467.33
8446.34
12100.7
9683.29
9381.31
11720.9
7735.3
7623.95
8169.87
6923.47
13573.7
11812.8
11549
9686.71
6739.95
5796.49
12729.4
1034.56
785.392
539.885
635.315
4256.66
3365.67
3656.83
3200.32
619.493
-513.004
4276.68
3360.98
10160.4
10789.6
9501.93
8697.7
7093.76
5152.81
9289.18
7396.53
8335.82
6529.88
11574.7
11766.6
9911.56
7735.75
7343.01
4974.38
6485.84
4096.34
9705.2
5899.1
9310.38
5061.84
8305.32
9454.36
13067
17372.2
13783.6
20124.6
6372.48
7561.52
7729.23
2866.09
7658.61
14985.2
7396
16157.6
13623.6
24967.8
13907.8
26368.7
5688.25
12823.9
5329.81
13791.1
7727.29
6067.85
11204.7
4528.12
7432.88
1783
9639.96
1214.53
7683.88
9185.13
11850.4
5507.56
6459.66
10916
10538.9
7229.87
774.186
741.289
512.744
608.673
2558.84
1857.17
2350.95
2128.3
-1076.6
-583.529
2747.44
3049.04
10673.8
10119.5
7706.71
6646.06
4096.97
3449
5802.97
4785.84
5491.23
4008.12
18296.4
16005
7992.21
6791.17
6079.74
4616.79
5035.51
3226.65
5380.24
2330.9
5607.59
9222.79
4916.19
9347.34
8344.49
10418.9
9370.31
12761.6
884.176
597.627
673.005
538.342
3674.56
2670.81
3026.45
1753.58
1389.97
1663.67
8339.02
8953.04
4689.42
4240.36
9355.32
9691.25
14397.4
16551.2
-371.602
-3945.35
7365.78
7141.5
7076.2
5582.06
929.029
879.96
1016.2
870.65
1781.24
1179.68
649.591
515.171
8135.26
3764.07
6917.35
3157.73
9310.03
3672.71
11051
3898.94
5387.23
10255.9
6992.68
10739.1
8680.19
11678.4
11404.4
12662
5228.6
9220.01
4730.26
9182.17
8177.41
10834.1
9403.27
11219.3
13197.5
13309.2
14497.8
13841.8
5599.15
9061.83
6181.02
9283.21
472.968
2192.04
7865.72
5354.63
452.345
2269.42
7794.4
5128.08
779.041
2204.3
7847.4
5521.12
969.386
2128.07
7725.81
5441.21
933.215
1016.77
917.429
982.865
2131.58
2187.74
1428.34
1551.77
8376.6
7695.21
3892.54
3916.57
3726.39
5202.66
4028.91
261.801
1797.73
1293.88
1387.19
3590.55
-2683.6
843.966
13806
11727.6
10602.2
9221.31
5756.37
1001.9
873.07
1089.49
1359.41
2171.59
1726.53
2012.72
2674.52
8036.64
7918.87
4341.23
5610.62
5032.69
6701.4
3154.54
5082.16
4828.48
5266.19
1129.39
1501.63
2878.5
4306.2
9667.01
7938.47
7616.32
5591.87
6649.73
4745.18
5897.03
4289.06
4323.53
4752.81
8330.65
8225.18
11228.7
7243.52
10418
11177.9
13051.4
10982.8
9417.16
5841.58
6925.63
6911.84
12230.3
5952.15
13030.5
5996.15
13941.4
10838.1
14705
11062.9
10258
4533.7
10893.8
4581.53
7723.14
6066.28
6176.34
8449.43
6599.06
6997.96
6057.31
8700.17
7979.4
5635.92
6243.4
9072.99
8997.03
5574.74
7120.05
8786.13
645.977
552.319
961.994
701.655
1499.16
1754.54
1666.99
1232.22
7733.1
6772.33
3745.89
1672.77
7869.16
7465.53
6119.16
5502.47
5103.43
4378.66
1835.56
1895.85
4102.57
1856.91
8637.03
7401.63
4881.7
3879.56
3785.68
2402.26
2785.3
1236.65
4268.07
103.176
212.328
97.3779
34.4534
-18.7085
199.058
125.315
43.8163
-12.2433
628.849
278.483
9.69794
-176.325
568.656
327.572
42.5216
-115.602
1029.2
412.194
-31.1317
-398.442
1014.61
496.752
167.772
-17.9885
698.319
334.912
164.785
52.8981
536.284
220.62
19.5326
-113.866
1539.37
540.598
129.913
-139.723
1829.37
521.469
97.9849
-505.313
1477.02
519.309
85.7693
-266.755
1661.21
469.301
126.141
-458.982
1439.26
498.053
40.79
-290.46
1895.75
537.277
80.0785
-588.28
1303.68
421.799
-43.3656
-419.486
1875.93
518.383
53.233
-635.937
197.079
79.8766
12.4074
-63.9204
166.54
60.0476
25.9659
-60.8689
556.869
229.046
20.0695
-187.569
469.339
176.344
73.0121
-177.872
1099.87
383.034
10.1159
-399.074
999.682
333.511
85.2087
-363.918
1222.55
452.607
84.8946
-296.457
923.451
315.931
114.302
-405.891
1673.85
468.824
110.471
-639.729
116.532
44.6399
14.1333
-39.4323
52.2268
31.6657
14.8754
0.735504
410.129
145.685
63.5386
-107.452
209.608
105.278
56.3179
7.3516
718.055
240.637
96.4304
-190.841
416.866
183.458
88.0593
6.49097
1091.69
346.602
122.075
-289.495
727.812
270.26
117.138
1.48674
1437.6
416.188
192.042
-245.423
980.626
326.451
155.412
21.6765
1921.27
539.243
205.491
-305.724
971.046
303.2
127.805
-12.3305
1851.89
529.19
234.353
-253.598
1074.37
337.862
149.657
9.9808
1896.36
494.425
151.29
-395.014
870.012
244.426
79.6328
-58.8052
1799.77
424.145
91.2299
-446.293
770.637
174.416
28.505
-97.8391
5.93656
9.3179
6.59136
4.32701
3.22561
25.0585
18.2272
11.4504
7.30199
5.43176
10.5496
22.6326
16.3478
10.7867
8.04907
56.9099
43.2411
27.3989
17.4785
12.9947
5.39999
27.4007
20.147
13.3094
9.91012
75.2885
57.2216
35.9889
22.8227
16.9052
36.6541
28.7153
18.1335
11.4832
8.50565
4.45954
12.1687
8.91363
5.85974
4.40489
16.435
29.9074
20.8731
13.5825
10.1474
-5.21777
9.99335
7.83033
5.22542
3.93483
45.1937
41.453
26.5897
16.9462
12.5767
0.796208
11.5709
8.40395
5.535
4.16822
-11.7963
14.1904
11.7136
7.88068
5.93656
-8.58375
7.99198
6.56359
4.39347
3.30788
-40.2893
1.03658
4.60686
3.58964
2.84831
-26.8767
-0.6429
1.82215
1.5188
1.23155
0.353951
6.48454
4.86631
3.24828
2.43685
5.75116
6.42521
4.28617
2.79653
2.10844
7.58936
19.7632
14.0962
9.33388
7.00722
20.3295
19.7545
12.8803
8.37754
6.2797
-9.4038
21.4307
16.5214
11.1272
8.37496
34.4123
28.9519
18.3857
11.8853
8.83836
41.6984
34.552
21.6329
13.7799
10.199
38.9604
24.3986
14.7279
9.39363
6.92877
29.4505
20.0379
12.0997
7.61006
5.62825
36.1376
171.874
114.502
530.566
38.105
711.171
-260.683
635.77
-534.461
79.5036
762.171
1260.59
-131.926
43.2623
1161.25
1821.95
1452.02
2070.09
525.596
123.429
27.8838
6.16209
1.54558
135.427
76.8236
10.2903
2.85022
1.32646
1873.15
439.897
99.9376
22.01
5.53158
393.078
120.028
30.694
6.65399
1.82209
3114.26
729.876
166.135
36.7012
9.20518
660.747
206.768
51.7863
12.2257
3.10473
4200.75
983.876
224.644
49.7638
12.4964
830.593
269.755
68.6002
16.2281
4.09152
5292.77
1246.09
286
63.6314
16.0416
992.629
338.929
87.3817
20.7816
5.27817
6352.63
1535.77
356.672
79.9439
20.232
1573.69
480.457
118.522
27.2075
6.8129
5888.63
1418.7
328.177
73.2785
18.4924
1232.35
405.925
103.023
24.1208
6.0524
6574.12
1592.26
370.505
83.1706
21.0786
1775.85
526.517
128.156
29.0315
7.25331
6871.54
1650.94
384.78
86.3433
21.8708
1840.25
547.957
134.646
28.3527
7.4959
520.691
6868.62
6072.99
2205.08
1438.72
815.341
3718.88
2744.28
6450.44
6081.1
2811.92
2042.96
386.262
591.962
1016.13
1649.24
2468.74
3396.86
278.932
599.469
1246.61
2169.16
3263.33
4373.23
293.683
135.357
504.545
345.218
929.292
771.509
1550.45
1440.07
2226.31
2142
2911.73
2631.08
4199.91
4732.74
5135.72
7632.75
8536.92
9400.61
5293.78
5808.96
5768.43
5254.41
4493.36
3925.66
348.93
295.581
224.481
140.136
47.6305
534.392
452.336
343.268
214.169
72.7713
916.596
775.162
587.767
366.502
124.498
1486.04
1255.2
950.73
592.411
201.178
2220.59
1872.24
1415.99
881.578
299.296
3046.62
2561.31
1933.09
1202.49
408.259
251.84
213.233
161.865
101.008
34.3214
540.88
457.565
347.05
216.443
73.528
1123.94
950.012
720.026
448.845
152.451
1953.46
1649.15
1248.65
777.918
264.168
2933.66
2472.18
1869.21
1163.76
395.147
3920.89
3295.56
2487.39
1547.79
525.665
265.413
224.899
170.848
106.681
36.2696
122.334
103.665
78.753
49.1757
16.7192
455.671
385.854
292.922
182.809
62.1293
311.824
264.096
200.523
125.157
42.5378
838.675
709.617
538.303
335.759
114.075
696.42
589.396
447.197
278.966
94.7832
1397.73
1181.21
895.032
557.815
189.441
1298.38
1097.36
831.515
518.2
175.975
2003.55
1689.99
1278.41
795.875
270.157
1927.72
1625.87
1229.57
765.179
259.66
2612.07
2195.88
1656.55
1029.72
349.385
2360.03
1983.06
1494.61
927.974
314.579
3748.53
3137.38
2361.6
1468.76
499.312
4187.45
3479.7
2611.29
1627.43
556.185
4470.74
3671.71
2747.99
1727.09
600.312
6436.04
5188.55
3891.59
2513.26
922.457
6801.28
5335.25
4037.43
2746.95
1132.81
7168.75
5519.39
4207.83
2975.61
1329.47
4727.14
3958.85
2981.96
1855.58
630.936
5155.53
4295.89
3229.02
2012.19
686.47
5070.22
4194.49
3147.05
1969.9
677.669
4540.92
3715.41
2786.04
1764.48
620.234
3755.13
3014.09
2265.76
1475.43
547.977
3161.54
2486.64
1876.14
1260.82
497.357
406.459
654.148
1124.89
1811.15
2693.07
3673.4
307.095
686.198
1396.45
2383.82
3531.68
4659.65
312.981
151.759
564.327
397.274
1035.62
867.98
1713.47
1594.54
2466.16
2412.62
3224.83
3042.28
4490.62
5005.84
5388.45
7789.85
8607.7
9422.63
5541.26
5961.43
5802.99
5190.72
4397.27
3881.28
367.284
311.243
236.467
147.666
50.1985
590.945
500.635
380.265
237.428
80.7086
1015.64
859.901
652.803
407.453
138.485
1633.85
1382.07
1048.43
654.097
222.278
2426.18
2049.5
1553.14
968.521
329.104
3301.78
2783.11
2106.12
1312.92
446.271
277.438
235.069
178.57
111.5
37.9004
619.728
524.886
398.603
248.845
84.5831
1260.38
1066.74
809.606
505.249
171.714
2149.44
1817.36
1378.17
859.704
292.145
3179.63
2684.33
2033.41
1267.88
430.849
4185.16
3525.29
2666.66
1662.23
565.063
282.927
239.83
182.264
113.847
38.7125
137.216
116.342
88.4372
55.2508
18.7903
509.999
432.214
328.403
205.099
69.7334
359.1
304.407
231.35
144.511
49.1372
935.449
792.357
601.757
375.689
127.708
784.2
664.425
504.72
315.156
107.137
1546.55
1308.91
993.348
619.88
210.669
1439.55
1218.67
925.046
577.313
196.206
2223.3
1879.39
1424.89
888.686
301.969
2175.8
1839.83
1395.16
870.16
295.655
2900.93
2446.94
1852.38
1154.65
392.363
2738.63
2311.34
1750.04
1090.61
370.47
4020.04
3376.68
2550.92
1590.98
541.676
4448.07
3714.83
2801.58
1752.63
600.131
4720.61
3905
2942.91
1858.93
647.63
6615.5
5375.51
4063.14
2639.48
971.716
6904.87
5454.61
4156.42
2843.11
1175.71
7206.9
5565
4254.9
3015.41
1348.23
4958.36
4162.79
3143.46
1959.94
667.13
5302.67
4430.3
3339.13
2085.36
712.294
5111.83
4240.25
3190.52
2002.06
689.816
4494.05
3685.92
2772.29
1761.38
620.817
3677.41
2955.92
2228.37
1457.17
543.82
3125.17
2458.69
1857.54
1251.4
495.136
19790.8
14407.7
5130.99
4124.92
3144.42
4405.88
4049.13
12998.3
14618.2
11562.4
13343.6
7918.12
11295.5
6056.31
6322.4
4618.11
20479.1
11315.6
4361.84
7136.23
9302.14
6404.3
7093.94
5372.03
3308.26
4787.17
5312.55
5448.72
19411.8
13009.7
12836.5
9196.94
9193.27
9722.47
4631.7
5858.42
7252.86
14177.5
12352.7
10462.4
9758.52
8433.74
9420.45
6493.63
5072.02
3912.65
2013.54
4556.48
3803.85
2869.05
1796.18
615.812
3698.08
3110.08
2350.79
1465.78
498.741
2816.21
2364.95
1784.27
1110.46
377.302
3958.58
3334.66
2521.5
1570.61
533.568
3619.9
3035.89
2290.23
1426.99
485.622
9557.27
7991.82
6626.46
6003.43
5947.38
10921.7
9459.69
7686.78
6152.83
3644.02
8344.7
5878.21
4442.94
3106.38
1349.32
9943.42
8240.33
6478.82
4762.24
2299.01
6702.38
5382.43
3977.29
2488
867.466
8872.42
6623.95
4847.11
3081.95
1128.42
5251.15
4289.71
3188.54
1985.02
681.948
5460.67
4447.2
3300.28
2054.84
706.848
4038.69
3320.26
2473.25
1536.13
524.688
14462.4
11622.5
9716.73
8631.34
7905.97
8813.83
6765.97
5158.18
3552.49
1560.71
3773.44
3082.97
2299.69
1442.57
502.092
6196.33
5089.47
3823.28
2420.78
853.575
7852.46
6361.45
4811.01
3144.73
1190.24
5540.58
4545.77
3425.63
2185.88
778.605
6212.68
5140.59
3878.53
2455.74
859.565
4736.7
3931.36
2958
1855.39
639.566
2925.1
2427.66
1818.28
1130.12
385.077
4265.6
3566.14
2684.38
1671.42
569.133
4657.04
3840.34
2871.11
1790.71
614.779
4802.95
3982.64
2991.09
1871.31
643.515
13727
11568.8
9832.3
8892.25
7837.51
9188.47
6680.42
5208.59
3890.27
1975.32
9917.86
8113.22
6369.78
4758.61
2296.22
7381.15
5727.92
4388.16
3015.24
1225.67
7789.83
6336.36
4807.96
3152.92
1188.89
7799.98
6040.75
4623.4
3169.45
1276.01
4053.77
3350.16
2523.47
1594.67
557.078
5209.66
4350.28
3276.47
2044.82
698.197
6332.89
5222.61
3930.25
2484.72
868.505
481.463
1371.82
2183.22
2950.93
3681.15
4363.82
2437.61
7086.26
6731
2384.42
8996.01
7543.14
8991.97
9951.14
2218.61
1488.09
5530.52
3128.58
10557.6
7484.5
-229.7
1973.32
5907.32
5532.24
1916.48
7655.91
6154.17
7543.23
8488.17
1836.06
897.346
4743.44
1584.36
8752.57
4488.16
-1548.48
1438.45
4492.13
4193.74
1401.81
6050.48
3697.78
6119.86
6772.5
1380.92
809.18
3356.5
1676.29
6988.3
1789.68
-1689.92
1058.47
3475.48
3311.25
1070
4631.01
2252.66
5083.75
5977.35
1041.77
843.597
2452.77
1699.03
6149.31
370.022
-1270.94
855.269
2946.52
2852.28
902.838
3721.61
1868.33
4559.39
5800.22
826.283
896.781
1759.91
1655.1
5365.18
152.626
-138.385
755.641
2629.48
2619.08
818.359
3446.37
2128.75
4223.59
5544.97
640.973
711.459
1451.16
1627.66
5278.26
955.7
474.249
1282.28
3405.47
4972.24
1771.85
5511.43
9629.6
7280.91
10489.8
909.801
605.496
3924.56
2483.45
1178.89
9243.59
4840.21
1195.01
3180.59
4376.77
1541.16
5104.89
8722.91
6585.31
8952.51
932.905
526.019
4068.16
2368.46
358.208
9086.5
3656.07
1054.77
2816.58
3598.46
1242.13
4664.19
7835.12
5624.82
7908.1
832.965
611.455
3494.51
2466.95
574.59
7379.16
3507.07
917.406
2550.34
2999.8
1014.51
4370.76
7149.29
5028.56
7209.98
768.736
627.965
3249.87
2557.63
376.466
6873.92
3549.56
833.434
2302.9
2673.58
891.844
3984.57
6587.53
4603.66
6871.64
723.128
690.897
2968.4
2749.98
518.195
6621.61
3628.74
776.416
2061.35
2484.89
823.245
3686.93
6511.98
4286.12
6656.15
750.842
812.894
2657.26
2615.78
770.932
6781.98
4020.38
)
;

boundaryField
{
    patch1
    {
        type            calculated;
        value           nonuniform List<scalar> 
2440
(
-6440.34
-6648.73
-9183.37
-3947.48
-5205.61
-6606.55
-9722.84
-4631.86
-5858.65
-7253.14
6439.03
6631.4
9182.99
3947.33
5205.38
6606.26
9722.47
4631.7
5858.42
7252.86
-6642.99
-15779
-23499.3
-18067
-14718.9
-22010.3
-19754.6
-8686.11
-130.686
1648.47
7822.13
1769.4
-1630.33
2505.92
9346.33
14135.6
5772.05
-19851.2
-14351.7
-4749.36
-3714.33
-2669.14
-3811.53
-3554.57
-12214
-11680
-9972.55
-10792.8
-8909.7
-6386.63
-8325.11
-5518.79
-4674.63
-5681.99
-3901.54
-19786.5
-10295.9
-3642.55
-6212.44
-8431.82
-5887.62
-6425.7
-4780.92
-2907.35
-4111.45
-4368.76
-4723.57
-19524.4
-12810
-12175.8
-8798.51
-8741.18
-2.18249
-293.699
-135.365
-504.574
-345.238
-929.345
-771.552
-1550.53
-1440.15
-2226.43
-2142.11
-2911.88
-2631.21
-312.997
-151.766
-564.355
-397.294
-1035.67
-868.022
-1713.55
-1594.62
-2466.27
-2412.73
-3224.98
-3042.41
-19791.5
-14408.2
-5131.21
-4125.11
-3144.54
-4406.07
-4049.3
-12998.8
-14618.3
-11562.7
-13343.7
-7918.29
-11295.7
-6056.48
-6322.56
-4618.24
-20479.9
-11316
-4361.97
-7136.48
-9302.48
-6404.55
-7094.22
-5372.24
-3308.37
-4787.35
-5312.71
-5448.91
-19412.5
-13010.2
-12836.9
-9197.3
-9193.65
6040.41
15815.1
23530.2
18075.5
14731.9
22055.2
19769.1
7468.31
129.763
-1439.63
-7837.83
-1814.88
1613.01
-2521.11
-9381.46
-14058.3
-4967.62
19850.6
14351.2
4749.13
3714.15
2669.03
3811.36
3554.42
12213.6
11680
9972.29
10792.9
8909.93
6386.52
8325
5518.85
4674.54
5681.97
3901.48
19785.8
10295.5
3642.45
6212.21
8431.47
5887.36
6425.41
4780.72
2907.27
4111.29
4368.64
4723.39
19523.8
12809.5
12175.3
8798.13
8740.79
1.96934
293.683
135.357
504.545
345.218
929.292
771.509
1550.45
1440.07
2226.31
2142
2911.73
2631.08
312.981
151.759
564.327
397.274
1035.62
867.98
1713.47
1594.54
2466.16
2412.62
3224.83
3042.28
19790.8
14407.7
5130.99
4124.92
3144.42
4405.88
4049.13
12998.3
14618.2
11562.4
13343.6
7918.12
11295.5
6056.31
6322.4
4618.11
20479.1
11315.6
4361.84
7136.23
9302.14
6404.3
7093.94
5372.03
3308.26
4787.17
5312.55
5448.72
19411.8
13009.7
12836.5
9196.94
9193.27
-17520.3
-13711.1
5.94962
5.45394
-6.93607
-5.61468
-4363.92
-954.105
-472.099
-6782.63
-4021.84
17521.1
13691
-5.96103
-5.44408
6.92877
5.62825
4363.82
955.7
474.249
6781.98
4020.38
-17210.8
602.503
168.329
330.811
1256.11
-650.434
-662.935
-534.827
-532.874
117.637
75.996
1887.27
2469.85
-516.233
-363.122
-335.812
-234.581
-1838.46
-1373.74
-4910.97
-3098.35
-6746.94
-4116.72
-5667.59
-7018.48
-6190.98
-7438.36
-3461.64
-11811.1
-7001.45
-5582.76
-4191.24
-2438.01
-2393.14
940.123
328.951
3023.92
843.153
4126.29
1104.68
770.385
3619.31
3460.13
4045.83
493.606
-1038.77
2759.58
3069.02
2464.93
850.493
68.4943
32.0495
175.922
82.2612
289.399
129.715
402.794
164.925
385.143
168.648
444.675
156.561
414.124
169.918
482.84
146.376
476.433
126.445
3.2473
5.53334
7.64254
12.5491
9.47707
16.877
8.63677
4.45444
10.0053
3.73854
12.4438
3.86331
5.86469
3.28442
2.6655
1.08021
2.28536
1.92753
6.02914
5.23791
7.00258
7.37845
9.56812
-1.8405
-1.44744
-5.62373
-1.59881
-9.49755
-2.80465
-12.879
-3.65965
-16.4876
-4.72969
-20.495
-6.46944
-18.8612
-5.45058
-21.2282
-7.12009
-21.9178
-7.47284
40.8893
17.1916
-1184.15
3027.13
10026.1
7058.79
3882.69
5858.39
12030.7
16349
7536.83
-99.7375
-176.415
196.693
942.705
-808.175
-707.46
-608.45
-556.894
48.3087
4.74603
1617.2
2050.38
-552.435
-391.089
-348.564
-243.321
-753.541
-638.352
-1891.58
-2134.2
583.348
-3048.51
-10119.2
-6645.54
-3448.47
-4785.71
-4007.89
-16004.9
-6790.98
-4616.6
-3226.55
-2330.79
-735.771
-807.805
-1679.03
-1183
-6769.23
-1671.94
-7465.38
-5502.47
-4378.72
-1895.08
-1857.02
-7401.53
-3879.49
-2402.17
-1236.42
-103.22
44.5931
0.157972
105.912
-7.80995
191.005
-6.59673
289.669
-1.47302
245.575
-21.6181
305.839
12.3907
253.737
-9.91017
395.108
58.8479
446.37
97.8665
-3.59729
-5.94856
-8.11683
-13.0841
-9.93954
-16.9299
-8.49938
-4.39998
-10.1348
-3.92621
-12.5276
-4.15129
-5.92851
-3.30183
-2.84299
-1.22885
-2.74551
-2.33557
-7.03524
-6.29447
-8.36596
-8.88012
-10.1685
-1.80631
-1.41269
-5.52353
-1.52828
-9.33117
-2.71185
-12.6602
-3.57391
-16.2359
-4.66451
-20.3053
-6.44985
-18.6219
-5.41429
-21.1086
-7.11008
-21.8769
-7.46977
-6.07691
533.947
-1153.66
-261.933
-618.562
-1582.35
-846.051
-820.873
-2628.37
-2618.55
-887.393
-3445.07
-2127.83
-4222.91
-5544.43
-686.622
-745.045
-1470.64
-1658.64
-5276.06
-841.056
-2060.45
-2484.45
-891.991
-3687.08
-6512.05
-4285.79
-6655.88
-837.029
-929.044
-2635.25
-2579.64
-772.233
17215.5
-602.41
-168.364
-330.853
-1256.07
650.424
662.941
534.829
532.889
-117.649
-75.9668
-1887.25
-2469.75
516.25
363.148
335.828
234.597
1673.34
1277.78
4911.25
3101.74
6747.67
4119.06
5667.79
7018.75
6191.35
7439.14
3462.87
11811.5
7001.67
5583.04
4191.58
2438.44
2367.66
-875.208
-319.571
-3013.44
-833.763
-4124.49
-1104.35
-770.269
-3619.11
-3459.79
-4044.79
-493.448
1038.95
-2759.34
-3068.7
-2464.5
-850.419
-61.8234
-28.9483
-176.568
-82.3369
-289.207
-129.723
-402.617
-164.876
-385.009
-168.594
-444.592
-156.535
-414.017
-169.876
-482.768
-146.358
-476.364
-126.426
-3.08644
-5.1347
-7.66999
-12.5591
-9.51216
-16.9037
-8.63399
-4.45164
-9.99641
-3.73174
-12.403
-3.84889
-5.85912
-3.28003
-2.66143
-1.07806
-2.1725
-1.77361
-6.03529
-5.2452
-6.99994
-7.4245
-9.54481
1.5979
1.27884
5.70677
1.65093
9.49334
2.80968
12.8779
3.66201
16.4872
4.731
20.4956
6.46994
18.8614
5.45141
21.229
7.12048
21.9188
7.4732
-42.5723
-22.1042
1175.77
-2722.33
-10036.2
-7097.8
-3898.24
-5872
-12065.6
-16270.7
-6520.22
99.8182
176.325
-196.792
-942.663
808.12
707.452
608.402
556.892
-48.3714
-4.77071
-1617.22
-2050.42
552.408
391.082
348.564
243.325
741.321
608.713
1857.17
2128.3
-583.529
3049.04
10119.5
6646.06
3449
4785.84
4008.12
16005
6791.17
4616.79
3226.65
2330.9
552.337
701.666
1754.54
1232.22
6772.33
1672.77
7465.53
5502.47
4378.66
1895.85
1856.91
7401.63
3879.56
2402.26
1236.65
103.176
-39.4323
0.735504
-107.452
7.3516
-190.841
6.49097
-289.495
1.48674
-245.423
21.6765
-305.724
-12.3305
-253.598
9.9808
-395.014
-58.8052
-446.293
-97.8391
3.22561
5.43176
8.04907
12.9947
9.91012
16.9052
8.50565
4.40489
10.1474
3.93483
12.5767
4.16822
5.93656
3.30788
2.84831
1.23155
2.43685
2.10844
7.00722
6.2797
8.37496
8.83836
10.199
1.5683
1.24855
5.60601
1.58019
9.32751
2.71703
12.6595
3.57628
16.2361
4.66579
20.3062
6.45034
18.6225
5.41508
21.1096
7.11047
21.878
7.47013
6.68841
-536.666
1154.39
205.275
659.224
1641.66
724.542
755.608
2629.46
2619.01
818.28
3446.37
2128.75
4223.59
5544.97
640.973
711.459
1451.16
1627.66
5278.26
776.393
2061.33
2484.83
823.176
3686.93
6511.98
4286.12
6656.15
750.842
812.894
2657.26
2615.78
770.932
-14661.1
5510.35
-4363.92
14660.4
-5510.29
4363.82
-14809.3
-16962.9
-15070.8
-18624
-5400.13
-4055.94
-12514.1
-10001.3
-4284.42
-4834.91
-11522.6
-12291.2
-12635.5
-13665.9
-10286.4
-3281.36
-14992.6
-3749.07
-3186.53
-9626.6
-8500.18
-10102
-8550.99
-2462.49
-2141.14
-1899.17
-6848.55
-5471.24
-4683.75
-6761.47
-5798.15
-5439.48
-10366.8
-14044.7
-11159.2
-16395.8
-37.3659
-727.083
-2958.46
-3346.84
1010.23
967.998
3482.4
3184.4
2017.91
2523.5
6072.18
2686.28
6617.85
899.67
803.103
2594.09
2462.87
2548.19
2739.73
949.732
984.1
1072.48
3095.08
3251.33
3183.62
3516.75
3936.02
4037.95
-204.433
-320.833
21.116
855.877
1383.4
227.979
785.281
50.8052
5.0955
72.0981
311.084
684.128
1195.25
1354.92
190.088
698.174
31.7963
-0.944492
14821.9
16965.9
15072.3
18621.9
4980.25
3775.42
12515.8
9973.69
4014.33
4486.99
11482.6
12256.7
12631.4
13661.3
10286.4
3281.47
14992.1
3427.84
2884.45
9648.67
8520.02
10098.4
8549.76
2192.32
1920.87
1730.13
6875.07
5481.55
4684.51
6761.81
5799.06
5440.34
10341.3
14028.6
11147.2
16386.8
76.3333
632.778
2957.92
3420.19
-950.103
-908.599
-3461.42
-3162.18
-2016.66
-2522.52
-6072.4
-2686.42
-6617.79
-857.389
-760.511
-2569.21
-2440.52
-2547.36
-2738.53
-894.622
-911.696
-994.576
-3070.46
-3237.62
-3174.36
-3515.25
-3934.6
-4036.97
164.313
339.732
-17.0466
-854.622
-1383.04
-227.956
-785.19
-50.7958
-5.09167
-81.0956
-296.951
-681.901
-1194.66
-1354.8
-190.112
-698.177
-31.8131
0.939538
2651
6416.98
47.2648
28.2725
16.2989
9.98523
7.35396
71.0879
38.2342
21.8985
13.5319
9.91596
-2517.86
-353.835
3298.99
9780.88
1844.56
-24.4516
57.8134
28.8103
16.4198
10.1728
7.43381
62.8954
35.899
20.8127
12.8365
9.4548
481.463
1371.82
2183.22
2950.93
3681.15
-3349.47
-3374.91
-9972.63
-9950.83
-14832
-13537.1
-3283.92
-2971.94
-2758.49
-9560.38
-8624.4
-7980.98
-11587
-10100.9
-9303.15
0
0
0
0
0
0
0
0
-2611.71
-1139.39
-655.24
-383.452
-460.98
-315.125
-295.564
-266.365
-207.9
-140.415
-101.587
-68.4887
-89.2236
-49.7295
-28.5103
-17.526
-12.8763
-36.1254
-21.2221
-12.4127
-7.6886
-5.65702
-33.1091
-258.681
-703.143
-1413.36
-2204.76
-2697.63
-29.9454
-25.4051
-19.3238
-12.078
-4.10782
-233.848
-198.27
-150.714
-94.1545
-32.0148
-635.353
-538.404
-409.057
-255.45
-86.8424
-1276.16
-1080.52
-820.304
-511.992
-174.012
-1988.59
-1681.76
-1275.44
-795.538
-270.305
-2428.94
-2050.44
-1552.76
-967.726
-328.724
-3564.97
-3158.45
-2625.2
-1966.69
-1220.93
-415.219
0
0
0
0
0
0
0
0
0
0
0
0
1407.93
-297.308
164.539
-168.014
-2609.5
-2539.79
-5998.11
-5386.53
-5668.38
-5419.88
-2412.94
-2263.19
-2149.84
-5059.6
-4956.03
-4840.31
-5681.61
-5807.95
-5805.92
-579.35
-362.418
-156.633
-36.9833
-212.511
-144.208
-88.408
-57.2889
-80.2739
-48.5455
-28.8159
-17.9824
-13.2344
-36.8956
-21.4278
-12.5493
-7.79887
-5.7377
2917.39
2516.82
2026.86
1470.55
889.811
298.364
19.3124
214.131
618.128
1271.47
1924.95
2276.87
17.4359
14.7591
11.1995
6.98638
2.37358
193.414
163.82
124.391
77.6393
26.3855
558.041
472.368
358.465
223.64
75.9872
1146.56
969.238
734.569
457.839
155.484
1732.63
1461.54
1105.42
687.958
233.457
2042.79
1716.88
1294.16
803.536
272.384
-3298.91
-9780.89
-1851.06
22.7525
-57.7933
-28.8035
-16.4171
-10.1742
-7.44349
-62.8193
-35.85
-20.7754
-12.8073
-9.43158
-481.477
-1371.86
-2183.28
-2951.01
-3681.24
-2651.1
-6416.93
-47.2601
-28.2783
-16.3056
-9.99298
-7.36827
-71.0413
-38.2036
-21.8736
-13.5112
-9.89919
2519.47
354.823
-8756.45
-11853.3
-19591.3
-21938.7
-21786.6
-24431.8
-10046
-10691.9
-1670.51
-1534.2
-1373.74
-4423.61
-3566.04
-3098.35
-5326.12
-4353.11
-4116.72
-6709.12
-4432.12
-3461.64
-7738.46
-4316.19
-2438.01
609.847
117.022
-438.265
393.624
-664.276
357.48
-85.6333
86.3299
1853.04
1589.03
408.288
203.571
138.165
111.375
736.235
373.343
303.869
273.215
214.991
79.6478
38.2098
26.4666
555.38
210.609
96.212
65.5192
710.754
288.063
140.432
98.3476
624.261
297.804
163.036
119.601
390.893
254.84
156.06
117.239
169.457
142.416
99.3962
77.3445
209.9
188.134
131.768
102.963
109.1
88.4855
61.9981
48.879
38.1897
29.7513
21.5789
17.2867
42.8682
23.2208
13.0309
7.87992
5.72143
81.6674
44.8407
25.4466
15.5213
11.3169
40.4728
25.3333
15.1701
9.51171
6.98392
55.8572
31.3803
18.1824
11.3032
8.26702
33.383
20.192
12.0352
7.54242
5.54888
13.7527
7.95332
4.66211
2.90021
2.12954
18.8966
9.08977
4.83011
2.825
2.02436
46.309
23.1001
12.5358
7.41257
5.33955
61.6649
31.535
17.3458
10.3244
7.50336
-189.36
-303.574
-48.7843
737.721
1750.64
78.3592
1055.96
-224.986
-274.645
-46.2883
-50.0128
-1.42685
-0.793417
-0.916919
3.45291
14.6075
4.32595
1.75956
0.373522
28.8402
14.6613
4.53957
1.10412
0.35957
144.959
29.3327
6.189
1.3223
0.459829
298.287
45.5045
7.09879
1.09744
0.3372
-93.8582
-35.6108
-9.84039
-2.40049
-0.431164
82.7848
-6.33791
-4.16191
-1.19833
-0.137974
-162.345
-46.6477
-11.8349
-2.73776
-0.486563
-174.011
-50.3294
-12.5499
-2.78824
-0.512216
8609.12
11880
16313
19692.3
20314.7
23567.7
7923.65
9780.3
-2451.98
-7302.91
-5010.7
-3382.2
-2178.14
-1810.45
-1351.01
-833.099
-281.568
-3379.26
-2095.05
-1260.17
-855.312
-420.381
-3261.17
-1913.66
-1115.59
-583.201
-191.061
-2830.06
-2210.36
-1563.32
-930.983
-310.506
-552.674
-638.309
-2345.32
-2134.2
-2747.47
-3048.51
-5491.19
-4007.89
-5380.13
-2330.79
-387.67
-383.26
-1324.78
-418.358
-1066.24
115.563
-928.357
-807.842
251.897
-39.4191
-157.059
-121.995
-58.0487
-12.7636
-303.914
-236.207
-56.7309
45.5721
-17.3467
-27.9856
-17.307
-10.7904
-71.9524
-82.0873
-58.8451
-38.69
-196.601
-141.076
-89.026
-56.856
-378.066
-193.165
-103.749
-62.8419
-495.285
-217.585
-117.95
-80.9263
-266.329
-153.157
-101.989
-81.2774
-440.636
-203.243
-116.613
-87.6545
-134.944
-92.0449
-67.1799
-54.4037
-39.2307
-30.0095
-22.0187
-17.8182
-33.2055
-21.2811
-12.9489
-8.20412
-6.09889
-67.0821
-41.8946
-25.1633
-15.8158
-11.7179
-52.7199
-26.7395
-14.905
-9.07271
-6.67737
-53.9682
-29.7836
-17.1183
-10.4987
-7.75272
-39.0604
-20.9846
-11.8725
-7.25892
-5.34284
-13.938
-7.97523
-4.62322
-2.85408
-2.09975
-10.2101
-7.76686
-4.96011
-3.22296
-2.4166
-32.1368
-21.3575
-13.1368
-8.42359
-6.28474
-49.3261
-30.5355
-18.4015
-11.72
-8.67845
28.9193
179.193
430.044
946.116
1580.74
19.0804
858.26
-247.853
-281.063
2.86085
-42.9815
-0.310324
-0.633777
-0.888888
114.416
31.6602
6.81566
2.09374
0.418544
140.93
32.1631
7.11698
1.45341
0.404198
201.476
38.7322
7.59382
1.50732
0.476913
283.184
44.6512
7.0295
1.06917
0.318855
-112.968
-39.5752
-10.6198
-2.55654
-0.4689
48.6476
-11.1551
-4.93507
-1.33834
-0.174781
-170.938
-48.7957
-12.3098
-2.84171
-0.513094
-176.424
-50.9674
-12.7021
-2.8229
-0.521361
-31.931
-362.277
-1031.12
-1994.91
-3157.51
-4344.34
-5306.34
-5755.96
-5394.39
-3993.58
-1908.43
-275.358
-28.7754
-24.3047
-18.4031
-11.4612
-3.89051
-326.834
-276.444
-209.638
-130.726
-44.4068
-929.8
-786.042
-595.836
-371.465
-126.176
-1796.92
-1517.34
-1149.07
-715.968
-243.145
-2839.06
-2392.93
-1809.57
-1126.71
-382.577
-3895.33
-3274.34
-2471.51
-1537.93
-522.311
-4737.91
-3967.57
-2988.45
-1859.67
-632.355
-5107.57
-4255.53
-3198.95
-1993.91
-680.379
-4744.68
-3928.05
-2949.06
-1846.52
-635.075
-3473.07
-2854.77
-2143.4
-1352.88
-471.747
-1643.71
-1344.24
-1011.03
-643.838
-227.772
-238.187
-196.12
-148.676
-95.3624
-33.9321
-58.1904
-443.977
-1175.16
-2206.85
-3428.92
-4636.31
-5540.91
-5847.84
-5301.08
-3761.92
-1675.71
-179.109
-52.6075
-44.6108
-33.919
-21.1954
-7.20798
-401.055
-339.752
-258.068
-161.141
-54.7796
-1060.87
-898.074
-681.732
-425.508
-144.625
-1990.3
-1683.19
-1276.68
-796.488
-270.678
-3087.72
-2607.27
-1975.36
-1231.78
-418.595
-4164.63
-3508.36
-2654.04
-1654.41
-562.405
-4957.3
-4161.31
-3142.05
-1959.04
-666.836
-5198.55
-4340.91
-3270.65
-2042.48
-697.72
-4665.74
-3866.53
-2906.88
-1822.94
-627.778
-3263.28
-2676.18
-2007.21
-1267.88
-443.036
-1428.31
-1156.32
-863.853
-549.555
-195.233
-148.127
-116.662
-85.686
-54.5061
-19.6701
-2999.09
-13343.7
-4310.3
-2688.22
-2259.11
-1705.1
-1061.16
-360.479
-9943.52
-8240.46
-6478.93
-4762.32
-2299.09
-3779.3
-3113.14
-2320.4
-1439.94
-490.985
8766.67
11858.6
19628.2
21939.7
21800.2
24500.8
8609.7
9136.89
1527.47
1413.08
1277.78
4453.1
3579.43
3101.74
5327.16
4355.45
4119.06
6709.59
4433.22
3462.87
7738.56
4316.5
2438.44
-519.544
-135.667
436.908
-337.861
656.599
-359.28
38.2121
-90.563
-1809.85
-1577.51
-378.67
-188.42
-128.265
-103.212
-733.152
-372.163
-302.95
-272.569
-203.208
-74.3609
-35.1588
-23.7075
-551.165
-209.41
-95.7512
-65.6278
-710.141
-287.788
-140.364
-98.3818
-623.995
-297.644
-162.971
-119.576
-390.792
-254.762
-156.016
-117.208
-169.489
-142.428
-99.3987
-77.3419
-209.895
-188.114
-131.75
-102.944
-109.137
-88.5065
-62.0096
-48.8855
-38.206
-29.7621
-21.5856
-17.2914
-39.2258
-21.3359
-12.0214
-7.29832
-5.31174
-81.6687
-44.7999
-25.4263
-15.5222
-11.3212
-40.4577
-25.3206
-15.159
-9.50199
-6.97515
-55.8223
-31.3549
-18.1612
-11.2851
-8.25109
-33.3797
-20.1879
-12.031
-7.53853
-5.54531
-13.7548
-7.95413
-4.66236
-2.90022
-2.12948
-16.9481
-8.22105
-4.40779
-2.60368
-1.86473
-46.4713
-23.1185
-12.5484
-7.43156
-5.36159
-61.712
-31.5811
-17.3875
-10.3652
-7.55202
149.854
324.691
51.8277
-736.613
-1750.22
-78.3101
-1055.8
225.012
274.663
26.8098
41.5151
0.121539
0.437151
0.77778
9.47789
-10.74
-3.42084
-1.52826
-0.318698
-27.6141
-14.266
-4.43291
-1.07922
-0.353201
-144.487
-29.1816
-6.14547
-1.31134
-0.45686
-298.084
-45.4385
-7.07906
-1.09215
-0.335679
93.8932
35.6229
9.84401
2.40148
0.431456
-82.696
6.3674
4.17075
1.20075
0.138692
162.362
46.6534
11.8365
2.73817
0.486674
174.022
50.3327
12.5507
2.78843
0.512255
-8619.09
-11888.8
-16342.8
-19724.4
-20247.7
-23489.1
-6689.63
-8290.95
2451.88
7303.16
5010.8
3382.15
2178.05
1810.37
1350.95
833.06
281.554
3379.42
2095.18
1260.31
855.431
420.412
3261.25
1913.73
1115.65
583.248
191.076
2830.02
2210.32
1563.28
930.96
310.497
512.744
608.673
2350.95
2128.3
2747.44
3049.04
5491.23
4008.12
5380.24
2330.9
330.171
297.661
1360.4
479.798
1067.77
-114.617
809.672
738.208
-214.386
47.4763
144.896
113.24
53.5506
11.814
305.82
236.871
57.2352
-45.5121
10.4405
25.1432
16.3388
11.0252
76.7244
82.8232
58.9227
38.1965
197.366
141.291
88.9895
56.7226
378.416
193.348
103.791
62.8354
495.493
217.732
118.02
80.9677
266.433
153.238
102.045
81.3207
440.779
203.356
116.684
87.7074
135.006
92.0917
67.2118
54.4284
39.2497
30.0231
22.0277
17.8249
31.1761
19.7978
11.9767
7.55468
5.60274
66.6516
41.7281
25.072
15.7472
11.664
52.7583
26.7652
14.9241
9.08777
6.69023
54.0283
29.824
17.1492
10.5235
7.77375
39.0824
20.9988
11.8827
7.2668
5.34946
13.9434
7.97838
4.62529
2.85557
2.10096
9.74626
7.17705
4.52013
2.90741
2.18111
31.7979
21.2969
13.1075
8.39474
6.25524
49.2757
30.4986
18.3686
11.6852
8.63397
-43.8108
-164.353
-428.434
-945.593
-1580.59
-19.0815
-858.224
247.854
281.073
-17.2691
35.263
-0.87419
0.296935
0.753771
-102.079
-27.8243
-5.91151
-1.8631
-0.364036
-140.123
-31.8237
-7.01609
-1.42897
-0.397845
-201.249
-38.629
-7.55788
-1.49745
-0.474114
-283.107
-44.6159
-7.01585
-1.06496
-0.317541
112.98
39.5805
10.6217
2.55716
0.4691
-48.6155
11.1691
4.94041
1.34005
0.175341
170.945
48.7985
12.3107
2.84195
0.51316
176.432
50.9699
12.7027
2.82304
0.521386
31.9283
362.255
1031.06
1994.8
3157.34
4344.11
5306.07
5755.67
5394.13
3993.39
1908.34
275.349
28.773
24.3027
18.4016
11.4602
3.89017
326.814
276.427
209.625
130.718
44.404
929.746
785.996
595.801
371.443
126.168
1796.82
1517.26
1149
715.926
243.13
2838.91
2392.8
1809.46
1126.65
382.554
3895.12
3274.16
2471.37
1537.84
522.28
4737.66
3967.35
2988.28
1859.56
632.317
5107.3
4255.29
3198.76
1993.79
680.336
4744.44
3927.83
2948.89
1846.41
635.034
3472.9
2854.61
2143.28
1352.8
471.717
1643.63
1344.17
1010.98
643.802
227.759
238.179
196.114
148.671
95.3595
33.931
58.1882
443.956
1175.11
2206.74
3428.76
4636.09
5540.65
5847.56
5300.83
3761.73
1675.62
179.096
52.6055
44.6091
33.9178
21.1946
7.20772
401.036
339.736
258.056
161.133
54.777
1060.81
898.03
681.699
425.487
144.618
1990.2
1683.1
1276.61
796.448
270.665
3087.57
2607.14
1975.26
1231.72
418.573
4164.43
3508.19
2653.91
1654.33
562.376
4957.06
4161.1
3141.89
1958.93
666.801
5198.29
4340.68
3270.47
2042.36
697.681
4665.5
3866.32
2906.71
1822.84
627.741
3263.11
2676.03
2007.08
1267.8
443.006
1428.22
1156.25
863.791
549.513
195.218
148.114
116.651
85.6759
54.499
19.6674
2998.98
13343.6
4310.18
2688.12
2259.02
1705.03
1061.12
360.465
9943.42
8240.33
6478.82
4762.24
2299.01
3779.19
3113.05
2320.33
1439.9
490.969
0
0
0
0
0
0
0
0
0
0
0
0
-1412.12
296.544
-165.713
167.612
2609.47
2539.79
5998.22
5386.67
5668.44
5420.1
2412.95
2263.2
2149.84
5059.76
4956.19
4840.45
5681.97
5808.34
5806.25
579.291
362.395
156.617
36.9955
212.396
144.158
88.3836
57.2806
80.2856
48.5565
28.8258
17.9907
13.2391
36.8926
21.427
12.5495
7.79936
5.73797
-2917.46
-2516.89
-2026.92
-1470.59
-889.841
-298.375
-19.3139
-214.144
-618.164
-1271.54
-1925.05
-2276.98
-17.4373
-14.7603
-11.2004
-6.98696
-2.37378
-193.426
-163.83
-124.399
-77.6442
-26.3872
-558.073
-472.395
-358.486
-223.653
-75.9917
-1146.63
-969.292
-734.61
-457.865
-155.493
-1732.72
-1461.62
-1105.48
-687.996
-233.47
-2042.89
-1716.96
-1294.23
-803.578
-272.398
3349.49
3374.91
9972.55
9950.76
14831.3
13536.7
3283.93
2971.98
2758.54
9560.44
8624.61
7981.26
11587
10101.3
9303.69
0
0
0
0
0
0
0
0
2613.55
1140.66
656.025
383.89
461.575
315.409
295.703
266.449
208.09
140.504
101.631
68.5148
89.265
49.7585
28.532
17.5423
12.8871
36.1389
21.2305
12.4185
7.69284
5.66015
33.1078
258.668
703.109
1413.3
2204.66
2697.51
29.9442
25.4041
19.3231
12.0775
4.10766
233.837
198.26
150.707
94.15
32.0133
635.322
538.378
409.037
255.437
86.8381
1276.1
1080.47
820.265
511.967
174.003
1988.5
1681.68
1275.38
795.5
270.292
2428.83
2050.35
1552.69
967.682
328.709
3564.86
3158.35
2625.12
1966.63
1220.89
415.206
)
;
    }
    patch2
    {
        type            calculated;
        value           nonuniform List<scalar> 
348
(
-481.477
481.463
-1103.65
-437.628
-592.454
-741.099
-1276.07
-557.1
-698.228
-868.544
1103.55
437.599
592.419
741.047
1276.01
557.078
698.197
868.505
-8283.43
-1978.51
-553.11
-439.663
-306.229
-449.455
-410.51
-4783.04
-1962.13
-874.754
-1076.64
-553.064
-534.846
-533.636
-237.385
-421.017
-445.439
-354.367
-6909.77
-1233.38
-355.981
-670.236
-971.702
-667.471
-739.608
-534.79
-298.83
-459.424
-440.907
-513.529
-7381.87
-1868.19
-1959.85
-1099.37
-1060.96
-47.6332
-72.7756
-124.506
-201.189
-299.314
-408.283
-34.3234
-73.5325
-152.46
-264.183
-395.171
-525.696
-36.2717
-16.7202
-62.133
-42.5404
-114.082
-94.7887
-189.452
-175.985
-270.172
-259.674
-349.405
-314.596
-499.342
-556.22
-600.353
-922.529
-1132.91
-1329.58
-630.974
-686.512
-677.713
-620.277
-548.017
-497.394
-50.2012
-80.7127
-138.492
-222.29
-329.12
-446.293
-37.9024
-84.5873
-171.722
-292.16
-430.871
-565.092
-38.7146
-18.7912
-69.737
-49.1396
-127.715
-107.143
-210.68
-196.216
-301.983
-295.669
-392.382
-370.487
-541.703
-600.162
-647.664
-971.772
-1175.78
-1348.33
-667.165
-712.333
-689.855
-620.855
-543.856
-495.172
-8434.34
-2013.69
-615.842
-498.765
-377.318
-533.591
-485.643
-5947.59
-3644.16
-1349.36
-2299.09
-867.489
-1128.45
-681.969
-706.87
-524.704
-7906.32
-1560.77
-502.108
-853.608
-1190.29
-778.641
-859.604
-639.594
-385.09
-569.155
-614.8
-643.54
-7837.97
-1975.45
-2296.32
-1225.73
-1188.95
8282.76
1978.34
553.074
439.638
306.214
449.431
410.487
4782.53
1961.95
874.647
1076.6
553.088
534.821
533.604
237.394
421.001
445.433
354.357
6909.04
1233.26
355.962
670.191
971.616
667.421
739.556
534.756
298.818
459.401
440.886
513.5
7381.18
1868
1959.64
1099.26
1060.87
47.6305
72.7713
124.498
201.178
299.296
408.259
34.3214
73.528
152.451
264.168
395.147
525.665
36.2696
16.7192
62.1293
42.5378
114.075
94.7832
189.441
175.975
270.157
259.66
349.385
314.579
499.312
556.185
600.312
922.457
1132.81
1329.47
630.936
686.47
677.669
620.234
547.977
497.357
50.1985
80.7086
138.485
222.278
329.104
446.271
37.9004
84.5831
171.714
292.145
430.849
565.063
38.7125
18.7903
69.7334
49.1372
127.708
107.137
210.669
196.206
301.969
295.655
392.363
370.47
541.676
600.131
647.63
971.716
1175.71
1348.23
667.13
712.294
689.816
620.817
543.82
495.136
8433.74
2013.54
615.812
498.741
377.302
533.568
485.622
5947.38
3644.02
1349.32
2299.01
867.466
1128.42
681.948
706.848
524.688
7905.97
1560.71
502.092
853.575
1190.24
778.605
859.565
639.566
385.077
569.133
614.779
643.515
7837.51
1975.32
2296.22
1225.67
1188.89
23.6929
292.4
328.951
220.005
837.959
843.153
-595.148
814.189
1104.68
-1357.02
362.419
493.606
-2335.56
511.981
850.493
-1096.85
-807.794
-1608.6
-1183
-3747.79
-1671.94
-4103.24
-1857.02
-4268.32
-103.22
-47.9064
-288.799
-319.571
-194.942
-824.373
-833.763
594.018
-813.729
-1104.35
1356.41
-362.382
-493.448
2335.1
-512.005
-850.419
961.994
701.655
1666.99
1232.22
3745.89
1672.77
4102.57
1856.91
4268.07
103.176
)
;
    }
    patch3
    {
        type            calculated;
        value           nonuniform List<scalar> 
96
(
-386.284
-591.996
-1016.19
-1649.33
-2468.88
-3397.04
-278.948
-599.504
-1246.68
-2169.28
-3263.51
-4373.46
-4200.12
-4732.98
-5135.96
-7633.1
-8537.28
-9400.98
-5294.06
-5809.25
-5768.71
-5254.66
-4493.56
-3925.83
-406.48
-654.181
-1124.95
-1811.24
-2693.2
-3673.57
-307.111
-686.231
-1396.52
-2383.93
-3531.85
-4659.87
-4490.83
-5006.07
-5388.69
-7790.18
-8608.04
-9422.99
-5541.52
-5961.71
-5803.27
-5190.96
-4397.47
-3881.44
386.262
591.962
1016.13
1649.24
2468.74
3396.86
278.932
599.469
1246.61
2169.16
3263.33
4373.23
4199.91
4732.74
5135.72
7632.75
8536.92
9400.61
5293.78
5808.96
5768.43
5254.41
4493.36
3925.66
406.459
654.148
1124.89
1811.15
2693.07
3673.4
307.095
686.198
1396.45
2383.82
3531.68
4659.65
4490.62
5005.84
5388.45
7789.85
8607.7
9422.63
5541.26
5961.43
5802.99
5190.72
4397.27
3881.28
)
;
    }
    patch4
    {
        type            calculated;
        value           nonuniform List<scalar> 
384
(
-10229.3
-28357.8
-47938.4
-65964
-53738.8
-42111.9
-30585.2
-11457
-13783.7
-38934
-57706.8
-21009.6
9143.2
28453.5
47947.5
65981.3
53757.6
42127
30676.8
9730.56
12482.4
39109.4
57921.4
18902.4
-44892.6
-64776
-72542.4
-99335.9
-46680.2
-65593.3
-73772.7
-99913.4
44900.5
64786.2
72553.8
99349.5
46694.9
65606.6
73786.6
99928.4
-20315.2
-33134.2
22146.5
34111.7
-17022.7
-5983.61
-22015.5
-8055.84
17762.3
6273.02
22484
8238.76
-22133.9
-34101.1
20322.2
33141.9
-8026.47
-5351.88
-25057.1
-17678.7
-31615.3
-46190.7
-3413.78
-1202.72
-12538.5
-4465.36
-9415.18
-6375.11
-28638.3
-20644.8
-33335.9
-47076.1
-3955.67
-1333.51
-14433.6
-5081.08
7265.87
4859.87
25136.8
17726.4
31622.1
46199.2
3119.84
1110.43
12559.7
4472.26
8535.33
5782.04
28786.9
20736.5
33348.8
47087.7
3608.79
1227.88
14469.5
5092.18
-17756.8
-6270.88
-22478.2
-8236.45
17026.6
5985.15
22020.3
8057.79
-13657.5
-14212.6
-11814.3
-12729.9
13655.2
14211.9
11812.8
12729.4
-958.878
-1080.02
-3466.89
-4335.53
-3216.72
-2860.88
-4838.84
-6620.18
-7646.76
-9931.79
-8358.99
-10062.7
-7611.7
-10006.8
-7795.82
-10455.5
-518.488
-1177.91
-2985.86
-4897.98
-1669.59
-2314.09
-4784.2
-6668.86
-7356.32
-9575.03
-7520.36
-9411.62
-7536.94
-9831.33
-7788.99
-10404.3
919.923
1004.03
3453.44
4336.53
3213.58
2856.05
4838.85
6621.11
7645.57
9931.66
8357.84
10062.4
7611.74
10007
7796.34
10455.7
517.893
1094.47
2966.15
4901.72
1665.63
2307.4
4784.04
6669.87
7354.62
9574.7
7519.02
9411.2
7536.85
9831.34
7789.51
10404.5
-1238.18
-2420.98
-4169.08
-7392.49
-6662.03
-11329.1
-9097.3
-274.292
-1209.93
-2876.53
-5709.99
-4470.56
-8451.49
-7736.31
1188.75
2275.32
4146.36
7359.3
6658.17
11322.7
9095.83
301.725
1166.15
2844.3
5664.28
4467.33
8446.34
7735.3
-914.449
-2805.17
-4725.86
-6383.34
-7863.76
-9669.44
-8924.88
-10049.1
-10271.2
-897.335
-2755.2
-4630.22
-6246.18
-7721.61
-9595.65
-8820
-10005.4
-10256.7
809.504
2830.83
4724.74
6383.34
7864.02
9669.91
8925.27
10049.6
10271.8
794.858
2781.16
4629.23
6246.34
7722.02
9596.21
8820.52
10006
10257.3
-191.685
-584.74
-983.038
-1323.21
-1639.05
-2076.53
-1895.94
-2168.98
-2216.61
-188.223
-574.484
-964.491
-1297.36
-1610.74
-2058.79
-1871.64
-2158.34
-2213.06
168.275
591.381
982.807
1323.19
1639.08
2076.62
1896.01
2169.09
2216.73
165.257
581.185
964.31
1297.39
1610.82
2058.9
1871.74
2158.46
2213.18
-42.6634
-130.123
-218.935
-295.222
-367.82
-472.556
-429.239
-494.648
-505.758
-41.9265
-127.933
-215.089
-289.915
-361.796
-468.302
-423.656
-492.039
-504.88
37.3492
131.655
218.883
295.213
367.824
472.576
429.252
494.672
505.784
36.7055
129.47
215.05
289.917
361.81
468.327
423.676
492.065
504.907
-9.45359
-28.8662
-48.645
-65.7229
-82.207
-106.506
-96.4023
-111.62
-114.075
-9.29267
-28.3868
-47.8202
-64.5976
-80.9117
-105.529
-95.1582
-111.009
-113.867
8.26488
29.2075
48.6325
65.7196
82.2067
106.51
96.4043
111.625
114.08
8.12456
28.7276
47.8105
64.597
80.9139
105.534
95.1622
111.015
113.873
-2.40921
-7.33648
-12.339
-16.6861
-20.9322
-27.3571
-24.6404
-28.7546
-29.4302
-2.36763
-7.21278
-12.1306
-16.4065
-20.6107
-27.105
-24.3268
-28.5946
-29.3754
2.10572
7.42156
12.3356
16.6848
20.9318
27.3579
24.6407
28.7557
29.4315
2.06954
7.29732
12.1278
16.4059
20.6109
27.1061
24.3276
28.5959
29.3768
)
;
    }
}


// ************************************************************************* //
