/*--------------------------------*- C++ -*----------------------------------*\
| =========                 |                                                 |
| \\      /  F ield         | OpenFOAM: The Open Source CFD Toolbox           |
|  \\    /   O peration     | Version:  2306                                  |
|   \\  /    A nd           | Website:  www.openfoam.com                      |
|    \\/     M anipulation  |                                                 |
\*---------------------------------------------------------------------------*/
FoamFile
{
    version     2.0;
    format      ascii;
    arch        "LSB;label=32;scalar=64";
    class       volScalarField;
    location    "0.4";
    object      gradTx;
}
// * * * * * * * * * * * * * * * * * * * * * * * * * * * * * * * * * * * * * //

dimensions      [0 -1 0 1 0 0 0];

internalField   nonuniform List<scalar> 
5322
(
-0.245945
0.00738335
0.00860509
0.000572083
-0.000345029
-0.000358649
-0.000180214
-5.16301e-05
-6.38954e-05
-0.000228896
-0.00075671
0.00807216
0.0123969
-0.170704
-0.00446325
0.297816
-0.233958
-0.00349492
-0.178989
0.116974
-0.158934
0.141124
-0.149289
0.154237
-0.156563
0.155398
-0.155843
0.167746
-0.165664
0.172419
-0.163649
0.19381
-0.145185
0.231125
0.00658495
0.300183
0.211917
-0.0843794
0.236422
-0.0136842
-0.224259
0.225363
-0.0136495
-0.239749
0.238307
-0.0081957
-0.25482
0.222939
-0.00555927
-0.267174
-0.263968
-0.382371
-0.121064
0.253144
-0.0162748
-0.417063
-0.0120665
0.398092
-0.00479083
-0.397864
-0.00172409
0.387704
-0.00219966
-0.390782
-2.93877e-05
0.381937
0.0050274
-0.387
0.0174518
0.317419
0.0138505
-0.331262
0.375507
-0.388323
0.373785
-0.380687
0.381333
-0.380753
0.433487
-0.313407
0.152362
-0.207793
-0.135637
0.230198
0.0229073
-0.124569
0.155557
-0.421258
-0.153188
0.493308
-0.0214688
0.00828041
0.0151639
0.0722644
0.340355
-0.0770886
-0.00704195
-0.0364084
0.160322
-0.37321
-0.373328
0.81921
-0.0359121
0.262672
0.427798
-0.00262741
0.0029475
0.00352392
0.00205477
0.000948208
0.000341004
-0.000112763
-0.000894614
-0.00213413
0.00329822
-0.00113322
-0.0982493
-0.0968658
0.0103287
0.0616869
0.00346841
0.0940205
-0.112466
-0.00842749
-0.02598
0.174363
0.143392
0.0398112
0.112146
0.0724251
0.0550501
0.120405
0.0607149
0.065142
0.122499
0.0531389
0.102573
0.139241
0.157823
0.00678263
-0.115732
0.00634379
0.0771662
-0.0935469
-0.100428
0.0144229
0.0414071
0.0227429
-0.0785937
-0.0863887
0.0162443
0.0256387
0.0309282
-0.085255
-0.0808654
0.0163804
0.016819
0.0490256
-0.0934703
0.12198
-0.263376
-0.352874
0.305811
-0.359898
-0.0151984
-0.246077
0.00209584
0.23924
-0.0573805
0.284118
0.14082
0.210021
-0.315581
0.122957
-0.271935
0.181827
0.237023
-0.291595
0.00714106
-0.247906
0.220239
0.274123
-0.294281
-0.000943294
-0.246647
0.237816
0.290539
-0.301914
0.00055362
-0.251946
0.249442
0.302955
-0.313877
0.00146189
-0.262058
0.258156
0.314686
-0.330815
0.00205216
-0.276901
0.26446
0.325937
-0.352444
0.0028715
-0.294807
0.267434
0.335726
-0.37427
0.00453271
-0.309322
0.2626
0.327703
-0.0694744
0.153212
-0.370256
-0.377581
0.823981
-0.0297279
-0.0323794
0.0170521
0.0780845
0.33827
-0.0602961
-0.00359142
-0.0678782
0.146141
-0.377093
-0.371115
0.819196
-0.0436971
0.262706
-0.00735696
0.00490367
0.0042246
0.00263313
0.00131091
0.000533548
-1.10326e-05
-0.000823401
-0.00193839
0.00329069
-0.00104017
0.078041
-0.0866364
0.0863464
-0.0783926
0.00016238
0.0784638
-0.0741279
-0.000407181
-0.0932419
5.48352e-05
-0.0784685
-5.17755e-05
0.0739497
0.00291136
0.0870773
-0.0071159
-0.0941567
0.000305402
0.0931161
-9.45302e-05
-1.26267e-05
0.165097
-0.28443
0.284104
-0.280972
0.2972
-0.306026
0.322873
-0.325293
0.334737
-0.338039
0.346574
-0.350973
0.361126
-0.36521
0.37852
-0.379849
0.396525
-0.388865
0.408146
-0.221893
0.00483551
0.224151
0.00612967
-0.398027
0.378561
0.00201413
-0.38505
0.371329
0.00134538
-0.367783
0.357382
0.000881135
-0.351129
0.343254
0.000595835
-0.336948
0.330448
0.000577122
-0.324866
0.318231
0.000866743
-0.311963
0.301141
0.000964839
-0.285769
0.000177039
0.285698
-0.30129
-0.00133758
-0.296738
0.280565
-0.000528206
-0.166498
-0.0108172
0.169353
-0.294565
0.285746
-0.302819
0.306978
-0.315657
0.319514
-0.325394
0.331744
-0.336776
0.346835
-0.34976
0.365731
-0.361841
0.386592
-0.364706
0.400665
-0.218792
-0.0482054
0.0945712
0.011669
-0.372116
0.327891
0.00427176
-0.350709
0.332
0.000340895
-0.325629
0.317995
-0.000680824
-0.309001
0.303874
-0.000794902
-0.297112
0.293344
-0.0016973
-0.287438
0.285982
-0.00381234
-0.27699
0.276782
-0.00841015
-0.253968
0.231482
0.00492768
-0.083714
0.142387
0.234217
0.00709314
0.029038
-0.0427965
0.12013
-0.370517
0.282509
-0.356381
-0.239981
-0.296803
0.00831912
0.194288
0.214937
-0.307912
0.118866
-0.276235
-0.0206385
0.0146668
-0.111586
0.0095331
-0.00451242
-0.118303
0.0117997
-0.0192811
-0.280372
-0.304081
0.22049
-0.287587
0.00320214
0.264822
-0.291608
0.285297
-0.299795
0.000964115
0.299479
-0.312214
0.311494
-0.32948
0.0108507
0.322058
-0.349806
0.329621
-0.366278
0.0756796
0.0168503
0.00991019
0.0105332
0.00425163
0.0115102
0.333023
-0.358968
0.00482542
-0.291171
0.246007
0.342609
-0.367639
0.00897277
-0.322871
0.230474
0.461006
-0.0516036
0.0111256
-0.405106
-0.374417
0.776918
-0.0491484
0.0118486
0.0201725
-0.22665
0.0505439
0.169984
-0.176045
0.0140278
0.174991
-0.158391
0.00198948
0.16369
-0.156044
-0.000452849
0.151007
-0.146403
-0.00400066
0.152764
-0.137642
-0.00935722
0.157648
-0.106224
-0.015302
0.184021
0.069704
0.0514844
-0.0133994
-0.00696162
0.0731741
-0.0321009
0.331967
-0.358261
0.354806
-0.367249
-0.237737
-0.308391
0.000458781
0.232234
0.292967
-0.300001
-0.0007561
-0.23238
0.00135523
-8.03088e-05
0.00233028
-0.000501191
0.00426437
0.0188483
0.0172677
0.0306024
-0.0114784
0.00399763
0.130667
0.207028
0.172736
0.0584698
0.263357
0.104601
0.0501679
0.0161004
0.00780595
-0.00772991
-0.00730902
0.000366563
0.00614216
-0.0427817
-0.000321921
0.0509062
-0.0468668
0.370397
-0.381404
0.386339
-0.404078
-0.264973
-0.339368
0.00267417
0.246223
0.321059
-0.321388
0.00157038
-0.248259
0.00264671
0.00122831
5.81338e-05
-0.000195642
-0.000492779
0.00110728
0.00148565
0.000565468
0.00385144
0.00570311
0.0580578
-0.000750096
-0.000740782
-0.00180678
0.000412338
0.000777856
-0.0074003
0.017133
-0.197604
-0.000756854
0.00253268
9.05817e-05
-0.00267616
0.306111
6.11513e-06
-0.32269
0.311978
-0.31819
-0.00108117
0.325833
0.00010929
-0.334617
0.325185
-0.330113
-0.000430054
0.338962
0.000330083
-0.3463
0.337735
-0.342451
8.36214e-05
0.352446
0.000555553
-0.360665
0.352593
-0.355868
0.000615814
0.367515
0.000552364
-0.377749
0.370075
-0.368819
0.0014324
0.38264
-0.00049679
-0.394803
0.387658
-0.37554
0.00227488
0.38934
-0.00336575
-0.40472
0.399003
-0.222368
-0.000314483
0.220744
-0.013897
-0.0296666
-0.0295595
-0.0332308
-0.396922
0.0959428
0.0816268
-0.0331938
-0.0680936
-0.0318965
-0.42685
0.0910484
-0.118784
-0.190694
-0.0637217
-0.0554984
-0.0610469
-0.0283077
-0.0134502
0.00388207
-0.00346679
-0.013039
-0.0143336
-0.00927385
-0.0130016
-0.021499
0.00246828
0.153514
0.17945
0.176041
0.202818
0.251302
0.239274
0.186797
0.188031
0.12282
-0.109198
0.0352261
-0.0128019
-0.00896436
0.0319733
-0.0951991
-0.000257533
-0.000147843
-0.000304864
2.92331e-05
-0.060151
-0.0685463
-0.0679391
-0.0608808
0.0603668
-0.0512015
0.00191114
0.0682642
-0.0588631
-0.0590974
0.00189713
0.0680084
7.32899e-07
2.01821e-05
3.98828e-05
4.24124e-05
-0.0018222
0.0023963
-0.00122135
-0.000665773
-4.89983e-05
0.000473067
0.00115932
0.00416705
0.00276836
0.000197789
0.00781212
-0.00286865
0.0479227
-0.0682312
0.408664
-0.430309
0.438883
-0.00842458
-0.128322
-0.0199608
0.0353869
-0.00306297
-0.00553523
-0.00114745
-0.0291253
-0.057616
-0.113345
-0.259383
-0.265578
-0.650014
-0.298319
-0.259714
-0.00811368
-0.102096
0.0826904
-0.53433
-0.320673
-0.151219
0.240265
0.0193054
0.0120502
-0.250188
0.264471
0.00158547
-0.0316071
-0.274481
0.265688
0.000478169
-0.0351611
-0.267879
0.264843
0.00226534
-0.0573777
-0.255607
0.188883
-0.152803
0.126784
0.0962474
0.281596
-0.13233
-0.0759331
0.0417739
0.167438
-0.539859
-0.0293011
-0.3156
0.280945
0.261182
0.24723
0.310823
0.147644
0.0315586
0.118565
0.178033
0.291395
-0.128921
0.0275405
0.207282
-0.170605
0.000539798
0.173433
-0.168664
-0.00186848
0.16113
-0.15852
-0.000999725
0.153955
-0.151496
-0.0008526
0.148275
-0.148151
-0.00195483
0.139321
-0.153105
-0.0119402
0.115954
-0.175001
-0.0650168
-0.00239715
-0.234526
-0.145159
0.084758
-0.231629
0.25747
-0.275077
0.00780783
-0.286408
0.29411
-0.00439603
-0.16917
0.0108076
0.16675
-0.164953
0.000595399
0.000986597
0.000293487
0.000241612
0.000380775
0.000375326
0.000278988
0.00047807
0.000988184
-0.000354525
0.00290527
-0.000116769
0.0499685
-0.052396
-0.00101888
6.5888e-05
0.00400005
0.00237087
0.239363
0.308221
0.000830583
-0.251168
0.249655
0.00156265
-0.261453
0.257666
0.00216669
-0.2772
0.263263
0.00302261
-0.297734
0.265433
0.00453678
-0.317102
-0.0105737
-0.00726252
-0.0588531
-0.0585171
-0.105199
-0.0520508
-0.0270737
-0.0140227
-0.00981428
-0.0143484
-0.0226743
0.000372587
0.149778
0.173492
0.168518
0.239681
0.1436
0.000638904
-0.018581
-0.0119587
-0.00885154
-0.0127995
-0.0247938
-0.0490254
-0.0986849
-0.230603
-0.244607
-0.432407
-0.330489
-0.105436
-0.105946
0.21956
0.0252434
-0.0270492
-0.021536
0.107557
0.00429188
-0.0860479
-0.0823314
0.0851224
-6.94549e-05
-0.0949956
-0.0908966
0.0746116
-0.000291537
-0.118064
-0.112633
0.0363614
-0.152101
0.0985199
0.0955437
0.0999551
0.0870536
-0.13274
0.00952177
0.0488375
-0.151251
0.0359993
-0.145043
0.1697
-0.388148
-0.0199893
-0.373531
0.259623
0.269489
0.267661
0.262629
0.260187
0.261137
-0.404169
-0.0235606
-0.3646
0.255742
0.273949
0.256852
0.270428
-0.0197997
-0.388805
-0.386339
0.170111
0.268572
0.239496
0.235048
0.292787
0.28258
0.225087
0.0676786
0.146466
0.0600996
-0.0322151
0.0700712
0.011575
-0.0511598
0.0505797
0.00286276
-0.0504875
0.0477708
0.000965148
-0.0493163
0.0453458
0.000361356
-0.0460611
0.0452285
-0.00011061
-0.0456289
0.0425577
-0.00259786
-0.0464119
0.0395022
-0.0102941
-0.060315
0.0226955
-0.0472896
-0.114988
-0.0548207
-0.170244
-0.205153
-0.209271
-0.140913
-0.103525
-0.159222
-0.00670981
0.116483
-0.0879783
0.00855924
0.0965449
-0.0962789
0.00406766
0.100618
-0.103199
-0.00341633
-0.00694422
-0.179139
-0.000575019
-0.291193
0.000346891
-0.289908
0.00156976
0.305287
-0.309865
0.000337003
-0.310127
0.00382594
0.318016
-0.288373
0.000439546
0.292386
0.00174338
-0.29627
0.000555448
0.30128
0.00130514
-0.306329
0.00069484
0.312
-0.000261093
-0.318321
0.000845937
0.324536
-0.000540954
-0.331795
0.00125339
0.338735
-0.00468138
-0.342813
0.00344347
0.350365
-0.00643655
-0.00840168
-0.437078
-0.31604
0.00831658
0.398361
-0.00314621
-0.414696
-0.28773
0.00694186
0.396754
-0.00133967
-0.395681
-0.271925
0.00324186
0.384576
-0.00104976
-0.379504
-0.259374
0.0011909
0.372503
0.000114131
-0.36429
-0.249082
-0.000663164
0.361404
0.000270867
-0.350191
-0.239606
-0.00353589
0.354447
0.00204166
-0.328626
-0.228292
-0.00395845
0.353365
0.00774969
-0.281434
-0.199015
0.0184922
0.368745
0.0444129
-0.0317006
0.0850545
-0.145564
-0.235439
-0.00198021
-0.0660693
0.00131868
0.202023
-0.0166656
0.00284283
-0.170175
0.000771534
0.291923
-0.28537
-0.001758
-0.288691
0.00818196
-0.278818
-0.000271694
0.282792
0.00653197
0.00231503
0.000636337
0.00333321
0.301725
0.00209888
-0.00256263
-0.0744983
-0.000207112
0.0805527
-0.000101055
0.000266798
0.000365261
-0.0128198
-0.0148207
-0.0106274
-0.116025
0.0114011
-0.0191868
0.00141839
0.00167831
0.00316755
0.269558
0.22247
0.000909489
-0.00124055
-0.00921978
-0.0112181
0.194554
0.0077986
-0.249254
0.225309
-0.000797302
-0.246293
0.23952
0.000605355
-0.000411946
0.000232091
0.00229918
0.000159846
0.00121857
0.0032121
0.00114839
0.000202576
0.000240661
0.00262385
-0.000340174
0.000367654
0.00135904
-0.246973
0.219458
0.348154
-0.362509
0.362844
-0.371096
-0.00132699
-0.28832
-0.00249697
0.28802
-0.00384566
-0.279757
-0.00875858
0.291209
0.0164165
0.0211151
-0.200499
-0.00114247
0.216802
-0.227948
-0.000452634
-0.380418
-0.000809161
0.384221
-0.33701
-8.18084e-05
-0.346579
0.000133826
0.352458
-0.348306
-2.82229e-05
-0.352473
-1.31229e-05
0.359299
-0.369605
-0.000282509
-0.359104
-0.000718235
0.365656
-0.372931
-0.00292421
0.377373
-0.379997
-0.00673978
-0.00943016
-0.00206552
-0.000811373
-1.99336e-05
0.000219903
0.000422941
0.00102267
0.00199603
-0.00333225
0.000904643
-0.0781105
0.0868075
-0.085797
-0.0802109
0.000802462
0.000491164
-0.00168873
0.00469834
0.0760659
0.000688982
-0.000903243
-0.00707493
0.00925452
-0.00812061
-0.113633
0.01084
-0.0242615
0.17178
0.00894398
-0.00815615
-0.0068433
0.00449426
5.45654e-05
0.058346
0.0591253
-0.00178021
0.0504095
0.078039
-0.00134608
-0.00169698
-0.00174368
-0.000788144
0.00592278
-0.0906387
0.233369
0.0134982
-0.348419
-0.00226327
0.354999
-0.311557
-0.00152187
-0.32437
-0.000132875
-0.323511
-0.000124501
-0.328669
0.000745705
0.333957
-0.342579
8.2052e-05
-0.333021
0.000841861
0.339055
-0.345269
6.68118e-05
0.351956
-0.000202947
0.000107232
0.000383529
0.000889857
0.001408
0.00187025
0.000109478
-5.09872e-05
-0.00187941
-0.00179371
-0.00669051
-0.00848172
-0.00178077
-0.0018333
4.77417e-05
5.69715e-05
0.000248423
0.000128029
0.000283318
0.000250474
0.000313883
0.000368979
0.000383884
0.000313105
0.00167367
0.00207718
0.000102731
0.00762459
-0.00310525
0.0603988
-0.322042
-0.0827645
0.000384211
-0.0302781
0.140924
-0.143099
-0.459043
-0.168602
-0.00224885
0.0412111
0.000541513
-0.332127
-0.141841
-0.0942116
0.20866
0.0247266
-0.0232167
-0.0403394
0.116464
0.00411911
-0.0800461
-0.0994309
0.0997692
0.000209594
-0.088356
-0.104687
0.0926055
0.000611724
-0.113554
-0.118668
0.0244868
-0.00677479
0.00111519
0.00136768
0.374163
-0.338441
0.00277501
0.342852
-0.0121553
0.00878163
-0.433232
0.00282084
-0.268832
0.28109
-0.00137171
-0.273353
-0.476592
0.40283
-0.0262417
0.0425587
0.155259
0.000871146
0.339877
0.251862
0.283411
-0.369674
0.00582874
-0.313032
0.00748862
-0.346544
0.00892395
-0.332034
0.00737804
-0.333707
0.0098465
-0.356168
0.264124
0.258358
-0.0180029
-0.465888
-0.37454
0.167189
-0.116729
0.149583
0.0844772
0.100194
-0.143406
0.0403019
0.0306999
-0.155831
0.0608971
0.111457
-0.134435
0.213893
-0.114528
0.018004
-0.123656
0.0211125
-0.134564
-0.105421
0.0201826
-0.00857856
-0.00184325
-0.00121423
-0.000180089
0.000388455
0.000432169
0.000497972
0.00101001
0.0019537
-0.00337398
0.000978476
-0.0510242
0.0602948
0.000442885
0.0121533
0.00871945
0.00702555
-0.0875713
-0.00638434
0.0937725
-0.0771288
-0.0421858
0.0950954
-0.103367
-0.141319
-0.159476
0.112605
0.11618
-0.00695594
-0.00978288
-0.0317443
0.00370146
0.119118
-0.021608
-0.0278616
-0.0158378
0.0854632
0.0855292
-0.0279954
-0.0214033
0.109764
-0.0600803
-0.127384
-0.0604003
0.117347
-0.0114757
-0.0122017
-0.0151432
-0.00386087
0.00155777
0.201751
-0.0170114
0.00778835
-0.000342307
0.000196513
0.000326483
0.000148597
-0.000179167
-0.000753151
-0.00172764
-0.000126405
-0.00112627
0.000563217
-0.0108365
-0.00387423
0.00693143
-0.0161962
-0.00732184
-0.00730798
-0.206735
0.198664
-0.0057252
-0.00462952
0.0103412
-0.00558222
-0.00446431
0.0341427
0.0692555
0.0357043
0.239144
-0.118885
0.0174013
0.134043
0.165343
-0.0620686
0.0087258
-0.00230223
0.0107675
-0.00261463
0.00115687
-0.0184368
-0.00319056
0.000293917
8.03952e-05
-0.000361522
-0.000878305
-0.000551793
-0.00150846
0.00110344
0.00208222
0.000507626
-0.00328316
9.47387e-05
0.00102376
0.00129762
0.00141176
0.00258315
0.00697841
0.00215858
0.00364668
0.00210498
0.000846133
0.000127845
0.000632166
0.000624596
0.00132968
0.00224523
-0.307327
0.279371
-0.284167
0.288356
-0.29221
0.00176245
-0.319039
0.314951
0.00352545
0.00216031
0.00135113
0.000573017
0.302227
0.00184279
-0.00277431
0.0942877
-0.00200779
0.00179109
0.00847904
-0.0139882
0.100038
0.0785556
-0.0346838
0.0137998
-0.000291399
-0.000123582
0.0512307
-0.00176038
-0.000103068
0.0361286
-0.109361
0.0316912
0.000384272
0.0126926
0.00928421
0.000989149
-0.00968097
0.00393931
0.00854649
-0.0347562
-0.0319184
0.100383
-0.0422901
-0.077048
-0.0141133
0.0947199
-0.00625874
0.00854067
0.00678105
-0.00469163
-0.000237878
0.00189438
0.00678139
-0.00232064
-0.00284785
-0.000532854
-0.000193607
0.00024771
0.000906953
0.000520872
0.000535467
0.000288071
0.325058
-0.330518
0.297359
-0.302843
0.308737
-0.316115
0.00195307
-0.344271
0.336796
0.00145117
0.000434619
0.000424749
0.000219525
0.000932026
-0.000246976
0.00050589
0.000159183
0.000419865
0.000345347
0.000619716
0.000272794
0.000662984
0.00186543
0.00955747
0.00835567
0.0313186
0.00172568
0.000761915
0.000213129
-0.000503331
-0.00196657
-0.000821973
-0.000826759
0.000126401
-0.000164964
-0.000128739
0.000235171
0.000265279
0.000245117
-1.17235e-07
-0.000829914
-0.00206791
-0.0021735
-0.000865543
2.81335e-05
0.000109971
0.00019035
0.000292766
0.000395754
0.000674956
0.000573199
0.000563146
0.00120561
0.00102563
0.000589132
0.00164977
0.00334081
0.00131933
0.0018491
0.0478766
-0.00950667
0.00448686
0.00132545
0.00491272
0.105071
-0.00476197
-0.0152105
0.076992
0.023761
-0.332043
-0.116719
-0.243958
0.222678
-0.152981
-0.163878
0.199679
-0.259636
-0.0140155
-0.0191128
-0.221306
0.19547
-0.00285373
-0.0106795
-0.00100555
0.00393783
0.00549006
0.0818723
0.0261197
-0.151447
-0.132091
0.24478
0.023942
-0.0578994
-0.0170175
0.100113
0.00313235
-0.114808
-0.0744859
0.075469
-0.000271226
-0.120039
-0.082505
0.0657045
-0.000991339
0.104675
0.100867
0.00600276
0.128892
-0.125444
0.000590727
-0.110611
-0.000659096
-0.00243808
-0.000407961
-6.91194e-06
0.000189392
0.000198527
0.000166124
0.000128528
4.59454e-05
-0.000757104
-0.00207535
-0.000261788
-0.245784
0.238201
0.000625209
-0.251244
0.249794
0.375509
-0.384498
0.389785
-0.403828
-0.000388258
-0.31199
0.00246644
0.304255
-0.000829436
-0.297995
0.000147004
0.294314
-0.000339712
0.000395157
-0.220314
-0.000141205
0.226225
-0.244333
0.000479511
-0.405919
0.000247804
0.415434
-0.362327
-2.81358e-05
-0.372281
0.000440324
-0.375984
-0.000608879
-0.378552
-0.00117189
0.382922
-0.397353
4.16747e-05
0.389006
-0.00106997
-0.382867
0.381863
-0.00114151
-0.387306
0.391462
-0.386638
-0.000160679
0.000387317
0.00177306
0.00145479
0.000738558
0.000256899
-0.000139862
-0.000787872
-0.00117558
-0.000498535
-0.000164111
0.000540975
0.000757892
0.00243028
-0.261128
0.258805
0.00246668
-0.275499
0.265892
0.405647
-0.430249
0.421225
-0.45766
0.0109405
-0.384099
0.0356808
0.328591
0.00145927
-0.336913
0.0100889
0.317446
-0.00212366
0.00401251
-0.235152
0.00398365
0.254465
-0.270362
0.0015575
-0.437053
0.002337
0.450915
-0.386095
-0.0014858
0.386051
0.00337445
-0.437051
0.255331
-0.000896229
-0.288487
0.255518
-0.276401
0.0133686
-0.0363199
-0.0181333
-0.0312523
-0.054976
0.321029
-0.463481
0.100134
-0.0795752
-0.03293
-0.0148165
-0.00764336
-0.00535376
-0.00570534
-0.00251256
0.0480207
0.50154
0.251043
-0.130344
0.0878797
0.0447535
0.286429
-0.248539
0.269322
-0.0160438
-0.175754
0.00850201
0.31862
-0.301361
-0.000819207
-0.300486
-6.39576e-05
-0.305861
-0.000186804
-0.31587
0.00138674
0.322064
-0.329656
0.00026248
-0.321961
0.00159363
0.327941
0.00126053
0.000832316
0.339279
0.00183942
0.327687
-0.000260923
-0.00202453
-0.00386618
-0.0131665
0.00207163
0.175774
0.0121951
0.0151677
0.0606198
0.106547
-0.148481
-0.000730131
-0.221336
0.000803751
-0.369816
-0.00176351
0.37137
-0.326024
-0.00055029
-0.335745
-1.17839e-06
-0.33584
-1.67949e-05
-0.340009
0.000320504
0.346102
-0.355436
-7.68844e-05
0.362289
-7.13608e-05
0.000310456
0.350042
-2.2944e-05
-2.32209e-05
-0.000565994
-0.00165996
0.319655
-0.00335326
0.297018
0.0177761
0.00857498
0.225131
0.0085468
0.00559055
-0.00121752
0.231035
0.000345673
0.00261339
-0.213179
-0.000900808
-0.23555
-3.00753e-05
-0.391889
-0.000259894
0.398537
-0.349009
6.66511e-05
-0.358944
0.00027049
-0.361834
-0.000218155
-0.365916
-0.000473726
0.372865
-0.384805
-0.000501102
0.387494
-0.000825415
-0.000320918
4.86451e-05
0.0001706
0.000290337
0.00041407
0.000992924
0.00175868
0.000968866
0.000958113
0.000521265
0.000823539
-0.00051935
0.000437282
0.0012311
0.000356696
0.000512153
0.000442716
0.000325294
0.000458534
0.000718347
0.00224256
0.00114521
-0.246939
-0.00584872
-0.241886
0.271475
-0.00469954
-0.260868
-0.26682
0.276718
0.258731
-0.00461987
-0.249024
-0.284434
0.293999
-0.26159
-0.00607684
-0.233989
0.260996
0.274516
0.270517
0.264571
-0.00553099
-0.257563
-0.23919
0.00116749
0.263566
-0.00422877
-0.279685
-0.255083
-0.000171853
0.267568
-0.000732197
-0.294756
-0.267528
-0.27486
-0.281305
-0.000964737
0.276141
0.281972
-0.000132011
0.262215
-0.000947552
-0.261034
-0.299936
0.300117
-0.00023123
-0.233778
-0.351101
-0.00412415
0.239387
0.00075705
-0.222964
-0.329824
-0.00492997
0.247743
0.291859
-0.20869
0.0168567
-0.202855
-0.0077865
-0.205623
0.0166211
-0.20225
-0.00775137
-0.206409
0.0174492
-0.206061
0.288333
0.250758
-0.00842829
0.0105145
-5.36692e-05
-0.153064
-0.182928
-0.173281
-0.192129
-0.182935
-0.184392
-0.189345
-0.155942
-0.241164
-0.190336
-0.173952
-0.1824
-0.123197
-0.0531402
-0.0659865
0.109529
-0.122513
0.288754
0.291956
0.289714
0.290925
0.301546
0.283324
-0.118669
0.0956678
-0.0529201
-0.123309
-0.0663135
0.119219
-0.0120702
-0.00217085
-0.00216943
-0.000545749
0.00036882
0.000225616
-0.00102526
0.289392
0.00147316
-0.287615
-0.294552
-0.272461
-0.314029
0.00124362
0.269056
0.308612
-0.000990723
-0.242977
-0.366334
-0.000922804
0.242592
0.362841
0.000871704
0.0462259
-0.0468041
-6.54054e-05
0.0474337
-0.0487223
0.000498936
0.0497301
-0.0502181
0.00250399
0.0573389
-0.0473069
0.0120961
0.0840744
0.0278884
0.0205885
0.00294798
0.00594559
-0.00177717
0.00293355
-0.0022225
0.00244125
-0.00244583
0.0012055
-0.00175326
-0.0470108
0.355114
0.00211964
0.0431187
-0.0598341
-0.00913011
-0.0150367
-0.00751919
-0.0395664
0.026615
0.00792089
-0.282545
0.0174907
-0.195104
-0.00857818
0.0108783
0.00151048
-0.12314
-0.209143
-0.203642
-0.170403
-0.0538809
-0.115227
-0.0464214
-0.0916562
-0.261333
0.0444716
0.368706
0.281552
0.303392
-0.11837
-0.25227
-0.152366
0.000581628
0.0279418
0.0191644
0.0132163
0.00819863
0.00655609
0.000910598
-0.252558
-0.382953
0.374117
0.24968
-0.00177432
-0.000162073
0.00313945
0.00367129
0.0178223
0.00942524
0.00565616
-0.00263178
-0.00152432
0.318345
0.00303028
-0.284346
-0.329372
-0.261931
-0.40416
0.00206873
0.259823
0.388324
0.00154015
0.00160065
0.00144063
0.000983342
0.0015579
0.00271338
-0.361016
0.323403
-0.330684
-0.00436231
0.00279164
0.00156847
-0.00150437
0.000584283
0.000115471
0.350475
0.000591766
0.000320751
0.364737
0.00279767
0.000182559
0.00194341
0.00262821
-0.000909935
2.76687e-05
0.000492719
0.000123831
0.000321796
1.43342e-05
0.000128272
0.000366982
0.00117897
0.000483683
0.000265631
0.000192123
-0.0004772
-0.000166157
-0.000170412
-0.000593833
2.01983e-05
0.00156694
0.00251425
0.00153739
0.00124799
0.00136922
0.00155858
-0.00170454
-0.00179593
-0.0118158
-0.00393111
0.272563
-0.000465384
0.0021257
0.00203825
0.000923237
0.000852383
0.0017808
-0.00321902
-0.00273249
-0.000794716
0.00206672
-0.292678
0.269911
0.0064536
-0.30344
-0.00845301
-0.00903188
-0.0578831
-0.0744302
-0.297333
-0.302571
-0.489051
0.122784
0.0454453
0.248496
-0.0880067
0.131688
-0.0147516
-0.150038
0.135207
-0.00333316
0.10293
-0.00342656
0.127173
-0.140247
-0.0117595
-0.0036935
-0.00454227
0.00195483
-0.0165515
0.10967
-0.00535556
0.00445581
0.0039711
0.00245213
0.00163212
0.000764899
0.000665843
0.00395149
0.00330039
0.00940954
0.00880435
0.0266378
0.00535268
0.00204501
0.000377378
0.248416
-0.255479
0.00110346
-0.421975
0.00106951
0.434883
-0.375965
-0.000443042
-0.384344
0.000436394
0.379928
-0.000229688
4.19364e-05
0.00029895
0.000467303
0.00112082
0.00397657
0.00148695
0.000803677
0.000437093
0.000176113
0.000107109
0.000137758
0.000146201
0.000128897
0.318923
3.86376e-05
0.326585
4.02009e-05
0.30731
0.293135
0.00117959
0.290615
0.174863
0.0046097
0.000994989
-0.000120672
0.000105726
-0.000567464
0.331848
0.00156013
-0.00188618
0.218452
-0.000569183
0.000953345
-0.001592
0.240035
1.83394e-05
0.00115125
-0.227515
0.0014018
0.238538
-0.00146083
0.000820067
0.00159146
0.00117231
2.69534e-05
0.343249
0.00017919
0.342796
0.000129334
0.000651003
0.356112
0.000307524
0.366388
4.06335e-05
0.00174652
0.370366
-0.00319664
0.257936
-0.00154245
0.00308765
-0.248674
0.00771744
0.265134
-0.0108978
0.000598537
-0.00900258
-0.0341176
-0.0814739
0.00235404
-0.0120211
-0.00519537
0.00379804
0.00350828
0.383873
-0.000394707
-0.00113702
-0.00124673
-0.000434512
-0.00473157
-0.000234882
0.000646951
0.000510716
0.380839
0.368289
-0.000286423
-5.55262e-05
-0.000794292
-0.00159146
-0.0018251
-0.00784814
-0.00288202
-0.00293344
-0.00152781
-0.000577533
0.375513
-0.00105633
-0.000149113
0.000339558
0.000996942
-0.000213571
-0.00342846
-0.0122641
-0.00296357
0.00154631
0.00202823
0.00350308
-0.001834
0.00269159
0.00398778
-0.00705417
0.0317454
0.0669419
-0.0480181
0.337219
0.00404123
-0.0148145
-0.0256148
-0.0110976
-0.000321691
0.00456194
0.00885705
0.0171699
0.0271436
0.029043
0.00146058
0.0125023
0.0123836
-0.24121
-0.122614
-0.252579
-0.124016
0.000665115
0.018014
0.00287541
0.000840999
0.243561
0.28953
-0.000423075
0.00224241
0.000970332
0.0018919
0.00105836
0.00221877
-0.00270324
-0.0149928
0.112524
0.259736
0.01103
-8.38094e-05
0.00073845
0.000702707
0.000429686
0.000492106
0.000247782
0.000253905
0.000169175
0.00046062
0.00120378
0.00121563
0.00201552
-0.000511691
-0.00238872
-0.309059
0.00385583
-0.300982
0.296213
0.00778741
-0.315443
-0.32609
0.30438
0.284928
0.00576023
-0.297081
-0.347461
0.325784
-0.00243801
0.272347
0.402762
0.00395991
-0.000536631
-0.00383189
0.00690193
0.00819365
0.0108939
0.0751575
0.112569
0.182014
0.429546
0.032733
0.222772
0.329899
-0.0178397
-0.00686666
-0.00425307
0.00267253
-0.00381324
-0.00237662
0.27767
0.297849
0.291095
0.28262
0.00396409
-0.322539
-0.29363
-0.00258169
0.289864
0.00808753
-0.338137
-0.310873
-0.00406989
0.291802
0.311018
0.276759
-0.00349137
-0.00230797
-0.00270195
-0.000671966
0.000267493
0.00156338
0.000315696
0.000272143
-0.000719504
-0.000304636
-0.00302674
0.0289685
-0.00320089
-0.00200214
-0.00477332
-0.00386046
-0.00239377
-0.00407543
-0.00177081
0.0817693
-0.00204868
0.00175416
0.000270486
1.71318e-05
0.00464437
0.00406153
-0.0318114
0.177662
-0.0801549
-0.304997
-0.380143
0.0292775
-0.175402
0.0731434
0.0232505
-0.108229
-0.117166
-0.0125637
-0.018893
0.125021
0.114832
-0.0109416
-0.111942
-0.0020323
0.112119
-0.00052814
0.00139864
-9.49601e-05
0.00126727
0.00335579
0.00349304
0.00235706
0.000661451
0.000522026
-0.00119526
-0.00104048
-0.000126686
-0.000762321
-0.000124465
-0.000158116
0.00194092
0.00288243
0.00280061
-0.00237579
0.00405574
0.00664006
-0.0104405
0.358264
-0.023039
0.0180265
-0.39849
0.00559484
0.00445848
0.0355803
0.00415977
0.00840997
0.0259224
-0.00193719
-0.000648327
-0.00241601
0.00689031
0.072053
-0.00468841
-0.00277964
-0.00147724
0.001773
-0.185847
0.21502
-0.00672949
0.00112201
-0.00904242
-0.0222472
-0.0251006
-0.00466557
-0.00223421
0.0876556
-0.00234503
-0.00277803
-0.00523836
-0.000897403
-0.00309736
0.0773911
-0.00507196
-0.00278601
0.00692321
0.0053568
-0.000919833
-0.00121395
-0.000798317
-0.00208081
0.0018676
0.00566644
0.00526844
0.00448436
-0.00852835
0.0189542
0.0191293
0.0217246
0.0270696
0.364588
0.0466392
0.00475675
-0.00506558
0.00199723
0.00500823
0.00740277
0.0122161
-0.000261431
0.29505
0.247378
-0.000239963
0.000331903
0.000256013
-0.00110089
0.254019
0.302937
0.00155338
-0.308322
-0.279707
0.274402
-0.00106571
0.28318
-0.0015773
0.00968821
0.0189516
0.000160998
0.000107254
0.00355086
-0.00155217
0.00493446
-4.48721e-05
-0.0109474
-0.0073351
0.28418
0.303389
0.291663
-0.00791113
-0.00410037
-0.00244557
-0.0016529
-0.00263584
0.311471
0.262545
-0.00173748
0.000844515
0.000567602
-0.000697215
-0.00257275
0.27127
0.316947
-0.00420609
-0.00153119
-0.00212538
-0.00222106
-0.0029487
-0.00893564
-0.0415063
-0.262209
-0.0943236
-0.0174963
-0.000675504
0.00210488
-0.00182277
0.0027689
0.00289559
0.00445707
-0.00754631
-0.0157774
0.00933715
-0.0184834
-0.024909
-0.014814
0.017255
0.223586
0.322015
-0.0179832
0.00799563
0.213811
0.323761
0.00721875
0.203637
0.336766
0.160626
0.00147885
-0.00380032
0.322461
-0.0040021
0.0223682
0.118902
0.0198477
0.0436075
0.0462173
0.0442377
0.0587196
0.036905
-0.00128867
-0.00514317
0.0447275
-0.0213943
-0.0100103
-0.00782363
0.0478929
0.0044564
0.0333821
0.029342
0.206741
0.174495
0.193621
0.184887
0.189427
0.0406559
0.00655758
-0.000705477
-0.0066851
-0.0818395
-0.273017
-0.266225
-0.00155029
0.0082003
0.167023
0.000121798
0.355169
0.00303603
0.000752894
0.000250865
-0.000306703
-0.0128314
-0.000871868
0.233811
0.339601
0.331545
-0.00016872
-0.0105953
-0.379988
0.00101007
0.00149179
0.00073626
-0.0323651
0.353854
0.00951635
0.00524304
0.00195892
0.00294885
0.0692747
0.00171293
0.210122
-0.244155
-0.0308778
-0.440685
-0.000105066
-0.0158119
0.0787249
0.000529505
-0.447611
0.305301
0.00310219
0.170303
0.0145329
0.0858595
0.158499
0.0289768
0.0310136
0.000558303
0.000684778
-0.00127411
0.250096
0.0101014
-0.0135485
-0.0193823
-0.00651464
0.00156612
0.000297234
9.51108e-05
0.000213928
0.000261944
1.98843e-05
-0.000950172
-0.00142893
-0.0130184
-0.00681025
0.239646
0.0196002
-0.39464
0.431077
0.0264461
0.305167
0.00327562
-0.276067
0.28703
0.0300753
-0.244336
0.261114
0.00725844
-0.244328
0.246179
0.00499338
-0.236676
0.236434
0.00381093
-0.229353
0.228023
0.00092308
-0.224539
0.218701
-0.00440205
-0.223853
0.204194
-0.0242442
-0.231078
0.15017
-0.108783
-0.289654
-0.088027
-0.271053
0.0169349
0.177198
-0.178554
0.0101758
0.185263
-0.183303
0.00381145
0.186103
-0.191326
-0.00215385
0.18553
-0.190479
-0.015743
0.179133
0.188023
0.28998
0.0732183
-0.209557
0.00272642
0.308338
-0.000562703
-0.314169
-0.00137281
0.301298
-0.00182559
-0.304203
-3.11558e-05
0.302463
0.000328511
-0.297886
0.000986947
0.306627
-0.00900312
-0.322115
-0.0139426
0.251332
-0.0443316
0.057751
0.130667
-0.240134
0.245268
-0.293901
0.278686
-0.291497
0.289712
-0.29506
0.299837
-0.302698
0.311697
-0.31295
0.32297
-0.327827
0.337983
-0.340092
0.362037
-0.315196
0.308946
-0.156584
0.311176
0.388666
0.194011
0.286858
0.211398
0.1631
0.107747
0.0665702
0.190914
0.00617469
0.243225
0.0341582
-0.00106952
-0.019295
-0.0234292
-0.0193224
-0.00885173
-0.0052778
0.128044
0.0180905
-0.121634
0.112748
0.0594653
-0.113115
0.146655
0.198463
0.211289
-0.135265
-0.114721
0.0283419
0.210598
-0.0836415
0.314391
-0.327892
0.347976
-0.00624716
0.375016
-0.383269
0.0177237
0.234492
-0.0108962
-0.218958
0.379014
-0.385549
0.388695
-0.396208
0.38705
-0.384371
0.374064
-0.36945
0.35957
-0.356189
0.34669
-0.345911
0.335918
-0.337516
0.32291
-0.32614
0.176569
-0.00364169
-0.175798
-0.00451258
0.319536
-0.313206
-0.00108901
0.32799
-0.327676
-0.000885697
0.3356
-0.338951
-0.000680434
0.345738
-0.351308
-0.000415455
0.358901
-0.365254
-0.000476841
0.373011
-0.377985
-0.000893075
0.383375
-0.381223
-0.000631451
0.373462
-0.383078
0.00091935
0.223206
-0.00646702
-0.229241
0.382703
-0.000546962
0.230494
0.00391359
-0.238371
0.390154
-0.385144
0.38805
-0.388887
0.383813
-0.377711
0.370184
-0.361429
0.347831
-0.34651
0.325415
-0.33003
0.317378
-0.322352
0.308317
-0.32363
0.168771
0.0310744
-0.215973
-0.00887415
0.330051
-0.299972
-0.00274299
0.283754
-0.293958
-0.000582889
0.293904
-0.291109
-0.000213463
0.323154
-0.377289
0.00864964
0.418456
-0.418438
0.00301756
0.432144
-0.436696
0.00197657
0.4466
-0.446057
0.000160891
0.44086
-0.427638
-0.020097
0.208091
-0.000872316
-0.364418
0.313279
-0.304571
0.275214
-0.00339445
0.184112
-0.377052
-0.0612753
-0.129092
0.154204
0.0652958
-0.307143
0.309224
0.0172223
0.441216
0.316862
-0.010014
-0.388155
-0.232025
0.34894
-0.1707
0.452343
-0.0119437
-0.0141626
0.103493
-0.189854
-0.24114
-0.00642206
-0.0199414
0.122089
-0.0112902
-0.0921749
0.124829
0.129623
-0.0177129
-0.0682453
-0.0277881
0.108586
0.116224
-0.0223372
-0.0397898
-0.0398371
0.116128
0.109012
-0.0222264
-0.0275392
-0.0680924
0.129831
0.126513
-0.0174342
-0.091853
-0.0108362
-0.130822
0.123117
-0.0191995
-0.00627084
-0.242958
-0.190402
-0.0661905
-0.162703
-0.106357
-0.0874556
-0.169504
-0.0880056
-0.105717
-0.162215
-0.0666597
0.109412
-0.0476288
-0.0342195
0.00201808
0.146993
-0.0209064
0.0278585
0.402756
0.375873
-0.255266
0.330984
0.32844
0.350668
-0.00659942
-0.253581
-0.290669
0.405329
-0.168922
0.373889
0.0228737
-0.02088
0.151197
0.0107817
0.00223581
0.147592
-0.0209868
0.0273243
0.347913
0.455082
-0.389452
0.445141
0.0161495
0.31189
-0.0149449
-0.306759
0.0657486
-0.387473
-0.170707
-0.195308
-0.282243
-0.240333
-0.241832
-0.168924
-0.280571
-0.196586
-0.386502
-0.311251
-0.627111
-0.0650746
-0.0869899
-0.138335
-0.0847577
-0.0300369
-0.0294636
-0.0302668
-0.00794883
-0.0146401
-0.0293323
-0.283843
0.244885
-0.2828
0.269569
-0.269217
0.261286
-0.000611153
0.243458
-0.254427
-0.00125512
0.00336459
-0.339065
0.30453
0.00639649
0.39257
0.289776
0.00446152
-0.402701
-0.284533
0.298777
0.00356116
0.414924
0.0178488
0.000864377
-0.00109572
-0.00359029
0.0143024
0.324494
-0.0275711
-0.35762
-0.00702832
-0.00924444
-0.0163338
-0.00537417
-0.00471395
-0.00474934
-0.017653
0.0013403
0.00142494
0.0116918
-0.011384
-0.00319627
-0.385138
-0.00234374
0.384211
-0.377307
0.382415
-0.000290559
-0.385734
0.00016719
0.392736
-0.387028
0.379913
0.000421517
-0.384439
-0.000994012
0.380989
-0.376528
0.36659
0.000589642
-0.371873
-0.00223728
0.366059
-0.36188
0.350595
0.00021673
-0.358201
-0.00221211
0.352048
-0.348059
0.336527
-0.000680956
-0.3473
-0.00201727
0.342214
-0.337422
0.325595
-0.00114
-0.336488
-0.000378913
0.333963
-0.329248
0.312011
-0.001713
-0.321948
0.000235068
0.322415
-0.320917
0.173479
-0.00234042
-0.178493
0.00558818
0.00331488
-0.0144562
0.0818427
0.146027
0.261972
0.0336494
0.0118511
-0.228317
-0.0816958
0.0570389
-0.00671532
-0.171518
0.132064
-0.00542895
-0.155558
0.154602
-0.0140587
-0.0767186
-0.187235
-0.0813804
0.254927
0.0875171
-0.0325107
0.000618548
0.000503529
-0.258906
0.236717
-0.244715
-0.0129215
-0.0308101
0.274031
0.00694462
-0.232944
0.0777246
-0.196612
0.341693
0.292156
0.29839
-1.13872e-07
-0.285596
-0.289021
0.292429
0.00588902
0.381224
0.298928
0.00317766
-0.0222382
-0.0122384
-0.00273569
0.0111992
-0.00597534
-0.184442
-0.207894
-0.3558
-0.316895
-0.186103
-0.0047569
0.0171529
0.00351389
-0.00436152
-0.00105351
-0.0103388
0.0108529
0.0104848
-0.0131449
-0.0710781
-0.0711871
-0.272732
0.127384
0.0766944
0.0023956
-0.0199835
0.0387372
-0.337916
0.352161
-0.322135
0.192319
0.301867
0.281443
-0.0032005
-0.257606
-0.267261
0.301328
-0.000806832
0.274967
-0.0523927
-0.00918892
-0.00547614
-0.00118837
-0.00383579
-0.00466852
0.00555759
0.0248453
-0.000689755
-0.00375774
-0.00309392
-0.00246759
-0.000925879
0.00229595
0.000482517
-0.0018844
-0.00467094
-0.00732659
-0.00371724
-0.000401427
-0.000501338
-0.0232653
-0.00720204
-0.0276112
0.0475868
0.00547491
-0.0427507
0.0740042
0.357187
-0.054892
-0.0903613
0.429476
0.277707
-0.492082
0.0929198
0.0336761
-0.0044663
-0.30913
-0.244007
-0.0787602
0.283856
0.286509
0.265857
0.300086
-0.00221577
-0.237541
-0.277978
0.302556
-0.000276556
0.270041
-0.0298234
-0.266483
-0.00227591
-0.24365
-0.0353349
0.279796
0.295187
-0.000329045
-0.260158
-0.281093
0.296152
0.272186
0.304185
0.000597555
-0.269087
-0.299864
0.308455
0.00128517
0.279135
-0.0022083
-0.289382
0.000522948
0.279727
-0.00928245
-0.286646
-0.253642
0.00530749
0.00587657
0.000742879
-0.00356141
-0.381433
-0.282878
0.00441721
0.304727
0.300945
0.291433
0.317051
0.0022926
-0.291134
-0.315625
0.330531
0.00389337
0.307584
-0.00392794
-0.296243
0.00252041
-0.312036
-0.00092297
0.323872
0.312251
0.00398504
-0.315202
-0.291574
-0.00606345
-0.289002
-0.317005
-0.00477972
0.315858
-0.275873
-0.416442
0.422035
-0.406424
0.403778
0.000223954
0.325704
0.00293925
-0.334042
0.00307233
0.336734
0.0083543
-0.358902
-0.0236443
-0.0294138
0.243489
-0.00071011
-0.259128
0.269497
0.0001451
0.434768
0.000294574
-0.425372
0.372182
-4.14125e-05
0.370976
-0.000325188
-0.36402
0.359035
-6.16988e-05
0.352696
-0.000288837
-0.347228
0.351303
4.54664e-05
0.340606
0.000756609
-0.33558
0.385545
0.000225212
0.231079
0.000660412
-0.233813
0.223784
0.000423553
-0.235065
0.351902
-0.300128
0.305089
-0.298205
0.297306
-0.304326
0.293365
-0.347584
0.239553
-0.125376
0.159881
0.107225
-0.179038
-0.0230049
0.0957233
-0.123893
0.314734
0.115895
-0.394786
0.00979253
-0.00974552
-0.0157863
-0.0618782
-0.264501
0.0579567
0.0060397
0.0367994
-0.122329
0.272293
0.27747
-0.628892
0.0293019
-0.215816
-0.341294
0.0011435
-0.00533131
-0.00461455
-0.00274142
-0.00141845
-0.000673911
-0.000123556
0.000779557
0.00217718
-0.00507289
0.00196669
-0.0666704
0.0814611
-0.0812781
0.0667269
-0.00279656
-0.0907205
0.0778958
0.0770461
-0.00279995
-0.0915724
0.000166206
0.0916967
0.00293026
-0.0765951
0.00180288
-0.0769993
0.0915498
0.00285671
-0.0663839
0.0811806
0.115291
-0.116236
0.104858
0.000836471
-0.106419
0.102105
0.00164833
0.125219
-0.00128808
0.106343
0.00133634
-0.104474
0.00205182
-0.00510466
0.000214874
-0.00896297
-0.130549
-0.000958659
0.129927
-0.00158737
-0.10332
0.00106417
0.00641175
0.0196282
-0.0467799
0.139612
0.00159085
-0.000328258
-0.000975559
-0.00592116
-0.130442
0.000297139
0.0476268
0.033721
0.00479156
-0.154054
0.0339513
0.0366335
0.0218187
-0.116044
-0.114517
0.0433021
0.0264285
-0.1395
0.0882478
0.178992
0.0957585
-0.151611
0.0214353
0.0230794
0.00541289
-0.00143521
0.0676803
-0.0802225
0.000206059
-1.39476e-05
-0.000516328
-0.000527996
-8.6603e-05
-0.00204197
-0.000983497
-0.00543219
0.0044836
0.000916942
-0.000455703
-0.00110974
-0.00177063
-0.00196343
-0.00119064
0.000283909
0.00149238
0.00197402
-0.0200129
0.228838
-0.083639
0.0152338
0.201676
0.103033
0.090791
-0.105154
0.478087
0.125521
0.00216248
-0.0109269
-0.0169996
-0.171007
0.162288
-0.152247
-0.0181333
-0.0175721
0.183104
-0.213854
-0.00562863
0.0203318
0.205321
-0.20373
-0.000955138
0.0256588
0.203949
-0.197763
0.0007465
0.0440776
0.202425
-0.133221
0.126056
-0.0873913
-0.0640966
-0.235411
0.129644
0.0986688
-0.000254467
-0.112009
0.430927
0.0272317
0.239514
-0.199768
-0.19929
-0.186593
-0.248142
-0.116565
-0.0233541
-0.0929354
-0.137133
-0.2246
0.107909
-0.0210281
-0.168556
0.148655
0.000147253
-0.150689
0.157289
0.00216976
-0.150631
0.159644
0.00134437
-0.155454
0.164975
0.00127719
-0.16169
0.173741
0.00271027
-0.163024
0.19167
0.0157825
-0.143012
0.230773
0.0862247
0.00748711
0.298488
0.0668921
-0.0485149
-0.470485
-0.016792
0.245612
0.368816
-0.0354254
0.0759752
0.0125728
-0.0549316
0.0562199
0.00326575
-0.0553903
0.0521263
0.001305
-0.0530003
0.0503468
0.000654999
-0.0516122
0.0481848
-0.00125088
-0.0549604
0.0423989
-0.009422
-0.0738784
0.0224336
-0.0334985
-0.126012
0.00144831
-0.261882
-0.192023
-0.223417
0.0196686
0.270691
0.318015
-0.119236
-0.188828
-0.192264
-0.183899
-0.194342
-0.186506
-0.171596
-0.210533
-0.159652
-0.142111
-0.285263
-0.251875
-0.174408
-0.143204
-0.0408307
-0.0707677
-0.0581344
-0.0596305
-0.064256
-0.0518015
0.10794
0.000881253
-0.0347791
0.117291
-0.0248602
-0.0245082
0.116777
-0.0309437
-0.0165609
0.114853
-0.0489575
-0.061731
0.091276
0.0268848
0.113175
-0.00296795
0.0986243
-0.0103684
0.0996801
0.0806957
-0.0159516
0.0868074
0.0847973
-0.0154623
0.0835849
0.0915246
-0.016365
0.00683434
-0.000169267
-3.5549e-05
-0.308335
0.280577
-0.000630234
-0.291451
0.0124117
-0.00726616
0.372082
-0.0006245
0.223442
-0.227044
0.00302744
0.214814
0.387111
-0.333693
-0.00311802
0.0113532
-0.284754
0.0992562
-0.0187974
-0.181657
-0.000895823
0.32213
-0.00863869
0.00343665
0.00164733
0.000251674
-0.000504604
-0.000748374
-0.000466574
-0.000359635
0.00102383
0.00219847
0.00483114
-0.0419941
-0.179042
0.168802
0.019268
0.000890475
-0.000869436
0.000738049
-0.000884124
-0.00130921
-0.00194529
-0.0027393
-0.00423437
0.0322755
0.00175466
-0.00192075
-0.0137653
0.014356
0.000413289
0.000199499
0.1681
-0.159101
0.00594219
0.00557377
-0.00753648
0.011813
0.0107076
-0.0146208
-0.0257608
-0.114899
-0.103524
-0.00314038
-0.0198567
-0.00113012
-0.00180433
-0.0036368
0.00246096
-0.00183357
-0.00171421
-0.000882233
-0.000936794
-0.000643162
-0.000198654
-0.000616744
0.0021307
0.00344843
0.00885959
0.00737312
-0.244962
0.0321815
0.00319196
-0.00238155
-0.000456097
0.000508481
-0.00122154
-0.00148649
0.377227
-0.339715
0.336372
-0.328818
0.322003
-0.000907173
0.365477
-0.372192
-0.00262112
-0.00202848
-0.000791533
0.000548793
-0.378659
-0.000422679
0.00651286
-0.121623
0.0058614
-0.00163941
0.00178393
0.00879624
0.00143592
0.000825065
0.000100518
-0.000732522
-0.00142195
-0.00228747
-0.00326533
0.0212002
-0.43671
0.0740472
0.0822465
-0.0399337
0.12538
0.0323063
0.0410187
0.0443097
0.0926617
0.189294
0.286449
-0.00729432
0.32304
0.218336
0.137247
0.125004
-0.0643352
-0.0325042
0.0953348
-0.0176906
-0.0378224
-0.0284435
0.112491
0.048852
-0.14295
-0.021998
0.0106936
0.0271348
-0.0916578
-0.00564445
0.0567161
0.0725517
-0.0769423
-0.00136097
0.0644693
0.0786695
-0.0705141
-0.00112018
-0.0546476
-0.0576306
-0.00130306
-0.0592817
-0.0504785
7.57042e-05
-0.0781327
-0.0766992
-0.00433512
-0.0953919
0.107517
-0.000375557
0.0837096
0.00105384
0.0871246
0.0614578
0.00257606
0.0689567
0.0676959
0.002444
0.00125328
-0.000997776
-0.00535738
-0.0030155
-0.0015526
-0.000279372
0.000450416
0.00102696
0.00226074
-0.00263252
-0.00337368
-0.27828
-0.414566
0.00451515
0.00776358
0.0187147
-0.289313
-0.00659447
0.347078
0.00851019
0.00242082
5.27886e-05
-0.000131629
-0.000145416
-0.00025397
-0.000526682
-0.000412717
-0.000844688
-0.000683092
-0.000952242
-0.000799857
-0.000784717
-0.000696171
-0.000233717
-0.000540885
0.000163784
-0.000342926
-0.00443639
0.0172521
-0.16682
0.186927
-0.0909945
0.278397
0.265026
-0.628408
0.0511784
0.0465237
-0.115515
0.271226
0.273047
-0.630071
0.0176155
0.0166744
-0.0196091
-0.0123952
-0.00544023
-0.00165143
0.00039608
-0.000521647
-0.00186579
-0.0036609
-0.00315134
-0.00175019
-0.00413719
0.296689
-0.279774
0.00214842
0.282484
-0.272516
-0.392283
0.38964
-0.378896
0.380759
-0.000814257
0.305807
-0.00165911
-0.306948
-0.000333209
0.314009
0.000600587
-0.318946
-0.00391579
-0.00359933
0.234282
-0.00133514
-0.234279
0.250908
-0.000410379
0.40136
-0.000861609
-0.397312
0.3454
-0.000289684
0.343487
-0.00109435
0.334606
6.69175e-06
0.327375
5.51249e-05
-0.323042
0.328741
0.00115731
0.31471
0.00229911
-0.3591
-0.00120829
0.374372
-0.32305
0.329426
0.0018351
-0.376439
0.00102884
0.000597843
0.000441001
1.87862e-05
-0.000143573
-0.000293178
-0.0009355
-0.00210703
0.0053761
-0.00160216
0.104587
0.104035
-0.000869788
-0.109062
0.00140709
-0.133816
0.134213
-9.29053e-06
-0.134181
0.13379
0.00187938
0.00689964
0.235964
-0.000170701
0.392801
2.18176e-05
0.382898
9.00754e-05
-0.387378
0.390209
-0.000540782
0.392337
-0.00141528
-0.386116
0.441701
-4.7276e-06
0.268414
0.000774362
-0.260505
0.256874
0.000953707
-0.251339
0.247384
0.000942658
-0.243299
0.238916
0.000879645
-0.237191
0.00179073
0.00204176
0.00202701
0.00135537
0.00226854
0.283439
0.00107867
-0.269588
-5.36597e-05
0.00144786
0.0036294
0.0214228
-0.147458
0.0695723
0.0917165
0.0174572
-0.126303
0.0110644
-0.123015
0.131046
-0.00179847
-0.00688429
0.000198347
0.00725683
0.0204129
0.0251959
-0.0468125
0.139863
0.00154712
0.000535915
0.00049023
0.000108856
0.115633
0.109225
4.74686e-05
5.705e-06
0.00051912
-0.00838331
-0.103922
-0.0011929
0.000803453
-0.0476064
-0.0341508
0.104254
-0.0139346
-0.00127922
5.428e-05
-0.000516633
-0.00180091
-0.0020629
-0.308496
-0.282717
-0.293652
0.296207
0.28874
-0.281225
0.0042815
0.00105274
-0.000165185
-0.300011
0.00160851
-2.47618e-06
0.000819322
0.00118981
0.00222785
0.000804143
0.00103395
-7.96256e-05
0.000283952
0.000207682
-0.00018644
0.000116017
0.00172807
-0.000241673
-0.000712135
-0.000419656
-0.000698993
-0.00139912
-0.00175919
-0.00164167
-0.000916278
-0.00279057
-0.00160627
-0.000504579
0.000639283
0.000907863
0.00214285
-0.00596985
0.008499
0.00240729
9.54378e-05
6.35002e-05
-6.60749e-05
-0.000194695
-5.4006e-05
-0.000682944
-0.00155025
-0.00581459
-0.0114471
-0.253231
-0.289782
-0.010971
0.265912
-0.248362
-0.366868
0.377728
-0.355635
0.375459
-0.0111024
0.325856
-0.0313444
-0.286774
-0.00265926
0.306915
-0.00891269
-0.297778
-0.00228461
-0.00693464
0.21541
-0.0054155
-0.227969
0.239611
-0.00212813
0.373743
-0.00381126
-0.37795
0.318979
-0.00089682
0.310135
-0.0023414
-0.310963
5.61067e-05
0.309951
-0.000181193
-0.311855
0.00153396
0.00179291
0.000674172
0.000497829
0.000260902
-0.000243308
-0.000252973
-0.00026719
-0.000792234
-0.00176057
-0.000885904
-0.000733673
-0.000317958
-0.00045815
-0.000415972
-0.358297
0.351681
-0.315358
0.3095
-0.30359
0.299532
-0.000950909
0.339352
-0.34452
-0.000599223
-0.000376812
0.000660286
0.00130187
0.0016863
0.0061862
0.00347156
0.0276763
0.0136637
-0.00894396
0.0223784
-0.1321
-0.105383
0.045011
-0.00173429
-0.00164126
0.0466291
-0.00670778
0.0477576
-0.000886615
-0.115109
4.97017e-05
7.78928e-06
0.00101174
0.00268319
0.00274361
0.00204044
0.0087722
-0.0102413
-0.230505
0.00830383
-0.0050947
-0.184947
-0.209129
-0.317048
-0.355824
-0.629953
-0.0634785
-0.00378121
0.0138404
0.00269872
-0.00274911
0.000474023
0.0118258
0.0129164
0.0366408
0.0790179
0.178652
0.316
0.230296
0.0706699
0.0659969
-0.163851
-0.0212033
0.0159665
0.0139588
-0.084226
-0.00552401
0.0613185
0.0601783
-0.0661231
-0.0014037
-0.0675808
-0.0594643
-0.00129852
-0.0859523
-0.0821588
0.000339589
-0.107357
0.109619
0.000107815
0.0795036
-0.000728136
0.0814439
0.0535952
-0.000263869
-0.00279198
-0.00476287
-0.00295705
-0.0113348
-0.0173995
-0.0669948
-0.246563
0.00573815
-0.227992
0.047409
0.0730618
0.0144975
0.0136596
0.00684095
0.00615696
0.002297
0.0010289
0.00207324
0.00159374
0.00109918
0.00554869
0.00574765
0.0187773
0.00500323
0.00277167
-0.00166506
-0.00305228
-0.00118192
0.00531172
0.0205698
0.0328005
0.0719668
0.169284
0.285631
0.216995
0.0510915
0.0884115
-0.185557
-0.0218805
0.0375882
0.00886638
-0.0791087
-0.00555569
-0.0989856
-0.0949037
0.00278665
-0.112972
0.104677
0.0030737
0.0495411
0.000364217
0.00652665
-0.0588448
-0.0405352
0.118336
0.107783
-0.0393111
0.106698
0.0845186
0.224332
0.31144
-0.0408673
-0.0609346
-0.0629378
0.00985743
-0.0857028
0.00178652
-0.00512769
-0.00354077
-0.00160502
-0.000743424
-0.000161193
-0.000286179
0.000151076
-8.47768e-05
-0.000202697
-0.000341898
-0.000377326
-0.000222648
-0.000300768
-0.000395493
-0.000403079
-0.000720427
0.00310916
0.00586488
-0.00262807
-0.000977867
-0.00218553
-0.00817955
0.0065143
-0.00119295
-0.00187431
-0.000894147
-0.00025213
-0.000175127
-0.000368388
-0.000470948
-0.000459835
-0.000372665
-0.000472865
-0.000291729
-0.332553
0.330299
-0.295147
0.29174
0.00531891
-0.00113997
-0.000427922
0.00275466
0.00170963
0.00180027
-0.000979269
-0.00181702
0.00112355
-0.00221859
0.0574604
-0.00432979
0.324776
-0.321861
-0.00140679
-9.44614e-05
-0.000320843
7.71687e-05
0.00167363
0.000993939
0.00187279
-0.000418203
-0.000900393
-0.00265532
0.324013
0.00804878
0.266908
-0.273418
0.00373758
0.262153
0.317477
-0.328543
-0.272728
0.00393443
0.261547
0.326251
-0.337779
0.3324
0.00839052
0.267788
-0.28906
-0.344337
-0.289064
-0.346949
0.00608314
0.268293
0.330146
-0.00270268
-0.330708
0.00274209
0.263147
0.321193
-0.00186593
-0.316387
0.000790985
0.255732
0.311128
0.255013
0.308405
0.0012382
-0.260506
-0.314103
-0.00185981
-0.260071
0.00153784
0.253738
0.317177
-0.323253
-0.00191813
0.250197
0.390492
0.00321651
-0.25959
-0.00258531
0.258523
0.402066
0.00717544
-0.274787
-0.353826
0.326874
0.0109117
0.268782
-0.00393958
0.321022
0.00981179
0.263992
-0.00410867
0.33231
0.00665178
0.264274
-0.288239
-0.428223
-0.003886
0.411678
-0.00259393
-0.273438
-0.408546
-0.00297291
0.39732
-0.0019152
-0.391494
-0.00288291
0.383853
-0.00137814
-0.249471
-0.000784281
0.249111
0.302303
-0.303739
-0.00134378
-0.248855
-0.000920228
0.2484
0.300169
-0.300782
-0.00142125
-0.24946
-0.000244966
0.246372
0.30911
-0.309875
-0.00143856
0.24154
0.378997
0.00116289
-0.248339
-0.384254
-0.00173943
-0.000976306
-0.00178225
0.00342183
-0.00125226
0.00439841
0.00545412
0.0231205
0.047382
0.118722
0.0606472
0.149831
0.0670917
0.224993
0.269559
0.281761
-0.365322
-0.400294
-0.0178288
0.247768
0.277704
0.00991649
-0.371737
-0.312814
-0.36138
-0.310321
-0.366036
-0.308018
-0.451025
-0.00833199
0.421752
-0.00300823
-0.00219609
-0.00874377
-0.00836876
-0.00225861
-0.00172882
0.00176174
0.00142638
0.000651976
0.000483973
0.000101838
-1.11677e-05
-0.000184181
0.00123006
0.271978
-0.26124
0.000294272
-0.000713207
-0.00278994
-0.00386045
-0.00529459
-0.0102001
-0.0263323
0.262699
-0.234779
-0.0041202
0.254203
0.0110839
0.0111971
0.0467493
-0.21958
0.0597707
0.0577784
0.229182
0.243878
0.388695
-0.152166
-0.0476247
-0.201885
0.0543147
-0.12252
0.0495557
-0.0143937
-0.0328028
0.0274275
-0.00339131
-0.00586456
-0.00705982
-0.00591101
-0.00250048
0.00255716
-0.00286652
-0.171507
0.170999
0.00322293
0.000551774
-0.000739521
0.00435307
0.00195681
-0.000718793
0.00759655
-0.0412158
0.00278849
-0.0073295
-0.00401328
-0.00217535
-0.000869042
-0.00222893
-0.00349073
-0.00571388
-0.0064008
-0.0827958
0.00166417
0.00971014
-0.000311154
-0.063056
-0.000248892
-0.00299844
-0.00291561
-0.000172726
-0.0229919
-0.00114404
-0.00121293
-0.00589171
-0.00587232
0.0189577
-0.14121
0.198111
0.202124
-0.00536897
-0.00342996
-0.00216532
-0.00112128
-0.000474874
-0.00143872
-0.00312309
-0.00629684
-0.229084
0.237991
-0.00203324
0.348686
-0.00691209
-0.315173
-0.00770191
-0.00448223
-0.331209
-0.000448175
0.330072
-0.00176313
0.321686
-0.328974
-0.00202584
-0.000438038
-0.00024186
-8.6174e-05
7.8144e-05
0.000360051
0.00123212
0.00156379
0.0134611
-0.00990825
0.210381
-0.019545
-0.430632
0.394463
-0.00159367
0.390092
-0.00022081
0.387288
3.73198e-05
0.39186
-0.000542943
-0.384932
0.388936
-0.00016143
0.38064
-0.000762732
0.426316
-2.98825e-05
-0.419049
0.410876
5.39958e-05
-0.403459
0.397159
0.000123629
-0.389586
0.000454824
-0.000134629
0.352764
0.000123971
-0.347007
7.27909e-05
-0.000142641
-0.000338444
-0.000816163
-0.00144337
-0.000399941
0.00853359
-0.390163
0.00164496
0.388522
-0.000187486
0.45029
0.00313974
-0.451189
-0.00161792
-0.00159053
-0.000366896
0.00085185
0.235674
9.36265e-05
-0.392784
0.391399
-0.236152
-0.235736
-4.8447e-05
0.000264245
-0.000936861
-0.391233
0.000120407
0.00137981
0.444743
3.54543e-05
-0.449697
0.390547
0.00061718
0.398186
0.000186467
0.384627
4.15457e-05
0.381009
-0.00049466
-0.373018
0.37718
1.66081e-05
0.366301
-0.000289364
-0.3596
2.57586e-05
-0.357575
0.363814
-0.35977
0.366579
-0.00038221
-0.371691
-0.000495876
-0.000544409
-0.386565
-0.000599317
-0.398453
0.000142837
7.95491e-05
9.76547e-05
0.00120746
0.45024
0.00111677
-0.440898
0.385488
0.000239775
0.386093
-1.49492e-05
0.372504
-4.56644e-06
-0.366987
-0.000159749
-7.68876e-05
-9.531e-06
0.000791071
-0.000921048
-0.00102159
-0.00274686
0.00501127
0.00287508
0.00185293
0.000987243
-0.00025686
0.000277504
-0.000305855
0.001151
-0.000263985
-0.000144851
-3.15083e-05
-0.000465334
-0.000302818
-0.00136634
-0.000720412
-0.000603243
-0.000764086
-0.000842676
-0.00205815
-0.00125577
-0.000684448
-0.000609256
-0.000274227
-0.000267205
-0.000378618
-0.000509407
-0.000624445
-0.000671048
-0.000970398
-0.00246587
-0.00177954
-0.00322333
-0.00151997
-0.00130179
0.00531547
0.00265934
0.00208662
0.00301346
-0.00109529
-0.000449856
-0.000437815
-0.000157553
0.00133348
0.000483905
0.000409803
-0.000165306
-0.000102653
-0.000279763
-0.000264228
-0.000397784
-0.000930953
0.00195266
0.00132095
-0.000385171
-0.000305278
-0.000813973
-0.000416306
-0.000275248
-0.00022613
-1.05125e-05
-0.000158355
0.000826443
0.000371358
0.000178241
-0.26093
-0.00259703
0.0021066
-0.00642199
-0.0183636
0.00374966
0.183951
0.319963
0.236699
0.260893
0.23752
0.193752
0.319249
0.257821
0.241541
0.238972
0.178905
0.0868701
0.100253
-0.138889
0.168985
-0.369521
-0.398942
-0.0193209
0.232731
0.283784
0.00774773
-0.0191961
0.00393292
0.196679
0.333803
0.158615
0.335466
0.00353247
-0.0145905
0.00909722
0.263512
0.403723
-0.442399
-0.303653
-0.0162893
-0.0261365
-0.00755151
-0.00327477
-0.00502242
0.00187777
0.00407946
0.00302087
-0.00225551
0.000168326
-0.00635323
0.371665
1.6278e-05
0.23294
-0.234549
-0.295094
-0.00274301
0.240716
0.304152
0.0013632
-0.272588
-0.00306979
0.24008
0.304259
-0.00680615
0.0130476
-0.00113901
-0.0570067
-0.0916385
-0.0265776
-0.0125947
0.00220196
0.00374418
-0.000514529
-0.00177238
-0.00257053
-0.00413084
-0.0112318
-0.000463291
0.00385488
0.00635785
0.0114169
0.00259224
0.00317434
-0.223028
-0.267033
-0.00510025
0.244421
0.291967
-0.00748051
-0.18933
-0.225416
0.0174593
0.269541
0.3088
-0.122655
0.112899
-0.0355186
0.0152262
0.00946767
0.00514173
0.0118519
-0.155108
0.1527
-0.00398448
0.000185657
-0.0188953
0.00129135
-0.0125782
-0.0337296
0.000374585
-0.0173247
0.00103049
0.000484099
0.00119379
-0.0047076
-0.00523554
0.00133764
0.000223749
0.00176619
-0.00114263
-0.00978905
0.00658599
-0.00154667
-0.00039822
0.000244181
0.000180906
-0.00061291
-0.23856
-0.286525
-0.00418079
0.24387
0.294367
0.000806033
-0.217077
-0.275378
-0.00289991
0.245966
0.293887
-0.006814
-0.239136
0.0233363
0.264117
0.317793
-0.123242
0.111892
-0.0368575
0.000106918
-0.000250354
-0.000599306
0.00161563
0.00191485
0.00205169
6.03428e-05
0.0167204
0.0147524
0.000634581
-0.0325096
0.00933366
0.0118521
0.00813511
-0.12512
-0.125371
-0.00877526
0.008148
0.000490549
0.00246129
0.00614672
0.00933017
-0.11123
0.0953399
-0.12247
0.354636
-0.000249618
-0.307087
0.0157289
0.361481
0.0107441
-0.349741
0.00423717
0.364426
0.00324913
-0.364609
0.00142349
0.372621
-0.00110108
-0.377176
0.000232017
-0.00172517
0.00565828
0.0046074
-0.000229974
-0.01137
-0.0256055
0.00263804
-0.0194074
0.304701
-0.0259451
0.221508
0.0103139
0.394007
0.0153465
-0.458159
-0.0653887
0.0617131
-0.313656
0.37862
0.140442
-0.187403
0.0158367
0.0276579
0.365561
-0.210407
0.000299609
0.0191746
0.0298899
0.00991264
0.0310005
0.00851108
0.00163711
-0.000950261
-0.373155
-0.436128
-0.000548244
0.000303319
-0.000100824
-0.000677765
-0.00198493
0.00162949
-1.36617e-06
-0.33132
0.000342551
0.340288
-0.335833
0.339905
-0.000127668
-0.344539
-0.000252232
-0.000403483
0.000102435
0.000190641
0.000201212
-0.000175199
0.000384325
-0.380668
-0.00130562
-0.00829919
-0.013609
-0.0158672
0.187068
-0.00282434
0.276236
-0.00298454
-0.284266
-0.00220244
-0.00237852
-0.00628234
0.243326
-0.000600275
0.260244
5.16292e-05
0.417227
-0.000273975
-0.410108
0.358315
-0.000179793
0.356644
-0.000624237
0.346252
-6.71421e-05
-0.340725
-0.00115069
-0.00209576
0.38753
-0.00188217
-0.387775
0.333248
-0.341602
-0.340937
-0.238182
-0.00117356
0.243578
-0.229414
0.224559
-0.002941
-0.24674
-0.0017155
-0.0017278
-0.00429515
-0.00336968
-0.00147455
-0.0010921
-0.00112252
-0.243503
-0.268888
-1.44639e-05
-0.000105771
-0.00066483
-0.00265471
-0.000416572
-0.00110605
-0.00593164
0.211747
-0.00886533
-0.215102
0.219704
-0.0159565
-0.210112
0.0225694
0.0110324
0.0222132
0.0411103
-0.261865
0.36988
-0.0846233
0.00520125
-0.000396876
0.00532555
0.0183272
0.0550314
-0.0169644
-0.00580516
-0.0067614
-0.00372352
-0.00123666
0.000355447
0.000134785
3.35307e-05
-0.000669183
-0.000865127
-0.35307
-0.000190502
-0.36636
-0.000395933
-0.351743
-0.353282
-0.00290178
-0.00166716
-0.00667577
6.11835e-05
0.00299538
0.000842507
0.000347669
0.00348295
0.00317291
0.0136523
-0.00127608
-0.0149064
-0.00918912
0.000410058
-0.000991113
-0.00985347
-0.0623009
0.00689796
-0.256817
-0.00759167
-0.285966
-0.305832
-0.0262844
0.313872
-0.377704
-0.139959
-0.0884246
-0.0841799
-0.0276926
-0.131642
-0.0608251
-0.365313
-0.000257238
-0.029831
-0.0308477
0.156041
-0.312308
-0.377216
-0.381259
-6.08602e-05
0.000531612
0.00036972
0.00201537
0.000158217
-0.000599493
0.00665855
0.00142485
-0.00382681
0.00165928
0.00802903
0.0019921
0.000634185
0.000391695
0.244752
0.296074
-0.00311429
-0.236663
-0.000515064
-0.000604484
0.0082161
0.00832192
-0.00158416
-0.0023759
-0.00404769
-0.00787714
-0.00754001
-0.00627593
-0.00906203
0.358165
0.631097
0.063337
0.00215397
0.000759414
-0.00404265
-0.00386724
-0.00226652
-0.00145464
-1.77269e-05
-0.000458428
-0.291318
-0.235822
-0.000179194
0.0157981
0.0247531
0.0186169
-0.00727147
-0.0205577
-0.140981
-0.334989
-0.245411
-0.173133
-0.23797
-0.167948
0.0126646
0.0131777
0.00331579
0.0136701
0.0208064
0.000202104
-0.000234564
-0.154675
-0.239698
-0.273016
-0.143201
0.00475392
0.00141084
-0.217239
0.00609443
0.00553582
0.00525698
0.0039067
0.0059471
0.00461959
0.00167081
0.00261732
-0.0483211
-0.501797
-0.0706464
-0.019056
-0.00434011
-0.00856684
-0.170083
-0.0108272
-0.0107626
-0.178428
-0.00610586
0.000587206
0.00105561
-0.000574914
0.00901743
0.0243953
0.0891345
0.170876
-0.341618
-0.415134
0.169234
-0.357056
-0.110176
-0.0155592
-0.00296253
0.00106514
0.00162761
0.00164512
0.00293872
0.013972
0.0845705
0.132236
0.0143067
-0.10391
-0.445318
0.00690906
-0.131979
-0.0154368
-0.240134
-0.370488
-0.00236718
-0.000879183
-0.000466184
-0.357449
-0.00411556
0.00154533
-0.0083331
-0.00593244
-0.00280873
-0.419801
-0.00438126
0.166666
2.14833e-05
-0.328363
-0.39197
-0.38893
-0.392353
-0.390154
-0.388481
-0.382896
-0.390821
-0.239355
-0.00097604
0.000982406
-0.10389
0.0220994
-0.108395
-0.129362
-0.00184041
-0.400822
-0.00134105
-0.000918029
-0.000331897
0.178064
-0.178809
-0.163107
0.179913
0.00145842
0.109992
0.00338586
-0.00174919
0.00134755
0.0252127
0.0385178
-0.332384
-0.00388667
-0.218295
-0.0267402
)
;

boundaryField
{
    face
    {
        type            calculated;
        value           nonuniform List<scalar> 
217
(
0.0333821
-0.0100103
-0.0036935
0.0044564
-0.00514317
-0.0213943
-0.00523836
-0.0251006
-0.00466557
0.00393783
0.076992
-0.00100555
0.0412111
0.023761
0.000541513
-0.0106795
-0.00224885
-0.00454227
0.0232505
-0.108229
0.00195483
0.0731434
0.00549006
0.0818723
0.0292775
0.0261197
-0.00128867
0.036905
-0.0222472
-0.00407543
-0.00904242
-0.00239377
0.0587196
0.00112201
-0.00386046
0.0478929
-0.000897403
0.0447275
-0.00309736
-0.00277803
-0.018893
-0.00223421
-0.0165515
-0.175402
-0.151447
0.0436075
-0.00277964
0.0462173
-0.00147724
0.0442377
0.001773
-0.00177081
-0.0152105
-0.00200214
-0.0140155
-0.152981
-0.163878
-0.00477332
-0.0191128
-0.168602
0.206741
0.149583
0.213893
0.029342
-0.114528
0.128892
-0.00782363
-0.125444
0.127173
-0.0117595
-0.140247
0.174495
0.100194
0.0844772
0.193621
0.0955437
0.0985199
-0.332043
-0.332127
-0.00285373
-0.0302781
0.135207
-0.0105953
-0.150038
0.131688
-0.0125637
-0.117166
0.122784
-0.489051
-0.304997
-0.330489
0.184887
0.0870536
0.0999551
0.189427
0.0962474
0.126784
0.281596
-0.13233
-0.00672949
-0.0057252
-0.266225
-0.0801549
-0.132091
-0.105436
-0.0759331
0.21502
-0.185847
0.198664
-0.105946
-0.116719
-0.0942116
-0.141841
-0.206735
0.19547
-0.221306
0.140924
-0.151219
-0.143099
-0.320673
0.00725683
-0.0341508
0.0204129
0.00223581
0.0251959
0.0107817
0.00479156
0.033721
-0.0193224
-0.000328258
-0.00885173
-0.000975559
0.0341582
-0.00688429
0.000198347
-0.00106952
-0.00670778
-0.019295
0.00049023
-0.0234292
0.000535915
0.0196282
0.00201808
0.00641175
-0.0342195
0.0477576
-0.000886615
0.0466291
-0.00164126
0.000803453
-0.0476064
0.00154712
-0.0468125
0.045011
-0.00173429
0.0476268
0.000297139
0.00159085
-0.0467799
0.00106417
-0.0476288
0.13379
0.00187938
-0.130822
0.123117
-0.0191995
-0.00627084
-0.190402
-0.242958
-0.0661905
-0.106357
-0.162703
-0.0874556
-0.0880056
-0.169504
0.100253
0.0868701
0.178905
0.146655
0.211289
0.198463
-0.114721
0.0283419
0.128044
-0.121623
-0.0052778
0.125219
-0.130442
-0.00592116
0.00617469
0.190914
0.243225
0.0191746
-0.123015
0.131046
-0.00179847
-0.133816
0.134213
-9.29053e-06
-0.134181
0.0665702
0.107747
0.1631
0.0882478
0.0957585
0.178992
-0.105717
-0.0666597
-0.162215
0.129927
-0.130549
-0.000958659
0.122089
-0.189854
-0.00642206
-0.24114
-0.0199414
)
;
    }
    outlet
    {
        type            calculated;
        value           nonuniform List<scalar> 
217
(
-0.00707493
0.00925452
-0.0128198
-0.00812061
-0.0148207
-0.0106274
0.00370146
-0.00978288
0.0121533
-0.000304864
0.00871945
-0.000147843
-0.00968097
0.00928421
0.000989149
0.00393931
0.00854649
0.0126926
0.000365261
0.0137998
-0.000291399
-0.0128019
-0.00451242
-0.00896436
0.0095331
-0.0319184
0.000266798
-0.0347562
0.000384272
-0.000903243
0.0316912
-0.000103068
0.0361286
-0.0346838
0.000442885
-0.0317443
0.000529505
-0.000123582
0.0352261
-0.000257533
0.0319733
-0.103199
-0.00341633
0.0940205
-0.112466
-0.00842749
-0.02598
0.143392
0.174363
0.0398112
0.0724251
0.112146
0.0550501
0.0607149
0.120405
-0.0659865
-0.0531402
-0.123197
-0.103367
-0.159476
-0.141319
0.11618
-0.00695594
-0.0875713
0.0942877
0.00702555
-0.0932419
0.0931161
-9.45302e-05
-0.159222
-0.103525
-0.140913
-0.00670981
0.116483
-0.0879783
0.00855924
0.0965449
-0.0962789
0.00406766
0.100618
-0.0529201
-0.0663135
-0.123309
-0.0600803
-0.0604003
-0.127384
0.065142
0.0531389
0.122499
-0.0941567
0.0870773
-0.0071159
-0.115732
0.102573
0.157823
0.139241
0.00678263
-0.00877526
0.008148
0.000490549
0.00933366
0.0118521
0.0147524
0.00161563
0.0167204
0.00191485
-0.00591101
-0.0609346
-0.00250048
-0.0378224
-0.0408673
-0.0284435
0.00255716
-0.0176906
-0.00339131
-0.0328028
0.0274275
-0.00586456
-0.0588448
-0.00705982
-0.0629378
-0.0405352
-0.0393111
0.00813511
-0.0125782
0.0152262
0.00205169
0.00946767
0.00195681
0.00129135
0.00514173
0.00435307
-0.0325096
0.000634581
-0.0368575
0.000106918
-0.000599306
0.00652665
-0.000250354
0.00985743
0.118336
0.107783
-0.0355186
6.03428e-05
-0.0337296
0.000374585
-0.0188953
0.000185657
-0.000311154
0.00971014
-0.000718793
0.00759655
0.106698
0.112491
-0.000739521
0.000551774
0.0953348
-0.174408
-0.143204
0.0268848
0.00933017
0.113175
-0.0953919
0.00614672
0.107517
-0.107357
0.00246129
0.109619
-0.11123
-0.0707677
-0.0408307
0.0986688
-0.155108
0.1527
-0.159101
0.0659969
0.0845186
0.048852
0.137247
0.1681
-0.171507
0.170999
-0.171007
0.125004
0.162288
-0.0325042
-0.125371
-0.0596305
-0.0581344
0.224332
0.218336
-0.00286652
-0.0169996
-0.112972
-0.00097604
0.104677
-0.12252
-0.0143937
0.0495557
-0.152166
0.388695
0.216995
0.230296
-0.12512
-0.0518015
-0.064256
-0.131979
-0.0640966
-0.0873913
-0.235411
0.129644
0.0118519
0.00594219
0.202124
0.0510915
0.0884115
0.0706699
)
;
    }
    wall
    {
        type            calculated;
        value           nonuniform List<scalar> 
1558
(
0.00141176
0.00129762
-0.000753151
0.000313105
-0.000179167
0.000383884
-0.0108365
0.0603988
0.000563217
-0.00310525
0.00207718
0.000102731
0.00167367
0.000197789
0.000988184
-0.000354525
0.00102376
9.47387e-05
0.000148597
0.000368979
0.000326483
0.000375326
-0.00328316
0.00155777
0.000196513
0.000380775
-0.000342307
0.000241612
0.201751
0.00778835
0.000293487
0.00047807
-0.000492779
0.000278988
0.000565468
0.000412338
0.00426437
0.000777856
-0.000756854
-0.0620686
0.0107675
-0.00261463
0.0087258
0.00258315
-0.00230223
-0.00112627
-0.00172764
-0.000126405
-0.0074003
-0.197604
0.0180265
0.00445848
0.00697841
0.00215858
0.00271338
0.0015579
0.00144063
0.000983342
0.00115687
-0.0184368
0.00364668
-0.00319056
0.00210498
0.000293917
0.000846133
8.03952e-05
0.00101007
0.000632166
0.00132968
0.000624596
0.00224523
0.00110344
0.000507626
0.00208222
-0.0170114
0.000986597
0.000127845
-0.000361522
-0.000551793
-0.000878305
-0.00150846
-0.00180678
-0.00267616
9.05817e-05
-0.00127411
0.017133
-0.137642
0.152764
0.00385144
-0.106224
0.157648
0.0188483
0.00709314
0.184021
0.069704
0.134043
0.178033
0.291395
0.0692555
0.165343
0.0341427
-0.00558222
-0.00446431
0.0103412
-0.0161962
-0.00462952
-0.128921
0.0275405
0.207282
-0.170605
0.000539798
0.173433
-0.0108172
0.142387
0.234217
0.084758
-0.16917
0.16675
-0.164953
-0.168664
-0.00186848
0.16113
-0.15852
-0.000999725
0.153955
0.00693143
-0.0296666
-0.00387423
-0.0295595
-0.396922
-0.0827645
0.000384211
-0.322042
-0.22665
0.0816268
-0.0331938
-0.176045
0.169984
0.00762459
-0.158391
0.174991
0.00781212
-0.156044
0.16369
0.00290527
-0.151496
-0.0008526
0.148275
-0.148151
-0.00195483
0.139321
-0.153105
-0.0119402
0.115954
-0.175001
-0.0650168
-0.00239715
-0.234526
-0.145159
0.0108076
-1.26267e-05
-0.146403
0.151007
0.00110728
0.165097
-0.166498
0.169353
-0.083714
0
0
0
0
0
0
0
0
0
0
0
0
0
0
0
0
0
0
0
0
0
0
0
0
0
0
0
0
0
0
0
0
0
0
0
0
0
0
0
0
0
0
0
0
0
0
0
0
0
0
0
0
0
0
0
0
0
0
0
0
0
0
0
0
0
0
0
0
0
0
0
0
0
0
0
0
0
0
0
0
0
0
0
0
0
0
0
0
0
0
0
0
0
0
0
0
0
0
0
0
0
0
0
0
0
0
0
0
0
0
0
0
0
0
0
0
0
0
0
0
0
0
0
0
0
0
0
0
0
0
0
0
0
0
0
0
0
0
0
0
0
0
0
0
0
0
0
0
0
0
0
0
0
0
0
0
0
0
0
0
0
0
0
0
0
0
0
0
0
0
0
0
0
0
0
0
0
0
0
0
0
0
0
0
0
0
0
0
-0.245945
0.00738335
-0.00705417
-0.00784814
0.00398778
-0.0018251
0.00860509
0.00350308
0.000572083
-0.00159146
-0.000345029
-0.000794292
0.0606198
-0.0131665
0.0121951
0.00202823
0.00154631
-0.000358649
-0.000286423
-0.000180214
-5.55262e-05
-0.000434512
-0.0120211
-0.00124673
-0.0341176
-0.0814739
-0.00113702
-0.00900258
-0.000394707
0.000598537
-0.0181333
-0.00154245
4.06335e-05
0.00159146
0.000129334
0.00117231
0.000820067
1.83394e-05
0.000996942
-0.000213571
-5.16301e-05
-2.2944e-05
-6.38954e-05
-0.00016872
-0.00342846
0.00131868
-0.000228896
-0.000260923
-0.00075671
-0.000120672
0.202023
0.00807216
0.000994989
-2.32209e-05
0.000953345
-0.000565994
0.00156013
-0.000569183
0.000345673
-0.00202453
0.00559055
-0.00386618
0.0177761
0.0085468
0.0317454
-0.00288202
0.00269159
-0.00293344
-0.001834
-0.00152781
-0.00105633
-0.000577533
-0.000149113
-7.13608e-05
-0.00473157
-0.00519537
0.00235404
-0.000234882
0.00379804
0.000646951
0.00350828
-0.0363199
-0.0108978
0.000510716
0.00174652
0.000307524
0.000651003
-0.00319664
-0.00146083
0.000339558
0.000310456
0.00126053
0.000832316
0.00231503
0.00183942
0.000636337
0.00333321
-0.0166656
0.00284283
0.00017919
2.69534e-05
0.000105726
-0.000567464
-0.001592
-0.00188618
3.86376e-05
-0.00165996
4.02009e-05
-0.00335326
-0.00121752
0.00857498
0.00117959
0.00207163
0.0151677
-0.239749
0.238307
-0.25482
0.222939
-0.267174
-0.263968
-0.382371
0.152362
-0.276401
0.255518
-0.248674
0.254465
-0.235152
0.238538
-0.227515
0.0850545
-0.170704
0.170303
-0.170175
0.226225
-0.220314
0.218452
-0.213179
0.216802
-0.200499
0.225131
-0.148481
0.174863
-0.179139
0.175774
-0.175754
0.286429
0.269322
0.0878797
0.300183
0.211917
0.00658495
0.0858595
0.231125
-0.0136842
-0.0136495
-0.145185
0.0145329
0.19381
-0.163649
0.00303603
0.172419
0.106547
-0.00694422
-0.0160438
-0.165664
0.000752894
0.167746
-0.155843
0.000250865
0.155398
-0.0081957
-0.00555927
-0.207793
-0.0312523
0.00308765
0.00401251
0.00115125
-0.156563
-0.000306703
0.154237
-0.149289
-0.00296357
0.141124
-0.158934
-0.0122641
0.116974
-0.178989
-0.0660693
-0.00198021
-0.235439
-0.145564
0.0123969
0.0046097
0.000395157
0.00261339
0.0211151
-0.0843794
0.236422
-0.224259
0.225363
0
0
0
0
0
0
0
0
0
0
0
0
0
0
0
0
0
0
0
0
0
0
0
0
0
0
0
0
0
0
0
0
0
0
0
0
0
0
0
0
0
0
0
0
0
0
0
0
0
0
0
0
0
0
0
0
0
0
0
0
0
0
0
0
0
0
0
0
0
0
0
0
0
0
0
0
0
0
0
0
0
0
0
0
0
0
0
0
0
0
0
0
0
0
0
0
0
0
0
0
0
0
0
0
0
0
0
0
0
0
0
0
0
0
0
0
0
0
0
0
0
0
0
0
0
0
0
0
0
0
0
0
0
0
0
0
0
0
0
0
0
0
0
0
0
0
0
0
0
0
0
0
0
0
0
0
0
0
0
0
0
0
0
0
0
0
0
0
0
0
0
0
0
0
0
0
0
0
0
0
0
0
0
0
0
0
0
0
0
0
0
0
0
0
0
0
0
0
0
0
0
0
0
0
0
0
0
0
0
0
0
0
0
0
0
0
0
0
0
0
0
0
0
0
0
0
0
0
0
0
0
0
0
0
0
0
0
0
0
0
0
0
0
0
0
0
0
0
0
0
0
0
0
0
0
0
0
0
0
0
0
0
0
0
0
0
0
0
0
0
0
0
0
0
0
0
0
0
0
0
0
0
0
0
0
0
0
0
0
0
0
0
0
0
0
0
0
0
0
0
0
0
0
0
0
0
0
0
0
0
0
0
0
0
0
0
0
0
0
0
0
0
0
0
0
0
0
0
0
0
0
0
0
0
0
0
0
0
0
0
0
0
0
0
0
0
0
0
0
0
0
0
0
0
0
0
0
0
0
0
0
0
0
0
0
0
0
0
0
0
0
0
0
0
0
0
0
0
0
0
0
0
0
0
0
0
0
0
0
0
0
0
0
0
0
0
0
0
0
0
0
0
0
0
0
0
0
0
0
0
0
0
0
0
0
0
0
0
0
0
0
-0.0135485
-0.0623009
-0.0193823
0.0136523
0.00299538
0.00317291
6.11835e-05
-0.00985347
-0.00651464
-0.000991113
-0.00198493
0.00156612
0.000355447
0.000297234
0.000134785
-0.0841799
0.0134611
-0.029831
0.00106514
-0.000677765
0.00162761
-0.000100824
9.51108e-05
3.35307e-05
0.000213928
0.000102435
-0.00667577
-0.00580516
-0.00372352
0.0183272
0.0550314
-0.00123666
0.00532555
-0.000438038
-0.000396876
0.0110324
-0.00110605
-0.00024186
-0.00066483
-8.6174e-05
-0.000105771
-0.00265471
-0.0017278
0.00164512
0.000303319
0.00293872
0.00163711
0.000261944
0.000190641
1.98843e-05
0.000201212
0.013972
0.00851108
0.0845705
0.0310005
-0.000950172
0.000142837
-0.00142893
7.95491e-05
0.0298899
-0.0130184
0.000264245
7.8144e-05
-1.44639e-05
0.000360051
-0.00130562
-0.0010921
-0.00237852
0.00123212
-0.00829919
0.00156379
-0.0308477
-0.013609
-0.0149064
-0.00127608
0.000842507
-0.00918912
0.000410058
0.00348295
0.000347669
0.00162949
-1.36617e-06
0.00179073
0.00204176
0.000454824
-0.000252232
-0.000134629
-0.000403483
-0.00166716
-0.0067614
-0.0169644
-0.00290178
-0.00770191
-0.00202584
-0.00448223
0.0225694
0.00520125
-0.00115069
-0.00209576
-0.000669183
-0.000865127
-0.000416572
-0.0017155
0.00202701
0.00135537
-0.000548244
-0.000495876
-0.000950261
-0.000544409
0.00226854
0.0158367
-0.00161792
-0.000599317
-0.00159053
-0.000366896
0.0276579
0.00991264
0.00085185
-0.000395933
-0.000190502
-0.000175199
0.000384325
-0.00147455
-0.00112252
9.76547e-05
0.00120746
0.000120407
0.00137981
-0.00220244
-0.0158672
-0.000936861
-0.00990825
-0.0276926
-0.227969
0.21541
-0.229414
0.224559
0.236434
-0.236676
0.246179
-0.244328
0.261114
-0.244336
0.28703
-0.187403
0.37862
0.132236
0.365561
-0.210407
0.239646
-0.236152
0.235674
-0.234279
0.234282
-0.243503
0.243326
-0.259128
0.243489
-0.285966
0.187068
-0.235736
0.235964
-0.239355
0.210381
-0.377704
-0.365313
-0.131642
0.0169349
-0.108783
0.0101758
0.00381145
-0.0242442
-0.00440205
-0.139959
0.00689964
-0.000257238
0.00092308
0.00381093
-0.00215385
-0.015743
0.159881
0.0222132
-0.00593164
-0.00693464
-0.00429515
0.00499338
0.00725844
0.0300753
0.140442
0.000299609
-0.00681025
-4.8447e-05
-0.00359933
-0.00628234
-0.0294138
-0.088027
-0.271053
-0.289654
0.177198
-0.178554
0.185263
-0.183303
0.15017
-0.231078
0.204194
-0.223853
0.218701
-0.224539
0.228023
-0.229353
0.186103
-0.191326
0.18553
-0.190479
0.179133
0.188023
0.28998
-0.125376
0.219704
-0.215102
0.211747
0
0
0
0
0
0
0
0
0
0
0
0
0
0
0
0
0
0
0
0
0
0
0
0
0
0
0
0
0
0
0
0
0
0
0
0
0
0
0
0
0
0
0
0
0
0
0
0
0
0
0
0
0
0
0
0
0
0
0
0
0
0
0
0
0
0
0
0
0
0
0
0
0
0
0
0
0
0
0
0
0
0
0
0
0
0
0
0
0
0
0
0
0
0
0
0
0
0
0
0
0
0
0
0
0
0
0
0
0
0
0
0
0
0
0
0
0
0
0
0
0
0
0
0
0
0
0
0
0
0
0
0
0
0
0
0
0
0
0
0
0
0
0
0
0
0
0
0
0
0
0
0
0
0
0
0
0
0
0
0
0
0
0
0
0
0
0
0
0
0
0
0
0
0
0
0
0.00170963
0.00180027
0.000251674
-0.00119064
-0.000504604
-0.00196343
0.00175466
0.0322755
-0.105154
0.00197402
-0.0200129
-0.000401427
-0.000501338
0.228838
-0.00371724
-0.00383579
-0.00732659
0.0248453
0.0021307
0.00344843
-0.000748374
-0.00177063
-0.000466574
-0.00110974
0.00885959
0.00737312
0.000916942
-0.000455703
0.0044836
-8.6603e-05
-0.244962
-0.00543219
-0.00204197
-0.00467094
-0.000689755
-0.0018844
-0.00246759
-0.00375774
-0.00471395
0.000482517
-0.00794883
0.00142494
-0.0302668
-0.0146401
-0.0847577
0.0574604
-0.0036368
0.00246096
-0.00221859
0.00112355
0.00343665
0.00149238
0.00164733
0.000283909
0.0116918
-0.0294636
-0.00863869
-0.00171421
-0.00432979
-0.000882233
-0.00181702
-0.000936794
-0.000979269
-0.000643162
-0.00183357
-0.00423437
-0.00194529
-0.0027393
0.090791
-0.00130921
-0.000884124
-0.000869436
0.000738049
-0.000616744
-0.000198654
-0.000918029
-0.000359635
-0.00148649
-0.00122154
0.00319196
-0.00238155
0.0321815
-0.000983497
0.000890475
0.00483114
0.00102383
0.00219847
-0.0419941
-0.00309392
0.000508481
0.00229595
-0.000456097
0.0013403
-0.00474934
-0.017653
-0.00319627
-0.011384
-0.0300369
0.0570389
0.132064
-0.171518
-0.0232653
0.0152338
-0.083639
0.154602
-0.155558
-0.00466852
-0.0767186
0.168802
0.164975
0.00127719
-0.16169
0.173741
0.00271027
-0.163024
0.19167
0.0157825
-0.143012
0.230773
0.0862247
0.00748711
0.298488
0.210598
-0.0108962
-0.00646702
-0.0129215
-0.00537417
-0.0293323
-0.138335
-0.103524
-0.137133
-0.2246
-0.0257608
-0.114899
-0.0146208
0.011813
0.0107076
-0.00753648
0.014356
0.00557377
0.107909
-0.0210281
-0.168556
0.148655
0.000147253
-0.150689
0.00391359
-0.000872316
0.0336494
0.103033
-0.0836415
0.234492
-0.218958
0.223206
-0.0813804
-0.179042
0.236717
-0.244715
0.243458
-0.254427
0.244885
-0.283843
0.184112
-0.229241
0.230494
-0.238371
0.208091
-0.377052
-0.364418
-0.129092
0.157289
0.00216976
-0.150631
0.159644
0.00134437
-0.155454
-0.0137653
0.00331488
-0.00192075
-0.0144562
0.00216248
-0.0109269
0.125521
0.478087
)
;
    }
}


// ************************************************************************* //
