/*--------------------------------*- C++ -*----------------------------------*\
| =========                 |                                                 |
| \\      /  F ield         | OpenFOAM: The Open Source CFD Toolbox           |
|  \\    /   O peration     | Version:  2306                                  |
|   \\  /    A nd           | Website:  www.openfoam.com                      |
|    \\/     M anipulation  |                                                 |
\*---------------------------------------------------------------------------*/
FoamFile
{
    version     2.0;
    format      ascii;
    arch        "LSB;label=32;scalar=64";
    class       volScalarField;
    location    "1.2";
    object      gradTy;
}
// * * * * * * * * * * * * * * * * * * * * * * * * * * * * * * * * * * * * * //

dimensions      [0 -1 0 1 0 0 0];

internalField   nonuniform List<scalar> 
5712
(
12648.1
7298.08
20402.2
13439.2
22325.9
16582.8
34808.7
43509.8
45883.9
56518.1
29786.3
25985.6
18897.9
15059.7
9524.82
6454.86
20908.9
21078.3
18152.4
21158.3
28226.5
24849.7
32914
26277.1
8829.59
6259.6
4996.91
3736.83
10463.2
8481.44
6425.17
5257.73
19643.4
20112.6
19786.4
16242.9
15062.5
12054.1
12036.5
13762.2
19350.1
19358.2
41091.1
42606.5
28747.1
29752
16879.1
14237
18114.9
12862.8
8428.57
8736.91
7137.3
10599.5
3751.59
4695.54
9739.4
14065.6
5857.59
7020.1
10627.6
18885.7
7435.03
12576.9
2804.33
7419.74
2339.61
5514.6
18422.5
22891.7
19311.2
22977.6
22400.4
22508.3
23113.6
22407.4
16646.2
22734.3
16845.7
22330.9
19159.9
22929.5
19233.9
22940.2
23488.5
22237.2
23507.6
22088.2
15475.5
22899.8
14997.3
23027.3
19486.2
23474.5
24598
35201.5
20675.3
27436.2
24410
38644.6
18463.8
20518.5
24671.7
33651.9
18282.9
19147.1
24943.8
33333.5
6420.91
8588.98
16537.6
29641.2
7822
9050.08
20976.8
33177.9
9515.41
9664.35
26145.4
36178.3
25599.9
26702.9
22391.4
22324
33961.8
26673.6
25781.6
22739
20214.7
39345.5
24407.9
24618.6
22556.2
23386.1
44191.5
2389.28
2898.01
5253.53
12640.8
3347.83
3872.61
7064.57
13797.8
4865.78
4145.41
9379.82
15324.3
25926.7
24786.6
23850.5
22634.6
21240.1
18653.1
16420.2
14152
12095.2
17501.2
23842.9
22355
24559.2
23524.4
21934.7
20061.9
18748.8
16546.9
12772.8
17351.2
24655.2
27555.2
24689.5
28398.2
23373.3
23901.4
22940
24278.3
22967.7
23268.7
22748.5
22525.9
24544.4
28584.5
24486.4
28620.7
22339.9
24685.4
22207.5
24688.7
23060.6
23216.8
23092.2
23234.4
19736.5
18726.1
12862.6
14488.6
19643.5
18291.8
12708.1
14721.7
19979.6
18632.7
13124.9
14467.5
20064.7
18439.2
13530
14448
1847.78
1156.85
756.047
1017.14
631.307
577.079
2605.6
1395.67
991.442
1955.37
1474.15
1199.08
2873.02
2127.23
2023.36
3387.21
2590.35
2235.61
22526.6
19143.4
16956.7
21124.3
18505.3
16645.7
15406.4
13488.4
12415.8
10879
8755.68
7818.64
5211.21
3522.96
2842.64
20641.4
17924.4
15908.9
21712.2
18533
16308.4
16491.7
13151.2
11317.1
11026.2
8107.01
6896.68
5507.51
3474.27
2642.57
28200.8
27287.4
30990.3
27501
31974.2
27526.1
38992.9
29264.3
21517.8
21468.9
21344.1
19536
24193.7
22419.3
23907.5
20150.2
23660.3
23266
21739
23009.7
28411.2
25802.4
29167.6
29740.8
32015.2
33260.3
24100.9
25128.3
21575.7
21008.1
25979.5
26744.8
16425
8858.25
15468.4
9800.23
16712.1
8937.7
15471.8
9742.14
16519.7
8973.85
15480.7
10155.8
15124
10626.1
15342.1
10524.9
21505.1
18071.3
21606.1
18185.4
23980.7
21410.2
24479.3
21360.9
20963
14947.1
21645
14637.1
22244.2
18182.3
22603.2
18002.2
25294.8
21288.7
25403
21058.8
20897.4
15053
20897.4
14970.2
13549.8
8993.69
11687.3
7627.53
12503
8039.99
11155.5
7124.63
13956.9
9558.69
11915.4
7862.9
14004.3
9883.82
11889.6
7915.08
2570.48
1342.33
4767.38
2694.93
2728.2
1619.93
5063.76
3165.96
3328.05
2405.2
5580.55
4047.38
12780.3
20158.3
9169.62
8781.23
6395.17
19537.9
13336.4
7703.19
7747.98
5271.23
20603.1
15950
12510
9663.48
6244.5
717.4
501.995
1653.78
1246.18
974.037
632.14
2193.17
1726.86
1644.81
1170.27
3048.03
2441.11
19492.5
18201.2
12891.3
11818.4
8195.53
7814.91
6861.33
5887.95
4474.69
3581.08
18494.5
16241.1
14020.4
11754
10703.5
8968.15
8069.78
6801.03
5444.8
5011.56
14598
11235.9
14816.6
11123.9
17949
14428.7
18074.5
14447.9
12121.3
9281.22
11670.1
9187.76
14903
11043.1
14832.3
11045.3
18093.7
14843.5
17956.6
14837.9
12395.7
9207.47
12379.9
9328.59
9312.3
7377.51
6381.35
6220.93
8914.16
7130.77
6087.09
5841.46
9732.33
7557.71
6552.56
6573.39
9950.45
7556.85
6799.24
6664.38
1232.09
1049
850.073
5231.21
2735.02
2192.43
1209.38
1155.26
1003.21
5764.71
3278.1
2721.21
1705.78
1842.63
1841.28
6523.5
4176.99
3631.54
16194.7
14249.9
13009.6
10626.8
9658.45
9108.11
7435.02
6876.89
6628.95
6065.53
5527.1
5213.71
7604.37
5243.38
4604.11
13993.8
12025.6
10798.5
9941.55
8579.36
7836.61
7876.48
6780.06
6207.34
7187.86
5976.85
5320.01
9380.69
5952.12
5154.52
4808.36
2823.71
1744.46
1138.51
5383.04
3053.81
1836.06
1171.01
4837.16
2826.28
1750.09
1145.06
5497.67
3118.84
1882.47
1197.87
4838.2
2808.89
1779.4
1166.58
5615.22
3164.1
1952.69
1236.19
6028.17
3337.81
1961.13
1237.01
6188.6
3454.68
2001.48
1263.44
5145.2
2988.89
1863.17
1196.71
4313.97
2669.8
1729.36
1141.99
4555.39
2728.31
1756.97
1139.7
4003.28
2528.1
1666.48
1104.99
5540.04
3184.14
1930.72
1229.57
4500.47
2772.22
1767.26
1168.75
5756.97
3314.72
1981.99
1262.05
4582.78
2844.67
1803.27
1193.62
3688.74
2448.11
1606.91
1085.96
2541.37
2011.1
1440.36
1019.4
3707.6
2442.96
1609.32
1086.32
2646.56
2040.51
1450.65
1025.57
3807.55
2452.41
1632.55
1102.63
2951.79
2130.61
1487.13
1049.6
3791.61
2412.09
1619.56
1129.49
3221.65
2198.58
1538.81
1057.9
3590.15
2362.34
1595.8
1089.78
1471.79
1667.84
1172.84
356.928
374.528
1483.94
1071.43
362.053
1672.42
1735.64
1201.44
375.726
601.689
1557.52
1095.39
369.992
2057.85
1857.57
1240.78
375.373
1000.57
1684.2
1128.91
374.575
2544.92
2007.52
1307.69
406.993
1451.4
1830.13
1180.28
391.15
2898.05
2151.33
1391.84
467.978
1637.67
1949.84
1229.12
405.968
3125.42
2318.51
1428.18
451.026
1525.38
2097.29
1322.05
432.754
3035.47
2245.53
1402.38
449.965
1454.83
2030.09
1274.78
417.206
3167.65
2368.68
1439.15
424.329
1515.05
2151.75
1349.12
435.268
3232.3
2417.53
1471.34
431.451
1609.58
2203.77
1381.25
444.645
812.371
527.244
314.749
163.875
50.4944
806.441
526.574
315.081
164.136
50.5776
823.135
532.452
316.966
164.788
50.7439
821.763
533.201
317.996
165.366
50.9169
845.998
539.715
319.788
165.928
51.0542
842.065
540.775
321.337
166.788
51.3115
851.473
549.014
325.629
168.731
51.8621
870.413
560.355
331.518
171.425
52.6299
868.473
548.27
323.745
167.649
51.5355
922.103
558.106
326.395
168.544
51.7648
872.391
545.943
321.875
166.716
51.2643
920.693
554.448
324.326
167.593
51.4937
875.342
555.439
327.562
169.392
52.031
939.009
565.03
329.836
170.103
52.2082
895.998
566.514
333.091
171.895
52.743
960.827
574.921
334.603
172.252
52.8197
831.2
529.563
314.661
163.661
50.4205
868.481
532.366
314.698
163.539
50.3762
841.621
533.717
316.343
164.339
50.6037
877.067
535.562
315.999
164.063
50.5181
863.358
540.626
318.956
165.385
50.8876
895.98
541.388
318.291
164.994
50.7712
895.83
548.252
321.554
166.4
51.1614
918.492
547.59
320.851
166.058
51.0629
925.823
552.141
322.998
166.987
51.3214
12588.1
19592.9
13019.2
19735.8
13600.7
19836.7
13834.1
19709.6
12948.1
18549.8
11569.1
13111.3
11724
14010.4
11558.7
12866.5
11731.7
12969
11278.8
1941.74
417.838
94.4331
16.8278
12581.4
3597.29
878.71
200.77
35.7561
11287.7
1911.19
408.801
92.1213
16.3804
12563.6
3553.53
865.769
197.042
34.8133
11200.9
1874.49
398.357
89.5141
15.8986
12439.2
3489.99
847.265
192.389
33.9719
10865
1782.63
376.207
84.4672
15.0097
12055.5
3358.38
813.802
184.754
32.6242
10067.9
1611
339.813
76.6554
13.6689
11193.5
3128.3
761.567
173.607
30.7302
8616.33
1434.92
313.154
71.9603
12.9543
8831.69
2600.66
651.869
151.47
27.1248
9069.81
1486.09
320.344
73.0922
13.1058
9550.86
2805.9
696.391
160.344
28.5344
8417.68
1415.26
310.285
71.49
12.8866
8549.89
2500.61
627.398
146.317
26.2909
8351.77
1398.24
306.257
70.5892
12.7147
8513.19
2470.54
618.115
144.488
25.9254
35720.5
51325.3
50005.8
34529
19974.7
21090.1
29522
31008.3
23365.9
26362.9
37462.1
51554.6
47510.1
63356
30873.6
35379.1
24065.5
25833.2
12999.4
14302.1
4726.51
2986.96
542.435
376.75
427.5
361.505
476.486
4416.28
4133.34
2402.06
3269.03
2983.59
1219.02
1788.51
1529.54
952.223
1116.34
877.086
4038.04
1962.39
1088.95
947.894
1300.96
1102.01
811.824
732.905
645.11
550.065
821.62
730.593
4328.05
2465.53
2871.58
1685.33
1310.5
1984.95
822.029
582.374
922.986
9333.42
8887.85
8529.21
8984.56
13852.3
6419.44
6964.72
7185.11
7647.84
8596.51
1405.65
1960.4
2350.97
2599.4
2722.72
987.36
1400.16
1702.6
1898.4
1994.66
1119.5
1584.85
1922.55
2138.24
2242.86
949.492
1350.62
1646.13
1837.41
1931
1242.64
1748.6
2110.87
2341.19
2453.43
9027.74
8831.1
8230.31
8215.25
12139
8437.55
8107.03
7418.92
7200.02
7951.48
5369.42
6058.48
6210.75
6344.54
6664.68
6850.1
6841.48
6327.26
6009.83
6004.93
6254.65
6318.28
5850.24
5478.24
5350.43
2972.23
3786.9
4208.8
4429.87
4546.87
4145.38
4910.49
5167.74
5274.98
5373.7
3601.19
4356.46
4635.1
4722.6
4758.8
2381.72
3146.56
3594.23
3839.11
3954.06
2739.57
3519.34
3926.24
4125.08
4213.3
2210.8
2952.17
3398.21
3642.82
3753.52
8410.42
8496.4
8144.99
8343.08
12457.8
4536.13
5387.98
5756.66
6043.42
6414.78
2697.37
3518.32
3989.95
4262.29
4411.2
2376.82
3158.27
3640.09
3931.68
4088.79
3162.56
4026.43
4504.27
4806.79
5019.63
2734.22
3583.05
4096.76
4423.18
4619.74
2060.28
2789.21
3269.88
3574.8
3737.57
1875
2564.53
3023.93
3307.62
3449.68
1663.12
2297.91
2725.96
2983.97
3105.83
1427.72
1993.77
2388.96
2634.45
2752.37
2083.92
2811.41
3270.8
3539.38
3669.43
1868.24
2552.36
3003.68
3277.38
3411.74
8754.62
8598.68
8305.03
8698
13258.4
5470.82
6198.52
6541.25
6982.02
7700.2
6482.81
7218.64
7330.88
7714.54
9045.6
3994.91
4935.1
5454.3
5859.7
6235.76
3200.39
4108.08
4640.65
5002.99
5257.5
4594.8
5484.56
5905.33
6262.99
6711.29
2085.64
2820.75
3300.82
3600.81
3758.57
1506.08
2092.82
2499.43
2753.43
2877.62
2321.09
3098.69
3588.27
3891.16
4055.72
20134.3
13449.6
20677.2
14868.8
26564.5
38601
27884
38511.3
21162.3
22213.9
18247.9
21587.6
23708.1
22312.1
30661.1
24758.5
15751.9
15068.1
7716.54
6724.66
17100.7
15930.4
8827.62
7326.15
21263.5
22857.5
21577.2
19504.1
22258
14626.5
11967.5
13785.4
19472.9
19402.1
40899.2
42634.3
28178.2
29623.2
17730.7
14435.4
19123.8
13063.3
9319.16
8963.49
16190
18146.4
6746.37
7445.6
17700.4
20505.4
8365.83
9344.42
16689.3
23811.6
9652.99
15135.5
3331.61
8315.37
2449.01
5692.75
19493.4
22147.9
19453.1
22569.2
20842.2
21003
22113.5
21593.8
18091.8
22837.6
20583
22530.9
19124.9
22718.4
19205.9
22872.3
22997.8
21834
23368.4
21965.3
15972.7
22937.9
15099.7
23032.6
20715
25003
25061.2
35690
22664.5
29865.9
25240
39477
19052.5
21285.9
24893
33907.6
18442.9
19366.8
25003.5
33411.2
22283.7
24001.2
28412.9
42570
22262.9
22667.7
30327.2
43001.4
21696.5
21208.6
32469.6
42375.7
19671.1
20084.7
21591.1
23636.5
36717.3
19213.4
18330.4
22934.5
21434.6
42256.6
20047
21389.7
21780.7
24404.2
45348
12598.9
11337.9
12158
16142
13821.9
12466.2
12563
16517
15278.7
13008
13083.5
16772.2
18386.8
17290.3
17625.5
16791.9
21033
19227.6
17694.9
15676.9
13641.7
17410.2
19505.9
18878
21146.1
20920.3
20818.4
19303.5
19395.8
17058.6
13372.6
16729.9
23128
25849.4
23974.3
27520.6
21388.5
22064.5
22027.4
23397.5
22681.9
22836
22198.6
21811.7
24210.8
28181.1
24387.8
28504.4
21926.8
24271.6
22087.2
24570.2
22912.7
23008.4
23045.5
23174.3
19795.6
18635.1
13019.1
14485.6
19825.5
18227.9
13058.9
14698.9
19993.6
18579.2
13191.6
14469.2
20065.4
18422
13548.9
14448.1
10248
10422.8
4522.83
4120.54
11434.4
11006.9
5063.05
4806.28
11099.1
10258
5729.25
5482.27
16633.8
15828.7
16663.9
16487.9
17074.7
16268.8
13187.6
11559.2
6803.85
5501.43
18657.9
17525.7
20539.9
19342
16788.1
15191.2
12383.4
10342.5
6215.1
4501.15
23010.3
21606.8
28752.6
24741.9
26080.3
22934.2
36398.3
26974.8
20828.7
16840.2
22969.6
17863.5
20661.2
17137
23068.8
18139.3
21513.4
18751.8
19279.2
17654.1
21415.2
23059.8
27829.5
29345.2
30984.6
32978
22812.6
24693.8
20455.2
20691.2
24416.7
26222.6
13499.4
9846.52
14065.6
10109.7
13800.6
9775.92
14300.2
9986.4
13716.2
9645.14
14295.6
10223.8
14415.3
10576.9
15101.8
10499.1
17575.8
16795.7
19681.3
17398.3
20487.3
19427.8
22673.4
20278.8
19071.8
14608.7
17862.1
14299.8
21303.1
17765.6
22326.6
17876.2
24447.4
20753.2
25163.4
20899.1
19951.1
14841.4
20616.5
14903.6
13077.7
9302.98
11809
7941.82
12342.8
8952.24
11639
7826.52
13609.9
9646.82
11930.4
8001.16
13885.9
9898.96
11889.8
7958.37
12768.4
12565.4
9183.65
8415.58
12902.8
12692.6
9048.96
8350.8
12843.7
12222
8839.24
8276.49
15247.6
18348.1
15789.4
11570.5
8561.73
16926.3
15542.7
16986
11468.4
8241.03
18722.8
16198.9
14049.5
11597.4
7709.52
12565
12894.6
8153.71
8414.76
12504.6
12652.6
8106.54
8335.64
11751.3
11608.3
7827.3
7689.73
16503.9
15234
14552.3
13536.7
14688.4
14502.3
11227.7
11351.4
7645.43
7261.39
16719.4
14877.8
14633.1
12813.6
12800.7
11611.4
10638.8
10011
7114.98
7085.95
14384.8
11673.6
14540.4
11239.3
16786
13785.6
17394.7
14083.4
12240.7
9746.48
12244.8
10350.9
14721.5
11071.3
14774.4
11048.6
17754.3
14654.9
17855.7
14782.5
12387.4
9384.26
12365
9368.72
9716.3
8024.2
6800.38
6826.63
9916.35
8569.2
6950.75
7107.82
9876.83
7822.07
6739.03
6877.09
9987.98
7629.03
6859.21
6755.81
14491.5
14288.4
18341.3
15679.5
14071
13917
17625.4
15012.4
12470.4
12717.7
16232.9
13952.9
14355.5
13579
12704.3
12203.4
14109.1
14117.4
12307
11965
14899.6
12669.2
13397.1
12406.9
11600.4
11089.4
11225.3
11172.8
11366.5
10849.3
14318.7
11423.2
6054.23
3602.85
2169.42
1376.3
6269.36
3708.25
2221.81
1392.46
5965.38
3548.7
2138.65
1361.01
6229.93
3681.15
2216.26
1391.19
5804.76
3443.91
2124.24
1358.79
6179.97
3615.36
2233.1
1401.65
6345.21
3617.71
2144.41
1348.71
6292.35
3551.23
2063.45
1302.08
5635.32
3349.28
2092.38
1338.6
4656.11
2931.96
1896.34
1249.38
5359.4
3251
2062.61
1318.52
4577.18
2935.06
1895.14
1238.4
5801.29
3396.44
2072.32
1319.25
4681.43
2919.38
1869.75
1239.56
5836.57
3385.16
2030.1
1293.09
4639.21
2892.38
1837.88
1217.82
5620.59
3409.66
2086.98
1345.14
4943.25
3132.06
1976.01
1298.92
5500.73
3352.83
2060.57
1328.33
4863.55
3099.76
1958.92
1291.87
5336.75
3261.87
2040.15
1322.94
4810.01
3058.27
1942.18
1287.9
4968.64
3091.65
1971.24
1323.69
4669.87
2988
1928.63
1255.34
4460.08
2920.03
1884.68
1244.28
4004.97
2854.66
1679.51
480.74
2618.74
2682.04
1592.13
504.838
4026.73
2852.91
1684.13
497.356
2720.66
2682.72
1591.52
507.233
4072.46
2836.61
1667.28
478.906
2864.16
2670.62
1572.16
496.931
4025.58
2797.85
1679.59
502.14
2853.19
2635.29
1560.72
498.397
3806.94
2721.86
1691.22
556.97
2460.14
2553.71
1537.14
496.306
3403.03
2555.64
1594.79
507.879
1712.12
2352.96
1480.37
484.263
3545.72
2625.79
1635.98
523.087
1859.52
2439
1503.57
487.453
3305.04
2498.12
1538.05
458.785
1592.32
2289.07
1440.16
465.814
3272.22
2458.59
1503.74
442.939
1628.27
2246.36
1410.43
454.573
959.099
605.445
353.593
181.357
55.4555
940.56
600.644
352.34
180.98
55.3642
958.391
603.658
352.323
180.706
55.2624
939.677
597.761
350.461
180.05
55.0913
968.966
602.473
350.821
179.891
55.0182
941.565
594.21
348.165
178.924
54.7623
919.311
585.968
344.285
177.193
54.2707
895.268
574.244
338.574
174.634
53.5443
958.967
596.507
347.715
178.461
54.6077
1006.84
600.922
347.433
178.008
54.4526
987.503
603.377
350.071
179.385
54.8599
1030.18
606.056
349.457
178.865
54.692
934.807
588.399
344.089
176.872
54.1591
993.707
593.922
344.163
176.572
54.0479
916.508
577.895
338.836
174.503
53.4857
979.56
584.953
339.608
174.518
53.4647
997.801
612.689
355.119
181.754
55.5455
1061.55
619.34
356.203
182.009
55.6016
1000.01
611.694
354.259
181.296
55.4083
1062.44
618.4
355.525
181.658
55.4969
1009.82
610.555
352.87
180.556
55.1873
1066.81
616.594
354.189
180.989
55.2996
1032.11
610.57
351.628
179.849
54.9738
1073.28
613.587
352.459
180.167
55.0604
1055.3
609.471
350.706
179.388
54.8379
14091.3
18728.6
14129.2
18696.1
14207.7
18608.4
13860.3
18268.6
12805.3
17217
11577.9
13028.8
11732
13746.6
11565.6
12842
11734.4
12964.4
11114.4
1873.35
399.973
90.2641
16.0919
11967.9
3434.49
839.057
191.796
34.1857
11037.9
1837.65
390.89
88.0531
15.6716
11883.6
3383.16
825.759
188.21
33.2977
10834.6
1794.57
380.631
85.6416
15.2356
11685.8
3312.67
807.598
183.898
32.538
10436.3
1705.77
360.357
81.1029
14.4405
11302.2
3189.29
777.281
177.105
31.3477
9726.97
1554.35
328.211
74.1725
13.2461
10589.4
2992.41
732.033
167.394
29.6922
8546.65
1419.96
309.283
71.0038
12.7788
8736.43
2563.68
641.553
148.981
26.6782
8915.7
1455.8
313.286
71.4714
12.8202
9311.86
2728.6
677.258
156.071
27.801
8388.84
1408.54
308.405
70.9975
12.7931
8515.1
2485.38
622.708
145.105
26.0639
8344.12
1396.33
305.697
70.4383
12.6855
8504.59
2466.53
616.804
144.133
25.8572
35319.3
51165.8
49302.9
33272.1
25646.7
31006.7
24705.7
30858.5
29177.1
47264.6
31077.8
48505.1
58.7447
68.8236
91.1659
128.813
187.076
273.39
66.8514
77.7228
101.684
141.574
201.795
288.276
52.8058
49.9333
63.0972
61.0101
86.0818
85.9929
125.305
129.666
185.479
196.14
269.879
280.932
398.321
574.986
826.707
1187.02
1618.9
1932.17
408.148
568.293
774.188
1019.27
1262.3
1421.35
156.712
228.562
285.492
324.722
344.679
183.415
267.068
333.028
378.282
401.235
242.546
352.194
437.964
496.392
525.887
341.906
494.611
612.786
692.549
732.576
494.944
712.322
878.159
988.793
1043.94
719.881
1028.44
1259.26
1411.05
1486.21
178.207
259.598
323.858
368.003
390.413
206.937
300.861
374.601
425.007
450.513
270.188
391.542
485.946
549.967
582.197
375.147
541.278
668.96
754.69
797.594
532.785
764.362
939.638
1055.96
1113.82
757.385
1078.42
1316.7
1472.78
1550.06
140.947
205.754
257.236
292.796
310.915
133.317
194.703
243.532
277.3
294.52
168.257
245.237
306.107
347.973
369.243
162.734
237.289
296.312
336.951
357.612
229.184
333.173
414.773
470.509
498.69
229.003
333.038
414.756
470.617
498.875
332.883
482.209
598.18
676.669
716.112
344.526
499.197
619.377
700.726
741.605
491.245
708.15
874.273
985.37
1040.78
519.524
748.964
924.624
1041.99
1100.47
711.767
1019.22
1250.35
1402.64
1477.99
741.262
1062.07
1303.31
1462.05
1540.41
1041.2
1471.13
1783.95
1986.34
2086.34
1486.19
2065.58
2471.5
2730.76
2860.89
2099.85
2847.45
3344.82
3663.43
3833.94
2934.55
3835.89
4395.89
4773.12
5013.09
3863.02
4819.71
5370.96
5794.24
6150.58
4509.08
5462.49
5984.91
6437.22
6890.27
1065.12
1501.3
1817.09
2021.19
2122.27
1469.52
2043.66
2446.6
2704.33
2833.59
1977.69
2702.87
3193.03
3506.12
3669.09
2564.3
3431.04
3992.75
4357.43
4562.16
3125.14
4091.82
4694.58
5100.16
5352.71
3484.03
4501.8
5122.92
5554.24
5842.54
59.5814
71.4891
96.13
136.902
199.501
291.677
67.7721
80.6228
106.971
149.899
213.937
304.859
53.6079
50.7399
65.6842
63.6452
91.0264
91.1528
133.668
138.72
198.834
210.78
290.967
305.429
423.076
604.132
855.743
1208.46
1629.19
1934.69
428.983
591.704
797.026
1037.55
1273.4
1424.95
158.968
231.908
289.743
329.626
349.925
190.601
277.732
346.592
393.942
417.996
255.947
372.127
463.374
525.778
557.37
363.791
527.278
654.576
741.014
784.581
528.676
762.95
943.276
1064.63
1125.51
769.783
1103.94
1357.11
1525.69
1609.92
180.691
263.288
328.557
373.432
396.227
214.766
312.505
389.445
442.174
468.904
284.482
412.854
513.179
581.521
616.039
397.711
575.047
712.271
805.023
851.664
565.806
814.055
1003.72
1130.74
1194.35
802.718
1147.18
1406.04
1577.66
1663.36
143.107
208.951
261.292
297.47
315.912
135.488
197.915
247.603
281.988
299.531
175.226
255.565
319.225
363.1
385.422
169.83
247.799
309.651
352.325
374.051
242.521
352.984
439.992
499.642
529.883
242.918
353.698
441.046
500.977
531.375
355.491
515.914
641.246
726.564
769.624
369.007
535.701
666.026
754.782
799.582
527.491
762.526
944.178
1066.75
1128.3
559.313
808.786
1001.7
1131.88
1197.21
769.272
1106.12
1362.84
1534.31
1619.99
808.064
1163.02
1434.03
1615.11
1705.5
1109.36
1575.62
1921.04
2148.46
2262.18
1567.73
2193.45
2642.62
2936.14
3085.49
2183.73
2984.47
3534.25
3896.19
4091.99
3001.28
3953.86
4567.9
4992.58
5262.36
3900.74
4894.99
5487.45
5949.26
6332.58
4520.42
5487.68
6025.54
6492.87
6957.1
1122.53
1589.4
1932.8
2158.14
2270.91
1534.82
2145.63
2582.62
2867.24
3011.56
2042.66
2807.06
3335.08
3679.04
3859.77
2618.01
3520.5
4118.29
4513.5
4736.48
3159.22
4151.17
4780.3
5208.99
5476.03
3495.49
4522.39
5153.21
5593.22
5887.14
4711.12
2984.54
580.445
406.529
476.296
397.273
520.716
4213.9
3939.04
2423.79
3108.55
1314.46
1862.1
1047.56
1194.85
958.464
3940.78
2002.69
1173.02
1018.03
1366.47
1156.19
852.62
789.517
727.077
617.292
904.859
799.447
4284.28
2466.1
2850.93
1705.66
1349
2012.28
873.007
635.743
983.064
9327.1
8920.79
8596.92
9096.32
14055.6
6425.62
6993.96
7239.67
7729.69
8703.71
1511.89
2126.74
2573.13
2865.51
3013.33
1069.23
1525.38
1866.51
2091.85
2204.23
1253.29
1788.72
2188.61
2451.68
2582.16
1047.44
1499.56
1840.08
2065.47
2177.57
1365.14
1937.93
2360.92
2638.16
2776.19
9009.06
9507.57
9509.16
10030.2
14812.5
8608.73
9277.87
9453.54
9938.11
11218.5
5614.76
6749.87
7372.77
7906.68
8486.45
7214.63
8284.83
8620.57
9025.21
9454.2
3290.8
4379.08
5081.44
5533.98
5784.59
4492.76
5688.99
6391.55
6869
7183.63
2675.92
3658.87
4325.31
4748.56
4965.2
3028.28
4094.51
4798.39
5242.17
5472.16
2465.22
3402.52
4049.07
4458.85
4664.07
8383.89
8844.02
8882.03
9434.67
14167.8
4731.21
5840.59
6491.08
7026.32
7565.22
2960.26
3983.08
4660.94
5104.09
5352.24
2587.63
3517.44
4148.74
4563.76
4792.54
3379.47
4430.36
5105.28
5575.94
5891.83
2901.41
3876.22
4520.57
4957.82
5220.87
2179
2984.81
3541.72
3909.66
4109.11
2037.51
2827.77
3384.77
3747.24
3933.96
1893.43
2660.74
3212.59
3568.35
3744.88
1614
2281.8
2769.53
3086.78
3244.34
2328.75
3218.46
3837.29
4234.81
4437.87
2066.36
2873.88
3444.41
3813.83
4002.16
8743.19
8713.55
8533.98
9062
13907.2
5501.51
6292.95
6706.57
7219.56
7999.55
6528.06
7455.14
7777.96
8369.59
9913.57
4074.31
5101.09
5717.23
6212.88
6651.71
3325.94
4340.04
4987.08
5450.19
5768.31
4728.65
5800.75
6428.19
6975.19
7557
2234.27
3066.04
3641.78
4020.35
4223.52
1656.09
2329.31
2816.8
3134.52
3294.18
2499.92
3400.58
4013.98
4419.43
4643.74
6205.47
5949.47
5483.35
4749.32
3589.08
1438.87
20336.2
20636.7
23073.3
23922.9
19701.7
20708.9
21881.5
20987.4
16937.9
21816.3
17540.3
22298.3
20076.6
18005.9
28904.7
19388.9
19532.1
21599.9
22173.4
18455.5
19454.1
20759.9
20121.4
16785.2
26356.4
17284.8
26008.3
20217.1
22132.5
30989.5
18255.8
18257.5
19673.8
19967.4
17432.2
18897.7
19214.7
19136.4
19145.8
22975.1
19902.6
22866.4
21879.4
24396
27550.5
17125.3
17149.5
17802.7
17915.4
16697.6
18405.4
17534.3
17762.3
17660.2
19769.7
18376
19131.9
19657
21490
23321.1
15979
16039.9
16446.6
16464.8
16122.4
17960.9
16336.8
16753.2
16467
15922.7
17203.5
15143.2
17722.7
17557.5
18761.1
15417.4
15529
15512.1
15492.3
15521.1
16971.5
15536.8
15866.8
15508.6
13369.1
16015.7
12977
16210.8
14989.9
16633.6
22341.8
21366.5
23759.2
25101.6
20426.5
20234.2
21929.1
20743.6
19330.9
13992
19223.5
14046.5
16970.7
15255.5
18175.7
20844.3
20130.5
21723
22619.2
19525.3
19520.5
20483.8
19485.4
17588.6
13251.4
17518.7
13334.9
15234.7
13459.9
16449.3
18807.8
18371.6
19215.2
19670.6
17994
18000.1
18564.9
17927.2
16259.1
12588.8
15992.8
12339.5
14208.6
11961.5
15668.9
16703.6
16441.7
17110.7
17334.8
16171.8
16108.4
16844.9
16322.5
14725.2
12351.3
14569.3
12082.3
13090.9
11598
15250.8
15405.3
15222.4
15798.5
15922.6
14850.4
14786.1
15695.1
15329.1
13959.7
12760.9
13848.7
12620.8
12702.9
11715.6
15162.7
14462
14297.8
14967.8
15055.7
14022.6
14174.1
14850.5
14657.6
13512.6
13002.1
13467.7
12939.1
12479.3
11953.5
15412.8
12447.2
7066.32
20393.5
13446.4
22348.7
16568.3
34838.7
43524.2
45938.5
56544.7
29840.2
25985.7
18906.9
15088.8
9243.85
6161.85
20911.8
21080.5
18150.4
21159.2
28240.4
24855.6
32922.7
26281.6
8649.03
6131.23
4828.52
3623.17
10432.4
8470.58
6422.89
5272.66
19637.7
20107
19784.4
16243.1
15057.7
12057.3
12037.4
13763.7
19351.7
19360
41098.5
42611.6
28750.6
29754.5
16880
14238.7
18116.5
12864.3
8429.78
8738.12
7008.98
10437.6
3651.39
4582.33
9741.71
14080
5873.87
7039.45
10629.1
18893
7442.04
12586
2805.88
7423.24
2340.14
5515.94
18423.5
22892.8
19312.5
22978.7
22403.2
22509.8
23116.1
22408.6
16648.2
22735.6
16845.8
22331.9
19161.2
22930.5
19235
22941.1
23490.3
22238.1
23508.8
22088.8
15476.9
22901.1
14998.5
23028.6
19488.4
23478.9
24600
35204.5
20677.1
27440.8
24411.9
38648
18465.8
20521.6
24673.6
33654.5
18284.9
19149.6
24945.7
33336.1
6324.49
8495.19
16332.4
29420.7
7828.31
9054.17
20995.1
33200.8
9518.31
9666.75
26153.6
36187.1
25599.8
26703.6
22390.9
22325.3
33966.6
26674
25781.3
22737.8
20215.4
39350.7
24408.7
24619
22556.7
23387.9
44195.6
2344.75
2864.75
5150.7
12527.9
3352.82
3877.93
7079.05
13810.4
4868.11
4146.67
9384.44
15327.1
25926.7
24786.5
23850.1
22634.4
21239.2
18652.6
16421.1
14152.9
12097.6
17502.8
23843.1
22355
24559.4
23524.4
21935.1
20062.3
18750.1
16547.9
12774.3
17352.3
24655.7
27555.4
24690.1
28398.4
23373.8
23901.4
22940.5
24278.3
22968.5
23269.3
22749.3
22526.4
24545
28584.6
24486.8
28620.8
22340.2
24685.4
22207.6
24688.6
23061.3
23217.3
23092.9
23234.9
19737.6
18726.9
12863.5
14489.4
19644.6
18292.8
12709.2
14722.6
19980.6
18633.4
13125.7
14468.2
20065.6
18439.9
13530.8
14448.7
1824.45
1139.56
742.572
1013.83
626.253
570.996
2614.61
1400.18
993.023
1963.16
1478.7
1201.25
2873.51
2127.91
2024.15
3388.13
2591.75
2236.96
22526.6
19143.7
16957.2
21124.4
18505.9
16646.4
15406.8
13489.2
12416.7
10879.6
8756.54
7819.61
5211.85
3523.72
2843.36
20641.4
17924.6
15909.3
21712.3
18533.5
16309.1
16492.2
13151.9
11317.9
11026.8
8107.64
6897.37
5508.01
3474.74
2642.97
28205.4
27288.7
30993.5
27502.2
31989.2
27532
39006.2
29269.5
21332.6
21412.4
21123.8
19466.8
24160.5
22389.2
23870.8
20121
23654.5
23261
21738.8
23007.8
28393.2
25786.4
29168.6
29741.1
32019
33262.5
24098.8
25127.2
21574.7
21007
25971.6
26741
16428.3
8863.07
15464.9
9806.92
16692.3
8932.5
15455.1
9738.05
16506.8
8968.93
15469.4
10150.7
15117.6
10622.2
15338.8
10522.5
21503.2
18070.8
21604.9
18185
23982.7
21411
24481.2
21361.5
20957.3
14945.7
21637.6
14635.4
22243.6
18181.9
22602.6
18001.7
25296.1
21289
25403.6
21058.9
20893.9
15051.9
20895.3
14969.2
13546.4
8991.04
11685.4
7626.14
12499.4
8037.38
11153.4
7123.1
13954.3
9556.46
11913.9
7861.72
14002.5
9882.13
11888.4
7914.08
2558.31
1327.65
4753.3
2677.78
2728.49
1620.84
5063.51
3166.7
3327.04
2404.95
5578.85
4046.68
12780.9
20159.5
9169.14
8779.52
6393.55
19538.8
13336.7
7703.01
7746.7
5270.15
20603.9
15949.9
12508.8
9661.76
6243.17
702.998
486.159
1636.08
1234.72
975.143
631.951
2193.43
1726.43
1644.97
1170.7
3047.85
2441.31
19492.7
18201.1
12891
11817.9
8195.07
7814.33
6860.52
5887.54
4474.06
3580.85
18494.7
16241
14020.2
11753.6
10702.7
8967.59
8068.77
6800.46
5443.91
5010.97
14597.7
11235.5
14816.3
11123.5
17949.4
14428.7
18074.7
14447.8
12120.4
9280.59
11669.2
9187.1
14902.7
11042.7
14831.8
11044.9
18093.7
14843.4
17956.5
14837.7
12395
9206.9
12379.2
9328.04
9311.29
7376.83
6380.48
6220.18
8913.04
7130.06
6086.14
5840.71
9731.45
7557.07
6551.8
6572.67
9949.65
7556.27
6798.56
6663.73
1209.81
1031.02
835.925
5199.11
2708.3
2167.49
1207.51
1154.44
1003.22
5762.36
3278
2721.35
1706.18
1842.9
1841.49
6523.34
4177.23
3631.84
16194.5
14249.8
13009.7
10626.3
9658.11
9107.87
7434.41
6876.41
6628.58
6065.2
5526.83
5213.48
7603.82
5243.28
4604.11
13993.6
12025.5
10798.5
9941.22
8579.1
7836.42
7876.04
6779.75
6207.12
7187.36
5976.56
5319.8
9379.69
5951.78
5154.36
4808.02
2823.11
1743.87
1137.92
5381.32
3051.88
1834.95
1170.21
4835.91
2825.78
1749.82
1144.94
5496.84
3118.51
1882.28
1197.76
4836.82
2808.38
1779.14
1166.44
5613.79
3163.6
1952.44
1236.05
6026.74
3337.29
1960.88
1236.87
6187.49
3454.21
2001.25
1263.31
5144.05
2988.37
1862.9
1196.57
4313.19
2669.37
1729.11
1141.84
4554.3
2727.81
1756.7
1139.56
4002.48
2527.65
1666.22
1104.84
5538.95
3183.64
1930.46
1229.42
4499.76
2771.81
1767.02
1168.6
5756.06
3314.27
1981.76
1261.92
4582.16
2844.3
1803.05
1193.48
3687.02
2447.85
1606.76
1085.55
2538.27
2010.23
1440.26
1019
3706.79
2442.53
1609.08
1086.21
2646
2040.2
1450.47
1025.49
3806.64
2451.97
1632.3
1102.5
2951.17
2130.26
1486.92
1049.49
3790.76
2411.66
1619.31
1129.33
3220.97
2198.2
1538.58
1057.77
3589.41
2361.92
1595.55
1089.62
1469.98
1667.04
1172.97
357.013
373.687
1482.48
1070.95
361.885
1671.98
1735.46
1201.27
375.665
601.227
1557.47
1095.32
369.973
2057.44
1857.3
1240.6
375.311
1000.32
1683.98
1128.78
374.53
2544.44
2007.19
1307.49
406.931
1451.14
1829.84
1180.1
391.094
2897.51
2150.95
1391.62
467.908
1637.4
1949.51
1228.93
405.906
3124.93
2318.14
1427.96
450.965
1525.17
2096.96
1321.84
432.69
3034.94
2245.15
1402.17
449.902
1454.6
2029.75
1274.57
417.143
3167.22
2368.34
1438.95
424.275
1514.88
2151.44
1348.93
435.209
3231.92
2417.23
1471.16
431.402
1609.42
2203.5
1381.08
444.591
811.693
526.941
314.63
163.828
50.482
805.675
526.199
314.924
164.073
50.5605
823.106
532.415
316.944
164.778
50.7412
821.715
533.163
317.975
165.356
50.9142
845.935
539.672
319.764
165.916
51.051
841.995
540.731
321.313
166.777
51.3082
851.392
548.965
325.602
168.718
51.8583
870.33
560.305
331.49
171.411
52.626
868.384
548.221
323.719
167.637
51.5318
921.992
558.051
326.366
168.53
51.7608
872.307
545.897
321.849
166.704
51.2608
920.585
554.396
324.299
167.58
51.4898
875.248
555.386
327.534
169.378
52.0269
938.895
564.974
329.806
170.089
52.204
895.905
566.461
333.063
171.881
52.7389
960.717
574.866
334.574
172.238
52.8155
830.523
529.305
314.564
163.624
50.4108
867.857
532.149
314.617
163.508
50.368
841.606
533.682
316.321
164.329
50.6011
877.064
535.525
315.979
164.054
50.5156
863.299
540.585
318.932
165.374
50.8845
895.923
541.347
318.268
164.984
50.7681
895.744
548.204
321.528
166.388
51.158
918.406
547.544
320.826
166.046
51.0595
925.72
552.091
322.971
166.975
51.3178
12529.6
19527.2
13022.4
19738.5
13602.7
19837.9
13835.4
19710.4
12949
18550.5
11569.8
13112
11724.8
14011.2
11559.4
12867.2
11732.4
12969.7
11269.4
1929.52
414.604
93.6781
16.6928
12565.9
3590.55
876.657
200.262
35.6615
11284.4
1912.01
408.957
92.1457
16.3835
12561.6
3552.73
865.475
196.957
34.7964
11200.2
1874.58
398.37
89.5117
15.8974
12438.7
3489.72
847.157
192.353
33.9642
10865.1
1782.65
376.205
84.4639
15.0086
12055.6
3358.33
813.766
184.739
32.6207
10068.2
1611.04
339.818
76.6549
13.6686
11193.8
3128.34
761.565
173.603
30.7288
8616.77
1434.99
313.168
71.963
12.9547
8832.13
2600.77
651.895
151.475
27.1255
9070.23
1486.15
320.354
73.0939
13.106
9551.27
2806
696.408
160.346
28.5344
8418.13
1415.33
310.301
71.4932
12.8871
8550.34
2500.74
627.428
146.324
26.292
8352.23
1398.31
306.273
70.5927
12.7153
8513.65
2470.67
618.147
144.495
25.9266
35721.8
51330.7
50015.1
34531.5
19673.1
20718.9
29522.7
30999.9
23398
26393
37494.9
51583.8
47562.5
63399.3
30917.2
35422.2
24034.5
25794.3
12513.5
13747.3
4726.44
2986.89
542.399
376.722
427.468
361.477
476.452
4416.26
4133.29
2402.01
3269
2983.57
1218.97
1788.46
1529.5
952.179
1116.3
877.043
4038.01
1962.33
1088.9
947.848
1300.91
1101.96
811.779
732.863
645.071
550.028
821.577
730.551
4328
2465.46
2871.53
1685.27
1310.44
1984.89
821.984
582.337
922.939
9333.19
8887.44
8528.64
8983.79
13850.9
6419.23
6964.38
7184.63
7647.21
8595.7
1405.55
1960.25
2350.77
2599.17
2722.47
987.283
1400.04
1702.45
1898.22
1994.48
1119.41
1584.72
1922.39
2138.04
2242.66
949.417
1350.51
1645.98
1837.24
1930.82
1242.55
1748.47
2110.69
2340.98
2453.2
9027.58
8830.73
8229.73
8214.46
12137.4
8437.37
8106.71
7418.47
7199.44
7950.68
5369.26
6058.2
6210.35
6344.01
6664.04
6849.97
6841.23
6326.93
6009.45
6004.5
6254.57
6318.1
5849.99
5477.97
5350.14
2972.09
3786.69
4208.51
4429.53
4546.49
4145.24
4910.26
5167.42
5274.59
5373.25
3601.07
4356.26
4634.84
4722.29
4758.46
2381.6
3146.37
3593.97
3838.81
3953.73
2739.45
3519.15
3925.99
4124.77
4212.97
2210.68
2951.99
3397.97
3642.54
3753.21
8410.25
8496.02
8144.41
8342.27
12456.2
4535.97
5387.7
5756.26
6042.89
6414.14
2697.24
3518.11
3989.66
4261.94
4410.81
2376.69
3158.07
3639.82
3931.35
4088.42
3162.41
4026.2
4503.95
4806.38
5019.16
2734.08
3582.82
4096.45
4422.8
4619.31
2060.15
2789.02
3269.62
3574.49
3737.22
1874.88
2564.35
3023.69
3307.34
3449.36
1663.01
2297.75
2725.75
2983.72
3105.56
1427.62
1993.62
2388.76
2634.22
2752.12
2083.8
2811.22
3270.56
3539.09
3669.11
1868.13
2552.18
3003.44
3277.1
3411.43
8754.42
8598.29
8304.46
8697.21
13256.9
5470.63
6198.2
6540.8
6981.42
7699.44
6482.63
7218.3
7330.37
7713.83
9044.62
3994.74
4934.82
5453.91
5859.19
6235.16
3200.24
4107.82
4640.3
5002.56
5257
4594.63
5484.28
5904.91
6262.43
6710.62
2085.52
2820.56
3300.56
3600.49
3758.22
1505.98
2092.67
2499.23
2753.19
2877.36
2320.96
3098.48
3587.99
3890.83
4055.35
20099.5
13368.3
20681.9
14894.1
26549.6
38558.6
27940
38598.6
21162.6
22213.8
18252.1
21588.3
23701.8
22309.3
30645.9
24754.7
15687.7
14998.8
7628.35
6633.5
17110.1
15938
8854.71
7359.19
21269.5
22859.8
21576.8
19505.1
22264.5
14642.9
11968.7
13786.8
19473.8
19403.6
40898.8
42637.5
28177.1
29624.4
17735.6
14437.8
19127.3
13065.2
9325.04
8965.68
16107.7
18037
6652.05
7339.72
17708.8
20522.8
8392.9
9370.48
16696.6
23821.4
9667.51
15149.1
3335.23
8320.68
2449.95
5694.45
19494.5
22148.4
19455.2
22569.9
20840.9
21002.2
22112.3
21593.4
18098
22839.4
20586.9
22532.6
19126.1
22719.1
19206.9
22873.1
22997.5
21834
23369
21965.6
15975.8
22939.4
15101.3
23034
20719.3
25009.2
25064
35693.8
22668.1
29871.9
25242.9
39481.4
19055.7
21290.2
24895.4
33910.8
18445.2
19369.8
25005.5
33414
22232.6
23983.2
28318.8
42493
22259.9
22657
30341.8
43018.8
21698.6
21207.9
32476.7
42381.9
19671.5
20083.6
21592.8
23638.9
36722.3
19212.4
18330.8
22935.1
21436
42261.2
20046.2
21390
21782
24406.6
45352.7
12610.1
11344
12132.6
16115
13814.8
12459.7
12572.3
16523.7
15277.4
13006.8
13085.5
16773.6
18386.2
17290
17625.6
16791.7
21032.5
19226.7
17695.6
15677.1
13643
17411.2
19505.3
18877.6
21146.2
20920.2
20819.2
19303.8
19397.1
17059.4
13374
16730.8
23128.2
25849.3
23974.5
27520.6
21387.9
22063.9
22027
23397
22682.8
22836.6
22199.6
21812.3
24211.1
28181.1
24388.2
28504.5
21926.6
24271.3
22087.2
24570
22913.5
23008.9
23046.3
23174.8
19796.9
18636
13020.2
14486.6
19827
18228.8
13060.2
14699.9
19994.7
18580
13192.5
14470
20066.5
18422.7
13549.7
14448.8
10253.9
10438.6
4573.3
4166.58
11424.9
10996.1
5065.64
4806.51
11097.9
10257.1
5729.27
5482.5
16633.7
15828.7
16663.7
16487.7
17073.9
16268.2
13187.4
11559
6803.94
5501.52
18657.7
17525.5
20539.7
19341.8
16788.1
15191
12383.6
10342.5
6215.28
4501.21
23004.8
21603.2
28743.7
24737.1
26070.8
22929.9
36377.2
26968.4
20864.5
16859.2
23002.6
17880
20659.4
17133.8
23067.9
18137.9
21509.2
18748.4
19275.8
17651.4
21411.7
23056.5
27826.4
29344.1
30982.2
32978.3
22809.2
24691.8
20452.9
20689.8
24413.5
26219.7
13513.8
9856.44
14079
10121.4
13799.2
9777.71
14299.3
9988.3
13714.9
9645.01
14294.3
10223.6
14413.9
10576.1
15099.9
10497.7
17573.5
16794.1
19678.8
17396.9
20484.7
19426.2
22670.5
20277.5
19069.7
14607.4
17860
14298.5
21301.3
17764.6
22325.6
17875.4
24446
20752.4
25163.2
20898.8
19949.1
14840.2
20614.8
14902.6
13076.3
9302.35
11808
7941.15
12341.5
8951.73
11638
7825.95
13608.4
9645.92
11929.3
8000.41
13884.4
9897.71
11888.7
7957.51
12779.2
12573.1
9192.13
8423.19
12900.5
12690.3
9049.82
8351.27
12842.3
12220.7
8838.94
8276.04
15246
18346.5
15787.8
11569.5
8561.24
16925
15541.3
16984.4
11467.4
8240.54
18721.3
16197.4
14048.2
11596.5
7709.03
12570.3
12907
8167.5
8449.23
12502.1
12643.8
8106.33
8332.44
11750.3
11607.5
7826.86
7689.54
16503.1
15233.7
14551.4
13536.3
14687.4
14501.6
11227
11350.9
7644.96
7261.05
16718.4
14877.2
14632
12813
12799.7
11610.8
10638.1
10010.5
7114.5
7085.52
14383.8
11672.9
14539.5
11238.7
16785.1
13785
17393.9
14082.8
12239.8
9745.84
12243.9
10350.3
14720.8
11070.8
14773.9
11048.2
17753.8
14654.4
17855.5
14782.2
12386.6
9383.68
12364.3
9368.15
9715.56
8023.64
6799.86
6826.13
9915.6
8568.64
6950.25
7107.35
9876.08
7821.51
6738.47
6876.55
9987.23
7628.47
6858.6
6755.22
14499.1
14296.7
18353.2
15698.5
14052.2
13900.2
17618.2
15008.3
12469.5
12716.9
16232.5
13952.7
14355.4
13578.9
12704.1
12203.1
14108.5
14116.8
12306.6
11964.5
14899.1
12668.9
13396.7
12406.7
11600
11089.1
11224.9
11172.4
11366
10848.9
14318
11422.7
6059.56
3605.39
2170.48
1376.55
6274.16
3710.57
2223.05
1392.92
5965.71
3548.76
2138.63
1361
6230.59
3681.34
2216.3
1391.18
5804.8
3443.89
2124.2
1358.75
6180.04
3615.34
2233.06
1401.61
6344.9
3617.54
2144.31
1348.64
6291.64
3550.9
2063.27
1301.97
5635.05
3349.12
2092.28
1338.54
4655.76
2931.74
1896.21
1249.3
5359.21
3250.9
2062.54
1318.47
4576.91
2934.9
1895.04
1238.33
5800.83
3396.19
2072.17
1319.16
4680.99
2919.11
1869.58
1239.45
5835.87
3384.81
2029.91
1292.97
4638.69
2892.06
1837.69
1217.69
5626.63
3412.28
2088.14
1345.32
4949.51
3134.19
1977.13
1299.04
5500.89
3352.87
2060.54
1328.32
4863.47
3099.83
1958.93
1291.89
5336.73
3261.86
2040.12
1322.92
4809.89
3058.28
1942.17
1287.89
4968.47
3091.58
1971.18
1323.64
4669.7
2987.95
1928.59
1255.3
4459.86
2919.92
1884.6
1244.21
4014.04
2856.93
1680.6
481.083
2631.4
2683.91
1592.63
504.885
4026.4
2853.11
1684.14
497.348
2719.86
2683
1591.61
507.255
4072.25
2836.65
1667.27
478.887
2863.82
2670.67
1572.18
496.93
4025.39
2797.8
1679.56
502.122
2852.98
2635.25
1560.7
498.386
3806.74
2721.75
1691.15
556.947
2459.98
2553.62
1537.09
496.287
3402.77
2555.45
1594.68
507.852
1711.99
2352.79
1480.27
484.231
3545.49
2625.64
1635.9
523.065
1859.4
2438.87
1503.49
487.428
3304.75
2497.89
1537.92
458.752
1592.2
2288.87
1440.04
465.774
3271.88
2458.32
1503.58
442.897
1628.13
2246.11
1410.27
454.525
958.839
605.418
353.623
181.379
55.4629
940.477
600.676
352.398
181.016
55.3754
958.421
603.642
352.311
180.701
55.261
939.667
597.737
350.446
180.044
55.0895
968.958
602.451
350.806
179.884
55.0161
941.537
594.182
348.147
178.916
54.7599
919.261
585.933
344.264
177.183
54.2676
895.197
574.2
338.549
174.621
53.5406
958.922
596.476
347.696
178.452
54.605
1006.77
600.886
347.412
177.997
54.4495
987.472
603.352
350.055
179.377
54.8576
1030.13
606.025
349.438
178.855
54.6892
934.744
588.36
344.067
176.861
54.1558
993.623
593.878
344.139
176.56
54.0443
916.426
577.848
338.809
174.49
53.4818
979.459
584.901
339.58
174.505
53.4607
997.39
612.639
355.137
181.77
55.5509
1061.14
619.302
356.219
182.022
55.606
1000.07
611.682
354.249
181.292
55.4071
1062.5
618.382
355.514
181.654
55.4958
1009.82
610.538
352.857
180.55
55.1855
1066.82
616.578
354.177
180.984
55.298
1032.09
610.546
351.612
179.841
54.9715
1073.26
613.565
352.444
180.16
55.0582
1055.26
609.443
350.689
179.38
54.8353
14062.2
18695.9
14131.9
18698.5
14209.3
18609.7
13861.5
18269.6
12806.3
17218
11578.7
13029.6
11732.9
13747.5
11566.4
12842.7
11735.1
12965.1
11112.7
1862.2
396.929
89.5463
15.963
11961.6
3429.02
837.2
191.321
34.0958
11036.2
1838.65
391.071
88.0816
15.6753
11883
3382.77
825.549
188.139
33.2832
10834.5
1794.78
380.668
85.6441
15.2352
11685.9
3312.65
807.55
183.875
32.5322
10436.7
1705.86
360.371
81.1034
14.4402
11302.6
3189.38
777.284
177.099
31.3457
9727.48
1554.43
328.225
74.1743
13.2462
10589.9
2992.54
732.055
167.396
29.6919
8547.17
1420.04
309.3
71.0073
12.7793
8736.96
2563.83
641.586
148.988
26.6793
8916.23
1455.89
313.302
71.4744
12.8207
9312.4
2728.74
677.288
156.077
27.8017
8389.34
1408.62
308.421
71.0012
12.7938
8515.6
2485.52
622.742
145.113
26.0651
8344.59
1396.4
305.714
70.4419
12.6861
8505.07
2466.67
616.837
144.141
25.8584
35318.4
51168
49299.6
33267.5
25716.9
31098.2
24698.2
30842
29156.8
47197.3
31180.4
48696.1
58.7386
68.8165
91.1569
128.801
187.06
273.368
66.8446
77.715
101.675
141.561
201.778
288.254
52.8002
49.9279
63.0906
61.0036
86.0732
85.9843
125.293
129.654
185.462
196.123
269.857
280.909
398.292
574.948
826.661
1186.97
1618.84
1932.1
408.118
568.255
774.143
1019.22
1262.24
1421.28
156.695
228.538
285.461
324.687
344.642
183.396
267.04
332.992
378.241
401.192
242.521
352.158
437.918
496.34
525.831
341.874
494.563
612.725
692.479
732.501
494.9
712.257
878.075
988.696
1043.83
719.821
1028.35
1259.15
1410.92
1486.07
178.189
259.571
323.824
367.963
390.371
206.916
300.83
374.562
424.962
450.465
270.162
391.503
485.897
549.91
582.137
375.113
541.227
668.895
754.615
797.513
532.739
764.293
939.55
1055.85
1113.71
757.324
1078.32
1316.59
1472.64
1549.91
140.932
205.732
257.207
292.764
310.881
133.303
194.682
243.505
277.269
294.487
168.239
245.211
306.074
347.935
369.202
162.717
237.264
296.28
336.914
357.573
229.161
333.138
414.73
470.459
498.637
228.98
333.003
414.713
470.568
498.822
332.851
482.161
598.121
676.6
716.039
344.494
499.149
619.315
700.655
741.528
491.2
708.084
874.189
985.273
1040.68
519.477
748.895
924.536
1041.89
1100.36
711.708
1019.13
1250.24
1402.51
1477.84
741.199
1061.98
1303.19
1461.92
1540.26
1041.12
1471.01
1783.8
1986.16
2086.15
1486.08
2065.42
2471.29
2730.51
2860.63
2099.72
2847.25
3344.56
3663.11
3833.59
2934.39
3835.64
4395.56
4772.71
5012.63
3862.85
4819.42
5370.57
5793.75
6150.02
4508.88
5462.18
5984.49
6436.69
6889.65
1065.04
1501.18
1816.94
2021
2122.07
1469.42
2043.51
2446.39
2704.09
2833.33
1977.56
2702.68
3192.77
3505.81
3668.76
2564.16
3430.81
3992.44
4357.06
4561.75
3124.98
4091.56
4694.23
5099.73
5352.24
3483.85
4501.52
5122.54
5553.78
5842.03
59.5752
71.4819
96.1209
136.89
199.484
291.654
67.7652
80.615
106.961
149.886
213.919
304.836
53.6022
50.7345
65.6776
63.6387
91.0176
91.1441
133.656
138.707
198.817
210.762
290.944
305.406
423.046
604.092
855.693
1208.4
1629.12
1934.62
428.953
591.665
796.977
1037.5
1273.34
1424.88
158.951
231.883
289.712
329.59
349.888
190.582
277.704
346.557
393.901
417.953
255.922
372.091
463.329
525.726
557.315
363.759
527.23
654.516
740.945
784.507
528.631
762.885
943.194
1064.54
1125.41
769.723
1103.85
1357
1525.56
1609.78
180.673
263.261
328.523
373.393
396.185
214.745
312.474
389.406
442.129
468.857
284.455
412.815
513.13
581.465
615.98
397.676
574.996
712.206
804.948
851.585
565.759
813.986
1003.63
1130.64
1194.24
802.655
1147.09
1405.93
1577.52
1663.21
143.091
208.929
261.264
297.437
315.877
135.473
197.893
247.576
281.957
299.498
175.208
255.539
319.192
363.062
385.382
169.812
247.773
309.619
352.288
374.012
242.498
352.95
439.949
499.592
529.83
242.895
353.664
441.002
500.927
531.322
355.459
515.867
641.186
726.496
769.551
368.974
535.652
665.964
754.712
799.507
527.446
762.46
944.095
1066.66
1128.2
559.266
808.717
1001.61
1131.78
1197.11
769.211
1106.03
1362.73
1534.18
1619.85
808
1162.93
1433.92
1614.97
1705.36
1109.28
1575.5
1920.89
2148.28
2261.99
1567.62
2193.3
2642.42
2935.91
3085.24
2183.59
2984.26
3533.99
3895.89
4091.66
3001.11
3953.61
4567.57
4992.19
5261.93
3900.55
4894.7
5487.07
5948.8
6332.05
4520.21
5487.37
6025.12
6492.35
6956.5
1122.44
1589.28
1932.64
2157.97
2270.72
1534.72
2145.48
2582.43
2867.01
3011.31
2042.53
2806.86
3334.83
3678.75
3859.46
2617.85
3520.27
4117.99
4513.14
4736.09
3159.04
4150.9
4779.96
5208.58
5475.57
3495.3
4522.11
5152.84
5592.77
5886.63
4711.02
2984.46
580.407
406.499
476.262
397.244
520.68
4213.75
3938.92
2423.7
3108.47
1314.39
1862.03
1047.5
1194.79
958.411
3940.64
2002.6
1172.96
1017.98
1366.4
1156.13
852.57
789.469
727.032
617.251
904.807
799.399
4284.17
2466.02
2850.83
1705.59
1348.93
2012.19
872.956
635.702
983.009
9326.82
8920.36
8596.35
9095.59
14054.3
6425.39
6993.6
7239.19
7729.07
8702.94
1511.79
2126.58
2572.93
2865.28
3013.09
1069.15
1525.26
1866.36
2091.68
2204.05
1253.2
1788.59
2188.45
2451.49
2581.96
1047.36
1499.45
1839.93
2065.3
2177.39
1365.04
1937.79
2360.74
2637.96
2775.97
9008.67
9507.07
9508.6
10029.6
14811.6
8608.44
9277.47
9453.08
9937.6
11217.9
5614.52
6749.53
7372.36
7906.21
8485.94
7214.41
8284.52
8620.19
9024.78
9453.74
3290.63
4378.84
5081.14
5533.64
5784.23
4492.56
5688.72
6391.21
6868.61
7183.21
2675.77
3658.65
4325.04
4748.25
4964.87
3028.12
4094.28
4798.11
5241.84
5471.82
2465.08
3402.32
4048.81
4458.56
4663.77
8383.52
8843.53
8881.47
9434.03
14166.8
4730.98
5840.27
6490.68
7025.86
7564.71
2960.1
3982.85
4660.65
5103.76
5351.89
2587.48
3517.22
4148.47
4563.45
4792.21
3379.28
4430.1
5104.96
5575.57
5891.42
2901.24
3875.98
4520.27
4957.47
5220.49
2178.86
2984.61
3541.47
3909.36
4108.8
2037.38
2827.58
3384.53
3746.97
3933.67
1893.31
2660.56
3212.37
3568.1
3744.61
1613.89
2281.64
2769.33
3086.55
3244.1
2328.61
3218.26
3837.04
4234.53
4437.57
2066.23
2873.69
3444.18
3813.56
4001.87
8742.88
8713.1
8533.42
9061.32
13906
5501.28
6292.61
6706.13
7219.01
7998.89
6527.77
7454.72
7777.46
8369
9912.83
4074.1
5100.79
5716.84
6212.42
6651.19
3325.76
4339.77
4986.74
5449.8
5767.88
4728.42
5800.42
6427.78
6974.71
7556.46
2234.13
3065.84
3641.53
4020.06
4223.2
1655.98
2329.15
2816.6
3134.29
3293.93
2499.77
3400.37
4013.71
4419.12
4643.41
6205.1
5949.12
5483.04
4749.07
3588.91
1438.8
20325.9
20639.2
23068
23956.4
19702.5
20709.3
21878.2
20985.5
16893.1
21786.6
17547.9
22292.1
20079.9
18006.8
28905.1
19381
19535.1
21597.5
22197.5
18456.7
19454.9
20758
20120.1
16743.3
26350.1
17291.6
26001.5
20219.3
22131.6
30987.3
18253.5
18259.7
19673.8
19980.7
17433
18898.1
19214.2
19135.7
19126.5
22976.4
19903.1
22864.1
21879
24394.4
27547.1
17123.7
17151.3
17803.5
17921.2
16697.9
18405.5
17534.5
17762.2
17639.5
19757.4
18375.9
19133.2
19656.5
21489.1
23318
15976.9
16041.5
16447.7
16466.7
16122.7
17960.9
16337.2
16753.3
16458
15923
17203.4
15149.9
17722.4
17557.1
18758.7
15416
15530.7
15513.1
15492.6
15521.5
16971.5
15537.3
15867
15508
13378.4
16016.1
12981.9
16210.8
14989.8
16631.7
22385.3
21364.8
23752.1
25157.6
20423.6
20231.7
21924.5
20740.8
19360.8
14006
19222.9
14042.2
16968.8
15253.9
18172.7
20877.9
20130.7
21719.7
22658.4
19523.5
19518.6
20481
19483.4
17609.5
13264.5
17518.4
13332.1
15233.5
13458.8
16446.9
18828.3
18373.4
19215.1
19691.5
17993.5
17999.2
18564
17926.3
16273.9
12598.6
15993.9
12340.9
14208.3
11961.1
15667.3
16715.4
16443.7
17111.6
17345.1
16172.1
16108.2
16845
16322.2
14737.9
12361
14570.6
12084.8
13091
11598
15249.6
15413.1
15224.3
15799.5
15928.4
14850.9
14786.2
15695.5
15329.2
13968.2
12782.5
13849.8
12626.3
12703.1
11715.6
15161.2
14468.1
14299.2
14968.6
15059.6
14022.9
14174.2
14851
14657.7
13519.2
13030.5
13468
12942.1
12479.1
11953.5
15411
)
;

boundaryField
{
    patch1
    {
        type            calculated;
        value           nonuniform List<scalar> 
2440
(
15062.5
28411.2
0
0
0
0
0
0
0
0
15057.7
28393.2
0
0
0
0
0
0
0
0
12648.1
20402.2
22325.9
34808.7
45883.9
29786.3
18897.9
9524.82
51315.6
19974.7
29522
23365.9
37462.1
47510.1
30873.6
24065.5
12999.4
0
0
0
0
0
0
0
0
0
0
0
0
0
0
0
0
0
0
0
0
0
0
0
0
0
0
0
0
0
0
0
0
0
0
0
51155.8
0
0
0
0
0
0
0
0
0
0
0
0
0
0
0
0
0
0
0
0
0
0
0
0
0
0
0
0
0
0
0
0
0
0
0
0
0
0
0
0
0
0
0
0
0
0
0
0
0
0
0
0
0
0
0
0
0
12447.2
20393.5
22348.7
34838.7
45938.5
29840.2
18906.9
9243.85
51320.9
19673.1
29522.7
23398
37494.9
47562.5
30917.2
24034.5
12513.5
0
0
0
0
0
0
0
0
0
0
0
0
0
0
0
0
0
0
0
0
0
0
0
0
0
0
0
0
0
0
0
0
0
0
0
51158
0
0
0
0
0
0
0
0
0
0
0
0
0
0
0
0
0
0
0
0
0
0
0
0
0
0
0
0
0
0
0
0
0
0
0
0
0
0
0
0
0
0
0
0
0
0
0
0
0
0
0
0
0
0
0
0
0
16242.9
23009.7
0
0
0
0
0
14989.9
16633.6
11953.5
15412.8
16243.1
23007.8
0
0
0
0
0
14989.8
16631.7
11953.5
15411
20112.6
27728.4
28679.8
23509
22661.3
28966.5
29015.1
23552.3
23579.1
18942.5
14613.9
18426.4
14817.8
18884.6
14607.8
18720.3
14638.1
756.047
577.079
991.442
1199.08
2023.36
2235.61
16956.7
16645.7
12415.8
7818.64
2842.64
15908.9
16308.4
11317.1
6896.68
2642.57
23266
850.073
2192.43
1003.21
2721.21
1841.28
3631.54
13009.6
9108.11
6628.95
5213.71
4604.11
10798.5
7836.61
6207.34
5320.01
5154.52
0
0
0
0
0
0
0
0
0
0
0
0
0
0
0
0
0
0
0
0
0
0
0
0
0
0
0
0
0
0
0
0
0
0
0
0
0
0
0
0
0
1.09254
-0.420961
1.08343
-0.517784
1.06158
-0.510256
1.02038
-0.484853
0.973763
-0.46069
0.295628
-0.162594
0.630654
-0.323303
0.106665
-0.060171
0.0212885
-0.0109793
35719.8
50014.2
34530.3
21037.4
31036.4
26371.1
51551.8
63344.7
35416.4
25820.5
14288.4
26011
27791.8
23068.1
21938.6
28557.2
28896.9
23339.2
23517.7
18847.1
14610.6
18359.3
14798.1
18828.8
14609.2
18702.4
14638
10422.9
4120.52
11006.9
4806.28
10258
5482.27
15828.7
16487.9
16268.8
11559.2
5501.43
17525.7
19342
15191.2
10342.5
4501.15
14288.3
15679.5
13917
15012.4
12717.7
13952.9
13579
12203.4
14117.4
11965
12669.2
12406.9
11089.4
11172.8
10849.3
11423.2
0
0
0
0
0
0
0
0
0
0
0
0
0
0
0
0
0
0
0
0
0
0
0
0
0
0
0
0
0
0
0
0
0
0
0
0
0
0
0
0
0
1.04783
-0.403813
1.04
-0.496771
1.02117
-0.490604
0.985336
-0.468245
0.946364
-0.448319
0.2911
-0.161552
0.616785
-0.318709
0.105608
-0.0601765
0.0211678
-0.011057
35318.5
49312
33273.7
30983.6
30882.5
47314.1
48446.7
15417.5
15529
15512.1
15492.4
15521.1
16971.5
15536.8
15866.8
15508.6
13369.1
16015.7
12977
16210.8
14462
14297.8
14967.7
15055.6
14022.6
14174.1
14850.5
14657.6
13512.6
13002.1
13467.7
12939.1
12479.3
20107
27728.5
28680
23509.6
22661.9
28966.7
29015.3
23552.9
23579.6
18943.3
14614.8
18427.3
14818.7
18885.3
14608.5
18721.1
14638.9
742.572
570.996
993.023
1201.25
2024.15
2236.96
16957.2
16646.4
12416.7
7819.61
2843.36
15909.3
16309.1
11317.9
6897.37
2642.97
23261
835.925
2167.49
1003.22
2721.35
1841.49
3631.84
13009.7
9107.87
6628.58
5213.48
4604.11
10798.5
7836.42
6207.12
5319.8
5154.36
0
0
0
0
0
0
0
0
0
0
0
0
0
0
0
0
0
0
0
0
0
0
0
0
0
0
0
0
0
0
0
0
0
0
0
0
0
0
0
0
0
1.09124
-0.423733
1.08317
-0.51709
1.0613
-0.510041
1.02023
-0.48478
0.973701
-0.46067
0.295632
-0.162602
0.630644
-0.323317
0.106668
-0.0601741
0.0212893
-0.0109799
35721.1
50023.5
34532.8
20653.6
31028
26401.2
51581.1
63388
35459.7
25781.7
13722.8
26010.9
27791.8
23068.7
21939.2
28557.2
28897
23339.8
23518.2
18848
14611.5
18360.3
14799.1
18829.6
14610
18703.1
14638.8
10438.7
4166.55
10996.1
4806.51
10257.1
5482.5
15828.7
16487.7
16268.2
11559
5501.52
17525.5
19341.8
15191
10342.5
4501.21
14296.7
15698.5
13900.2
15008.3
12716.9
13952.7
13578.9
12203.1
14116.8
11964.5
12668.9
12406.7
11089.1
11172.4
10848.9
11422.7
0
0
0
0
0
0
0
0
0
0
0
0
0
0
0
0
0
0
0
0
0
0
0
0
0
0
0
0
0
0
0
0
0
0
0
0
0
0
0
0
0
1.04657
-0.406459
1.03979
-0.496121
1.02093
-0.490417
0.985228
-0.468191
0.946332
-0.448312
0.291108
-0.161561
0.616789
-0.318727
0.105612
-0.0601797
0.0211687
-0.0110575
35317.5
49308.7
33269.2
31073
30866.3
47247.1
48632.9
15416.1
15530.8
15513.2
15492.7
15521.5
16971.5
15537.3
15867
15508
13378.4
16016.1
12981.9
16210.8
14468
14299.2
14968.6
15059.5
14022.9
14174.2
14851
14657.7
13519.2
13030.5
13468
12942.1
12479.1
20769.2
6876.53
1438.87
20768
6876.35
1438.8
20908.9
21078.3
28226.5
24849.7
8829.59
6259.6
10463.2
8481.44
638.477
818.18
5465.99
6091.57
11152.1
11992.7
26237.7
26340.4
21058.1
573.558
121.743
4247.1
3321.29
8300.07
6824.66
247.677
207.322
203.466
2521.17
1871.21
1525.99
4995.81
3990.76
3620.13
28200.8
27287.4
31974.2
27526.1
21517.8
21468.9
24193.7
22419.3
127.338
98.8841
1397.75
1105.65
1570.56
1778.32
14490.6
21077.4
8418.39
110.797
143.279
930.655
794.551
1724.05
1668.01
64.8623
62.4197
70.7762
781.135
767.571
749.51
1877.89
1968.19
1954.49
12588.1
13019.2
13600.7
13834.1
12948.1
11569.1
11724
11558.7
11731.7
14091.3
14129.2
14207.7
13860.3
12805.3
11577.9
11732
11565.6
11734.4
20911.8
21080.5
28240.4
24855.6
8649.03
6131.23
10432.4
8470.58
550.663
701.511
5446.62
6075.29
11148.5
11988.6
26237.6
26341.2
21057.3
478.956
29.0271
4260.03
3332.31
8296.93
6823.7
196.632
166.236
171.326
2534.59
1876.69
1526.76
4996.32
3991.72
3620.96
28205.4
27288.7
31989.2
27532
21332.6
21412.4
24160.5
22389.2
110.222
83.6787
1389.12
1097.26
1569.49
1777.49
14491.1
21078.5
8418.2
96.4314
135.966
922.51
788.241
1723.33
1667.16
54.7376
51.8788
58.9448
775.151
764.337
747.341
1877.01
1967.42
1953.97
12529.6
13022.4
13602.7
13835.4
12949
11569.8
11724.8
11559.4
11732.4
14062.2
14131.9
14209.3
13861.5
12806.3
11578.7
11732.9
11566.4
11735.1
20573.4
15147.7
918.492
547.59
320.851
166.058
51.0629
925.823
552.141
322.998
166.987
51.3214
24407.3
26215.7
26266.3
24560.2
25961.4
26733.8
1073.26
613.565
352.444
180.16
55.0582
1055.26
609.443
350.689
179.38
54.8353
6205.1
5949.12
5483.04
4749.07
3588.91
26213.5
25306.1
24582.4
23737.8
20696.6
18395.5
22931.5
19464.1
17279.7
21796.9
18429.6
16327.9
14834.2
11971.1
10461.2
20539.9
19342
16788.1
15191.2
12383.4
10342.5
6215.1
4501.15
14427.8
10580.9
15136.2
10505.7
6345.21
3617.71
2144.41
1348.71
6292.35
3551.23
2063.45
1302.08
919.311
585.968
344.285
177.193
54.2707
895.268
574.244
338.574
174.634
53.5443
50.7399
63.6452
91.1528
138.72
210.78
305.429
135.488
197.915
247.603
281.988
299.531
169.83
247.799
309.651
352.325
374.051
242.918
353.698
441.046
500.977
531.375
369.007
535.701
666.026
754.782
799.582
559.313
808.786
1001.7
1131.88
1197.21
808.064
1163.02
1434.03
1615.11
1705.5
727.077
1893.43
2660.74
3212.59
3568.35
3744.88
21712.3
18533.5
16309.1
16492.2
13151.9
11317.9
11026.8
8107.64
6897.37
5508.01
3474.74
2642.97
15131.3
10626.9
15374.1
10529.3
19813.5
18156.3
13754.2
11697.5
6818.76
6094.48
16040.7
14108.2
12850.6
10124.6
9279.92
8712.37
5853.86
5570.22
5352.87
6026.74
3337.29
1960.88
1236.87
6187.49
3454.21
2001.25
1263.31
851.392
548.965
325.602
168.718
51.8583
870.33
560.305
331.49
171.411
52.626
645.071
1663.01
2297.75
2725.75
2983.72
3105.56
49.9279
61.0036
85.9843
129.654
196.123
280.909
133.303
194.682
243.505
277.269
294.487
162.717
237.264
296.28
336.914
357.573
228.98
333.003
414.713
470.568
498.822
344.494
499.149
619.315
700.655
741.528
519.477
748.895
924.536
1041.89
1100.36
741.199
1061.98
1303.19
1461.92
1540.26
26265.8
24560.4
25969.3
26737.6
1073.28
613.587
352.459
180.167
55.0604
1055.3
609.471
350.706
179.388
54.8379
6205.47
5949.47
5483.35
4749.32
3589.08
20574.1
15147.5
918.406
547.544
320.826
166.046
51.0595
925.72
552.091
322.971
166.975
51.3178
24404.1
26212.8
47208
61160.2
31679.3
34735
15745.8
17602.9
2173.57
2323.36
0
0
0
0
0
0
0
0
0
0
0
0
0
0
0
21345.2
19538.4
23907.5
20150.8
24104
25133.5
15468.4
9800.31
15458.6
9739.5
5383.04
3053.81
1836.06
1171.01
5497.67
3118.84
1882.47
1197.87
374.528
1483.94
1071.43
362.053
601.689
1557.52
1095.39
369.992
1000.57
1684.2
1128.91
374.575
1451.4
1830.13
1180.28
391.15
1637.67
1949.84
1229.12
405.968
1525.38
2097.29
1322.05
432.754
1454.83
2030.09
1274.78
417.206
1515.05
2151.75
1349.12
435.268
1609.58
2203.77
1381.25
444.645
806.441
526.574
315.081
164.136
50.5776
821.763
533.201
317.996
165.366
50.9169
922.103
558.106
326.395
168.544
51.7648
920.693
554.448
324.326
167.593
51.4937
939.009
565.03
329.836
170.103
52.2082
960.827
574.921
334.603
172.252
52.8197
868.481
532.366
314.698
163.539
50.3762
877.067
535.562
315.999
164.063
50.5181
895.98
541.388
318.291
164.994
50.7712
19707.2
19850.8
19950.4
19767.1
18594.9
13149.8
14040.3
12910.4
13017.1
12651.5
3616.28
883.801
201.941
36.0209
12635.2
3574.79
871.056
198.281
35.1342
12509.8
3510.9
852.467
193.607
34.2886
12126.6
3379.39
818.999
185.968
32.9387
11258.4
3148.02
766.493
174.766
31.032
8880.48
2615.6
655.588
152.333
27.3513
9601.47
2821.75
700.384
161.284
28.7804
8597.62
2515.04
630.958
147.136
26.506
8561.06
2485.06
621.733
145.26
26.1403
46179.5
61778.3
25912.9
30616.5
14339
16496.1
1664.67
2049.07
427.5
2983.59
1529.54
877.086
1119.5
1584.85
1922.55
2138.24
2242.86
6254.65
6318.28
5850.24
5478.24
5350.43
3601.19
4356.46
4635.1
4722.6
4758.8
2210.8
2952.17
3398.21
3642.82
3753.52
0
0
0
0
0
0
0
0
0
0
22974.1
17866.8
23068.8
18140
22815.5
24699
14065.5
10109.8
14292.8
9984.86
6269.36
3708.25
2221.81
1392.46
6229.93
3681.15
2216.26
1391.19
2618.74
2682.04
1592.13
504.838
2720.66
2682.72
1591.52
507.233
2864.16
2670.62
1572.16
496.931
2853.19
2635.29
1560.72
498.397
2460.14
2553.71
1537.14
496.306
1712.12
2352.96
1480.37
484.263
1859.52
2439
1503.57
487.453
1592.32
2289.07
1440.16
465.814
1628.27
2246.36
1410.43
454.573
940.56
600.644
352.34
180.98
55.3642
939.677
597.761
350.461
180.05
55.0913
1006.84
600.922
347.433
178.008
54.4526
1030.18
606.056
349.457
178.865
54.692
993.707
593.922
344.163
176.572
54.0479
979.56
584.953
339.608
174.518
53.4647
1061.55
619.34
356.203
182.009
55.6016
1062.44
618.4
355.525
181.658
55.4969
1066.81
616.594
354.189
180.989
55.2996
18820.1
18788.1
18700.4
18316.1
17255.6
13068.2
13778.7
12886.2
13012.6
12034
3452.56
843.926
192.917
34.4398
11951.1
3403.39
830.808
189.395
33.6056
11752.2
3332.6
812.567
185.067
32.8422
11369.3
3209.37
782.266
178.272
31.6512
10651.9
3011.48
736.804
168.518
29.986
8784.98
2578.5
645.233
149.836
26.9022
9361.83
2744.16
681.175
156.993
28.0426
8562.71
2499.75
626.249
145.92
26.2778
8552.41
2481.03
620.416
144.904
26.0716
66.8514
77.7228
101.684
141.574
201.795
288.276
408.148
568.293
774.188
1019.27
1262.3
1421.35
178.207
259.598
323.858
368.003
390.413
206.937
300.861
374.601
425.007
450.513
270.188
391.542
485.946
549.967
582.197
375.147
541.278
668.96
754.69
797.594
532.785
764.362
939.638
1055.96
1113.82
757.385
1078.42
1316.7
1472.78
1550.06
1065.12
1501.3
1817.09
2021.19
2122.27
1469.52
2043.66
2446.6
2704.33
2833.59
1977.69
2702.87
3193.03
3506.12
3669.09
2564.3
3431.04
3992.75
4357.43
4562.16
3125.14
4091.82
4694.58
5100.16
5352.71
3484.03
4501.8
5122.92
5554.24
5842.54
67.7721
80.6228
106.971
149.899
213.937
304.859
428.983
591.704
797.026
1037.55
1273.4
1424.95
180.691
263.288
328.557
373.432
396.227
214.766
312.505
389.445
442.174
468.904
284.482
412.854
513.179
581.521
616.039
397.711
575.047
712.271
805.023
851.664
565.806
814.055
1003.72
1130.74
1194.35
802.718
1147.18
1406.04
1577.66
1663.36
1122.53
1589.4
1932.8
2158.14
2270.91
1534.82
2145.63
2582.62
2867.24
3011.56
2042.66
2807.06
3335.08
3679.04
3859.77
2618.01
3520.5
4118.29
4513.5
4736.48
3159.22
4151.17
4780.3
5208.99
5476.03
3495.49
4522.39
5153.21
5593.22
5887.14
476.296
3108.55
958.464
1253.29
1788.72
2188.61
2451.68
2582.16
7214.63
8284.83
8620.57
9025.21
9454.2
2465.22
3402.52
4049.07
4458.85
4664.07
47263.2
61187
31739.3
34736.2
15756.8
17653.8
1483.31
1585.74
0
0
0
0
0
0
0
0
0
0
0
0
0
0
0
21125
19469.2
23870.8
20121.6
24101.9
25132.5
15464.9
9807
15441.7
9735.38
5381.32
3051.88
1834.95
1170.21
5496.84
3118.51
1882.28
1197.76
373.687
1482.48
1070.95
361.885
601.227
1557.47
1095.32
369.973
1000.32
1683.98
1128.78
374.53
1451.14
1829.84
1180.1
391.094
1637.4
1949.51
1228.93
405.906
1525.17
2096.96
1321.84
432.69
1454.6
2029.75
1274.57
417.143
1514.88
2151.44
1348.93
435.209
1609.42
2203.5
1381.08
444.591
805.675
526.199
314.924
164.073
50.5605
821.715
533.163
317.975
165.356
50.9142
921.992
558.051
326.366
168.53
51.7608
920.585
554.396
324.299
167.58
51.4898
938.895
564.974
329.806
170.089
52.204
960.717
574.866
334.574
172.238
52.8155
867.857
532.149
314.617
163.508
50.368
877.064
535.525
315.979
164.054
50.5156
895.923
541.347
318.268
164.984
50.7681
19640.8
19853.5
19951.6
19767.9
18595.6
13150.5
14041.1
12911.1
13017.8
12636.6
3609.69
881.782
201.441
35.928
12633.1
3573.97
870.757
198.194
35.1169
12509.2
3510.63
852.358
193.571
34.2807
12126.6
3379.34
818.963
185.953
32.9351
11258.7
3148.06
766.491
174.761
31.0307
8880.93
2615.72
655.614
152.338
27.352
9601.89
2821.84
700.401
161.286
28.7804
8598.07
2515.17
630.988
147.142
26.5071
8561.52
2485.19
621.765
145.268
26.1415
46233
61823.5
25960.3
30666.2
14292
16441.3
1119.07
1381.51
427.468
2983.57
1529.5
877.043
1119.41
1584.72
1922.39
2138.04
2242.66
6254.57
6318.1
5849.99
5477.97
5350.14
3601.07
4356.26
4634.84
4722.29
4758.46
2210.68
2951.99
3397.97
3642.54
3753.21
0
0
0
0
0
0
0
0
0
0
23007.4
17883.4
23068
18138.5
22812.2
24697
14078.9
10121.5
14291.8
9986.74
6274.16
3710.57
2223.05
1392.92
6230.59
3681.34
2216.3
1391.18
2631.4
2683.91
1592.63
504.885
2719.86
2683
1591.61
507.255
2863.82
2670.67
1572.18
496.93
2852.98
2635.25
1560.7
498.386
2459.98
2553.62
1537.09
496.287
1711.99
2352.79
1480.27
484.231
1859.4
2438.87
1503.49
487.428
1592.2
2288.87
1440.04
465.774
1628.13
2246.11
1410.27
454.525
940.477
600.676
352.398
181.016
55.3754
939.667
597.737
350.446
180.044
55.0895
1006.77
600.886
347.412
177.997
54.4495
1030.13
606.025
349.438
178.855
54.6892
993.623
593.878
344.139
176.56
54.0443
979.459
584.901
339.58
174.505
53.4607
1061.14
619.302
356.219
182.022
55.606
1062.5
618.382
355.514
181.654
55.4958
1066.82
616.578
354.177
180.984
55.298
18786.9
18790.6
18701.7
18317.1
17256.5
13069
13779.6
12886.9
13013.3
12028.3
3447.23
842.101
192.448
34.3515
11950.4
3402.99
830.593
189.323
33.5907
11752.3
3332.58
812.517
185.043
32.8363
11369.7
3209.46
782.269
178.266
31.6492
10652.4
3011.61
736.826
168.519
29.9857
8785.5
2578.65
645.267
149.843
26.9033
9362.37
2744.31
681.206
156.998
28.0433
8563.21
2499.9
626.283
145.927
26.279
8552.89
2481.17
620.449
144.912
26.0729
66.8446
77.715
101.675
141.561
201.778
288.254
408.118
568.255
774.143
1019.22
1262.24
1421.28
178.189
259.571
323.824
367.963
390.371
206.916
300.83
374.562
424.962
450.465
270.162
391.503
485.897
549.91
582.137
375.113
541.227
668.895
754.615
797.513
532.739
764.293
939.55
1055.85
1113.71
757.324
1078.32
1316.59
1472.64
1549.91
1065.04
1501.18
1816.94
2021
2122.07
1469.42
2043.51
2446.39
2704.09
2833.33
1977.56
2702.68
3192.77
3505.81
3668.76
2564.16
3430.81
3992.44
4357.06
4561.75
3124.98
4091.56
4694.23
5099.73
5352.24
3483.85
4501.52
5122.54
5553.78
5842.03
67.7652
80.615
106.961
149.886
213.919
304.836
428.953
591.665
796.977
1037.5
1273.34
1424.88
180.673
263.261
328.523
373.393
396.185
214.745
312.474
389.406
442.129
468.857
284.455
412.815
513.13
581.465
615.98
397.676
574.996
712.206
804.948
851.585
565.759
813.986
1003.63
1130.64
1194.24
802.655
1147.09
1405.93
1577.52
1663.21
1122.44
1589.28
1932.64
2157.97
2270.72
1534.72
2145.48
2582.43
2867.01
3011.31
2042.53
2806.86
3334.83
3678.75
3859.46
2617.85
3520.27
4117.99
4513.14
4736.09
3159.04
4150.9
4779.96
5208.58
5475.57
3495.3
4522.11
5152.84
5592.77
5886.63
476.262
3108.47
958.411
1253.2
1788.59
2188.45
2451.49
2581.96
7214.41
8284.52
8620.19
9024.78
9453.74
2465.08
3402.32
4048.81
4458.56
4663.77
21712.2
18533
16308.4
16491.7
13151.2
11317.1
11026.2
8107.01
6896.68
5507.51
3474.27
2642.57
15137.7
10630.7
15377.5
10531.7
19813.3
18156.4
13754.5
11697.9
6818.92
6094.82
16040.9
14108.3
12850.6
10125
9280.27
8712.64
5854.33
5570.66
5353.22
6028.17
3337.81
1961.13
1237.01
6188.6
3454.68
2001.48
1263.44
851.473
549.014
325.629
168.731
51.8621
870.413
560.355
331.518
171.425
52.6299
645.11
1663.12
2297.91
2725.96
2983.97
3105.83
49.9333
61.0101
85.9929
129.666
196.14
280.932
133.317
194.703
243.532
277.3
294.52
162.734
237.289
296.312
336.951
357.612
229.003
333.038
414.756
470.617
498.875
344.526
499.197
619.377
700.726
741.605
519.524
748.964
924.624
1041.99
1100.47
741.262
1062.07
1303.31
1462.05
1540.41
26213.6
25306
24582
23737.5
20695.4
18394.7
22931.5
19464.3
17280.2
21797
18430.2
16328.7
14834.3
11971.7
10462
20539.7
19341.8
16788.1
15191
12383.6
10342.5
6215.28
4501.21
14426.4
10580.1
15134.3
10504.3
6344.9
3617.54
2144.31
1348.64
6291.64
3550.9
2063.27
1301.97
919.261
585.933
344.264
177.183
54.2676
895.197
574.2
338.549
174.621
53.5406
50.7345
63.6387
91.1441
138.707
210.762
305.406
135.473
197.893
247.576
281.957
299.498
169.812
247.773
309.619
352.288
374.012
242.895
353.664
441.002
500.927
531.322
368.974
535.652
665.964
754.712
799.507
559.266
808.717
1001.61
1131.78
1197.11
808
1162.93
1433.92
1614.97
1705.36
727.032
1893.31
2660.56
3212.37
3568.1
3744.61
)
;
    }
    patch2
    {
        type            calculated;
        value           nonuniform List<scalar> 
348
(
6280.5
6280.12
6957.83
3802.89
2909
4104.48
7851.25
4280.33
3334.97
4709.13
6957.11
3802.53
2908.74
4104.1
7850.68
4280.01
3334.72
4708.78
13752.6
9203.06
2754.19
2018.63
2268.66
1954.15
2481.33
11800
8294.78
6879.57
6081.73
5351.33
4584.2
5425.67
4773
3984.22
4236.71
3780.9
12176
6627.59
4457.93
4135.7
5104.56
4684.96
3783.77
3487.1
3135.84
2781.54
3703.47
3446.65
13187.6
8132.39
9717.4
6409.7
5353.97
349.708
407.01
533.288
742.591
1057.69
1504.94
396.054
456.921
590.275
808.319
1128.26
1569.35
315.484
298.864
374.598
362.815
505.767
505.973
725.987
751.836
1054.61
1115.05
1496.72
1559.85
2111.42
2894.5
3882.05
5094.99
6303.42
7104.74
2147.7
2866.86
3713.26
4622.93
5436.32
5944.22
355.042
424.053
565.311
795.509
1140.75
1631.01
401.966
475.628
624.707
863.355
1210.27
1684.85
320.563
303.958
391.047
379.527
537.489
539.022
780.429
810.824
1143.71
1213.57
1641.41
1728.08
2290.86
3124.25
4147.12
5353.26
6494.65
7175.63
2299.41
3048.85
3908.8
4802.44
5563.98
5990.55
13956.9
9321.63
3051.33
2232.42
2614.73
2205.56
2810.88
14478.6
11700.3
8787.29
9656.79
5858.64
7295.69
5022.89
5534.61
4717.05
13940.8
7835.82
5426.51
4859.35
6007.63
5305.23
4165.5
3983.43
3789.47
3283.99
4491.57
4051.55
13832.1
8458.04
10667.4
6847.22
5884.2
13751.1
9202.16
2753.93
2018.44
2268.45
1953.97
2481.1
11798.5
8293.89
6878.88
6081.26
5351.02
4583.81
5425.21
4772.65
3983.89
4236.37
3780.59
12174.4
6626.91
4457.53
4135.32
5104.07
4684.52
3783.42
3486.78
3135.56
2781.29
3703.14
3446.33
13186.1
8131.57
9716.3
6409.07
5353.45
349.67
406.966
533.232
742.515
1057.59
1504.8
396.011
456.873
590.214
808.237
1128.14
1569.2
315.449
298.831
374.556
362.775
505.713
505.919
725.912
751.759
1054.5
1114.94
1496.58
1559.7
2111.22
2894.23
3881.69
5094.51
6302.82
7104.09
2147.5
2866.59
3712.92
4622.5
5435.83
5943.68
355.004
424.009
565.255
795.434
1140.65
1630.87
401.924
475.58
624.646
863.275
1210.17
1684.7
320.528
303.924
391.006
379.487
537.435
538.968
780.355
810.747
1143.6
1213.46
1641.27
1727.94
2290.67
3123.99
4146.78
5352.83
6494.1
7175
2299.21
3048.59
3908.48
4802.04
5563.51
5990.02
13955.6
9320.78
3051.09
2232.24
2614.53
2205.38
2810.66
14477.8
11699.6
8786.76
9656.31
5858.27
7295.27
5022.56
5534.26
4716.74
13939.8
7835.29
5426.15
4859.01
6007.21
5304.84
4165.17
3983.13
3789.2
3283.75
4491.26
4051.26
13830.9
8457.33
10666.6
6846.67
5883.75
6077.98
3494.81
2719.98
6665.07
4033.52
3221.09
7607.09
4870.54
4033.39
8756.37
5757.69
4817.42
10040.2
6365.42
5247.93
19475.8
17024.5
18825.5
16218.4
17842.2
14989.2
16882.7
13657
15582.9
12310.2
6059.89
3472.79
2697.39
6662.61
4034.2
3221.76
7605.95
4870.5
4033.57
8755.33
5757.38
4817.35
10039
6364.97
5247.73
19503.2
17046.7
18821.2
16219.6
17840.6
14988.7
16881.8
13656.4
15582.1
12309.6
)
;
    }
    patch3
    {
        type            calculated;
        value           uniform 0;
    }
    patch4
    {
        type            calculated;
        value           nonuniform List<scalar> 
384
(
6855.66
13327.5
16534.8
43469.9
56265.3
25706.1
15103.9
6102.79
13367.6
14945.4
38759.1
38294.3
6595.64
13334.3
16520.2
43484.3
56291.8
25705.8
15133.1
5757.74
13281.9
14971.3
38717.2
38367.6
12044.1
13744.3
41117.6
42561.9
11975.9
13767
40926.7
42589.1
12044.9
13745.9
41125.1
42567
11977.1
13768.4
40926.2
42592.3
8416.89
8723.76
9312.29
8952.08
2808.02
7423.48
2348.42
5520.13
3340.55
8325.6
2459.9
5700.51
9306.41
8949.89
8418.08
8724.96
5012.88
3747.41
6425.21
5259.06
16872.9
14229.5
3751.59
4695.52
5850.28
7019.18
7734.14
6736.46
8827.67
7327.48
17722.9
14427.5
6746.2
7445.61
8356.91
9342.86
4845.15
3634.21
6422.93
5274
16873.8
14231.2
3651.39
4582.3
5866.39
7038.48
7646.54
6645.6
8854.75
7360.54
17727.8
14429.9
6651.88
7339.73
8383.76
9368.85
3336.91
8320.28
2458.94
5698.81
2809.57
7426.99
2348.96
5521.48
59172.4
63389.7
61580.8
64105.5
59179.9
63395.2
61588.2
64111.8
11990
5078.27
15818.4
7493.94
22134.2
13575.9
7966.57
5913.94
26100.3
43722.3
32470
50486.5
22184.7
40636.1
20488.3
39768.6
19098.5
7742.97
21894.5
9792.17
26808.4
16093.5
8901.12
6109.29
27655.2
44192.6
34859
51191.6
22985.4
40895.1
20721.3
39848.5
11814.9
4958.8
15835.5
7515.49
22143.7
13586.3
7970.58
5915.49
26105.2
43725.9
32475.7
50490.8
22188.2
40639.2
20491.1
39771.6
18972.6
7630.17
21914.7
9820.64
26820.1
16108
8906.83
6111.2
27662
44197.1
34866
51197.1
22990.1
40898.8
20724.5
39851.7
20588.9
42921.7
25806.1
48105.7
32941.9
52447.2
45033.8
31418.9
54704.3
34492
57096.4
38859.4
57957.8
47599
20355
42613.2
25827.6
48139.2
32952.9
52459.9
45040.2
31285.3
54535.2
34511.6
57126.7
38869.7
57968.7
47605.8
11278.8
11287.7
11200.9
10865
10067.9
8616.33
9069.81
8417.68
8351.77
11114.4
11037.9
10834.6
10436.3
9726.97
8546.65
8915.7
8388.84
8344.12
11269.4
11284.4
11200.2
10865.1
10068.2
8616.77
9070.23
8418.13
8352.23
11112.7
11036.2
10834.5
10436.7
9727.48
8547.17
8916.23
8389.34
8344.59
1941.74
1911.19
1874.49
1782.63
1611
1434.92
1486.09
1415.26
1398.24
1873.35
1837.65
1794.57
1705.77
1554.35
1419.96
1455.8
1408.54
1396.33
1929.52
1912.01
1874.58
1782.65
1611.04
1434.99
1486.15
1415.33
1398.31
1862.2
1838.65
1794.78
1705.86
1554.43
1420.04
1455.89
1408.62
1396.4
417.838
408.801
398.357
376.207
339.813
313.154
320.344
310.285
306.257
399.973
390.89
380.631
360.357
328.211
309.283
313.286
308.405
305.697
414.604
408.957
398.37
376.205
339.818
313.168
320.354
310.301
306.273
396.929
391.071
380.668
360.371
328.225
309.3
313.302
308.421
305.714
94.4331
92.1213
89.5141
84.4672
76.6554
71.9603
73.0922
71.49
70.5892
90.2641
88.0531
85.6416
81.1029
74.1725
71.0038
71.4714
70.9975
70.4383
93.6781
92.1457
89.5117
84.4639
76.6549
71.963
73.0939
71.4932
70.5927
89.5463
88.0816
85.6441
81.1034
74.1743
71.0073
71.4744
71.0012
70.4419
16.8278
16.3804
15.8986
15.0097
13.6689
12.9543
13.1058
12.8866
12.7147
16.0919
15.6716
15.2356
14.4405
13.2461
12.7788
12.8202
12.7931
12.6855
16.6928
16.3835
15.8974
15.0086
13.6686
12.9547
13.106
12.8871
12.7153
15.963
15.6753
15.2352
14.4402
13.2462
12.7793
12.8207
12.7938
12.6861
)
;
    }
}


// ************************************************************************* //
