/*--------------------------------*- C++ -*----------------------------------*\
| =========                 |                                                 |
| \\      /  F ield         | OpenFOAM: The Open Source CFD Toolbox           |
|  \\    /   O peration     | Version:  2306                                  |
|   \\  /    A nd           | Website:  www.openfoam.com                      |
|    \\/     M anipulation  |                                                 |
\*---------------------------------------------------------------------------*/
FoamFile
{
    version     2.0;
    format      ascii;
    arch        "LSB;label=32;scalar=64";
    class       volScalarField;
    location    "2.3";
    object      gradTx;
}
// * * * * * * * * * * * * * * * * * * * * * * * * * * * * * * * * * * * * * //

dimensions      [0 -1 0 1 0 0 0];

internalField   nonuniform List<scalar> 
5712
(
-6565.43
-8391.3
-15605.7
-22776.6
-23229.6
-40105.7
-17872.8
-45536.2
-14564.6
-32000.3
-21776.3
-33118.2
-19550.4
-25618.7
-8594.19
-9822.15
-14618.4
-16741.2
-18917.9
-18760.5
-14902.8
-18427.6
-21972.2
-19724.8
-5329.72
-3994.99
-6631.45
-4450.32
-12346.5
-9850.65
-21101.1
-15257.8
-16359.3
-16990.5
-18135.7
-17255
-6327.81
-4974.01
-38764.5
-51899.3
-25037
-30742.7
-52183.4
-67705.3
-26995.1
-30903.3
-28712.5
-40567.7
-25044.9
-33207.6
-14634.6
-23614.1
-2797.72
-942.175
-2948.69
-1062.02
-8450.05
-3407.49
-11606.6
-4265.42
-8240.6
-3164.28
-8793.14
-2817.71
-15001.1
-4769.97
-19360
-6527.66
-23773.4
-11785.6
-21763.8
-12902.7
-22331
-14440.4
-19637.9
-14786.8
-17080.9
-10142
-17070.3
-8681.83
-22452.2
-14373.3
-22500.3
-14511.5
-20737.9
-15663.1
-20988.2
-15739.1
-18452.9
-11726.1
-19114.3
-12019
-17433.2
-7534.85
-8038.95
-9770.38
-17505.7
-8231.42
-7000.62
-9882.14
-18465.7
-7505.51
-9122.36
-9854.81
-19383.4
-7689.7
-9928.35
-10303.1
-3625.8
-3957.1
-1215.67
-2365.93
-10630.3
-11232.4
-4093.2
-7228.95
-13613
-15144.2
-6526.26
-11084.1
-12267.5
-1131.71
-13489.3
-16579.4
-8967.02
-793.804
-7481.26
-12095.2
-19457.9
-13400.7
-9790.93
-11858.1
-10327.8
-8880.2
-13912.3
-3494.88
-2890.03
-1993.2
-1978.99
-9865.33
-8350.24
-5916.14
-5632.02
-12335.1
-10492.6
-7729.36
-6941.79
-5870.76
-7456.71
-12094.4
-12516.6
-13956.2
-12706.5
-15730.5
-13721.2
-10569.4
-8891.94
-9026.26
-9550.7
-11901.3
-9467.71
-10822.5
-7948.99
-9348.48
-6503.56
-10842.5
-7131.97
-10210.5
-4858.14
-8750.72
-9527.76
-12528.3
-16392.1
-13777.2
-20086.4
-6951.34
-7763.7
-9035.46
-2993.45
-7792.65
-15052.3
-7389.49
-16123.2
-13637
-24785.2
-13873.4
-26287.2
-5875.77
-12907.5
-5333.33
-13741
-8105.25
-6172.61
-11247.8
-4493.39
-8371.31
-1771.2
-9823.85
-856.352
-7777.91
-9210.88
-11779.2
-5463.06
-6425.69
-10847.2
-10415.9
-7156.57
-2312.22
-2047.03
-1844.48
-1658.25
-1527.87
-1374.47
-6861.05
-5676.2
-4946.58
-4388.07
-3563.32
-3112.86
-8451.47
-7339.79
-6802.46
-5289.93
-4356.77
-4134.6
-6591.53
-5878.17
-5750.53
-10953.9
-8411.51
-7119.58
-10269.9
-7670.97
-6263.36
-10792.5
-8595.27
-7508.44
-6636.41
-4421.76
-3472.8
-15763.4
-13745
-11971.2
-10087.5
-8467.13
-7087.68
-8909.74
-6995.28
-5638.61
-7441.01
-5431.77
-4219.46
-7586.42
-4260.64
-2433.74
-10305.9
-13977.4
-8139.61
-10534.5
-11058.8
-16266.1
-9869.32
-14391.5
-45.6224
-734.445
500.596
-102.573
-2960.22
-3357.5
-1222.99
-658.208
-688.177
-2403.16
-9361.7
-13685.3
-6644.32
-3629.79
-9823.84
-9749.71
-15105.1
-16635.5
603.033
4096.68
-7531.26
-7101.4
-7125.8
-5498
-1027.21
-548.501
-660.218
-262.544
-1994.05
-218.11
352.675
855.84
-9217.24
-2418.5
-6216.17
-1633.86
-8977.76
-2747.87
-10869
-3517.85
-8771.03
-11888.1
-8119.38
-11604.6
-14050.7
-14909.2
-13419.6
-14131.4
-5648.14
-9454.01
-6513.78
-9385.8
-8617.55
-11186.3
-9508.79
-11310.2
-13983.8
-13887.7
-14645.7
-13954.2
-5703.38
-9157.4
-6208.1
-9335.89
68.581
-1434.68
-7525.1
-4828.65
639.738
-1017.57
-6972.17
-4274.04
-386.44
-1686.96
-7700.71
-5258.78
-844.216
-1961.01
-7752.41
-5454.6
686.003
793.345
-175.14
-28.214
2908.97
2954.24
195.533
350.327
567.804
1972.81
-1747.93
-1103.91
10254.6
9519.51
5570.14
4251.6
386.803
10449.1
10809.5
4333.33
6394.62
772.954
-10175.5
-8029.54
-7209.03
-6837.88
-4263.79
818.065
768.414
22.7895
-88.8249
2586.56
2577.93
64.2408
-198.44
2599.32
3199.64
-771.401
-1128.57
5137.68
2363.33
8206.69
5191.08
3665.95
2812.2
4131.81
3624.9
-546.767
-1538.57
-3747.98
-2369.3
-1032.09
1042.71
-1043.31
755.321
-1814
-456.697
-2285.91
-2629.65
-5250.75
-4818.51
-9978.98
-6036.75
-8100.55
-8186.2
-12301.5
-9985.19
-7954.45
-4722.92
-3995.13
-3988.04
-11759.7
-5213.09
-12936.6
-5845.54
-13719.8
-10190.6
-14642.8
-10918.5
-9635.76
-3860.16
-10793.1
-4470.03
-6406.07
-5155.29
-5098.23
-7570.69
-4183.14
-4746.51
-4373.49
-7021.86
-7376.65
-5112.86
-5753.24
-8685.52
-8932.45
-5558.18
-7148.67
-8973.77
798.89
864.6
977.309
14.4341
301.553
341.426
2918.09
3132.12
3143.47
203.406
865.314
875.205
3679.44
4154.19
4283.57
-656.768
836.732
1145.98
1289.72
1109.33
808.322
3874.01
3983.22
3728.91
3176.18
3623.12
3577.42
3929.9
4274.54
4190.88
-1457.18
365.179
509.348
-3438.04
-1947.11
-1016.65
1064.56
2237.93
2865.35
1008.65
2524.71
3187.75
425.671
2081.37
2561.22
-2474.85
524.449
884.187
26.909
41.2688
54.9672
83.726
273.004
157.728
133.486
131.814
5.25653
81.0756
191.62
301.172
443.974
291.286
330.661
361.859
-236.964
32.2909
273.343
535.688
162.007
239.389
313.992
362.303
38.0706
144.867
153.366
152.464
-219.142
-4.86538
127.223
218.233
-977.693
-198.982
108.919
330.324
-1532.56
-355.44
11.2738
565.189
-683.757
-82.4475
193.157
481.996
-1261.36
-270.119
-7.96635
495.184
-1040.2
-238.698
135.204
414.971
-1717.83
-423.312
9.30758
664.107
-1161.48
-318.14
123.064
493.226
-1851.1
-485.391
-13.0552
694.626
6.64556
24.036
47.733
104.963
36.5649
32.899
29.1377
96.1969
67.3299
82.391
147.058
283.228
164.182
111.723
89.9725
260.134
-423.524
-50.1427
162.317
484.307
-197.554
30.1787
120.071
459.625
-92.9035
123.728
239.3
483.765
-29.7723
99.1497
103.226
463.813
-1088.47
-206.492
32.8788
647.129
85.7371
46.4142
34.7273
72.7987
166.302
68.0114
36.3802
33.8836
173.706
110.25
77.1341
187.724
423.495
180.752
91.9346
87.2442
95.0187
122.452
107.653
309.199
532.154
253.969
138.818
137.712
-111.053
111.183
135.882
429.907
410.05
274.236
165.444
175.403
-575.909
13.8983
73.9629
413.582
105.884
236.405
153.812
180.255
-1265.14
-125.489
61.6555
478.752
-411.571
59.8914
99.2547
168.794
-982.512
-36.7054
72.9941
446.346
-251.806
138.688
131.377
182.431
-1526.06
-235.65
24.8434
519.523
-556.718
-18.347
65.2687
157.992
-1722.49
-345.901
-27.0033
512.912
-691.776
-104.192
20.1758
136.601
37.1575
16.6346
8.70657
5.19751
3.8017
49.0015
25.5723
14.3215
8.78341
6.47404
88.7328
38.7389
20.2267
12.1407
8.95027
111.111
57.3594
32.1706
19.8379
14.6768
117.688
48.5346
25.0251
15.0077
11.0953
149.631
76.1483
42.8187
26.558
19.7227
78.6202
39.0532
21.866
13.5887
10.0989
55.6504
22.8543
11.7131
7.07356
5.20557
118.508
49.7283
26.1343
15.8661
11.6954
56.5278
20.3414
10.0692
5.98188
4.37606
124.824
57.8519
31.8091
19.6084
14.5428
53.3538
20.2354
10.3258
6.18416
4.51949
91.1385
32.4692
15.8119
9.36504
6.86091
53.5477
18.1703
8.81857
5.23673
3.83985
78.9854
20.7922
8.14887
4.40583
3.11134
43.616
9.81936
3.50789
1.8199
1.2614
30.9611
12.5458
6.32483
3.69737
2.68051
22.3427
9.94537
5.24271
3.10752
2.26071
75.617
31.5156
16.2984
9.6681
7.07412
57.6983
26.2201
14.0661
8.41778
6.14888
106.096
38.8661
19.2732
11.2688
8.22131
78.4037
36.1776
19.6218
11.7854
8.66893
95.6903
44.4846
24.5898
15.0901
11.2024
53.3965
27.5729
15.4656
9.40773
6.98874
49.694
24.4732
13.8417
8.58771
6.37839
-338.043
-458.699
-761.48
-1123.09
-795.857
-1405.89
-278.024
-1144.18
366.372
-217.844
-730.736
-1217.79
180.267
103.005
-1135.03
-1793.35
-1432.78
-2044.66
-608.647
-141.137
-31.7555
-7.00615
-1.7551
-208.188
-92.222
-13.1034
-3.44954
-1.48822
-1869.73
-431.628
-97.4483
-21.3935
-5.36618
-498.457
-133.209
-32.1713
-6.75033
-1.80765
-3143.98
-727.312
-164.629
-36.2569
-9.07392
-788.858
-224.978
-54.2468
-12.5177
-3.13243
-4224.28
-980.106
-222.73
-49.1955
-12.3252
-915.363
-282.301
-70.2837
-16.4092
-4.09917
-5285.87
-1238.54
-283.381
-62.8986
-15.8221
-1006.37
-341.711
-87.6417
-20.7398
-5.24266
-6282.89
-1517.68
-352.037
-78.7876
-19.904
-1544.05
-472.529
-116.598
-26.7468
-6.68846
-5841.76
-1405.91
-324.679
-72.3672
-18.2259
-1205.67
-401.419
-102.006
-23.8562
-5.9724
-6486.96
-1569.57
-364.782
-81.7681
-20.6879
-1745.73
-517.399
-125.83
-28.4691
-7.10156
-6764.41
-1623.07
-377.761
-84.6406
-21.4023
-1809.22
-538.121
-132.063
-27.7618
-7.32827
-508.607
-6879.41
-6278.31
-2250.57
1630.62
2781.95
7757.13
11338.2
1746
8325.61
-1602.7
2591.5
2492.01
4911.74
9259.95
13102.4
14011.8
17582.4
5720.35
7407.69
-19793.7
-14330.7
-4818.35
-3793.22
-2729.45
-3905.02
-3623.14
-12212.9
-11754.5
-10011.5
-10895.1
-9034.18
-6465.3
-8398.45
-5601.43
-4743.46
-5778.83
-3968.05
-19769.5
-10334.1
-3689.15
-6280.01
-8479.64
-5935.33
-6499.43
-4843.33
-2960.76
-4189.77
-4434.56
-4790.59
-19476.3
-12806.2
-12186.9
-8821.21
-8786.85
-9210.38
-4001.72
-5287.19
-6670.93
-14189.8
-12377
-10518.6
-9866.94
-8622.66
-9334.82
-6425.37
-5038.94
-3922.15
-2047.18
-4255.56
-3530.52
-2647.2
-1650.39
-564.791
-3388.19
-2836.99
-2135.05
-1326.84
-450.701
-2424.34
-2015.48
-1505.01
-928.992
-314.237
-3492.08
-2924.81
-2198.48
-1362.9
-461.797
-3216.15
-2674.7
-2001.03
-1238.93
-420.256
-7885.1
-6084.93
-4830.44
-4557.16
-5004.68
-6448.62
-4776.34
-3443.77
-2898.5
-2046.15
-6254.78
-3760.32
-2625.94
-1854.21
-903.58
-5606.4
-3794.37
-2544.61
-1875.3
-1118.43
-4221.19
-2641.85
-1654.64
-1159.64
-573.593
-5119.54
-3826.38
-2646.82
-1585.41
-546.774
-5714.69
-3667.61
-2403.32
-1446.46
-544.842
-3675.68
-2192.09
-1313.2
-712.335
-241.307
-3909.63
-3018.62
-2126.89
-1273.69
-430.184
-4613.52
-3444.38
-2349.6
-1370.07
-455.486
-3305.19
-2572.41
-1817.06
-1083.41
-362.31
-13132.8
-10080.6
-8236.57
-7444.47
-7212.01
-7622.98
-5539
-4077.49
-2792.9
-1270.87
-3071.41
-2404.92
-1724.76
-1053.75
-363.798
-5322.15
-4256.14
-3121.72
-1947.5
-684.826
-6957.28
-5473.04
-4041.81
-2613.07
-994.562
-5054.77
-4077.11
-3027.2
-1914.89
-681.249
-5629.38
-4601.79
-3435.13
-2161.16
-755.606
-4215.78
-3447.95
-2558.83
-1589.88
-545.989
-2553.15
-2057.4
-1496.15
-908.665
-305.822
-3688.97
-3040.46
-2256.21
-1389.34
-470.339
-3773.28
-3007.63
-2176.7
-1326.09
-450.608
-4149.69
-3372.76
-2485.36
-1534.09
-524.55
-13614.1
-11364.7
-9595.25
-8678.39
-7694.56
-8915.32
-6410.98
-4979.04
-3736.19
-1930.12
-9020.29
-7179.47
-5512.99
-4122.37
-2028.1
-6950.71
-5289.75
-4003.36
-2745.57
-1129.07
-7339.08
-5881.09
-4407.71
-2873.01
-1085.1
-7199.35
-5435.12
-4086.63
-2790.34
-1133.86
-3436.9
-2781.55
-2056.63
-1285.19
-448.055
-4660.1
-3851.17
-2871.49
-1778.83
-605.212
-5743.86
-4663.67
-3460.71
-2168.41
-755.989
-5523.98
-11240.1
-11728
-32085.8
-11571.5
-42981.8
-6307.08
-15291.8
-11584.4
-8948.74
-19218.9
-16030.3
-11568.1
-10896.1
-21579.4
-17097.8
-4064.13
-3017.63
-7856.39
-5394.98
-9109.71
-6862.78
-24413.4
-18028.2
-15019.9
-11409.7
-15434
-9180.01
-1186.13
-3709.66
-40000.9
-52399.6
-24195.4
-30594.7
-52908.3
-67996.5
-26070.7
-30679.6
-29789.7
-41120.3
-24279.9
-33147.2
-16085.1
-24299.1
-1938.09
-510.709
-3401.06
-1160
-6592.64
-2940.27
-13366
-4824.15
-2903.58
-1645.32
-7261.64
-2281.57
-15023.4
-4717.46
-19534.7
-6576.25
-16374.5
-8474.47
-18850.7
-11206.5
-14942.9
-10684.9
-16752.2
-12987.6
-15034
-8795.91
-11903.4
-6139.66
-21324.3
-13607.5
-22217.8
-14301.7
-19589.3
-14881
-20681.3
-15526
-17697
-11102.2
-18934.9
-11846.5
-16445
-7252.94
-7154.94
-9428.82
-14719.1
-7412.04
-5356.42
-9259.61
-18197.5
-7433.58
-8709.63
-9686.53
-19350.2
-7683.43
-9811.69
-10253.9
-1115.35
-1001.91
-269.43
-1185.36
-4530.22
-4680.93
-2829.91
-5606.38
-2531.98
-3156.7
-4391.56
-8296.75
-12036.5
-9667.56
-9296.12
-11589.5
-7626.13
-7617.93
-8140.97
-6843.3
-13413.7
-11621.1
-11463.5
-9583.69
-6643.49
-5695.96
-12505.6
-1080.34
-810.84
-602.265
-675.47
-4210.19
-3345.71
-3560.54
-3137.76
-604.731
516.436
-4206.27
-3303.3
-10141.4
-10771
-9474.72
-8670.5
-7035.89
-5111.45
-9200.43
-7330.64
-8215.24
-6435.7
-11531.6
-11743.5
-9853.26
-7718.89
-7281.77
-4956.02
-6413.75
-4069.06
-9564.89
-5825.36
-9269.36
-5076.75
-8263.91
-9423.08
-13025.5
-17333.5
-13737.7
-20060.5
-6324.29
-7521.4
-7677.95
-2886.96
-7614.6
-14910
-7347.13
-16068.9
-13571.8
-24884.4
-13848.8
-26268.3
-5638.43
-12732.2
-5276.56
-13686.9
-7639.7
-6020.56
-11054.3
-4483.23
-7359.77
-1803.32
-9513.35
-1232.04
-7591.59
-9100.25
-11691
-5443.5
-6376.38
-10810.9
-10391.9
-7143.54
-799.433
-743.145
-542.154
-626.369
-2551.98
-1865.85
-2308.7
-2100.41
1077.3
593.116
-2705.78
-3005.83
-10661.7
-10119.9
-7677.67
-6635.05
-4062.95
-3427.86
-5749.54
-4746.64
-5410.7
-3952.63
-18267.5
-16009.2
-7956.4
-6785.71
-6028.38
-4601.31
-4975.87
-3208.36
-5297.38
-2312.67
-5594.69
-9202.71
-4904.31
-9313.6
-8291.34
-10367.8
-9302.16
-12675.3
-994.395
-726.61
-777.722
-664.523
-3638.66
-2609.85
-2984.44
-1691.33
-1416.22
-1689.57
-8336.65
-8958.93
-4695.89
-4245.13
-9312.8
-9634.99
-14284.2
-16406.9
346.472
3897.47
-7361.45
-7129.12
-7038.38
-5551.27
-1078.53
-978.697
-1171.23
-967.505
-1758.42
-1208.05
-631.095
-539.714
-8150.08
-3815.2
-6926.27
-3201.38
-9284.02
-3689.25
-11002.1
-3903.81
-5405.5
-10259.1
-6994.46
-10740.2
-8651.65
-11632.1
-11344.4
-12609.8
-5262.97
-9270.63
-4770.94
-9232.51
-8164.92
-10833.4
-9376.13
-11217.3
-13114
-13252.5
-14398
-13782.4
-5626.57
-9111.86
-6199.83
-9333.5
-556.321
-2286.17
-7964.09
-5503.51
-536.674
-2366.85
-7890.14
-5270.51
-854.462
-2287.32
-7946.7
-5673.21
-1037.63
-2203.15
-7826.43
-5597.59
-1081.23
-1188.25
-1017.74
-1104.86
-2112.83
-2165.05
-1462.37
-1591.95
-8418.12
-7756.38
-3974
-4018.26
-3762.19
-5223.91
-4075.36
-336.46
-1882.63
-1321.94
-1410.38
-3610.91
2632.2
-934.229
-13750.6
-11732
-10665.9
-9335.3
-5914.86
-1196.16
-1081.12
-1249.78
-1563.42
-2147.73
-1688.53
-2049.85
-2727.12
-8114.02
-8018.53
-4455.7
-5779.91
-5043.94
-6707.11
-3181.84
-5110.18
-4874.9
-5319.66
-1198.95
-1565.93
-3009.37
-4488.26
-9660.78
-7945.71
-7651.15
-5628.76
-6728.19
-4813.43
-6025.28
-4410.66
-4501.91
-4968.39
-8380.79
-8286
-11280.7
-7292.66
-10419.9
-11194.4
-13047.2
-10988.8
-9527.2
-5943.53
-7024.15
-7024.04
-12274.7
-5996.62
-13070.6
-6036.56
-13928
-10843.2
-14684.6
-11059.2
-10363.4
-4627.72
-10998.8
-4675
-7906.23
-6266.63
-6433.24
-8825.73
-6765
-7202.45
-6299.54
-9060.01
-8163.29
-5840.82
-6513.6
-9487.27
-9178.72
-5787.57
-7395.03
-9203.55
-874.926
-753.106
-1129.81
-826.729
-1437.49
-1704.98
-1667.6
-1214.14
-7845.9
-6869.05
-3873.97
-1722.96
-7879.23
-7481.42
-6153.05
-5535.29
-5159.07
-4421.35
-1886.4
-1934.47
-4278.42
-1924.23
-8643.31
-7410.69
-4906.97
-3884.46
-3833.31
-2403.18
-2856.47
-1239.7
-4460.04
-110.614
-240.722
-111.043
-38.2389
24.4929
-226.764
-142.668
-52.1848
12.6863
-650.361
-289.224
-13.0574
182.822
-588.408
-342.123
-51.23
116.801
-1063.76
-427.995
28.6825
418.642
-1050.06
-517.949
-178.757
16.3217
-721.419
-349.159
-172.279
-55.5298
-552.729
-229.121
-21.6519
120.109
-1589.03
-559.939
-130.362
152.801
-1892.04
-539.739
-92.727
542.694
-1526.25
-538.683
-87.7252
282.833
-1718.66
-485.914
-121.261
494.966
-1484.47
-515.505
-39.7324
310.466
-1960.34
-555.882
-73.735
630.568
-1343.93
-435.832
47.3713
446.691
-1939.86
-536.061
-45.2792
681.852
-223.389
-91.0158
-13.841
76.0011
-192.412
-69.4207
-28.2962
72.7382
-576.299
-238.018
-22.1298
196.346
-483.949
-183.073
-74.9178
187.952
-1137.87
-397.201
-9.23851
425.165
-1034.66
-346.306
-85.1347
389.417
-1264.43
-470.89
-90.0595
313.743
-955.743
-328.575
-115.271
434.415
-1732.41
-485.612
-105.667
685.205
-138.783
-52.0357
-15.9505
47.2493
-63.5598
-36.4749
-16.8902
-0.0927897
-418.205
-150.435
-64.9977
113.051
-210.397
-109.112
-59.3417
-8.68977
-742.711
-250.233
-98.754
204.202
-429.143
-191.329
-93.1834
-7.62508
-1130.08
-360.55
-125.48
308.871
-752.587
-282.124
-123.949
-2.26219
-1489.52
-432.971
-194.447
264.356
-1016.36
-341.158
-163.082
-23.1869
-1993.15
-561.305
-207.563
329.863
-1008.63
-316.822
-133.517
14.0396
-1920.46
-551.029
-237.503
274.709
-1115.2
-353.119
-156.853
-10.2249
-1967.74
-513.924
-150.405
425.308
-904.076
-254.997
-82.7991
63.8914
-1867.53
-439.982
-86.9413
480.605
-800.759
-181.306
-28.6191
105.853
-6.81852
-11.2562
-8.16966
-5.51752
-4.21536
-29.5613
-21.9489
-14.0897
-9.20347
-6.97608
-13.38
-25.6679
-18.6629
-12.5368
-9.5109
-63.9361
-48.5814
-31.2059
-20.3011
-15.345
-7.63143
-30.8714
-22.889
-15.3911
-11.6466
-83.4721
-63.8958
-40.7928
-26.3768
-19.8698
-40.4985
-32.0271
-20.5335
-13.2552
-9.98167
-5.45476
-13.681
-10.1179
-6.76952
-5.16931
-19.1183
-33.5463
-23.6707
-15.6785
-11.9014
5.05051
-11.2728
-8.88796
-6.03024
-4.61046
-50.4251
-46.241
-30.0624
-19.5087
-14.7032
-1.45224
-12.983
-9.51507
-6.37296
-4.87065
11.7761
-16.0753
-13.3182
-9.10717
-6.96698
8.71581
-9.04621
-7.46028
-5.07738
-3.8819
42.6716
-1.51213
-5.29224
-4.15822
-3.34197
28.5869
0.523619
-2.10099
-1.75923
-1.44342
-0.366406
-7.90854
-6.08115
-4.17858
-3.21124
-6.68392
-7.78395
-5.32786
-3.57265
-2.7308
-9.89422
-22.3126
-16.0281
-10.8016
-8.22911
-23.2971
-22.1317
-14.5899
-9.66426
-7.35756
8.65865
-24.1128
-18.7004
-12.8018
-9.77973
-38.5189
-32.3273
-20.8141
-13.7122
-10.3751
-46.3665
-38.4782
-24.4302
-15.8461
-11.9137
-42.9587
-27.1324
-16.6293
-10.8065
-8.10585
-32.4489
-22.2916
-13.6716
-8.76244
-6.58517
-61.9659
-202.578
-112.256
-517.035
-57.4509
-713.798
228.832
-644.862
495.493
-101.328
-767.988
-1256.62
103.323
-66.3614
-1154.71
-1804.39
-1438.42
-2046.75
-585.846
-138.356
-31.306
-6.92193
-1.73527
-156.612
-85.3986
-11.9318
-3.27432
-1.4615
-1810.61
-424.014
-96.1836
-21.1519
-5.30871
-376.545
-114.543
-29.307
-6.31225
-1.73324
-3053.44
-714.581
-162.435
-35.836
-8.97466
-651.569
-203.188
-50.7816
-11.9674
-3.03396
-4119.24
-963.446
-219.689
-48.601
-12.186
-819.88
-265.396
-67.3564
-15.9054
-4.00336
-5193.76
-1221.07
-279.882
-62.1854
-15.653
-979.926
-333.492
-85.8153
-20.3736
-5.1656
-6242.86
-1507.09
-349.52
-78.2275
-19.7651
-1549.53
-472.247
-116.319
-26.6606
-6.66444
-5783.18
-1391.3
-321.397
-71.6641
-18.0564
-1215.58
-399.335
-101.174
-23.6485
-5.92364
-6463.22
-1563.19
-363.219
-81.4129
-20.5982
-1746.88
-517.184
-125.704
-28.4327
-7.09141
-6756.49
-1620.95
-377.231
-84.5186
-21.3714
-1809.17
-538.002
-132.019
-27.7536
-7.32563
-527.368
-6803.99
-6023.85
-2203.32
-1565.24
-934.801
-3683.28
-2689.55
-6368.28
-5956.41
-3029.35
-2286.39
-401.185
-613.233
-1049.93
-1699.43
-2535.85
-3476.33
-289.154
-619.808
-1286.34
-2232.66
-3348.35
-4471.03
-305.375
-140.755
-523.394
-358.443
-961.837
-799.617
-1600.43
-1488.36
-2290.83
-2207.21
-2983.86
-2701.35
-4280.68
-4803.77
-5190.81
-7675.52
-8554.78
-9401.99
-5391.65
-5894.33
-5832.87
-5295.25
-4513.28
-3932.55
-362.472
-307.12
-233.299
-145.67
-49.5168
-553.71
-468.812
-355.874
-222.086
-75.4718
-947.331
-801.416
-607.888
-379.159
-128.819
-1531.75
-1294.34
-980.808
-611.379
-207.662
-2281.9
-1924.94
-1456.67
-907.339
-308.127
-3119.62
-2624.51
-1982.29
-1233.9
-419.082
-261.125
-221.149
-167.919
-104.81
-35.6183
-559.366
-473.348
-359.138
-224.043
-76.1219
-1160.09
-980.93
-743.752
-463.789
-157.556
-2011.38
-1698.82
-1286.88
-802.064
-272.431
-3011.46
-2539.22
-1921.1
-1196.69
-406.454
-4010.95
-3373.78
-2548.51
-1586.93
-539.18
-276.014
-233.927
-177.742
-111.005
-37.7423
-127.227
-107.831
-81.9337
-51.1698
-17.3983
-472.773
-400.428
-304.062
-189.799
-64.5119
-323.819
-274.313
-208.327
-130.052
-44.2056
-868.232
-734.833
-557.601
-347.883
-118.21
-721.934
-611.143
-463.825
-289.404
-98.3417
-1443.19
-1220.06
-924.825
-576.567
-195.844
-1342.26
-1134.81
-860.193
-536.228
-182.127
-2062.36
-1740.4
-1317.19
-820.36
-278.534
-1987.06
-1676.61
-1268.51
-789.703
-268.039
-2678.11
-2252.82
-1700.67
-1057.76
-359.02
-2424.1
-2038.01
-1536.94
-954.731
-323.742
-3823.5
-3203.18
-2413.67
-1502.53
-511.086
-4254.68
-3540.26
-2660.76
-1660.58
-568.045
-4525.15
-3723.36
-2792.91
-1759.27
-612.555
-6484.73
-5241.85
-3945.37
-2557.96
-942.27
-6832.19
-5378.6
-4090.89
-2800.48
-1162.35
-7188.46
-5557.15
-4262.56
-3037.23
-1367.58
-4818.22
-4039.06
-3045.66
-1897.02
-645.397
-5236.43
-4368.83
-3288.55
-2051.96
-700.626
-5133.27
-4253.61
-3197.54
-2005.18
-690.703
-4583.55
-3758.37
-2825.72
-1794.51
-632.171
-3779.54
-3042.42
-2295.74
-1501.32
-559.798
-3174.52
-2505.65
-1899.85
-1284.16
-509.358
-422.428
-678.367
-1162.98
-1866.14
-2764.67
-3755.84
-318.945
-711.074
-1442.69
-2454.45
-3622.9
-4761.24
-325.78
-158.252
-586.27
-413.518
-1072.55
-900.242
-1768.09
-1646.73
-2534.82
-2481.32
-3299.42
-3115.04
-4571.93
-5074.94
-5440.1
-7827.75
-8622.3
-9422.93
-5639.54
-6043.74
-5861.81
-5225.22
-4412.26
-3886.29
-381.776
-323.593
-245.906
-153.59
-52.2181
-612.945
-519.403
-394.629
-246.452
-83.7868
-1050.29
-889.513
-675.509
-421.743
-143.364
-1683.98
-1425.02
-1081.46
-674.947
-229.409
-2491.67
-2105.89
-1596.74
-996.163
-338.585
-3377.68
-2849.01
-2157.57
-1345.84
-457.626
-288.199
-244.245
-185.588
-115.907
-39.4035
-642.34
-544.192
-413.39
-258.143
-87.7564
-1302.47
-1102.75
-837.247
-522.661
-177.663
-2213.89
-1872.66
-1420.78
-886.625
-301.36
-3263.19
-2756.41
-2089.27
-1303.36
-443.037
-4278.87
-3606.85
-2730.5
-1703.18
-579.213
-294.533
-249.715
-189.814
-118.582
-40.3256
-143.103
-121.354
-92.2636
-57.6497
-19.6073
-529.914
-449.189
-341.381
-213.245
-72.5102
-373.836
-316.961
-240.941
-150.528
-51.1877
-969.002
-820.998
-623.688
-389.474
-132.411
-813.5
-689.416
-523.841
-327.166
-111.233
-1596.26
-1351.45
-1026.01
-640.456
-217.699
-1487.03
-1259.26
-956.18
-596.911
-202.899
-2285.99
-1933.24
-1466.41
-914.951
-310.964
-2238.46
-1893.59
-1436.55
-896.302
-304.6
-2969.46
-2506.29
-1898.56
-1184.1
-402.504
-2805.33
-2368.92
-1794.69
-1118.99
-380.218
-4095.81
-3443.53
-2604.08
-1625.6
-553.767
-4514.04
-3774.83
-2851.04
-1786.01
-612.12
-4772.57
-3955.28
-2987.37
-1891.16
-659.975
-6660.72
-5426.79
-4116.2
-2684.29
-991.749
-6933.73
-5497.01
-4209.9
-2897.25
-1205.75
-7226.05
-5602.61
-4309.84
-3077.44
-1386.64
-5050.09
-4243.86
-3208.06
-2002.07
-681.853
-5381.11
-4501.47
-3397.6
-2124.61
-726.308
-5170.08
-4295.61
-3238.41
-2035.88
-702.39
-4531.19
-3724.48
-2808.86
-1789.61
-632.19
-3697.53
-2980.78
-2255.87
-1481.65
-555.216
-3136.53
-2476.38
-1880.32
-1274.21
-506.983
-19732
-14386.6
-5198.12
-4204.48
-3200.86
-4498.52
-4115.6
-12979.8
-14624.4
-11575.8
-13360.5
-7967.93
-11333.1
-6104.87
-6369.04
-4660.76
-20446.7
-11338.3
-4395.47
-7191.95
-9341.63
-6445.8
-7163.25
-5428.23
-3347.16
-4856.89
-5363.77
-5506.4
-19359.6
-13004.2
-12840.3
-9216.3
-9232.56
-9742.79
-4680.53
-5934.78
-7309.47
-14206.4
-12455.2
-10638.3
-10030.3
-8777.28
-9430.49
-6525.15
-5136.24
-4003.85
-2083.11
-4620.91
-3862.82
-2918
-1829.45
-627.832
-3771.88
-3174.78
-2401.89
-1498.83
-510.231
-2868.61
-2410.92
-1820.59
-1133.94
-385.461
-4043.92
-3408.82
-2579.43
-1607.69
-546.358
-3682.1
-3091.02
-2334.3
-1455.83
-495.723
-9589.97
-8066.22
-6739.71
-6170.07
-6190.01
-10974.8
-9554.86
-7809.2
-6293.58
-3757.34
-8371.7
-5910.94
-4490.74
-3162.11
-1385.21
-9993.64
-8319.12
-6572.5
-4857.97
-2359.15
-6754.64
-5434.83
-4025.57
-2524.38
-881.911
-8916.05
-6667.63
-4894.06
-3123.14
-1147.75
-5299.93
-4336.71
-3229.8
-2014.54
-693.047
-5508.15
-4493.57
-3341.55
-2084.75
-718.197
-4080.61
-3359.69
-2506.93
-1559.57
-533.282
-14502.4
-11721.7
-9877.29
-8868.51
-8228.56
-8852.2
-6815.86
-5221.25
-3618.82
-1602.48
-3807.76
-3116.63
-2329.9
-1464.77
-510.739
-6253.9
-5146.79
-3875.62
-2460.07
-869.301
-7901.41
-6418.48
-4871.66
-3197.61
-1215.46
-5585.59
-4592.82
-3470.69
-2221.16
-793.19
-6282.34
-5207.89
-3938.08
-2499.08
-876.323
-4791.98
-3983.46
-3002.7
-1886.77
-651.226
-2962.36
-2461.65
-1846.37
-1149.08
-391.87
-4331.3
-3624.91
-2731.85
-1702.79
-580.208
-4707.4
-3887.75
-2911.72
-1819.15
-625.309
-4859.34
-4035.4
-3035.98
-1902.57
-655.057
-13754.9
-11664.7
-9996.45
-9140.47
-8161.61
-9209.85
-6720.98
-5275.83
-3976.3
-2039.49
-9955.87
-8179.82
-6463.44
-4868.74
-2370.1
-7414.3
-5772.17
-4444.05
-3072.59
-1257.18
-7838.98
-6394.07
-4869.63
-3206.85
-1214.32
-7834.66
-6086.19
-4681
-3228.73
-1308.41
-4102.21
-3396.3
-2563.73
-1623.62
-568.167
-5282.62
-4416.65
-3331.13
-2081.61
-711.356
-6391.55
-5281.2
-3983.76
-2524.62
-884.129
-489.479
-1391.47
-2208.4
-2977.14
-3706.16
-4386.58
-2606.92
-7006.27
-6664.5
-2554.91
-8912.97
-7473.24
-8924.41
-9883.19
-2361.77
-1525.42
-5485.32
-3179.96
-10450.6
-7400.59
221.182
-2116.35
-5843.89
-5482.33
-2059.53
-7590.07
-6104.29
-7493.12
-8441.27
-1955.68
-902.88
-4711.79
-1667.79
-8674.05
-4440.09
1520.96
-1548.49
-4451.7
-4165.38
-1512.33
-6006.93
-3681.47
-6090.47
-6752.1
-1476.87
-821.723
-3342.48
-1732.7
-6938.91
-1787.01
1658.1
-1143.12
-3453.01
-3299.57
-1157.79
-4608.83
-2255.34
-5071.8
-5973.38
-1113.54
-862.71
-2451.09
-1749.78
-6118.21
-383.162
1246.21
-925.922
-2934.1
-2849.68
-978.794
-3713.57
-1875.55
-4557.92
-5803.43
-883.398
-938.738
-1768.2
-1679.99
-5345.17
-165.502
131.194
-819.247
-2623.74
-2621.12
-888.179
-3444.08
-2131.79
-4228.19
-5551.47
-684.03
-736.673
-1466.09
-1646.03
-5258.59
-953.89
-468.104
-1388.41
-3398.27
-4936.8
-1908.14
-5507.1
-9616.17
-7244.61
-10445.1
-1018.34
-728.193
-3902.95
-2434.52
-1208.86
-9262.27
-4857.65
-1295.22
-3177.24
-4350.52
-1662.85
-5106.53
-8719.77
-6559.42
-8925.23
-1045
-649.309
-4054.47
-2315.67
-388.651
-9114.29
-3684.37
-1145.53
-2819.57
-3585.56
-1344.03
-4674.32
-7849.5
-5613.64
-7900.94
-934.761
-747.221
-3495.41
-2425.31
-599.776
-7421.71
-3544.96
-998.626
-2559.45
-2998.59
-1100.51
-4389.52
-7181.02
-5030.46
-7219.13
-865.582
-760.806
-3260.69
-2541.16
-392.378
-6930.1
-3602.19
-908.54
-2315.41
-2678.96
-969.014
-4009.33
-6630.95
-4614.12
-6890.65
-816.183
-819.296
-2984.81
-2758.77
-527.545
-6689.82
-3692.75
-847.254
-2074.91
-2493.5
-895.34
-3713.31
-6559.89
-4301.2
-6679.66
-849.404
-946.868
-2669.2
-2627.63
-776.694
-6856.82
-4091.07
5969.87
7537.6
15641.3
22852
23260.2
40091.3
17881.2
45539.1
14577.5
32006.1
21820.8
33120.6
19564.6
25699.3
7389.46
8375.65
14630.8
16744.1
18913
18758.1
14904.3
18425.5
21969.5
19721.9
4915.29
3718.85
6033.82
4063.49
12348
9823.3
21149.8
15279.6
16336.6
16995.2
18127.9
17255.8
6326.56
4953.41
38769.9
51906.1
25037.6
30744.6
52190
67713.1
26995
30904.2
28716.5
40573.6
25044.5
33210.3
14640.2
23619.3
2640.02
903.905
2710.79
987.362
8421.89
3394.28
11611
4266.35
8235.44
3161.2
8780.89
2812.95
15001.9
4769.98
19362.8
6528.58
23773.1
11784.7
21762.3
12901.5
22328.4
14438.2
19635.4
14784.9
17078.5
10140.8
17069.7
8680.82
22451.7
14372.4
22500.3
14510.8
20736.6
15661.6
20987.4
15737.9
18452.5
11725.4
19114.7
12018.5
17429.7
7533.68
8037.77
9770.25
17503.2
8230.29
6999.27
9881.85
18465.6
7505.54
9121.84
9854.94
19384.6
7690.21
9928.13
10303.4
3407.83
3678.35
1167.02
2223.59
10582.2
11191.3
4071.02
7196.58
13604.8
15135.5
6522.47
11077.9
12267.6
1132.57
13488.5
16576.2
8965.58
794.733
7481.54
12094.5
19454.1
13398.4
9789.61
11857.2
10326.5
8878.19
13911.6
3190.96
2611.57
1800.31
1811.14
9887.81
8370.06
5967.25
5663.88
12328.2
10489.8
7726.68
6941.2
5870.94
7456.64
12094.3
12516.3
13955.2
12705.7
15727.1
13719.4
10568.3
8891.84
9025.65
9550.42
11900.7
9467.49
10821.6
7948.6
9347.15
6503
10842.3
7132.1
10209.9
4858.06
8749.92
9527.53
12527.2
16391.5
13775.9
20085.6
6950.75
7763.65
9034.91
2993.43
7791.9
15052.1
7388.77
16123
13635.8
24784.4
13872.3
26286.5
5875.29
12907.6
5332.87
13741.1
8105.01
6172.7
11248.2
4493.6
8370.83
1771.24
9824.07
856.615
7777.84
9211.06
11779.7
5463.28
6425.59
10847.5
10416.3
7156.85
2056.91
1835.26
1679.08
1517.03
1407.63
1278.46
6887.14
5685.85
4946.62
4416.47
3576.22
3116.18
8451.56
7340.62
6803.2
5291
4359.13
4136.98
6591.55
5878.33
5750.73
10953.8
8411.7
7119.85
10269.6
7671.21
6263.74
10792.3
8595.9
7509.23
6636.89
4422.88
3474.06
15763.2
13745.2
11971.6
10087.4
8467.2
7087.89
8909.59
6995.4
5638.9
7440.88
5431.95
4219.81
7586.53
4260.95
2434.18
10280.6
13961.4
8111.98
10520.6
11047
16257.1
9855.08
14383.5
83.5342
639.649
-418.761
60.2214
2959.74
3430.51
1224.14
737.277
663.31
2377.88
9345.66
13665.4
6627.1
3616.94
9816.77
9746.59
15100.9
16633.6
-608.829
-4098.55
7522.03
7097.12
7120.46
5495.97
897.389
498.607
557.355
225.694
2049.18
229.262
-292.177
-839.033
9206.43
2416.96
6209.77
1633.93
8971.17
2746.31
10865.6
3516.77
8761.3
11883.1
8111.74
11600.6
14044
14905.3
13414.4
14128.3
5641.2
9450.29
6505.24
9381.36
8612.89
11183.6
9506.25
11308.3
13980.5
13885.5
14643.7
13952.6
5699.05
9154.75
6205.82
9334.12
-72.2965
1434.17
7522.43
4827.62
-644.078
1016.86
6969.24
4272.99
383.598
1686.25
7698.62
5257.84
842.705
1960.52
7750.98
5453.87
-651.006
-748.449
160.363
18.677
-2884.47
-2927.92
-191.575
-339.721
-566.488
-1971.41
1747.46
1103.6
-10254.6
-9518.71
-5570.44
-4251.79
-386.949
-10448
-10808.3
-4333.27
-6393.44
-772.909
10173.5
8026.51
7206.03
6835.49
4262.78
-783.563
-731.426
-45.1386
59.6908
-2556.68
-2551.78
-40.5721
220.296
-2597.85
-3197.3
771.105
1127.95
-5137.47
-2363.35
-8206.4
-5191.03
-3666.26
-2812.29
-4131.32
-3624.13
546.474
1538.09
3747.03
2368.95
1030.73
-1043.09
1042.11
-755.614
1813.2
456.53
2285.38
2629.18
5248.63
4817.51
9976.77
6035.6
8098.87
8185.33
12299.7
9984.14
7952.41
4721.89
3993.25
3987.11
11757.9
5212.1
12935.3
5844.72
13718.3
10189.6
14641.5
10917.7
9634.07
3859.3
10791.7
4469.32
6404.55
5154.39
5097.32
7569.78
4181.71
4745.67
4372.62
7020.97
7375.37
5112.03
5752.4
8684.6
8931.35
5557.49
7147.91
8972.96
-762.751
-806.766
-909.902
-40.5373
-298.093
-331.796
-2890.16
-3116.47
-3132.54
-177.088
-851.078
-865.372
-3676.58
-4151.55
-4281.71
655.562
-836.256
-1145.63
-1289.68
-1109.21
-808.205
-3873.95
-3983.01
-3728.71
-3175.99
-3622.75
-3577.07
-3928.87
-4273.3
-4189.81
1456.54
-365.143
-509.183
3437.82
1947.18
1016.83
-1064.7
-2237.77
-2865.1
-1008.7
-2524.44
-3187.42
-425.598
-2080.98
-2560.78
2474.38
-524.475
-884.112
-22.2876
-36.5468
-49.4211
-75.1832
-254.401
-146.162
-123.52
-121.299
-4.76348
-80.7986
-191.833
-302.526
-439.273
-289.492
-329.353
-361.001
236.939
-32.2836
-273.283
-535.522
-161.427
-239.198
-313.93
-362.228
-38.0975
-144.851
-153.347
-152.426
219.091
4.87121
-127.204
-218.202
977.661
199.043
-108.851
-330.214
1532.36
355.446
-11.2226
-565.07
683.667
82.5098
-193.042
-481.779
1261.19
270.138
8.02826
-495.04
1040.09
238.726
-135.15
-414.888
1717.64
423.311
-9.26331
-663.999
1161.41
318.172
-123.007
-493.146
1850.95
485.401
13.1018
-694.524
-3.45491
-20.6607
-43.0367
-94.9888
-33.7197
-29.6566
-25.9104
-86.9179
-67.1135
-82.1071
-146.806
-284.27
-160.614
-110.247
-89.504
-261.059
423.459
50.1762
-162.222
-484.024
197.608
-30.0664
-119.965
-459.293
92.9208
-123.624
-239.172
-483.533
29.8552
-99.0264
-103.12
-463.595
1088.33
206.537
-32.7921
-646.941
-84.0551
-43.6314
-31.8298
-65.684
-157.649
-63.4195
-33.404
-30.6145
-166.85
-108.102
-76.2299
-188.48
-419.126
-179.528
-91.4713
-87.3511
-94.8027
-122.285
-107.6
-308.994
-531.533
-253.677
-138.736
-137.716
111.143
-111.053
-135.786
-429.723
-409.792
-274.055
-165.362
-175.35
575.848
-13.8395
-73.8966
-413.444
-105.805
-236.308
-153.752
-180.198
1264.91
125.461
-61.635
-478.667
411.47
-59.9045
-99.2459
-168.768
982.336
36.7151
-72.9513
-446.236
251.758
-138.661
-131.346
-182.387
1525.84
235.615
-24.8304
-519.45
556.61
18.322
-65.2686
-157.973
1722.32
345.885
27.0237
-512.841
691.699
104.18
-20.1705
-136.581
-33.8622
-15.3069
-8.1014
-4.89539
-3.61884
-44.6663
-23.4327
-13.1922
-8.13428
-6.01638
-88.8692
-38.7453
-20.2385
-12.171
-8.98743
-111.117
-57.2955
-32.1423
-19.8458
-14.6968
-117.726
-48.5825
-25.0735
-15.0578
-11.1437
-149.642
-76.1689
-42.8447
-26.5894
-19.7641
-78.606
-39.0448
-21.86
-13.5849
-10.0995
-55.6407
-22.8488
-11.7091
-7.07049
-5.20413
-118.468
-49.7055
-26.1181
-15.8547
-11.6918
-56.5066
-20.3289
-10.0597
-5.97428
-4.37072
-124.737
-57.7911
-31.7589
-19.5659
-14.5049
-53.3204
-20.2132
-10.3077
-6.16882
-4.506
-91.1145
-32.4565
-15.8029
-9.35843
-6.85783
-53.5337
-18.1626
-8.81276
-5.23204
-3.83642
-78.9659
-20.7831
-8.14275
-4.40129
-3.10863
-43.6058
-9.81493
-3.50487
-1.81758
-1.25976
-28.0892
-11.482
-5.86061
-3.4774
-2.55087
-20.0743
-8.99601
-4.78582
-2.86724
-2.08421
-75.7802
-31.5194
-16.3025
-9.68652
-7.08782
-57.8681
-26.2275
-14.0702
-8.43185
-6.16425
-106.072
-38.8604
-19.2727
-11.2732
-8.2264
-78.4567
-36.2297
-19.6715
-11.8363
-8.72879
-95.6285
-44.4465
-24.5594
-15.0653
-11.183
-53.3914
-27.58
-15.4746
-9.41858
-7.00653
-49.6659
-24.4565
-13.8285
-8.57702
-6.37059
284.686
401.314
780.528
1144.16
800.284
1409.11
279.536
1145.38
-365.838
218.339
730.848
1217.92
-180.043
-102.743
1135.11
1793.44
1432.86
2044.75
534.992
123.204
27.6385
6.08612
1.52299
180.087
81.4987
11.1647
2.9498
1.31912
1893.61
437.825
98.8818
21.7136
5.44612
510.491
136.808
33.0071
6.96392
1.85774
3142.51
726.983
164.556
36.241
9.06987
789.865
225.297
54.3318
12.537
3.13721
4224.18
980.058
222.717
49.1919
12.3241
915.785
282.43
70.3195
16.4178
4.1014
5286.03
1238.56
283.383
62.8983
15.8218
1006.6
341.781
87.6608
20.7445
5.24391
6283.2
1517.74
352.051
78.7903
19.9046
1544.16
472.562
116.606
26.7487
6.68896
5842.02
1405.96
324.689
72.3687
18.2261
1205.82
401.465
102.018
23.8592
5.97321
6487.3
1569.65
364.8
81.7717
20.6887
1745.83
517.428
125.838
28.4707
7.10194
6764.77
1623.16
377.78
84.6447
21.4032
1809.31
538.15
132.069
27.7632
7.32862
506.534
6878.22
6274.82
2244.48
-1424
-2476.71
-7772.62
-11349.5
-1791.08
-8379.53
1585.54
-2614.02
-2507.06
-4929.11
-9294.74
-13143.2
-13935.1
-17494.5
-4923.31
-6382.62
19793.1
14330.2
4818.13
3793.05
2729.35
3904.85
3622.98
12212.5
11754.5
10011.3
10895.2
9034.41
6465.19
8398.34
5601.5
4743.37
5778.81
3967.99
19768.8
10333.8
3689.05
6279.78
8479.29
5935.08
6499.15
4843.14
2960.69
4189.62
4434.44
4790.42
19475.7
12805.7
12186.4
8820.84
8786.47
9210.01
4001.57
5286.97
6670.65
14189.1
12376.2
10517.8
9866.17
8621.99
9334.32
6424.92
5038.53
3921.81
2047
4255.35
3530.33
2647.06
1650.29
564.757
3388.03
2836.85
2134.94
1326.77
450.676
2424.24
2015.4
1504.95
928.95
314.222
3491.93
2924.67
2198.38
1362.83
461.774
3216
2674.58
2000.93
1238.87
420.234
7884.57
6084.37
4829.9
4556.64
5004.17
6448.54
4776.24
3443.68
2898.38
2045.97
6254.5
3760.06
2625.71
1854.02
903.473
5606.42
3794.38
2544.64
1875.33
1118.39
4221.32
2641.96
1654.76
1159.76
573.618
5119.43
3826.28
2646.73
1585.35
546.749
5714.57
3667.5
2403.23
1446.39
544.81
3675.72
2192.13
1313.25
712.366
241.316
3909.55
3018.55
2126.83
1273.65
430.169
4613.5
3444.36
2349.58
1370.05
455.482
3305.13
2572.35
1817.02
1083.39
362.3
13131.9
10079.7
8235.69
7443.65
7211.29
7622.59
5538.62
4077.15
2792.64
1270.75
3071.32
2404.83
1724.68
1053.7
363.779
5321.93
4255.93
3121.54
1947.38
684.781
6956.93
5472.7
4041.52
2612.86
994.478
5054.52
4076.89
3027.01
1914.76
681.199
5629.11
4601.54
3434.92
2161.02
755.556
4215.59
3447.78
2558.7
1589.78
545.956
2553.08
2057.33
1496.1
908.633
305.811
3688.83
3040.34
2256.11
1389.27
470.317
3773.17
3007.53
2176.62
1326.03
450.588
4149.53
3372.61
2485.24
1534
524.521
13613.3
11363.8
9594.41
8677.59
7693.88
8914.82
6410.5
4978.6
3735.84
1929.94
9019.76
7178.93
5512.48
4121.95
2027.89
6950.33
5289.39
4003.04
2745.33
1128.97
7338.7
5880.73
4407.41
2872.79
1085.02
7198.96
5434.75
4086.3
2790.09
1133.76
3436.76
2781.42
2056.52
1285.12
448.027
4659.89
3850.99
2871.34
1778.73
605.178
5743.59
4663.42
3460.5
2168.27
755.938
5113.77
10232.4
11749.5
32208.3
11605.4
43144
5820.36
13803.8
11571.8
8940.94
19168.9
16012.4
11555.5
10889.7
21527.2
17082.9
3769.4
2834.05
7168.56
4927.92
9110.38
6824.03
24519.3
18086.9
14980.9
11401.5
15414.8
9171.52
1181.04
3678.43
40009.7
52408
24191.9
30596
52915.7
68004.7
26067.5
30680
29796.7
41127.9
24275.8
33149.3
16094.7
24306.3
1866.38
510.11
3126.74
1077.86
6544.54
2920.88
13380.8
4827.82
2894.43
1641.42
7242.77
2274.99
15023.6
4717.3
19537.7
6577.24
16369.4
8471.36
18843.4
11203.2
14938.7
10682.1
16746.4
12984.6
15027.3
8793.03
11899.2
6136.87
21321.4
13605.6
22217.2
14300.7
19586.5
14879.1
20680.1
15524.7
17694.7
11100.6
18934.9
11845.7
16439.5
7251.26
7152.84
9428.5
14715.7
7410.72
5354.29
9259.19
18196.9
7433.49
8708.6
9686.55
19351.4
7683.93
9811.33
10254.2
1123.42
998.957
296.436
1142.65
4451.5
4603.27
2798.24
5561.46
2527.19
3153.59
4388.38
8291.69
12034.6
9666.38
9294.42
11588.3
7625.13
7617.73
8140.47
6842.57
13413.6
11619.6
11460.9
9580.75
6641.02
5693.97
12505.2
1017.93
773.399
529.901
623.259
4194.44
3319.65
3596.42
3147.12
601.402
-517.936
4203.83
3302.9
10141.4
10771.2
9474.85
8670.97
7035.76
5111.76
9199.52
7330.13
8214.42
6435.59
11530.5
11743.2
9852.09
7718.79
7280.91
4956.01
6413.05
4068.95
9564.87
5825.47
9267.93
5076.5
8262.41
9422.61
13024.1
17332.8
13736.1
20059.5
6323.1
7521.18
7676.86
2886.83
7613.48
14909.7
7346.31
16068.6
13570.5
24883.5
13847.7
26267.6
5637.58
12732.1
5275.99
13686.9
7639.17
6020.55
11054.6
4483.39
7359.14
1803.29
9513.56
1232.14
7591.32
9100.36
11691.4
5443.7
6376.21
10811.1
10392.3
7143.81
763.657
731.495
503.155
597.428
2524.65
1831.67
2314.07
2094.51
-1077.84
-593.3
2705.75
3006.36
10661.9
10120.2
7678.08
6635.56
4063.37
3428.38
5749.43
4746.77
5410.75
3952.87
18267.4
16009.3
7956.4
6785.9
6028.42
4601.5
4975.88
3208.46
5297.48
2312.78
5597.17
9202.5
4909.57
9313.53
8290.31
10365.2
9298.82
12670.7
887.952
605.783
680.882
548.2
3677.19
2686.84
3034.75
1776.06
1420.81
1691.57
8337.9
8959.4
4697.63
4249.33
9312.02
9633.76
14281.7
16405.6
-345.462
-3897.17
7361.79
7128.07
7038.41
5550.94
937.486
890.878
1023.13
878.413
1811.38
1219.97
682.83
551.454
8153.41
3816.6
6931.19
3204.15
9284.6
3690.09
11001.2
3903.75
5405.22
10258.2
6993.78
10739.1
8649.71
11630.3
11341.5
12607.8
5263.27
9270.08
4771.29
9232.1
8163.88
10832.2
9374.64
11215.9
13111.9
13250.9
14396.4
13780.9
5626.31
9111.04
6198.82
9332.28
558.173
2287.3
7963.98
5503.61
538.48
2367.88
7890.2
5270.74
855.301
2287.9
7946.22
5673.04
1037.46
2203.19
7825.51
5597.14
943.252
1030.54
930.47
1001.58
2163.96
2227.93
1470.36
1606.04
8419.88
7757.01
3974.93
4018.6
3762.4
5223.65
4075.61
337.605
1883.38
1322.28
1410.73
3610.81
-2631.46
934.688
13748.8
11731
10665.5
9335.3
5915.13
1017.17
889.923
1113.39
1398.56
2217.42
1767.63
2085.89
2775.62
8114.86
8019.46
4455.58
5778.71
5044.07
6707.23
3182.05
5110.17
4874.79
5319.39
1199.29
1565.99
3009.57
4487.91
9660.08
7945.51
7650.79
5628.65
6728.06
4813.35
6025.37
4410.65
4502.09
4968.32
8380.29
8285.64
11279.9
7292.2
10418.9
11193.9
13046
10988.1
9526.71
5943.23
7023.98
7023.82
12273.7
5996.13
13069.4
6035.92
13926.9
10842.5
14683.4
11058.4
10362.6
4627.39
10997.8
4674.48
7906
6266.39
6433.2
8825.43
6765.01
7202.29
6299.65
9059.82
8162.82
5840.48
6513.34
9486.79
9177.91
5787.06
7394.47
9202.9
662.97
565.611
990.874
717.894
1529.57
1782.08
1727.79
1264.72
7848.21
6872.21
3871.98
1723.81
7879.31
7481.57
6152.93
5535.28
5158.81
4421.28
1886.65
1935.24
4277.72
1924.1
8643.19
7410.78
4906.89
3884.53
3833.24
2403.26
2856.48
1239.93
4459.79
110.564
220.044
101.466
35.7871
-19.9436
207.362
131.539
48.2002
-11.0629
651.311
289.874
12.4801
-185.253
591.258
343.048
51.8036
-116.958
1064.37
428.302
-28.475
-418.426
1051.3
518.467
178.928
-16.2674
721.923
349.408
172.406
55.6082
552.934
229.237
21.7219
-120.055
1589.54
560.204
130.512
-152.672
1892.19
539.86
92.8215
-542.577
1526.75
538.977
87.9506
-282.56
1718.87
486.06
121.374
-494.822
1484.78
515.688
39.8482
-310.367
1960.39
555.965
73.8128
-630.456
1344.02
435.93
-47.2877
-446.602
1939.8
536.103
45.3389
-681.749
204.084
83.0656
12.8312
-67.9754
172.581
62.5128
26.2561
-65.0976
576.703
238.355
22.0212
-198.358
486.306
183.733
74.5558
-189.93
1138.25
397.384
9.41797
-424.815
1035
346.441
85.2378
-389.042
1264.88
471.168
90.2719
-313.458
956.094
328.77
115.403
-434.182
1732.68
485.787
105.807
-685.02
120.456
46.4705
14.8269
-41.7402
53.3749
33.0208
15.9322
1.01033
424.36
151.63
65.159
-114.769
215.384
109.865
59.4014
8.17377
743.245
250.415
98.7484
-204.021
429.984
191.573
93.1607
7.52192
1130.45
360.76
125.591
-308.686
753.003
282.345
124.01
2.28094
1489.77
433.149
194.568
-264.197
1016.62
341.348
163.173
23.25
1993.29
561.447
207.669
-329.744
1008.75
316.93
133.591
-13.9771
1920.68
551.211
237.632
-274.565
1115.38
353.267
156.945
10.299
1967.77
514.008
150.478
-425.21
904.121
255.06
82.8468
-63.8472
1867.45
440.009
86.9833
-480.525
800.735
181.325
28.6412
-105.825
6.94516
10.4759
7.47664
4.98959
3.77543
27.8353
20.3526
12.9662
8.42119
6.36194
12.7903
25.4669
18.5492
12.4438
9.42694
63.2039
48.2851
31.0347
20.1691
15.2323
7.60467
30.8397
22.854
15.3502
11.6051
83.4368
63.8722
40.77
26.3485
19.8308
40.5264
32.0452
20.5466
13.2642
9.98509
5.47589
13.6932
10.1264
6.77566
5.17317
19.1642
33.5771
23.6943
15.6954
11.9092
-5.02364
11.29
8.90113
6.04047
4.61786
50.5432
46.3253
30.1299
19.5632
14.7505
1.4943
13.0119
9.5383
6.39193
4.88698
-11.7432
16.0945
13.3322
9.11739
6.97289
-8.69374
9.05897
7.46954
5.08448
3.88723
-42.6462
1.5249
5.30093
4.16457
3.34611
-28.5738
-0.517434
2.10516
1.76235
1.44568
0.817106
7.3099
5.5188
3.74185
2.84812
6.54008
7.1929
4.85011
3.21775
2.46154
9.41151
22.1948
15.9681
10.7491
8.18997
22.9318
22.078
14.5672
9.639
7.33361
-8.61878
24.137
18.7156
12.8074
9.78211
38.4597
32.2862
20.7751
13.6688
10.3206
46.4574
38.5376
24.4761
15.8815
11.9413
42.9763
27.1373
16.6298
10.8022
8.09294
32.4939
22.3196
13.6927
8.77863
6.59721
40.1548
172.494
126.652
531.984
59.9239
715.539
-228.077
645.472
-495.256
101.557
768.037
1256.69
-103.238
66.474
1154.76
1804.46
1438.49
2046.83
514.869
120.739
27.2406
6.01199
1.50566
133.687
75.4117
10.1094
2.79256
1.29566
1834.95
430.328
97.6365
21.4747
5.38892
388.186
118.164
30.1537
6.52795
1.78366
3051.95
714.28
162.372
35.8221
8.9711
652.231
203.473
50.8658
11.9872
3.03896
4119.19
963.427
219.684
48.5994
12.1853
820.11
265.495
67.389
15.914
4.00566
5194.02
1221.12
279.891
62.1869
15.6532
980.062
333.542
85.8315
20.378
5.16685
6243.22
1507.17
349.538
78.2313
19.766
1549.63
472.278
116.327
26.6625
6.66493
5783.51
1391.37
321.413
71.6671
18.057
1215.69
399.371
101.184
23.6513
5.92443
6463.59
1563.27
363.238
81.4171
20.5992
1746.97
517.213
125.711
28.4343
7.09179
6756.86
1621.03
377.251
84.5229
21.3724
1809.26
538.031
132.026
27.755
7.32598
526.978
6803.41
6022.12
2203.51
1433.59
818.942
3708.66
2746.66
6399.47
6034.59
2786.68
2028.02
401.164
613.201
1049.88
1699.35
2535.72
3476.16
289.139
619.774
1286.27
2232.54
3348.18
4470.81
305.359
140.748
523.366
358.423
961.786
799.574
1600.35
1488.28
2290.71
2207.1
2983.72
2701.23
4280.48
4803.54
5190.57
7675.18
8554.42
9401.63
5391.39
5894.04
5832.6
5295.01
4513.09
3932.4
362.453
307.104
233.287
145.662
49.5141
553.68
468.787
355.854
222.074
75.4676
947.28
801.373
607.855
379.138
128.812
1531.67
1294.27
980.755
611.345
207.651
2281.78
1924.84
1456.59
907.29
308.11
3119.46
2624.38
1982.19
1233.83
419.059
261.111
221.137
167.91
104.804
35.6163
559.336
473.321
359.118
224.03
76.1175
1160.03
980.877
743.711
463.763
157.547
2011.27
1698.73
1286.81
802.02
272.416
3011.31
2539.08
1920.99
1196.63
406.431
4010.75
3373.6
2548.37
1586.84
539.15
276
233.914
177.733
110.999
37.7403
127.22
107.825
81.9292
51.167
17.3974
472.748
400.406
304.045
189.789
64.5083
323.801
274.297
208.315
130.045
44.2031
868.186
734.793
557.571
347.864
118.204
721.895
611.11
463.799
289.388
98.3363
1443.12
1219.99
924.776
576.536
195.834
1342.19
1134.75
860.148
536.2
182.117
2062.26
1740.31
1317.12
820.317
278.519
1986.96
1676.53
1268.44
789.663
268.025
2677.98
2252.7
1700.58
1057.71
359.001
2423.99
2037.92
1536.86
954.683
323.726
3823.31
3203.01
2413.54
1502.45
511.056
4254.47
3540.07
2660.61
1660.48
568.011
4524.93
3723.16
2792.74
1759.16
612.515
6484.4
5241.54
3945.11
2557.78
942.199
6831.84
5378.26
4090.6
2800.27
1162.26
7188.1
5556.81
4262.26
3037
1367.48
4817.97
4038.85
3045.5
1896.91
645.36
5236.17
4368.6
3288.37
2051.84
700.584
5133.02
4253.38
3197.35
2005.06
690.66
4583.32
3758.16
2825.56
1794.4
632.129
3779.35
3042.25
2295.59
1501.22
559.758
3174.36
2505.51
1899.73
1284.07
509.321
422.407
678.336
1162.93
1866.05
2764.54
3755.67
318.93
711.042
1442.63
2454.34
3622.73
4761.02
325.764
158.245
586.243
413.499
1072.5
900.201
1768.01
1646.66
2534.7
2481.21
3299.28
3114.91
4571.72
5074.72
5439.87
7827.42
8621.96
9422.57
5639.28
6043.46
5861.54
5224.99
4412.06
3886.14
381.757
323.577
245.894
153.582
52.2155
612.916
519.379
394.61
246.44
83.7828
1050.24
889.472
675.478
421.723
143.357
1683.9
1424.96
1081.41
674.915
229.398
2491.56
2105.79
1596.67
996.117
338.569
3377.52
2848.87
2157.47
1345.77
457.604
288.185
244.233
185.579
115.901
39.4016
642.311
544.167
413.371
258.131
87.7523
1302.41
1102.7
837.208
522.637
177.655
2213.79
1872.58
1420.71
886.583
301.346
3263.04
2756.28
2089.17
1303.3
443.015
4278.67
3606.68
2730.37
1703.1
579.185
294.519
249.702
189.804
118.576
40.3236
143.096
121.348
92.2592
57.647
19.6063
529.889
449.167
341.365
213.235
72.5067
373.819
316.947
240.93
150.521
51.1853
968.958
820.96
623.659
389.456
132.405
813.463
689.384
523.816
327.15
111.228
1596.19
1351.39
1025.96
640.426
217.689
1486.97
1259.2
956.137
596.884
202.89
2285.89
1933.15
1466.35
914.909
310.95
2238.37
1893.5
1436.48
896.262
304.587
2969.33
2506.18
1898.48
1184.05
402.486
2805.21
2368.82
1794.61
1118.94
380.202
4095.63
3443.37
2603.96
1625.52
553.741
4513.84
3774.66
2850.91
1785.92
612.09
4772.36
3955.1
2987.23
1891.07
659.941
6660.42
5426.52
4115.99
2684.14
991.694
6933.41
5496.73
4209.67
2897.08
1205.68
7225.71
5602.29
4309.57
3077.24
1386.54
5049.86
4243.65
3207.9
2001.97
681.819
5380.85
4501.25
3397.43
2124.5
726.27
5169.84
4295.39
3238.24
2035.77
702.352
4530.97
3724.29
2808.71
1789.51
632.153
3697.35
2980.62
2255.74
1481.56
555.181
3136.38
2476.24
1880.2
1274.12
506.949
19731.4
14386.1
5197.91
4204.31
3200.74
4498.34
4115.44
12979.3
14624.3
11575.5
13360.4
7967.76
11332.9
6104.71
6368.88
4660.63
20445.9
11338
4395.35
7191.71
9341.3
6445.55
7162.97
5428.03
3347.06
4856.72
5363.61
5506.21
19359
13003.8
12839.8
9215.94
9232.19
9742.42
4680.37
5934.55
7309.19
14205.7
12454.5
10637.6
10029.7
8776.69
9430.02
6524.75
5135.88
4003.56
2082.96
4620.71
3862.65
2917.87
1829.36
627.803
3771.72
3174.64
2401.78
1498.76
510.208
2868.5
2410.83
1820.52
1133.89
385.446
4043.76
3408.68
2579.33
1607.62
546.336
3681.95
3090.9
2334.21
1455.77
495.703
9589.57
8065.91
6739.47
6169.86
6189.8
10974.7
9554.68
7809.03
6293.43
3757.21
8371.47
5910.77
4490.62
3162.03
1385.17
9993.54
8318.99
6572.39
4857.89
2359.07
6754.49
5434.7
4025.47
2524.31
881.888
8915.86
6667.48
4893.95
3123.06
1147.72
5299.78
4336.59
3229.71
2014.49
693.027
5508.01
4493.44
3341.46
2084.69
718.177
4080.5
3359.59
2506.86
1559.52
533.266
14501.8
11721.1
9876.84
8868.13
8228.21
8851.88
6815.6
5221.05
3618.68
1602.42
3807.65
3116.54
2329.83
1464.72
510.722
6253.68
5146.61
3875.48
2459.98
869.268
7901.11
6418.23
4871.46
3197.48
1215.41
5585.37
4592.63
3470.54
2221.06
793.155
6282.09
5207.68
3937.91
2498.97
876.284
4791.8
3983.3
3002.58
1886.7
651.199
2962.27
2461.58
1846.31
1149.04
391.857
4331.15
3624.78
2731.75
1702.73
580.186
4707.26
3887.63
2911.63
1819.09
625.288
4859.17
4035.26
3035.87
1902.5
655.032
13754.2
11664
9995.87
9139.93
8161.16
9209.43
6720.62
5275.53
3976.06
2039.37
9955.45
8179.46
6463.15
4868.52
2370
7413.98
5771.9
4443.83
3072.43
1257.11
7838.65
6393.78
4869.4
3206.7
1214.26
7834.33
6085.92
4680.78
3228.58
1308.35
4102.07
3396.18
2563.64
1623.56
568.146
5282.41
4416.47
3331
2081.53
711.326
6391.3
5280.98
3983.59
2524.51
884.091
489.465
1391.43
2208.34
2977.06
3706.07
4386.48
2411.13
7012.63
6671.17
2362.06
8909.85
7469.37
8921.24
9879.88
2192.45
1470.86
5464.71
3098.85
10450.4
7397.1
-217.224
1953.37
5850.67
5489.13
1900.53
7589.94
6102.41
7492.71
8439.62
1814.85
889.226
4686.15
1576.53
8677.36
4439.7
-1512.91
1426.26
4456.61
4170.17
1393.18
6008.94
3681.9
6091.94
6752.21
1366.73
801.706
3320.86
1665.53
6942.73
1788.9
-1652.82
1052.13
3455.72
3301.94
1066.53
4610.82
2256.41
5073.19
5974.02
1033.04
835.09
2430.53
1686.24
6121.3
385.16
-1242.75
852.128
2935.78
2850.78
902.101
3715.2
1876.63
4558.9
5804.06
821.161
886.758
1748.8
1641.28
5347.71
167.304
-128.712
754.143
2624.79
2621.57
819.014
3445.36
2132.69
4228.86
5552
638.575
703.596
1446.69
1615.28
5260.77
955.462
470.249
1280.05
3402.48
4942.98
1760.5
5508.28
9615.84
7244.82
10443.6
914.244
613.892
3932.01
2504.06
1208.8
9261.99
4856.87
1194.12
3181.02
4356.02
1533.03
5107.51
8719.58
6560.32
8924.51
938.76
535.602
4081.62
2393.74
387.801
9113.64
3682.77
1056.14
2822.61
3589.38
1238.37
4675.03
7849.55
5615
7901.09
840.675
622.823
3516.75
2499.66
598.463
7420.97
3542.7
921.123
2561.47
3000.57
1014.42
4389.82
7181.09
5031.46
7219.52
778.304
642.178
3280.92
2601.51
390.898
6929.28
3599.78
838.547
2316.68
2679.9
893.814
4009.29
6630.92
4614.71
6890.98
733.722
706.251
3003.98
2801.25
525.832
6688.97
3690.22
782.115
2075.8
2493.9
826.251
3713.16
6559.81
4301.53
6679.92
762.009
828.624
2691.43
2664.27
775.375
6856.16
4089.59
)
;

boundaryField
{
    patch1
    {
        type            calculated;
        value           nonuniform List<scalar> 
2440
(
-6327.81
-6644.32
-9210.38
-4001.72
-5287.19
-6670.93
-9742.79
-4680.53
-5934.78
-7309.47
6326.56
6627.1
9210.01
4001.57
5286.97
6670.65
9742.42
4680.37
5934.55
7309.19
-6565.43
-15605.7
-23229.6
-17872.8
-14564.6
-21776.3
-19550.4
-8594.19
-125.426
1630.62
7757.13
1746
-1602.7
2492.01
9259.95
14011.8
5720.35
-19793.7
-14330.7
-4818.35
-3793.22
-2729.45
-3905.02
-3623.14
-12212.9
-11754.5
-10011.5
-10895.1
-9034.18
-6465.3
-8398.45
-5601.43
-4743.46
-5778.83
-3968.05
-19769.5
-10334.1
-3689.15
-6280.01
-8479.64
-5935.33
-6499.43
-4843.33
-2960.76
-4189.77
-4434.56
-4790.59
-19476.3
-12806.2
-12186.9
-8821.21
-8786.85
-9.39356
-305.375
-140.755
-523.394
-358.443
-961.837
-799.617
-1600.43
-1488.36
-2290.83
-2207.21
-2983.86
-2701.35
-325.78
-158.252
-586.27
-413.518
-1072.55
-900.242
-1768.09
-1646.73
-2534.82
-2481.32
-3299.42
-3115.04
-19732
-14386.6
-5198.12
-4204.48
-3200.86
-4498.52
-4115.6
-12979.8
-14624.4
-11575.8
-13360.5
-7967.93
-11333.1
-6104.87
-6369.04
-4660.76
-20446.7
-11338.3
-4395.47
-7191.95
-9341.63
-6445.8
-7163.25
-5428.23
-3347.16
-4856.89
-5363.77
-5506.4
-19359.6
-13004.2
-12840.3
-9216.3
-9232.56
5969.87
15641.3
23260.2
17881.2
14577.5
21820.8
19564.6
7389.46
124.51
-1424
-7772.62
-1791.08
1585.54
-2507.06
-9294.74
-13935.1
-4923.31
19793.1
14330.2
4818.13
3793.05
2729.35
3904.85
3622.98
12212.5
11754.5
10011.3
10895.2
9034.41
6465.19
8398.34
5601.5
4743.37
5778.81
3967.99
19768.8
10333.8
3689.05
6279.78
8479.29
5935.08
6499.15
4843.14
2960.69
4189.62
4434.44
4790.42
19475.7
12805.7
12186.4
8820.84
8786.47
9.18553
305.359
140.748
523.366
358.423
961.786
799.574
1600.35
1488.28
2290.71
2207.1
2983.72
2701.23
325.764
158.245
586.243
413.499
1072.5
900.201
1768.01
1646.66
2534.7
2481.21
3299.28
3114.91
19731.4
14386.1
5197.91
4204.31
3200.74
4498.34
4115.44
12979.3
14624.3
11575.5
13360.4
7967.76
11332.9
6104.71
6368.88
4660.63
20445.9
11338
4395.35
7191.71
9341.3
6445.55
7162.97
5428.03
3347.06
4856.72
5363.61
5506.21
19359
13003.8
12839.8
9215.94
9232.19
-17255
-13685.3
6.98874
6.37839
-8.10585
-6.58517
-4386.58
-953.89
-468.104
-6856.82
-4091.07
17255.8
13665.4
-7.00653
-6.37059
8.09294
6.59721
4386.48
955.462
470.249
6856.16
4089.59
-16990.5
521.671
136.288
293.592
1155.77
-656.719
-660.004
-541.881
-530.024
83.3359
45.2069
1775.44
2351.4
-522.114
-368.454
-334.161
-233.032
-1844.48
-1374.47
-4946.58
-3112.86
-6802.46
-4134.6
-5750.53
-7119.58
-6263.36
-7508.44
-3472.8
-11971.2
-7087.68
-5638.61
-4219.46
-2433.74
-2403.16
977.309
341.426
3143.47
875.205
4283.57
1145.98
808.322
3728.91
3577.42
4190.88
509.348
-1016.65
2865.35
3187.75
2561.22
884.187
72.7987
33.8836
187.724
87.2442
309.199
137.712
429.907
175.403
413.582
180.255
478.752
168.794
446.346
182.431
519.523
157.992
512.912
136.601
3.8017
6.47404
8.95027
14.6768
11.0953
19.7227
10.0989
5.20557
11.6954
4.37606
14.5428
4.51949
6.86091
3.83985
3.11134
1.2614
2.68051
2.26071
7.07412
6.14888
8.22131
8.66893
11.2024
-1.77933
-1.40683
-5.43867
-1.57183
-9.19373
-2.75256
-12.4859
-3.59202
-16.0142
-4.63794
-19.9772
-6.33047
-18.3544
-5.34225
-20.7184
-6.96091
-21.4093
-7.30299
46.1328
20.1427
-1169.06
3000.1
9944.5
6997.54
3855.75
5807.6
11917.1
16201.7
7468.87
-142.763
-198.102
173.95
890.692
-812.26
-704.492
-611.43
-553.446
30.7999
-9.02301
1559.75
1989.91
-553.076
-390.942
-345.923
-240.644
-743.18
-626.412
-1865.85
-2100.41
593.116
-3005.83
-10119.9
-6635.05
-3427.86
-4746.64
-3952.63
-16009.2
-6785.71
-4601.31
-3208.36
-2312.67
-753.127
-826.742
-1704.98
-1214.14
-6869.05
-1722.96
-7481.42
-5535.29
-4421.35
-1934.47
-1924.23
-7410.69
-3884.46
-2403.18
-1239.7
-110.614
47.2493
-0.0927897
113.051
-8.68977
204.202
-7.62508
308.871
-2.26219
264.356
-23.1869
329.863
14.0396
274.709
-10.2249
425.308
63.8914
480.605
105.853
-4.21536
-6.97608
-9.5109
-15.345
-11.6466
-19.8698
-9.98167
-5.16931
-11.9014
-4.61046
-14.7032
-4.87065
-6.96698
-3.8819
-3.34197
-1.44342
-3.21124
-2.7308
-8.22911
-7.35756
-9.77973
-10.3751
-11.9137
-1.75957
-1.37984
-5.38127
-1.49728
-9.09402
-2.6557
-12.3453
-3.50041
-15.843
-4.56738
-19.8378
-6.30959
-18.1836
-5.30047
-20.6286
-6.95152
-21.3783
-7.30039
-14.8496
505.228
-1168.76
-272.99
-638.747
-1588.41
-847.808
-819.212
-2623.71
-2621.04
-888.095
-3444.08
-2131.79
-4228.19
-5551.47
-684.03
-736.673
-1466.09
-1646.03
-5258.59
-847.229
-2074.89
-2493.44
-895.266
-3713.31
-6559.89
-4301.2
-6679.66
-849.404
-946.868
-2669.2
-2627.63
-776.694
16995.2
-521.578
-136.321
-293.633
-1155.72
656.71
660.01
541.883
530.04
-83.3472
-45.1775
-1775.42
-2351.3
522.13
368.48
334.176
233.048
1679.08
1278.46
4946.62
3116.18
6803.2
4136.98
5750.73
7119.85
6263.74
7509.23
3474.06
11971.6
7087.89
5638.9
4219.81
2434.18
2377.88
-909.902
-331.796
-3132.54
-865.372
-4281.71
-1145.63
-808.205
-3728.71
-3577.07
-4189.81
-509.183
1016.83
-2865.1
-3187.42
-2560.78
-884.112
-65.684
-30.6145
-188.48
-87.3511
-308.994
-137.716
-429.723
-175.35
-413.444
-180.198
-478.667
-168.768
-446.236
-182.387
-519.45
-157.973
-512.841
-136.581
-3.61884
-6.01638
-8.98743
-14.6968
-11.1437
-19.7641
-10.0995
-5.20413
-11.6918
-4.37072
-14.5049
-4.506
-6.85783
-3.83642
-3.10863
-1.25976
-2.55087
-2.08421
-7.08782
-6.16425
-8.2264
-8.72879
-11.183
1.54507
1.24344
5.51862
1.62205
9.18967
2.75743
12.4848
3.5943
16.0139
4.63922
19.9778
6.33096
18.3546
5.34306
20.7192
6.96129
21.4102
7.30334
-47.8021
-25.0122
1160.77
-2698.15
-9954.42
-7036.19
-3871.16
-5821.09
-11951.7
-16124.1
-6461.6
142.841
198.013
-174.048
-890.652
812.206
704.484
611.383
553.444
-30.8622
8.99831
-1559.77
-1989.95
553.05
390.936
345.923
240.649
731.527
597.467
1831.67
2094.51
-593.3
3006.36
10120.2
6635.56
3428.38
4746.77
3952.87
16009.3
6785.9
4601.5
3208.46
2312.78
565.63
717.906
1782.08
1264.72
6872.21
1723.81
7481.57
5535.28
4421.28
1935.24
1924.1
7410.78
3884.53
2403.26
1239.93
110.564
-41.7402
1.01033
-114.769
8.17377
-204.021
7.52192
-308.686
2.28094
-264.197
23.25
-329.744
-13.9771
-274.565
10.299
-425.21
-63.8472
-480.525
-105.825
3.77543
6.36194
9.42694
15.2323
11.6051
19.8308
9.98509
5.17317
11.9092
4.61786
14.7505
4.88698
6.97289
3.88723
3.34611
1.44568
2.84812
2.46154
8.18997
7.33361
9.78211
10.3206
11.9413
1.52782
1.21971
5.4615
1.5478
9.09046
2.66076
12.3447
3.50273
15.8432
4.56863
19.8386
6.31007
18.1842
5.30123
20.6296
6.9519
21.3793
7.30074
15.4568
-507.91
1169.48
215.852
678.977
1646.96
726.778
754.111
2624.77
2621.5
818.936
3445.36
2132.69
4228.86
5552
638.575
703.596
1446.69
1615.28
5260.77
782.092
2075.78
2493.84
826.182
3713.16
6559.81
4301.53
6679.92
762.009
828.624
2691.43
2664.27
775.375
-14525.1
5509.91
-4386.58
14524.4
-5509.86
4386.48
-14618.4
-16741.2
-14902.8
-18427.6
-5329.72
-3994.99
-12346.5
-9850.65
-4209.33
-4744.39
-11332.4
-12080.1
-12429.7
-13451.8
-10230.1
-3270.55
-14861.2
-3696.96
-3149.02
-9503.2
-8410.47
-9983.88
-8480.56
-2446.4
-2135.06
-1905.36
-6811.33
-5480.31
-4716.52
-6750.43
-5828.57
-5485.13
-10305.9
-13977.4
-11058.8
-16266.1
-45.6224
-734.445
-2960.22
-3357.5
994.564
953.26
3446.1
3156.49
1976.32
2490.77
6068.41
2682.4
6603.56
894.262
806.923
2581.35
2477.61
2536.48
2763.17
976.428
1020.36
1115.86
3185.85
3372.75
3312.07
3616.67
4078.94
4197.42
-221.334
-370.963
-58.8146
756.155
1290.63
207.041
733.111
43.7938
4.06649
65.8488
291.476
650.378
1149.19
1309.14
179.831
671.958
28.9216
-0.939794
14630.8
16744.1
14904.3
18425.5
4915.29
3718.85
12348
9823.3
3943.9
4403.02
11293.1
12046.1
12425.7
13447.3
10230.1
3270.66
14860.8
3381.1
2851.38
9524.15
8429.26
9980.39
8479.35
2179.39
1916.14
1736.03
6836.62
5490
4717.07
6750.77
5829.47
5486.01
10280.6
13961.4
11047
16257.1
83.5342
639.649
2959.74
3430.51
-935.492
-895.107
-3425.3
-3134.23
-1975.09
-2489.81
-6068.64
-2682.53
-6603.51
-853.054
-764.887
-2555.96
-2454.57
-2535.67
-2761.97
-920.283
-945.425
-1034.85
-3160.14
-3358.45
-3302.42
-3615.14
-4077.48
-4196.41
180.534
389.26
62.7836
-754.926
-1290.28
-207.018
-733.021
-43.7846
-4.06272
-75.0125
-277.651
-648.2
-1148.62
-1309.03
-179.855
-671.962
-28.9382
0.934908
2650.25
6422.91
51.0463
31.1474
18.3267
11.4808
8.60595
76.9321
42.1012
24.5902
15.5246
11.5745
-2521.76
-361.421
3290.99
9742.59
1819.22
-31.9195
63.3857
32.0369
18.5709
11.7315
8.714
69.0466
39.9731
23.578
14.8375
11.1097
489.465
1391.43
2208.34
2977.06
3706.07
-3347.37
-3384.33
-9952.46
-9958.49
-14732.5
-13488.7
-3309.7
-3012.69
-2806.9
-9610.9
-8720.65
-8100.03
-11612.2
-10190.4
-9424.33
0
0
0
0
0
0
0
0
-2621.3
-1157.49
-660.786
-390.604
-479.143
-331.027
-309.883
-282.89
-215.097
-146.976
-107.462
-73.5599
-97.4668
-55.2158
-32.2412
-20.2353
-15.1195
-39.4887
-23.5511
-14.0241
-8.86734
-6.63495
-34.7493
-269.808
-730.197
-1460.78
-2268.53
-2763.61
-31.4326
-26.6708
-20.2898
-12.6835
-4.31409
-243.941
-206.865
-157.279
-98.2713
-33.4177
-659.916
-559.345
-425.07
-265.504
-90.2706
-1319.28
-1117.37
-848.547
-529.762
-180.078
-2046.74
-1731.62
-1313.8
-819.758
-278.59
-2489.37
-2102.56
-1593.12
-993.351
-337.521
-3610.82
-3201.92
-2664.37
-1998.6
-1242.17
-422.752
0
0
0
0
0
0
0
0
0
0
0
0
1385.68
-310.902
155.954
-174.513
-2614.85
-2556.01
-6022.11
-5440
-5690.1
-5484.03
-2443.62
-2305.57
-2197.95
-5150.53
-5077.17
-4975.43
-5809.35
-5979.77
-5996.39
-591.91
-375.46
-168.904
-43.3578
-218.554
-150.22
-94.0353
-61.953
-87.5712
-53.6987
-32.4503
-20.6726
-15.4742
-40.2684
-23.7316
-14.1508
-8.97726
-6.71695
2977.39
2570.45
2071.97
1504.88
911.469
305.817
19.904
222.356
641.135
1314.96
1984.6
2339.54
17.9725
15.216
11.5484
7.20514
2.44812
200.874
170.171
129.241
80.6809
27.4219
578.919
490.157
372.06
232.171
78.8953
1186.07
1002.94
760.367
474.051
161.015
1786.88
1507.9
1140.98
710.342
241.103
2099.88
1765.78
1331.78
827.283
280.51
-3290.91
-9742.59
-1825.67
30.2341
-63.3673
-32.0333
-18.5723
-11.7377
-8.72969
-68.9715
-39.9258
-23.5425
-14.8102
-11.0888
-489.479
-1391.47
-2208.4
-2977.14
-3706.16
-2650.35
-6422.85
-51.0453
-31.1579
-18.3386
-11.4944
-8.62713
-76.8886
-42.0739
-24.5685
-15.5068
-11.5609
2523.36
362.401
-8675.12
-11736.6
-19398
-21713
-21569.6
-24174.7
-9941.3
-10576.6
-1658.25
-1527.87
-1374.47
-4388.07
-3563.32
-3112.86
-5289.93
-4356.77
-4134.6
-6636.41
-4421.76
-3472.8
-7586.42
-4260.64
-2433.74
602.166
115.314
-438.4
392.225
-650.387
361.255
-79.9607
94.8751
1851.38
1594.81
414.567
209.365
143.558
117.63
747.994
384.324
314.108
287.401
219.737
81.5401
39.4945
27.7669
567.031
215.551
99.8506
68.8879
723.329
294.606
145.73
103.498
631.384
304.356
169.093
126.031
391.168
260.525
162.4
123.989
171.007
147.002
104.803
82.7942
208.424
192.931
137.879
109.513
111.471
91.9735
65.8085
52.5833
39.3855
31.111
22.9548
18.6298
46.3042
25.5655
14.6442
9.05569
6.69415
88.3667
49.4134
28.6051
17.8343
13.2352
44.1355
28.0005
17.0659
10.9203
8.15455
60.612
34.5847
20.4204
12.9627
9.64456
36.4198
22.3413
13.5516
8.66634
6.48307
15.0076
8.80914
5.2566
3.3374
2.49199
20.3316
9.97812
5.42377
3.25002
2.3739
49.8402
25.393
14.0932
8.53576
6.26638
66.4689
34.7212
19.521
11.8969
8.80871
-205.545
-350.127
-119.873
645.951
1645.26
54.9062
987.587
-229.433
-271.979
-51.1222
-49.68
-1.6435
-0.818337
-0.896276
-13.0856
10.666
3.47404
1.55727
0.328381
5.80229
9.3909
3.3917
0.864054
0.30074
117.668
23.2793
4.89654
1.05287
0.391994
270.27
39.6052
5.88247
0.851706
0.276596
-100.189
-36.8641
-10.0727
-2.44075
-0.443609
65.6587
-9.73982
-4.83804
-1.33157
-0.173089
-162.674
-46.5788
-11.7853
-2.72035
-0.485606
-171.789
-49.6035
-12.3506
-2.74015
-0.503308
8531.94
11766.5
16169.6
19510.8
20143.7
23360.4
7855.46
9694.4
-2511.4
-7419.21
-5097.65
-3444.08
-2232.19
-1856.72
-1386.63
-855.653
-289.308
-3438.6
-2136.59
-1290.6
-882.776
-436.519
-3318.47
-1944.38
-1132.77
-592.29
-194.383
-2884.03
-2254.72
-1596.57
-951.895
-317.74
-542.154
-626.369
-2308.7
-2100.41
-2705.78
-3005.83
-5410.7
-3952.63
-5297.38
-2312.67
-398.568
-393.549
-1339.44
-439.45
-1082.68
104.824
-934.002
-812.977
227.351
-59.7816
-164.391
-128.656
-63.8648
-16.0054
-317.925
-248.932
-67.663
41.906
-17.0161
-29.2873
-18.7071
-11.9498
-72.2216
-85.9396
-62.6813
-42.2008
-201.276
-147.759
-95.1088
-62.1437
-390.188
-202.414
-111.518
-69.0111
-513.024
-228.252
-126.512
-88.2357
-276.779
-161.111
-108.795
-87.7743
-457.282
-213.434
-124.797
-95.0472
-140.296
-96.8422
-71.5158
-58.66
-40.6805
-31.5114
-23.4575
-19.2211
-36.7054
-23.7337
-14.6638
-9.46929
-7.15262
-73.9474
-46.6688
-28.4847
-18.2547
-13.7446
-57.5015
-29.6893
-16.8713
-10.4912
-7.8533
-59.1126
-33.1643
-19.4097
-12.1549
-9.12674
-42.643
-23.2857
-13.4247
-8.38351
-6.27622
-15.2322
-8.84601
-5.22163
-3.29102
-2.4624
-11.3749
-8.67794
-5.61338
-3.71207
-2.82597
-35.6084
-23.8141
-14.8548
-9.69868
-7.34827
-54.4471
-33.9895
-20.7936
-13.49
-10.1469
24.0677
163.849
403.832
907.067
1530.36
9.2151
825.747
-247.61
-277.355
1.3653
-42.4061
-0.380834
-0.634597
-0.870585
107.963
29.9986
6.4438
1.9968
0.396789
131.963
30.033
6.63609
1.35021
0.377508
190.269
36.2279
7.05057
1.39182
0.445788
270.644
42.0859
6.51156
0.966564
0.292411
-114.335
-39.6157
-10.5771
-2.53712
-0.4662
41.9732
-12.2735
-5.12489
-1.37028
-0.185065
-169.345
-48.2058
-12.1326
-2.79489
-0.504245
-173.745
-50.1082
-12.4682
-2.76638
-0.510101
-32.7253
-374.229
-1064.49
-2054.7
-3241.44
-4442.26
-5402.87
-5836.37
-5449.95
-4024
-1920.39
-277.459
-29.4976
-24.9217
-18.876
-11.7587
-3.99207
-337.697
-285.718
-216.74
-135.192
-45.9306
-960.157
-811.99
-615.736
-383.992
-130.454
-1851.42
-1564.04
-1184.99
-738.636
-250.898
-2915.83
-2459.02
-1860.67
-1159.12
-393.697
-3985.46
-3352.59
-2532.61
-1577.04
-535.811
-4827.81
-4046.82
-3051.46
-1900.7
-646.68
-5184.06
-4324.82
-3255.78
-2032.04
-693.987
-4799.51
-3979.96
-2993.79
-1877.99
-646.734
-3504.74
-2886.53
-2172.5
-1374.6
-480.22
-1656.78
-1357.99
-1024.23
-654.14
-231.965
-240.428
-198.419
-150.832
-97.0166
-34.5998
-60.7167
-460.779
-1215.5
-2274.25
-3519.43
-4738.18
-5637.69
-5924.67
-5350.2
-3784.86
-1681.58
-178.846
-54.9013
-46.5665
-35.4147
-22.1345
-7.52824
-416.321
-352.781
-268.043
-167.41
-56.9185
-1097.56
-929.442
-705.792
-440.655
-149.798
-2051.76
-1735.88
-1317.23
-822.094
-279.439
-3170.58
-2678.68
-2030.64
-1266.87
-430.64
-4258.55
-3590.06
-2717.97
-1695.39
-576.562
-5047.7
-4241.28
-3205.85
-2000.68
-681.399
-5272.05
-4407.93
-3325.98
-2079.79
-711.08
-4714.87
-3913.73
-2948.14
-1852.32
-638.745
-3288.11
-2702.07
-2031.78
-1286.75
-450.539
-1435.69
-1165.05
-873.071
-557.28
-198.532
-148.129
-116.958
-86.2293
-55.1005
-19.9647
-3055.95
-13360.5
-4352.99
-2740.82
-2305.06
-1741.22
-1084.42
-368.535
-9993.64
-8319.12
-6572.5
-4857.97
-2359.15
-3820.85
-3151.77
-2352.98
-1462.35
-499.122
8685.24
11741.8
19434.4
21714.1
21583
24242.8
8519.98
9038.39
1517.03
1407.63
1278.46
4416.47
3576.22
3116.18
5291
4359.13
4136.98
6636.89
4422.88
3474.06
7586.53
4260.95
2434.18
-512.931
-134.093
437.147
-336.688
642.773
-363.041
33.0527
-98.517
-1808.32
-1583.25
-384.555
-193.819
-133.265
-108.993
-744.865
-383.124
-313.188
-286.751
-207.838
-76.165
-36.3474
-24.8718
-562.646
-214.321
-99.3913
-69.0284
-722.69
-294.317
-145.655
-103.53
-631.112
-304.19
-169.025
-126.003
-391.066
-260.445
-162.355
-123.956
-171.04
-147.014
-104.806
-82.7921
-208.42
-192.911
-137.861
-109.494
-111.508
-91.9951
-65.8206
-52.5904
-39.4019
-31.1219
-22.9617
-18.6347
-42.3805
-23.5005
-13.5191
-8.39629
-6.22356
-88.3717
-49.3729
-28.5886
-17.8423
-13.2475
-44.1218
-27.9892
-17.056
-10.9117
-8.14689
-60.5793
-34.5615
-20.4012
-12.9463
-9.63035
-36.4174
-22.338
-13.5482
-8.66313
-6.48018
-15.0099
-8.81015
-5.25701
-3.33756
-2.49206
-18.2376
-9.02888
-4.95385
-2.99939
-2.19072
-50.02
-25.4174
-14.1125
-8.56331
-6.29811
-66.5235
-34.7759
-19.5729
-11.9492
-8.87083
165.71
370.584
122.855
-644.861
-1644.85
-54.8576
-987.429
229.458
271.997
31.8205
41.3655
0.363659
0.470797
0.761246
25.6011
-6.92688
-2.59999
-1.33411
-0.275555
-4.60368
-9.00623
-3.2882
-0.839945
-0.294582
-117.205
-23.1317
-4.85419
-1.04224
-0.389119
-270.07
-39.5406
-5.86322
-0.84657
-0.275122
100.224
36.8759
10.0762
2.44172
0.443893
-65.5712
9.76875
4.84668
1.33392
0.173784
162.691
46.5843
11.7868
2.72075
0.485714
171.8
49.6067
12.3514
2.74033
0.503346
-8541.81
-11775.2
-16199.1
-19542.7
-20077.1
-23282.3
-6632.06
-8218.13
2511.3
7419.46
5097.75
3444.04
2232.1
1856.65
1386.57
855.616
289.295
3438.76
2136.73
1290.74
882.9
436.552
3318.55
1944.45
1132.84
592.34
194.4
2883.98
2254.68
1596.54
951.873
317.732
503.155
597.428
2314.07
2094.51
2705.75
3006.36
5410.75
3952.87
5297.48
2312.78
340.434
307.462
1374.79
500.509
1084.2
-103.885
815.128
743.008
-190.021
67.8716
151.639
119.393
58.9505
14.8432
319.867
249.601
68.1428
-41.888
9.86819
26.293
17.643
12.1546
77.1792
86.6916
62.7376
41.6491
202.079
147.991
95.0783
62.0116
390.549
202.605
111.565
69.0086
513.235
228.403
126.586
88.2806
276.883
161.193
108.852
87.819
457.426
213.549
124.87
95.1027
140.358
96.8895
71.5484
58.6854
40.6997
31.5252
23.4667
19.228
34.4411
22.068
13.5541
8.71141
6.56254
73.4772
46.4812
28.376
18.169
13.6745
57.5399
29.7145
16.89
10.5058
7.86561
59.172
33.2037
19.4397
12.1787
9.14674
42.6652
23.2998
13.4348
8.39117
6.28258
15.2377
8.84924
5.22375
3.29254
2.46363
10.8413
8.01356
5.11185
3.34527
2.54693
35.2404
23.7446
14.8173
9.66017
7.30809
54.3908
33.9462
20.7523
13.445
10.09
-38.9245
-149.329
-402.256
-906.556
-1530.21
-9.21655
-825.713
247.611
277.366
-15.5533
34.836
-0.78055
0.305077
0.738682
-95.8988
-26.2516
-5.56162
-1.77202
-0.343746
-131.17
-29.7004
-6.5374
-1.32634
-0.371309
-190.047
-36.1267
-7.01541
-1.38218
-0.443057
-270.569
-42.0514
-6.49821
-0.962453
-0.29113
114.347
39.621
10.579
2.53772
0.466395
-41.9419
12.2872
5.13011
1.37195
0.185611
169.353
48.2085
12.1334
2.79513
0.504308
173.753
50.1107
12.4688
2.76651
0.510125
32.7227
374.208
1064.44
2054.59
3241.28
4442.04
5402.61
5836.09
5449.7
4023.82
1920.31
277.451
29.4953
24.9197
18.8745
11.7577
3.99174
337.677
285.701
216.728
135.184
45.9279
960.105
811.945
615.701
383.97
130.447
1851.32
1563.95
1184.92
738.595
250.884
2915.68
2458.89
1860.57
1159.06
393.675
3985.25
3352.41
2532.47
1576.95
535.781
4827.57
4046.61
3051.29
1900.59
646.643
5183.8
4324.59
3255.6
2031.92
693.945
4799.27
3979.75
2993.62
1877.88
646.694
3504.56
2886.38
2172.38
1374.52
480.19
1656.7
1357.92
1024.18
654.105
231.952
240.42
198.413
150.827
97.0137
34.5988
60.7146
460.759
1215.44
2274.15
3519.27
4737.96
5637.43
5924.39
5349.95
3784.68
1681.49
178.834
54.8994
46.5649
35.4135
22.1337
7.52799
416.303
352.766
268.031
167.402
56.916
1097.51
929.4
705.76
440.635
149.791
2051.67
1735.8
1317.17
822.055
279.426
3170.43
2678.56
2030.54
1266.81
430.619
4258.36
3589.89
2717.84
1695.31
576.534
5047.46
4241.07
3205.69
2000.58
681.365
5271.8
4407.71
3325.81
2079.69
711.042
4714.63
3913.53
2947.98
1852.21
638.709
3287.94
2701.92
2031.66
1286.66
450.51
1435.61
1164.98
873.01
557.238
198.517
148.117
116.946
86.2194
55.0935
19.9621
3055.84
13360.4
4352.88
2740.72
2304.97
1741.16
1084.38
368.521
9993.54
8318.99
6572.39
4857.89
2359.07
3820.74
3151.68
2352.91
1462.3
499.107
0
0
0
0
0
0
0
0
0
0
0
0
-1389.83
310.146
-157.119
174.112
2614.81
2556.01
6022.21
5440.14
5690.15
5484.25
2443.63
2305.59
2197.96
5150.69
5077.33
4975.57
5809.72
5980.17
5996.74
591.852
375.436
168.886
43.3682
218.438
150.169
94.0098
61.944
87.5799
53.7066
32.4571
20.6778
15.4755
40.2647
23.7301
14.1503
8.97717
6.7166
-2977.46
-2570.51
-2072.03
-1504.92
-911.497
-305.827
-19.9055
-222.369
-641.169
-1315.03
-1984.7
-2339.65
-17.9738
-15.2172
-11.5493
-7.2057
-2.44831
-200.886
-170.181
-129.249
-80.6856
-27.4235
-578.951
-490.184
-372.081
-232.184
-78.8997
-1186.13
-1003
-760.407
-474.076
-161.024
-1786.97
-1507.98
-1141.04
-710.379
-241.115
-2099.98
-1765.86
-1331.84
-827.324
-280.524
3347.4
3384.33
9952.38
9958.42
14731.8
13488.3
3309.71
3012.72
2806.95
9610.96
8720.86
8100.31
11612.3
10190.8
9424.87
0
0
0
0
0
0
0
0
2623.12
1158.76
661.566
391.041
479.746
331.317
310.026
282.977
215.288
147.066
107.508
73.5868
97.5068
55.2431
32.261
20.2495
15.1278
39.5023
23.5595
14.0298
8.87144
6.63786
34.7481
269.796
730.164
1460.71
2268.43
2763.49
31.4314
26.6698
20.2891
12.683
4.31394
243.93
206.856
157.272
98.2669
33.4162
659.886
559.32
425.051
265.492
90.2664
1319.22
1117.32
848.509
529.738
180.07
2046.65
1731.54
1313.74
819.722
278.577
2489.27
2102.47
1593.05
993.309
337.507
3610.71
3201.83
2664.29
1998.54
1242.13
422.738
)
;
    }
    patch2
    {
        type            calculated;
        value           nonuniform List<scalar> 
348
(
-489.479
489.465
-1133.86
-448.055
-605.212
-755.989
-1308.41
-568.167
-711.356
-884.129
1133.76
448.027
605.178
755.938
1308.35
568.146
711.326
884.091
-8622.66
-2047.18
-564.791
-450.701
-314.237
-461.797
-420.256
-5004.68
-2046.15
-903.58
-1118.43
-573.593
-546.774
-544.842
-241.307
-430.184
-455.486
-362.31
-7212.01
-1270.87
-363.798
-684.826
-994.562
-681.249
-755.606
-545.989
-305.822
-470.339
-450.608
-524.55
-7694.56
-1930.12
-2028.1
-1129.07
-1085.1
-49.5168
-75.4718
-128.819
-207.662
-308.127
-419.082
-35.6183
-76.1219
-157.556
-272.431
-406.454
-539.18
-37.7423
-17.3983
-64.5119
-44.2056
-118.21
-98.3417
-195.844
-182.127
-278.534
-268.039
-359.02
-323.742
-511.086
-568.045
-612.555
-942.27
-1162.35
-1367.58
-645.397
-700.626
-690.703
-632.171
-559.798
-509.358
-52.2181
-83.7868
-143.364
-229.409
-338.585
-457.626
-39.4035
-87.7564
-177.663
-301.36
-443.037
-579.213
-40.3256
-19.6073
-72.5102
-51.1877
-132.411
-111.233
-217.699
-202.899
-310.964
-304.6
-402.504
-380.218
-553.767
-612.12
-659.975
-991.749
-1205.75
-1386.64
-681.853
-726.308
-702.39
-632.19
-555.216
-506.983
-8777.28
-2083.11
-627.832
-510.231
-385.461
-546.358
-495.723
-6190.01
-3757.34
-1385.21
-2359.15
-881.911
-1147.75
-693.047
-718.197
-533.282
-8228.56
-1602.48
-510.739
-869.301
-1215.46
-793.19
-876.323
-651.226
-391.87
-580.208
-625.309
-655.057
-8161.61
-2039.49
-2370.1
-1257.18
-1214.32
8621.99
2047
564.757
450.676
314.222
461.774
420.234
5004.17
2045.97
903.473
1118.39
573.618
546.749
544.81
241.316
430.169
455.482
362.3
7211.29
1270.75
363.779
684.781
994.478
681.199
755.556
545.956
305.811
470.317
450.588
524.521
7693.88
1929.94
2027.89
1128.97
1085.02
49.5141
75.4676
128.812
207.651
308.11
419.059
35.6163
76.1175
157.547
272.416
406.431
539.15
37.7403
17.3974
64.5083
44.2031
118.204
98.3363
195.834
182.117
278.519
268.025
359.001
323.726
511.056
568.011
612.515
942.199
1162.26
1367.48
645.36
700.584
690.66
632.129
559.758
509.321
52.2155
83.7828
143.357
229.398
338.569
457.604
39.4016
87.7523
177.655
301.346
443.015
579.185
40.3236
19.6063
72.5067
51.1853
132.405
111.228
217.689
202.89
310.95
304.587
402.486
380.202
553.741
612.09
659.941
991.694
1205.68
1386.54
681.819
726.27
702.352
632.153
555.181
506.949
8776.69
2082.96
627.803
510.208
385.446
546.336
495.703
6189.8
3757.21
1385.17
2359.07
881.888
1147.72
693.027
718.177
533.266
8228.21
1602.42
510.722
869.268
1215.41
793.155
876.284
651.199
391.857
580.186
625.288
655.032
8161.16
2039.37
2370
1257.11
1214.26
14.4341
301.553
341.426
203.406
865.314
875.205
-656.768
836.732
1145.98
-1457.18
365.179
509.348
-2474.85
524.449
884.187
-1129.81
-826.729
-1667.6
-1214.14
-3873.97
-1722.96
-4278.42
-1924.23
-4460.04
-110.614
-40.5373
-298.093
-331.796
-177.088
-851.078
-865.372
655.562
-836.256
-1145.63
1456.54
-365.143
-509.183
2474.38
-524.475
-884.112
990.874
717.894
1727.79
1264.72
3871.98
1723.81
4277.72
1924.1
4459.79
110.564
)
;
    }
    patch3
    {
        type            calculated;
        value           nonuniform List<scalar> 
96
(
-401.185
-613.233
-1049.93
-1699.43
-2535.85
-3476.33
-289.154
-619.808
-1286.34
-2232.66
-3348.35
-4471.03
-4280.68
-4803.77
-5190.81
-7675.52
-8554.78
-9401.99
-5391.65
-5894.33
-5832.87
-5295.25
-4513.28
-3932.55
-422.428
-678.367
-1162.98
-1866.14
-2764.67
-3755.84
-318.945
-711.074
-1442.69
-2454.45
-3622.9
-4761.24
-4571.93
-5074.94
-5440.1
-7827.75
-8622.3
-9422.93
-5639.54
-6043.74
-5861.81
-5225.22
-4412.26
-3886.29
401.164
613.201
1049.88
1699.35
2535.72
3476.16
289.139
619.774
1286.27
2232.54
3348.18
4470.81
4280.48
4803.54
5190.57
7675.18
8554.42
9401.63
5391.39
5894.04
5832.6
5295.01
4513.09
3932.4
422.407
678.336
1162.93
1866.05
2764.54
3755.67
318.93
711.042
1442.63
2454.34
3622.73
4761.02
4571.72
5074.72
5439.87
7827.42
8621.96
9422.57
5639.28
6043.46
5861.54
5224.99
4412.06
3886.14
)
;
    }
    patch4
    {
        type            calculated;
        value           nonuniform List<scalar> 
384
(
-10109.3
-28032.3
-47393.9
-65258.9
-53173.1
-41655.8
-30252.4
-11331.2
-13606.6
-38441.7
-57021.4
-20756.1
9035.96
28126.8
47402.9
65275.9
53191.6
41670.7
30342.8
9623.89
12322.2
38614.7
57233.2
18674.4
-44377.6
-64036.3
-71761.9
-98259.2
-46118.8
-64830.3
-72937.6
-98809.2
44385.3
64046.3
71773
98272.6
46133.4
64843.4
72951.3
98824
-20048.4
-32713
21849.5
33673.1
-16789.2
-5897.61
-21717.1
-7941.97
17519.2
6184.1
22179.5
8123.05
-21837.1
-33662.6
20055.3
32720.5
-7923.81
-5275.63
-24738.6
-17434.3
-31229.1
-45633
-3361.24
-1183.6
-12353.2
-4396.6
-9287.33
-6284.06
-28254.4
-20355.5
-32914.5
-46499.1
-3897.17
-1313.46
-14224.1
-5005.57
7172.95
4790.74
24817.2
17481.2
31235.8
45641.4
3071.98
1092.83
12373.9
4403.36
8419.55
5699.6
28400.7
20445.8
32927.2
46510.5
3555.51
1209.44
14259.3
5016.49
-17513.8
-6181.99
-22173.8
-8120.78
16793
5899.12
21721.9
7943.88
-13400.7
-13912.3
-11621.1
-12505.6
13398.4
13911.6
11619.6
12505.2
-942.175
-1062.02
-3407.49
-4265.42
-3164.28
-2817.71
-4769.97
-6527.66
-7534.85
-9770.38
-8231.42
-9882.14
-7505.51
-9854.81
-7689.7
-10303.1
-510.709
-1160
-2940.27
-4824.15
-1645.32
-2281.57
-4717.46
-6576.25
-7252.94
-9428.82
-7412.04
-9259.61
-7433.58
-9686.53
-7683.43
-10253.9
903.905
987.362
3394.28
4266.35
3161.2
2812.95
4769.98
6528.58
7533.68
9770.25
8230.29
9881.85
7505.54
9854.94
7690.21
10303.4
510.11
1077.86
2920.88
4827.82
1641.42
2274.99
4717.3
6577.24
7251.26
9428.5
7410.72
9259.19
7433.49
9686.55
7683.93
10254.2
-1215.67
-2365.93
-4093.2
-7228.95
-6526.26
-11084.1
-8967.02
-269.43
-1185.36
-2829.91
-5606.38
-4391.56
-8296.75
-7626.13
1167.02
2223.59
4071.02
7196.58
6522.47
11077.9
8965.58
296.436
1142.65
2798.24
5561.46
4388.38
8291.69
7625.13
-888.448
-2726.63
-4599.45
-6224.47
-7685.98
-9489.69
-8743.87
-9873.53
-10098.2
-878.671
-2698.33
-4536.53
-6123.75
-7576.69
-9430.94
-8662.46
-9837.95
-10086.3
786.577
2751.44
4598.38
6224.48
7686.23
9490.15
8744.25
9874.04
10098.8
778.359
2723.72
4535.56
6123.91
7577.1
9431.49
8662.97
9838.52
10086.8
-185.948
-567.5
-955.218
-1288.14
-1599.26
-2034.45
-1854.22
-2127.6
-2175.86
-184.064
-561.881
-943.71
-1270.22
-1578.35
-2020.56
-1835.63
-2119.12
-2173.01
163.261
573.916
954.995
1288.12
1599.3
2034.54
1854.29
2127.7
2175.98
161.613
568.425
943.534
1270.24
1578.43
2020.68
1835.73
2119.24
2173.13
-41.3282
-126.107
-212.423
-286.946
-358.303
-462.2
-419.081
-484.414
-495.672
-40.9455
-124.959
-210.173
-283.463
-354.032
-458.942
-414.919
-482.38
-494.982
36.1851
127.585
212.372
286.937
358.307
462.218
419.094
484.437
495.697
35.8483
126.459
210.134
283.466
354.046
458.966
414.939
482.406
495.008
-9.14526
-27.9366
-47.1301
-63.7842
-79.9532
-103.999
-93.9662
-109.131
-111.619
-9.063
-27.6895
-46.6635
-63.0732
-79.0646
-103.267
-93.062
-108.664
-111.459
7.99633
28.2656
47.118
63.781
79.9529
104.003
93.9681
109.135
111.625
7.9241
28.0215
46.654
63.0726
79.0667
103.272
93.0659
108.67
111.465
-2.32715
-7.08956
-11.9363
-16.1677
-20.3239
-26.665
-23.9754
-28.0625
-28.7453
-2.30561
-7.02492
-11.8191
-15.9947
-20.1086
-26.4799
-23.7526
-27.9427
-28.7039
2.03425
7.17148
11.933
16.1665
20.3235
26.6657
23.9756
28.0636
28.7466
2.01541
7.10715
11.8164
15.9941
20.1088
26.481
23.7534
27.944
28.7053
)
;
    }
}


// ************************************************************************* //
