/*--------------------------------*- C++ -*----------------------------------*\
| =========                 |                                                 |
| \\      /  F ield         | OpenFOAM: The Open Source CFD Toolbox           |
|  \\    /   O peration     | Version:  2306                                  |
|   \\  /    A nd           | Website:  www.openfoam.com                      |
|    \\/     M anipulation  |                                                 |
\*---------------------------------------------------------------------------*/
FoamFile
{
    version     2.0;
    format      ascii;
    arch        "LSB;label=32;scalar=64";
    note        "nPoints:539  nCells:360  nFaces:1236  nInternalFaces:924";
    class       labelList;
    location    "constant/c0zone/polyMesh";
    object      neighbour;
}
// * * * * * * * * * * * * * * * * * * * * * * * * * * * * * * * * * * * * * //


924
(
1
37
59
165
166
310
2
4
22
36
3
21
59
4
58
5
165
6
36
38
7
35
39
8
34
40
9
41
10
34
130
11
33
113
12
28
112
13
27
95
14
94
15
27
198
16
26
199
17
25
200
18
24
77
19
76
20
24
281
21
23
280
22
279
23
31
310
24
30
309
25
282
26
30
201
27
29
242
28
243
29
33
244
30
32
245
31
308
32
36
359
33
35
246
34
344
35
131
36
346
37
38
346
347
359
39
149
165
40
148
346
41
131
133
42
130
43
129
133
44
128
134
45
127
135
46
126
136
47
125
137
48
124
138
49
123
139
122
140
51
67
157
52
66
158
53
65
159
54
64
160
55
63
161
56
62
162
57
61
163
58
60
164
59
165
60
279
61
166
278
62
167
273
63
168
272
64
169
267
65
170
266
66
171
261
67
172
260
173
255
69
85
257
70
84
258
71
83
263
72
82
264
73
81
269
74
80
270
75
79
275
76
78
276
77
281
78
200
282
79
195
283
80
194
284
81
189
285
82
188
286
83
183
287
84
182
288
85
177
289
176
290
87
103
174
88
102
179
89
101
180
90
100
185
91
99
186
92
98
191
93
97
192
94
96
197
95
198
96
112
243
97
111
240
98
110
235
99
109
232
100
108
227
101
107
224
102
106
219
103
105
216
104
211
105
121
212
106
120
215
107
119
220
108
118
223
109
117
228
110
116
231
111
115
236
112
114
239
113
244
114
130
344
115
129
343
116
128
342
117
127
337
118
126
336
119
125
331
120
124
330
121
123
325
122
324
123
323
124
326
125
329
126
332
127
335
128
338
129
341
130
132
131
132
344
346
133
341
343
345
134
148
135
147
341
136
146
338
137
145
335
138
144
332
139
143
329
140
142
326
141
323
142
156
322
143
155
327
144
154
328
145
153
333
146
152
334
147
151
339
148
150
340
149
345
150
164
347
151
163
348
152
162
349
153
161
350
154
160
351
155
159
352
156
158
320
157
321
158
173
159
172
160
171
161
170
162
169
163
168
164
167
165
166
167
311
347
168
312
348
169
313
349
170
314
350
171
315
351
172
316
352
173
317
320
318
321
175
179
211
176
178
210
177
209
178
182
208
179
181
217
180
216
181
185
219
182
184
218
183
207
184
188
206
185
187
225
186
224
187
191
227
188
190
226
189
205
190
194
204
191
193
233
192
232
193
197
235
194
196
234
195
203
196
200
202
197
199
241
198
240
199
243
200
242
201
202
242
282
308
203
241
283
307
204
234
284
304
205
233
285
303
206
226
286
300
207
225
287
299
208
218
288
296
209
217
289
295
210
290
292
211
213
217
212
216
213
215
324
214
254
292
215
217
221
253
295
216
220
325
217
219
218
219
221
225
220
224
221
223
330
222
252
296
223
225
229
251
299
224
228
331
225
227
226
227
229
233
228
232
229
231
336
230
250
300
231
233
237
249
303
232
236
337
233
235
234
235
237
241
236
240
237
239
342
238
248
304
239
241
245
247
307
240
244
343
241
243
242
243
245
244
245
344
246
308
247
344
346
359
248
343
345
358
249
340
342
357
250
337
339
356
251
334
336
355
252
331
333
354
253
328
330
353
254
319
325
327
291
322
324
256
260
318
257
259
293
258
290
259
263
289
260
262
294
261
317
262
266
316
263
265
297
264
288
265
269
287
266
268
298
267
315
268
272
314
269
271
301
270
286
271
275
285
272
274
302
273
313
274
278
312
275
277
305
276
284
277
281
283
278
280
306
279
311
280
310
281
309
282
283
309
284
306
285
305
286
302
287
301
288
298
289
297
290
294
293
292
318
319
321
293
295
294
318
295
297
317
296
319
297
299
353
298
316
299
301
315
300
354
301
303
355
302
314
303
305
313
304
356
305
307
357
306
312
307
309
311
308
358
309
359
310
311
359
312
358
313
357
314
356
315
355
316
354
317
353
318
319
320
353
321
327
352
322
323
327
324
326
325
326
330
327
329
328
329
333
352
330
332
331
332
336
333
335
334
351
335
339
350
336
338
337
338
342
339
341
340
349
341
345
348
342
343
344
346
347
348
358
349
357
350
356
351
355
352
354
353
354
355
356
357
358
359
)


// ************************************************************************* //
