/*--------------------------------*- C++ -*----------------------------------*\
| =========                 |                                                 |
| \\      /  F ield         | OpenFOAM: The Open Source CFD Toolbox           |
|  \\    /   O peration     | Version:  2306                                  |
|   \\  /    A nd           | Website:  www.openfoam.com                      |
|    \\/     M anipulation  |                                                 |
\*---------------------------------------------------------------------------*/
FoamFile
{
    version     2.0;
    format      ascii;
    arch        "LSB;label=32;scalar=64";
    class       volScalarField;
    location    "2.7";
    object      gradTx;
}
// * * * * * * * * * * * * * * * * * * * * * * * * * * * * * * * * * * * * * //

dimensions      [0 -1 0 1 0 0 0];

internalField   nonuniform List<scalar> 
5712
(
-6450.53
-8243.69
-15346.7
-22385.8
-22832.3
-39420.3
-17587
-44793.2
-14333.3
-31483.7
-21423.4
-32573.4
-19239.7
-25196.8
-8454.99
-9658.9
-14346.4
-16428.4
-18582.4
-18433.9
-14663.8
-18151.7
-21613.5
-19424.2
-5227.13
-3907.56
-6505.68
-4356.99
-12104
-9635.17
-20701.8
-14946
-16063.1
-16672.6
-17786.5
-16881
-6169.64
-4868.53
-38099.6
-51017.4
-24609.7
-30222
-51335.3
-66603.3
-26573.4
-30417.1
-28196.5
-39848.9
-24587.6
-32613.9
-14344.9
-23171.2
-2730.77
-918.582
-2880.45
-1036.44
-8251.3
-3323.41
-11348.6
-4165.57
-8040.51
-3090.25
-8609.04
-2756.38
-14701.5
-4671.55
-18981.3
-6395.52
-23408.1
-11589
-21426.7
-12711.3
-22039.9
-14254.9
-19376.4
-14617.8
-16779
-9960.63
-16758.5
-8506.23
-22099.9
-14174.1
-22146.1
-14316.4
-20453.6
-15494.2
-20699.4
-15576.4
-18130.7
-11532
-18783
-11825.3
-17102.8
-7375.18
-7872.17
-9542.28
-17175.6
-8049.92
-6839.8
-9628.02
-18120.8
-7353.64
-8945.37
-9639.57
-19024.6
-7538.03
-9742.79
-10087.5
-3539.78
-3860.15
-1183.96
-2289.2
-10394.1
-10977.9
-3986.24
-7000.71
-13309.9
-14827.5
-6336.18
-10742
-12227.9
-1199.33
-13344.6
-16319.4
-8780.88
-864.429
-7508.77
-11921.7
-19137.6
-13039.6
-9647.28
-11638.7
-10085.8
-8628.07
-13492.8
-3426.4
-2844.51
-1949.86
-1938.39
-9688.15
-8237.63
-5778.35
-5507.66
-12134.6
-10386.5
-7551.69
-6793.83
-5885.13
-7457.91
-12090
-12493
-13802.4
-12577.8
-15546.2
-13597.6
-10351.3
-8705.21
-8965.66
-9541.81
-11797.3
-9472.6
-10697.2
-7939.52
-9210.61
-6475.99
-10617
-7013.14
-10144.9
-4932.72
-8676.78
-9498.47
-12458.1
-16361.5
-13694.8
-19999.2
-6874.81
-7728.65
-8963.51
-3092.99
-7720.41
-14947
-7316.85
-15991.1
-13551.9
-24663.4
-13784.9
-26135.7
-5799.23
-12782.6
-5255.81
-13589.4
-7979.76
-6129.46
-11037.2
-4453.2
-8276.58
-1879.12
-9659.41
-966.229
-7645.46
-9097.48
-11553.7
-5379.85
-6307.04
-10696.9
-10207.6
-7034.67
-2290.62
-2037.29
-1850.81
-1639.95
-1517.77
-1374.06
-6813.11
-5685.65
-4989.81
-4335.49
-3555.95
-3129.27
-8441.33
-7386.88
-6871.05
-5235.45
-4357.2
-4154.61
-6634.13
-5968.3
-5857.89
-10974.3
-8520.07
-7251.47
-10227.3
-7727.91
-6356.25
-10759.7
-8652.52
-7596.39
-6531.48
-4403.35
-3484.47
-15797.5
-13891.6
-12177
-10055
-8521.78
-7199.24
-8818.44
-7003.54
-5709.59
-7313.81
-5404.6
-4253.92
-7374.06
-4181.82
-2425.77
-10224.2
-13889.7
-8060.35
-10454.2
-10921.3
-16088.4
-9732.29
-14218.8
-62.5268
-749.537
483.343
-111.243
-2971.16
-3380.84
-1232.46
-673.273
-715.626
-2439.09
-9332.41
-13659.8
-6638.54
-3601.72
-9735.45
-9657.78
-14911.7
-16415.4
576.03
4020.81
-7497.72
-7069.89
-7035.69
-5429.7
-1037.96
-559.235
-658.86
-258.897
-2035.78
-267.016
320.187
827.008
-9214.04
-2473.06
-6194.3
-1664.36
-8894.21
-2739.57
-10757.4
-3502.99
-8745.77
-11864.7
-8098.44
-11590.4
-13909.2
-14788.4
-13286.9
-14028.5
-5688.05
-9519.88
-6551.81
-9444.56
-8587.91
-11179.9
-9469.84
-11310.4
-13841.5
-13793.6
-14496
-13866.7
-5738.97
-9229.98
-6240.21
-9416.61
-61.9162
-1571.64
-7665.5
-5052.88
509.447
-1153.84
-7103.72
-4483.3
-504.18
-1809.55
-7848.87
-5494.07
-958.704
-2080.14
-7911.22
-5706.21
656.034
763.385
-192.822
-53.1078
2828.76
2883.27
141.995
281.808
462.669
1873.07
-1859.6
-1238.5
10212.4
9442.02
5512.12
4147.35
279.425
10381.7
10792.7
4299.84
6316
644.952
-10095.7
-8031.35
-7296.29
-6994.86
-4490.55
803.615
769.065
-3.11281
-128.487
2542.25
2584.32
-22.8168
-311.027
2543.49
3212.39
-903.881
-1310.46
5130.33
2397.55
8223.63
5247.53
3635.78
2815.66
4069.65
3611.99
-719.703
-1775.05
-3732.14
-2364.01
-1054.69
1041.02
-1125.83
709.976
-1974.58
-597.061
-2537.23
-2936.92
-5302.84
-4885.98
-10038.9
-6103.91
-8087.54
-8204.24
-12278.9
-9989.5
-8103.53
-4875.32
-4121.45
-4133.89
-11816.5
-5281.91
-12996
-5918.57
-13690.7
-10196.1
-14610.8
-10916.7
-9786.97
-4012.42
-10954
-4633.1
-6676.64
-5466.44
-5488.49
-8156.96
-4417.68
-5042.45
-4730.55
-7567.45
-7660.02
-5442.92
-6179.94
-9346.78
-9219.43
-5916.21
-7594.17
-9661.01
822.237
904.943
1030
-4.76897
313.133
358.622
3017.26
3285.25
3314.21
165.185
901.213
919.887
3789.15
4345.53
4506.88
-770.44
863.511
1203.22
1337.06
1161.77
862.984
3979.23
4126.89
3881.48
3258.71
3769.79
3741.62
4030.01
4454.93
4394.1
-1636.06
360.747
529.144
-3419.29
-1919.29
-980.737
1108.11
2350.75
3015.13
1020.63
2644.4
3355.9
385.236
2175.1
2696.98
-2717.15
534.979
931.094
21.5713
41.4736
58.9264
90.7231
275.114
162.71
139.604
140.675
-10.7946
80.5966
199.532
321.533
443.621
300.297
342.821
384.206
-268.763
27.8926
282.405
568.486
146.543
245.092
332.242
390.727
29.0804
149.128
166.383
168.169
-232.842
-6.18751
133.495
233.861
-1038.54
-213.737
122.353
361.729
-1624.35
-378.446
23.2607
611.514
-739.251
-93.511
206.168
517.562
-1342.7
-289.359
4.39398
538.178
-1098.39
-253.92
145.617
447.52
-1816.14
-449.102
21.6259
717.114
-1221.12
-336.162
129.739
528.458
-1953.74
-513.745
-1.83471
750.124
0.185399
23.3668
50.4741
112.82
30.9042
32.5495
31.9789
103.774
51.9529
81.4037
153.627
303.015
152.126
111.859
97.3931
280.195
-467.109
-58.8468
171.164
519.594
-234.618
24.3117
131.069
495.271
-129.868
120.567
251.092
517.757
-59.8008
96.3282
114.518
499.762
-1167.94
-223.83
45.8776
697.521
83.5801
46.9414
36.5529
77.8617
169.502
69.7121
37.9109
36.1374
165.046
110.968
83.0807
201.986
430.136
185.059
96.6969
93.5241
74.4422
121.675
116.553
333.093
534.974
259.327
145.895
147.725
-148.313
108.142
146.673
462.143
398.795
278.77
174.093
188.469
-636.039
6.20775
88.1929
448.475
77.6961
239.037
164.204
195.073
-1357.36
-138.578
77.9633
520.691
-452.042
58.3809
108.138
184.391
-1065.6
-47.1819
90.2179
486.451
-292.3
138.531
141.325
198.43
-1626.64
-252.644
38.4601
564.152
-598.918
-21.8117
71.5089
172.482
-1828.65
-367.6
-17.3083
557.005
-736.908
-111.114
22.9092
148.977
40.6857
18.7178
10.1144
6.24329
4.68529
53.8963
28.8895
16.6577
10.541
7.9627
97.0748
43.5971
23.5041
14.5869
11.0287
122.382
64.8177
37.4031
23.7828
18.0237
128.619
54.5973
29.0713
18.0247
13.6632
164.976
86.0443
49.7569
31.8068
24.1864
86.9138
44.1879
25.4357
16.2876
12.3925
61.0374
25.7167
13.5841
8.4641
6.37969
130.08
55.9835
30.3197
18.9936
14.3445
61.8887
22.8572
11.6804
7.16912
5.37697
137.14
65.2639
36.9439
23.4849
17.8388
58.4027
22.7494
11.976
7.40585
5.54771
99.6902
36.4471
18.3276
11.2174
8.42431
58.5316
20.3918
10.2162
6.26505
4.70719
85.644
23.057
9.35416
5.24457
3.80284
47.2222
10.8541
4.01624
2.16338
1.5408
33.8109
14.0986
7.35189
4.45177
3.31517
24.4235
11.1954
6.09963
3.74291
2.79658
82.6008
35.4728
18.9606
11.6389
8.7401
63.104
29.5634
16.3811
10.1407
7.60264
115.707
43.6891
22.4136
13.57
10.1627
85.9087
40.8828
22.8895
14.218
10.7313
105.065
50.2542
28.6188
18.1264
13.7878
58.735
31.241
18.0633
11.3556
8.65138
54.7335
27.6709
16.1003
10.299
7.83409
-354.583
-467.448
-810.728
-1148.64
-876.036
-1446.26
-385.657
-1199.84
246.183
-301.763
-763.278
-1234.25
89.0127
16.4226
-1136.13
-1776.83
-1415.77
-2013.29
-585.488
-135.331
-30.3825
-6.68976
-1.67223
-207.019
-89.627
-12.8197
-3.34732
-1.42808
-1799.02
-414.067
-93.2799
-20.4377
-5.11534
-497.945
-131.671
-31.5817
-6.6076
-1.75826
-3029.31
-698.767
-157.818
-34.686
-8.66171
-785.061
-221.562
-53.1275
-12.202
-3.04186
-4079.57
-943.882
-214.015
-47.1706
-11.7912
-910.965
-277.87
-68.8076
-15.9953
-3.9824
-5119.22
-1196.2
-273.068
-60.4781
-15.178
-1000.57
-335.862
-85.7071
-20.2021
-5.0903
-6116.14
-1473.72
-341.062
-76.16
-19.1932
-1514.6
-461.744
-113.632
-26.0003
-6.48479
-5674.34
-1361.87
-313.774
-69.7803
-17.5322
-1192.29
-393.728
-99.6536
-23.2299
-5.79879
-6324.65
-1526.87
-354.081
-79.1935
-19.9874
-1706.48
-504.559
-122.445
-27.6422
-6.87845
-6601.29
-1580.66
-367.121
-82.0793
-20.7046
-1765.95
-524.278
-128.422
-26.9364
-7.0946
-516.148
-6780.68
-6190.38
-2234.79
1597.9
2735.91
7640.58
11173.4
1689.15
8189.41
-1577.87
2561.93
2459.39
4842.93
9112.29
12897.3
13805.2
17319.8
5633.62
7295.86
-19704.6
-14295.3
-4904.93
-3892.32
-2805.55
-4022.71
-3709.5
-12203.9
-11844.9
-10058
-11023.4
-9193.11
-6564.8
-8490.53
-5706.11
-4830.58
-5901.41
-4052.24
-19734.9
-10379.7
-3748.07
-6365.31
-8539.15
-5995.05
-6592.29
-4922.04
-3028.35
-4288.7
-4517.81
-4875.26
-19400.2
-12794.8
-12195.6
-8847.27
-8842.73
-9241.77
-4070.46
-5390.01
-6751.83
-14232
-12531.2
-10789.5
-10293.8
-9176.95
-9349.12
-6476.28
-5143.03
-4070.75
-2161.88
-4338.78
-3606.95
-2711.06
-1694.13
-580.711
-3480.07
-2917.56
-2198.75
-1368.13
-465.084
-2494.11
-2075.83
-1552.05
-959.107
-324.649
-3599.96
-3018.01
-2270.91
-1409.07
-477.698
-3296.42
-2745.36
-2057.23
-1275.61
-433.106
-7933.41
-6185.5
-4984.65
-4795.65
-5371.7
-6537.27
-4888.58
-3574.03
-3053.37
-2180.01
-6294.44
-3793.54
-2677.55
-1921.99
-952.897
-5688.96
-3875.83
-2625.8
-1961.61
-1182.78
-4299.39
-2700.63
-1703.7
-1209.27
-604.019
-5207
-3901.24
-2708.25
-1629.22
-564.147
-5779.88
-3709.96
-2441.31
-1480.21
-562.771
-3743.02
-2226.29
-1333.4
-724.791
-246.681
-3986.8
-3084.09
-2178.62
-1308.39
-442.928
-4716.12
-3525.71
-2409.62
-1408.16
-469.03
-3378.99
-2633.8
-1864.04
-1113.69
-373.002
-13191.4
-10220.5
-8467.57
-7797.98
-7712.11
-7681.62
-5608.05
-4163.68
-2886.18
-1332.43
-3125.86
-2453.57
-1765.45
-1082.62
-374.986
-5405.82
-4335.8
-3192.5
-2000.27
-706.135
-7026.28
-5550.88
-4124.37
-2686.27
-1030.44
-5117.91
-4142.11
-3089.32
-1963.95
-701.823
-5722.21
-4691.33
-3514.73
-2219.72
-778.552
-4291.78
-3518.4
-2618.69
-1631.84
-561.644
-2614.39
-2109.94
-1537.16
-935.225
-315.146
-3780.33
-3120.36
-2319.47
-1430.57
-484.806
-3849.68
-3074.67
-2230.88
-1362.7
-464.006
-4229.77
-3445.29
-2545.58
-1575.52
-539.828
-13654.7
-11507.4
-9844.21
-9062.67
-8209.17
-8944.39
-6471.18
-5082.24
-3871.05
-2032.89
-9073.49
-7272.37
-5646.82
-4284.75
-2140.55
-6996.11
-5351.76
-4084.05
-2830.79
-1177.44
-7408.04
-5962.08
-4495.29
-2950.99
-1122.63
-7249.13
-5499.54
-4169.42
-2877.68
-1183.12
-3503.45
-2843.6
-2110.1
-1323.63
-462.907
-4757.34
-3938.79
-2943.19
-1827.01
-622.465
-5825.83
-4744.23
-3533.85
-2223.17
-777.637
-5425.54
-11029.9
-11527.4
-31494.3
-11388.9
-42229.9
-6200.69
-15020.1
-11403.3
-8819.93
-18885.8
-15767.4
-11408.2
-10772.1
-21228.8
-16853.1
-3989.24
-2959.75
-7702.52
-5284.52
-8944.34
-6735.59
-23940.2
-17665.3
-14753.9
-11223.7
-15157.6
-9024.46
-1172.16
-3638.92
-39296.5
-51499.7
-23786.4
-30076.6
-52020.3
-66876
-25667.2
-30197.8
-29246.6
-40386.5
-23842.9
-32555
-15768.8
-23842.2
-1898.8
-499.872
-3329.12
-1135
-6458.91
-2876.86
-13087.4
-4720.99
-2849.62
-1611.46
-7121.21
-2235.72
-14730.5
-4622.9
-19155.4
-6444.49
-16160
-8360.1
-18573.7
-11055.8
-14791
-10579.4
-16549
-12856.5
-14780.6
-8651.14
-11713.4
-6034.05
-20995.5
-13425.9
-21869.6
-14111.4
-19329
-14728.6
-20399.2
-15367.7
-17392.9
-10924.4
-18608
-11657.2
-16141.7
-7107.38
-7016.29
-9225.11
-14453.4
-7260.42
-5246.17
-9049.72
-17861.3
-7287.08
-8546.08
-9483.29
-18993.1
-7533.04
-9630.02
-10041.7
-1093.4
-980.033
-262.84
-1152.39
-4439.85
-4581.4
-2765.71
-5465.63
-2471.61
-3082.04
-4284.02
-8086.85
-11931.4
-9630.9
-9168.96
-11398.7
-7471.85
-7596.72
-8088.92
-6730.31
-13185.9
-11355.8
-11346.5
-9440.49
-6510.37
-5557.84
-12199.9
-1055.68
-793.14
-586.588
-657.596
-4124.69
-3282.25
-3478.99
-3065.7
-582.149
520.412
-4106.74
-3224.39
-10104.9
-10738.4
-9425.39
-8626.4
-6951.3
-5052.92
-9069.95
-7234.31
-8046.38
-6305.09
-11465.8
-11703.3
-9765.27
-7687.44
-7191.31
-4924.44
-6309.49
-4026.35
-9368.71
-5720.99
-9202.03
-5086.91
-8198.88
-9369.13
-12958.7
-17267.7
-13665.7
-19960.1
-6250.58
-7456.64
-7597.39
-2906.11
-7548.73
-14793.1
-7276.8
-15934
-13494
-24752.7
-13762.7
-26114.3
-5564.98
-12594.2
-5200.4
-13532.1
-7512.45
-5948.15
-10841.1
-4416.44
-7251.12
-1823
-9333.28
-1249.25
-7459.03
-8975.48
-11465
-5351.02
-6258.1
-10657.8
-10184
-7019.96
-783.649
-729.009
-528.065
-610.385
-2504.99
-1830.82
-2258.69
-2054.48
1075.81
603.339
-2648.72
-2947.19
-10639
-10113.1
-7634.59
-6615.99
-4016.18
-3398.36
-5673.28
-4690.68
-5300.06
-3876.57
-18213.7
-15998.9
-7901.91
-6771.27
-5955.19
-4575.69
-4892.85
-3180.51
-5184.26
-2285.84
-5579.6
-9170.34
-4890.81
-9261.61
-8212.26
-10289.3
-9195.05
-12542.5
-999.499
-738.583
-786.734
-676.439
-3639.93
-2630.4
-2989.72
-1718.26
-1461.08
-1736.57
-8331.48
-8964.81
-4694.9
-4240.04
-9247.07
-9552.21
-14115
-16195.4
304.508
3813.76
-7351.67
-7109.07
-6959.75
-5489.12
-1090.24
-994.786
-1177.23
-975.486
-1808.24
-1273.28
-683.715
-596.067
-8163.66
-3890.96
-6932.38
-3265.81
-9220.29
-3703.16
-10900
-3899.12
-5444.2
-10267.8
-7007.54
-10747.1
-8613.39
-11567.1
-11258.4
-12536.2
-5326.46
-9352.47
-4843.39
-9311.23
-8155.05
-10839
-9343.69
-11221.2
-12994.4
-13172.7
-14255.3
-13698.9
-5678.24
-9194.82
-6237.9
-9417.67
-706.475
-2444.23
-8118.42
-5743.34
-688.401
-2528.76
-8037.58
-5498.68
-988.152
-2425.6
-8104.45
-5919.04
-1159.02
-2328.82
-7988.51
-5853.13
-1096.53
-1210.76
-1037.75
-1135.26
-2165.29
-2230.55
-1529.61
-1679.36
-8474.38
-7844.46
-4102.2
-4179.7
-3819.34
-5248.82
-4153.18
-467.329
-2021.79
-1359.83
-1446.47
-3650.09
2526.61
-1090.81
-13675.4
-11746.7
-10766.6
-9509.21
-6167.68
-1222.37
-1111.82
-1289.86
-1630.39
-2222.39
-1755.7
-2166.81
-2888.1
-8222.4
-8160.5
-4633.21
-6041.64
-5059.36
-6715.93
-3225.12
-5155.74
-4951.34
-5405.05
-1321.62
-1679.41
-3225.19
-4783.67
-9652.35
-7955.47
-7708.03
-5687.4
-6853.05
-4923.54
-6229.63
-4609.61
-4793.04
-5320.7
-8458.59
-8380.62
-11359.6
-7376.13
-10421.1
-11216.2
-13038.9
-10999.4
-9698.6
-6115.39
-7181.47
-7203.64
-12342.3
-6076.26
-13133.4
-6113.1
-13907.5
-10853
-14655.4
-11058.9
-10527.6
-4793.27
-11164
-4842.4
-8202.18
-6600.19
-6853.32
-9442.07
-7032.95
-7533.21
-6692.45
-9641.45
-8462.23
-6186.63
-6959.35
-10169.6
-9470.96
-6151.21
-7846.98
-9897.57
-909.154
-780.292
-1181.21
-855.529
-1485.77
-1746.6
-1763.69
-1263.9
-8010.59
-7011.9
-4074.28
-1804.53
-7892.81
-7500.73
-6206.72
-5583.65
-5245.99
-4486.02
-1975.47
-2001.07
-4563.36
-2032.98
-8652.2
-7418.6
-4951
-3892.58
-3915.41
-2408.46
-2978.5
-1250.08
-4774.27
-127.701
-253.219
-117.536
-40.4218
25.9204
-238.687
-151.547
-59.1991
9.97883
-683.925
-305.88
-19.3317
191.286
-619.055
-362.876
-66.8045
114.793
-1117.51
-452.164
20.4904
438.601
-1102.71
-548.354
-195.511
11.5186
-755.108
-369.388
-182.453
-59.4496
-577.871
-241.888
-26.3007
126.225
-1668.4
-591.006
-132.575
168.025
-1994.14
-570.387
-86.6015
586.914
-1604.1
-569.134
-93.1971
299.285
-1811.95
-513.562
-114.564
538.301
-1556.96
-543.808
-41.3929
332.986
-2066.05
-587.453
-66.4639
680.287
-1409.68
-459.59
48.6533
477.351
-2045.32
-566.705
-36.0852
736.089
-235.095
-96.2702
-14.9864
81.0085
-202.761
-73.5138
-28.6387
78.2022
-606.292
-251.764
-26.5667
207.537
-509.514
-193.85
-76.9683
201.463
-1198.29
-419.641
-11.2296
454.167
-1089.95
-366.192
-85.7918
418.556
-1328.89
-498.236
-99.8283
331.52
-1006.07
-347.699
-116.565
467.56
-1827.23
-513.27
-99.5673
738.739
-145.647
-54.9866
-17.1031
50.0755
-65.3621
-38.455
-18.5168
-0.628379
-439.426
-159.024
-67.1482
121.022
-217.617
-115.138
-63.4624
-10.2412
-781.383
-264.617
-101.85
219.173
-447.434
-202.227
-100.104
-9.67791
-1190.07
-381.531
-130.641
330.374
-789.538
-298.717
-133.405
-4.27584
-1571.41
-458.664
-196.636
286.234
-1070.29
-361.918
-173.211
-25.9983
-2107.45
-595.406
-209.713
358.265
-1066.84
-336.63
-141.344
15.4532
-2028.66
-584.368
-240.449
299.691
-1177.76
-375.019
-166.578
-11.403
-2082.88
-545.015
-149.146
461.187
-957.923
-270.806
-87.6032
69.5658
-1978.7
-466.571
-81.5434
521.668
-849.805
-192.404
-29.5949
115.319
-8.49567
-13.0855
-9.60709
-6.63911
-5.17688
-33.8489
-25.2724
-16.5413
-11.0861
-8.58506
-17.1268
-29.8467
-21.9467
-15.0863
-11.685
-73.1295
-55.9207
-36.6442
-24.4702
-18.9032
-11.5351
-35.9354
-26.9173
-18.5215
-14.3115
-95.2904
-73.5393
-47.9252
-31.8243
-24.5085
-46.1373
-36.8601
-24.1332
-16.0046
-12.3241
-7.23474
-15.948
-11.9403
-8.18939
-6.39025
-23.6188
-38.9501
-27.8944
-18.9455
-14.6942
4.34498
-13.2112
-10.4948
-7.29038
-5.6924
-58.397
-53.3154
-35.3327
-23.537
-18.1332
-2.79392
-15.1131
-11.2126
-7.69619
-6.00795
10.9659
-18.9475
-15.7531
-11.0215
-8.61055
8.42274
-10.6583
-8.82634
-6.15068
-4.8041
45.0519
-2.38478
-6.3636
-5.05999
-4.14068
30.4184
0.25062
-2.54265
-2.14318
-1.78836
-1.23823
-9.22068
-7.14225
-5.01521
-3.93113
-7.94765
-8.99024
-6.24232
-4.28374
-3.34075
-12.9712
-25.8761
-18.8092
-12.9713
-10.0868
-27.2011
-25.4881
-17.084
-11.5928
-9.01013
6.7108
-28.1028
-21.9552
-15.3679
-11.9813
-44.4282
-37.1143
-24.3377
-16.433
-12.6965
-53.3252
-44.2178
-28.6369
-19.0607
-14.6461
-48.5974
-31.0328
-19.4229
-12.9463
-9.91992
-36.7852
-25.5707
-16.0336
-10.5564
-8.11119
-66.6271
-202.426
-127.14
-517.885
-83.8168
-717.332
188.885
-654.862
447.187
-127.437
-772.369
-1248.01
69.0109
-93.723
-1143.32
-1777.96
-1418.16
-2012.93
-569.365
-134.215
-30.3173
-6.69171
-1.67425
-153.546
-83.1914
-11.6282
-3.18066
-1.41473
-1759.92
-411.392
-93.1609
-20.4515
-5.12281
-369.842
-112.042
-28.587
-6.1461
-1.68273
-2969.29
-693.623
-157.4
-34.6642
-8.66399
-639.338
-198.585
-49.5101
-11.6409
-2.94453
-4008.69
-935.872
-213.03
-47.0441
-11.7719
-804.677
-259.413
-65.676
-15.4737
-3.88612
-5059.12
-1187.21
-271.639
-60.2445
-15.1334
-961.595
-325.91
-83.6607
-19.8177
-5.01336
-6091.54
-1467.78
-339.77
-75.8983
-19.1347
-1515.44
-460.801
-113.272
-25.9089
-6.46162
-5638.8
-1353.99
-312.212
-69.4861
-17.4707
-1191.49
-390.108
-98.6128
-23.0002
-5.74813
-6309.41
-1523.1
-353.224
-79.0142
-19.946
-1706.29
-504.209
-122.315
-27.6097
-6.87011
-6596.14
-1579.38
-366.825
-82.0161
-20.6899
-1765.77
-524.18
-128.39
-26.9303
-7.09282
-541.009
-6710.35
-5949.3
-2200.81
-1556.82
-937.886
-3668.92
-2689.52
-6294.45
-5886.61
-2989.37
-2260.02
-419.69
-639.818
-1092.24
-1762.21
-2619.74
-3575.61
-301.905
-645.379
-1336.17
-2312.15
-3454.59
-4593.04
-319.899
-147.5
-546.979
-375.049
-1002.58
-834.844
-1662.99
-1548.83
-2371.56
-2288.91
-3074.16
-2789.49
-4381.5
-4892.25
-5259.14
-7727.04
-8573.58
-9398.84
-5513.42
-6000.04
-5911.96
-5344.45
-4536.13
-3939.31
-379.28
-321.458
-244.27
-152.561
-51.8674
-577.88
-489.457
-371.692
-232.036
-78.8679
-985.852
-834.384
-633.207
-395.115
-134.272
-1589.05
-1343.53
-1018.72
-635.347
-215.868
-2358.77
-1991.28
-1508.1
-940.029
-319.356
-3211.24
-2704.33
-2044.85
-1274.07
-432.975
-272.72
-231.05
-175.503
-109.578
-37.2462
-582.641
-493.252
-374.411
-233.661
-79.408
-1205.52
-1019.87
-773.709
-482.696
-164.023
-2084.04
-1761.32
-1335.16
-832.649
-282.916
-3109.03
-2623.66
-1986.78
-1238.57
-420.867
-4123.9
-3472.57
-2626.29
-1637.07
-556.564
-289.187
-245.154
-186.326
-116.391
-39.5777
-133.343
-113.042
-85.9157
-53.668
-18.2493
-494.19
-418.7
-318.045
-198.584
-67.5074
-338.892
-287.162
-218.153
-136.221
-46.3084
-905.279
-766.487
-581.867
-363.149
-123.421
-753.941
-638.461
-484.74
-302.55
-102.826
-1500.18
-1268.87
-962.341
-600.226
-203.932
-1397.28
-1181.86
-896.298
-558.964
-189.893
-2136.14
-1803.83
-1366.16
-851.37
-289.163
-2061.55
-1740.47
-1317.65
-820.736
-278.657
-2761.11
-2324.74
-1756.71
-1093.56
-371.358
-2504.72
-2107.42
-1590.63
-988.807
-335.438
-3917.8
-3286.78
-2480.58
-1546.37
-526.463
-4339.61
-3618.08
-2725.53
-1704.72
-584.022
-4594.45
-3791.15
-2853.71
-1804.01
-629.909
-6547.56
-5314.68
-4022.39
-2624.3
-972.428
-6873
-5441.07
-4171.83
-2884.06
-1209.47
-7215.28
-5614
-4348.16
-3135.61
-1429.25
-4932.51
-4140.81
-3127.44
-1950.77
-664.277
-5338.03
-4462
-3366.01
-2104.56
-719.544
-5212.52
-4329.97
-3264.59
-2053.18
-708.718
-4637.22
-3814.91
-2880.14
-1837.05
-649.466
-3810.49
-3081.02
-2338.81
-1539.94
-577.886
-3191.46
-2532.97
-1935.69
-1320.49
-528.38
-441.967
-707.796
-1209.18
-1932.77
-2851.39
-3855.68
-333.366
-741.177
-1498.69
-2540.05
-3733.52
-4884.6
-341.426
-166.156
-612.917
-433.208
-1117.32
-939.335
-1834.22
-1709.86
-2617.82
-2564.19
-3389.44
-3202.52
-4670.44
-5158.62
-5502.3
-7872.52
-8636.79
-9418.32
-5759.18
-6144.34
-5934.07
-5267.78
-4430.34
-3891.31
-399.525
-338.735
-257.495
-160.87
-54.7015
-639.706
-542.269
-412.155
-257.479
-87.5511
-1092.37
-925.553
-703.206
-439.206
-149.333
-1744.85
-1477.35
-1121.84
-700.493
-238.16
-2571.28
-2174.72
-1650.22
-1030.21
-350.291
-3470.11
-2929.81
-2221.14
-1386.77
-471.804
-301.31
-255.44
-194.163
-121.298
-41.2439
-669.741
-567.627
-431.374
-269.469
-91.6259
-1353.54
-1146.54
-870.945
-543.936
-184.941
-2292.2
-1940.08
-1472.9
-919.664
-312.69
-3364.92
-2844.59
-2157.97
-1347.21
-458.139
-4393.33
-3707.22
-2809.74
-1754.37
-596.978
-308.728
-261.815
-199.065
-124.389
-42.3042
-150.27
-127.46
-96.9298
-60.577
-20.6043
-554.116
-469.843
-357.192
-223.181
-75.8984
-391.712
-332.205
-252.601
-157.849
-53.6836
-1009.73
-855.822
-650.402
-406.291
-138.153
-849.04
-719.773
-547.102
-341.795
-116.226
-1656.58
-1403.18
-1065.83
-665.596
-226.299
-1544.56
-1308.55
-994.069
-620.808
-211.068
-2362.01
-1998.77
-1517.15
-947.149
-322.012
-2314.25
-1958.81
-1486.94
-928.229
-315.544
-3052.58
-2578.7
-1955.29
-1220.5
-415.077
-2885.85
-2438.79
-1849.18
-1153.8
-392.208
-4188.48
-3526.21
-2670.68
-1669.44
-569.189
-4595.25
-3850.18
-2914.48
-1829.61
-627.978
-4837.19
-4020.01
-3046.59
-1935.34
-677.239
-6718.61
-5496.59
-4191.93
-2750.47
-1022.07
-6971.73
-5558.08
-4290.66
-2981.42
-1253.41
-7252.04
-5659.17
-4395.61
-3176.26
-1448.63
-5162.82
-4344.66
-3289.43
-2055.74
-700.741
-5478.47
-4591.48
-3473
-2176.11
-744.893
-5243.53
-4367.45
-3302.37
-2082.14
-719.857
-4579.18
-3776.52
-2860.13
-1830.36
-648.93
-3724.4
-3016.12
-2296.66
-1518.98
-572.935
-3151.99
-2502.51
-1915.32
-1310.08
-525.88
-19640.7
-14349.8
-5278.95
-4300.26
-3268.04
-4609.49
-4195.08
-12944.4
-14617.6
-11583.6
-13369.5
-8023.44
-11371.5
-6160.52
-6422.2
-4710.04
-20388
-11359.2
-4434.06
-7256.56
-9385.8
-6494.46
-7245.2
-5494.8
-3392.68
-4939.54
-5423.31
-5574.3
-19277.9
-12988.5
-12835.4
-9235.15
-9277.68
-9762.41
-4737.39
-6025.94
-7376.31
-14247.9
-12609.9
-10910.9
-10460.4
-9335.59
-9444.74
-6576.78
-5241.54
-4153.87
-2198.67
-4699.9
-3936.68
-2980.75
-1872.95
-643.765
-3861.43
-3254.06
-2465.18
-1540.17
-524.691
-2931.51
-2466.69
-1865.16
-1163.04
-395.634
-4146.75
-3498.82
-2650.32
-1653.36
-562.182
-3757.28
-3158.56
-2389.09
-1492.13
-508.539
-9632.79
-8173.99
-6911.29
-6430.57
-6579.8
-11041.1
-9685.51
-7985.19
-6502.35
-3930.24
-8404.1
-5956.89
-4562.99
-3249.28
-1443.02
-10056
-8426.27
-6705.56
-4997.64
-2448.49
-6816.59
-5500.48
-4089.03
-2573.97
-902.109
-8967.62
-6723.94
-4959.19
-3182.91
-1176.64
-5358.1
-4395.11
-3283.07
-2053.84
-708.108
-5564.79
-4551.43
-3395.21
-2124.87
-733.734
-4130.58
-3408.29
-2549.82
-1590.21
-544.699
-14555.7
-11868.3
-10124.1
-9242.86
-8750.52
-8899.88
-6885.02
-5314.49
-3720.88
-1668.8
-3848.93
-3158.87
-2369.41
-1494.81
-522.721
-6323.79
-5219.63
-3945.04
-2514.04
-891.481
-7962.33
-6494.94
-4957.52
-3275.44
-1253.68
-5641.49
-4654.4
-3532.39
-2271.19
-814.401
-6367.53
-5293.24
-4016.37
-2557.87
-899.586
-4859.26
-4048.83
-3060.55
-1928.47
-666.996
-3006.87
-2503.24
-1881.56
-1173.32
-400.669
-4410.28
-3696.73
-2790.92
-1742.43
-594.336
-4767.71
-3946.44
-2963.65
-1856.5
-639.395
-4927.48
-4101.05
-3093.55
-1943.7
-670.509
-13795
-11809.7
-10251
-9533.66
-8688.11
-9237.96
-6782.56
-5381.95
-4114.71
-2144.57
-10004.8
-8275.4
-6604.86
-5040.41
-2488.42
-7456.37
-5834.15
-4527.06
-3160.96
-1307.33
-7901.33
-6472.48
-4957.78
-3286.8
-1253.03
-7878.38
-6149.62
-4766.38
-3319.99
-1359.9
-4160.43
-3453.76
-2615.69
-1662.18
-583.294
-5371.25
-4498.98
-3400.43
-2129.13
-728.556
-6463.86
-5356.64
-4055.47
-2579.84
-906.235
-500.972
-1418.97
-2242.35
-3010.7
-3736.2
-4411.85
-2565.91
-6900.51
-6578.15
-2520.03
-8788.6
-7370.03
-8821.97
-9782.72
-2321.57
-1499.94
-5391.87
-3134.6
-10294.8
-7278.29
204.974
-2085.38
-5762.45
-5420.09
-2034.58
-7494.48
-6031.59
-7419.73
-8371.77
-1923.24
-890.996
-4631.24
-1653.23
-8562.41
-4373.07
1473.42
-1529.46
-4400.34
-4131.14
-1498.75
-5946.24
-3658.4
-6049.34
-6721.46
-1455.06
-810.62
-3292.4
-1715.34
-6868.93
-1784.37
1608.54
-1133.07
-3424.08
-3285.46
-1152.16
-4578.5
-2259.32
-5055.29
-5965.73
-1100.07
-850.285
-2419.99
-1730.3
-6072.98
-402.967
1208.56
-920.748
-2917.82
-2846.42
-977.329
-3702.44
-1885.87
-4555.25
-5805.36
-875.373
-923.908
-1752.44
-1660.11
-5315.56
-185.212
118.299
-816.556
-2615.68
-2623.3
-888.803
-3440.27
-2136.48
-4233.16
-5557.66
-680.113
-725.223
-1459.25
-1628.35
-5229.88
-954.11
-463.304
-1384.99
-3395.23
-4894.76
-1890.32
-5503.72
-9595.24
-7192.64
-10379.5
-1025.37
-741.058
-3912.82
-2462.09
-1261.56
-9287.79
-4869.93
-1294.06
-3179.47
-4320.9
-1650.11
-5111.73
-8713.46
-6523.29
-8884.74
-1054.69
-664.332
-4074.36
-2349.86
-440.403
-9150.07
-3711.9
-1148.05
-2830.12
-3572.78
-1338.18
-4691.67
-7866.56
-5599.36
-7888.55
-947.826
-765.739
-3528.67
-2471.25
-641.723
-7476.58
-3586.42
-1004.79
-2577.2
-2999.69
-1100.33
-4418.05
-7221.84
-5033.96
-7229.23
-881.722
-785.417
-3306.98
-2605.67
-420.101
-7003.91
-3668.04
-916.755
-2336.61
-2687.6
-971.95
-4044.88
-6688.33
-4628.67
-6914.22
-833.901
-846.635
-3037.01
-2835.09
-544.073
-6781.67
-3779.56
-856.245
-2096.4
-2505.63
-899.795
-3750.34
-6624.23
-4321.3
-6709.08
-867.718
-974.209
-2718.45
-2699.59
-788.269
-6960.7
-4191.18
5865.39
7405.06
15381.6
22459.7
22862.3
39406.2
17595.3
44796.1
14345.9
31489.4
21467.1
32575.7
19253.4
25275.8
7269.98
8236.67
14358.6
16431.2
18577.6
18431.5
14665.2
18149.6
21610.8
19421.3
4820.66
3637.68
5919.41
3978.43
12105.5
9608.17
20749.4
14967.1
16040.8
16677.2
17778.9
16881.9
6168.45
4848.38
38104.9
51024
24610.3
30223.9
51341.7
66610.9
26573.2
30418
28200.4
39854.6
24587.2
32616.5
14350.4
23176.3
2577.06
881.275
2648.28
963.668
8223.64
3310.53
11352.7
4166.42
8035.49
3087.24
8597.06
2751.74
14702.3
4671.56
18984
6396.41
23407.8
11588
21425.2
12710.1
22037.4
14252.7
19373.9
14615.9
16776.7
9959.47
16757.9
8505.24
22099.5
14173.3
22146
14315.7
20452.3
15492.8
20698.6
15575.2
18130.3
11531.4
18783.4
11824.8
17099.4
7374.04
7871.01
9542.15
17173.1
8048.82
6838.48
9627.74
18120.6
7353.67
8944.85
9639.7
19025.8
7538.52
9742.57
10087.7
3326.8
3588.2
1136.41
2151.47
10347.3
10937.7
3964.8
6969.47
13301.9
14819.1
6332.5
10736
12228
1200.18
13343.8
16316.3
8779.48
865.348
7509.05
11921.1
19133.9
13037.4
9645.98
11637.8
10084.6
8626.11
13492.1
3129.7
2571.72
1762.51
1774.92
9708.89
8255.89
5826.93
5537.78
12127.9
10383.8
7549.11
6793.29
5885.31
7457.85
12089.9
12492.7
13801.4
12577
15543
13595.9
10350.3
8705.12
8965.07
9541.54
11796.7
9472.4
10696.3
7939.15
9209.32
6475.45
10616.8
7013.27
10144.4
4932.65
8675.99
9498.25
12457.1
16360.9
13693.5
19998.5
6874.23
7728.6
8962.97
3092.97
7719.68
14946.8
7316.15
15990.9
13550.8
24662.6
13783.9
26135
5798.75
12782.6
5255.36
13589.4
7979.53
6129.55
11037.5
4453.4
8276.11
1879.16
9659.62
966.494
7645.4
9097.66
11554.1
5380.07
6306.94
10697.2
10208
7034.95
2039.57
1827.5
1685.16
1501.3
1398.82
1278.08
6837.38
5694.38
4989.49
4362.38
3568.16
3132.47
8441.38
7387.67
6871.8
5236.55
4359.56
4157.03
6634.15
5968.46
5858.09
10974.2
8520.26
7251.74
10227
7728.15
6356.63
10759.5
8653.13
7597.18
6531.98
4404.48
3485.74
15797.4
13891.8
12177.4
10054.9
8521.85
7199.46
8818.3
7003.66
5709.88
7313.68
5404.78
4254.27
7374.17
4182.13
2426.21
10199.3
13873.9
8033.15
10440.4
10909.6
16079.6
9718.28
14210.9
98.4406
653.782
-403.732
68.2227
2970.74
3453.14
1233.8
751.701
691.142
2414.16
9316.6
13640.1
6621.52
3589.1
9728.48
9654.71
14907.6
16413.6
-581.741
-4022.65
7488.63
7065.67
7030.43
5427.71
907.756
508.693
556.317
222.197
2090.42
277.973
-260.093
-810.106
9203.36
2471.54
6188.03
1664.48
8887.72
2738.04
10754.1
3501.94
8736.18
11859.8
8090.91
11586.5
13902.7
14784.5
13281.8
14025.4
5681.21
9516.22
6543.39
9440.18
8583.32
11177.2
9467.33
11308.6
13838.2
13791.4
14494.1
13865.1
5734.71
9227.38
6237.97
9414.87
58.261
1571.15
7662.87
5051.87
-513.742
1153.13
7100.84
4482.27
501.384
1808.86
7846.83
5493.15
957.219
2079.66
7909.82
5705.51
-623.007
-720.987
176.912
41.4437
-2804.71
-2857
-138.256
-271.085
-461.383
-1871.72
1859.12
1238.15
-10212.4
-9441.23
-5512.43
-4147.56
-279.592
-10380.6
-10791.5
-4299.8
-6314.87
-644.939
10093.7
8028.37
7293.33
6992.5
4489.55
-771.315
-733.517
-22.3367
95.2969
-2511.46
-2556.93
47.6178
334.068
-2542.08
-3210.04
903.534
1309.76
-5130.13
-2397.57
-8223.36
-5247.48
-3636.09
-2815.75
-4069.19
-3611.24
719.381
1774.54
3731.2
2363.67
1053.35
-1041.4
1124.64
-710.27
1973.78
596.89
2536.7
2936.44
5300.76
4884.99
10036.8
6102.79
8085.9
8203.39
12277.1
9988.47
8101.53
4874.31
4119.6
4132.98
11814.8
5280.93
12994.6
5917.77
13689.2
10195.2
14609.5
10915.8
9785.32
4011.57
10952.7
4632.41
6675.14
5465.55
5487.59
8156.06
4416.28
5041.62
4729.7
7566.56
7658.76
5442.1
6179.12
9345.88
9218.36
5915.53
7593.42
9660.22
-786.519
-844.85
-959.125
-24.6802
-310.067
-348.72
-2987.44
-3268.6
-3302.61
-136.818
-885.96
-909.383
-3786.17
-4342.75
-4504.92
769.105
-863.008
-1202.84
-1337.02
-1161.65
-862.863
-3979.17
-4126.68
-3881.27
-3258.52
-3769.4
-3741.26
-4028.96
-4453.64
-4392.98
1635.37
-360.714
-528.97
3419.08
1919.37
980.927
-1108.25
-2350.59
-3014.88
-1020.68
-2644.12
-3355.56
-385.16
-2174.7
-2696.52
2716.67
-535.01
-931.017
-17.4034
-36.7224
-53.0559
-81.5093
-256.549
-150.853
-129.174
-129.425
11.252
-80.353
-199.747
-322.978
-438.798
-298.456
-341.526
-383.357
268.738
-27.887
-282.348
-568.321
-145.938
-244.892
-332.183
-390.659
-29.1019
-149.111
-166.367
-168.133
232.795
6.19422
-133.478
-233.832
1038.52
213.801
-122.286
-361.623
1624.16
378.454
-23.2094
-611.396
739.16
93.5695
-206.059
-517.351
1342.53
289.377
-4.33338
-538.035
1098.29
253.95
-145.563
-447.438
1815.95
449.104
-21.5807
-717.006
1221.05
336.197
-129.682
-528.379
1953.6
513.759
1.88286
-750.022
2.45716
-20.0401
-45.5426
-102.105
-28.7156
-29.382
-28.5091
-93.7554
-51.768
-81.1435
-153.381
-304.156
-148.441
-110.361
-96.9253
-281.252
467.042
58.8791
-171.071
-519.306
234.675
-24.1959
-130.96
-494.925
129.881
-120.467
-250.968
-517.526
59.8817
-96.2055
-114.413
-499.542
1167.8
223.873
-45.793
-697.334
-82.5248
-44.2264
-33.4978
-70.2237
-160.987
-65.0839
-34.8361
-32.6747
-157.819
-108.748
-82.204
-202.891
-425.482
-183.794
-96.2419
-93.6768
-74.2097
-121.502
-116.494
-332.875
-534.309
-259.018
-145.806
-147.725
148.405
-108.011
-146.576
-461.954
-398.526
-278.582
-174.008
-188.412
635.979
-6.14887
-88.1265
-448.334
-77.615
-238.938
-164.143
-195.014
1357.14
138.55
-77.9428
-520.606
451.941
-58.3942
-108.129
-184.365
1065.43
47.1914
-90.1753
-486.34
292.251
-138.504
-141.293
-198.386
1626.42
252.61
-38.4467
-564.078
598.812
21.7867
-71.5089
-172.464
1828.49
367.586
17.3298
-556.933
736.833
111.102
-22.9036
-148.957
-37.0856
-17.2277
-9.41241
-5.87988
-4.45728
-49.1419
-26.479
-15.3462
-9.76179
-7.39796
-97.216
-43.5971
-23.5136
-14.62
-11.0714
-122.386
-64.7441
-37.3723
-23.7951
-18.0516
-128.668
-54.6584
-29.1348
-18.0917
-13.7289
-165.001
-86.0792
-49.7989
-31.8561
-24.2482
-86.9039
-44.1834
-25.4334
-16.2875
-12.3975
-61.0295
-25.713
-13.5816
-8.46254
-6.37994
-130.048
-55.9672
-30.3094
-18.988
-14.3478
-61.87
-22.8468
-11.6726
-7.16307
-5.37335
-137.063
-65.2102
-36.8982
-23.4455
-17.8034
-58.3725
-22.7294
-11.9593
-7.39144
-5.53501
-99.6695
-36.4375
-18.3214
-11.2135
-8.42435
-58.5191
-20.3855
-10.2116
-6.26141
-4.70488
-85.6263
-23.0496
-9.34957
-5.24151
-3.8018
-47.2127
-10.8504
-4.01382
-2.16163
-1.53977
-30.6737
-12.8991
-6.80667
-4.18024
-3.14646
-21.9445
-10.1252
-5.56423
-3.44795
-2.57183
-82.7776
-35.4759
-18.9653
-11.661
-8.7574
-63.2933
-29.574
-16.3885
-10.16
-7.62429
-115.694
-43.6935
-22.4227
-13.584
-10.1773
-85.9734
-40.9468
-22.9531
-14.2849
-10.8101
-105.011
-50.2227
-28.5934
-18.1058
-13.7726
-58.7357
-31.2541
-18.0786
-11.3734
-8.67759
-54.7091
-27.6573
-16.0896
-10.2905
-7.82861
300.945
410.498
828.903
1168.75
880.3
1449.38
387.121
1201
-245.66
302.248
763.39
1234.38
-88.7912
-16.1631
1136.21
1776.93
1415.85
2013.38
514.799
118.172
26.4511
5.81292
1.45148
179.589
79.2743
10.9487
2.86731
1.26643
1821.77
419.963
94.6419
20.7414
5.19104
509.424
135.099
32.3764
6.81042
1.80574
3027.91
698.452
157.749
34.6708
8.65785
786.035
221.869
53.2088
12.2204
3.04641
4079.47
943.835
214.002
47.1672
11.7901
911.376
277.994
68.842
16.0036
3.98452
5119.37
1196.23
273.07
60.4778
15.1777
1000.8
335.93
85.7255
20.2066
5.09149
6116.43
1473.79
341.075
76.1626
19.1937
1514.7
461.776
113.64
26.0021
6.48527
5674.59
1361.92
313.783
69.7817
17.5324
1192.44
393.773
99.6656
23.2328
5.79956
6324.97
1526.95
354.098
79.1969
19.9882
1706.58
504.587
122.452
27.6437
6.87882
6601.64
1580.74
367.14
82.0832
20.7055
1766.04
524.306
128.429
26.9378
7.09494
514.107
6779.51
6186.94
2228.8
-1395.22
-2435.84
-7655.73
-11184.3
-1733.55
-8242.48
1560.96
-2584.1
-2474.2
-4860.02
-9146.51
-12937.4
-13729.4
-17233
-4849.02
-6286.6
19704
14294.9
4904.72
3892.15
2805.45
4022.55
3709.36
12203.5
11844.9
10057.7
11023.5
9193.35
6564.7
8490.44
5706.18
4830.51
5901.4
4052.19
19734.2
10379.3
3747.99
6365.09
8538.82
5994.81
6592.02
4921.86
3028.28
4288.55
4517.7
4875.1
19399.6
12794.4
12195.2
8846.91
8842.36
9241.41
4070.32
5389.8
6751.56
14231.3
12530.4
10788.7
10293.1
9176.3
9348.64
6475.83
5142.63
4070.42
2161.72
4338.58
3606.77
2710.92
1694.04
580.678
3479.92
2917.42
2198.65
1368.06
465.06
2494.02
2075.75
1551.98
959.067
324.635
3599.81
3017.88
2270.81
1409.01
477.676
3296.28
2745.24
2057.14
1275.55
433.085
7932.89
6184.94
4984.12
4795.14
5371.19
6537.2
4888.49
3573.94
3053.25
2179.83
6294.17
3793.29
2677.32
1921.8
952.791
5688.99
3875.84
2625.83
1961.65
1182.75
4299.53
2700.75
1703.83
1209.39
604.048
5206.9
3901.14
2708.17
1629.16
564.123
5779.77
3709.86
2441.23
1480.15
562.74
3743.07
2226.34
1333.44
724.826
246.691
3986.73
3084.02
2178.56
1308.35
442.913
4716.11
3525.69
2409.61
1408.15
469.027
3378.94
2633.75
1864
1113.67
372.993
13190.5
10219.6
8466.71
7797.18
7711.4
7681.24
5607.68
4163.35
2885.92
1332.31
3125.78
2453.48
1765.38
1082.57
374.968
5405.61
4335.61
3192.33
2000.16
706.092
7025.95
5550.56
4124.09
2686.07
1030.36
5117.68
4141.89
3089.13
1963.82
701.774
5721.95
4691.09
3514.54
2219.59
778.503
4291.6
3518.24
2618.56
1631.75
561.613
2614.32
2109.88
1537.11
935.195
315.135
3780.19
3120.25
2319.38
1430.51
484.785
3849.57
3074.58
2230.8
1362.65
463.986
4229.62
3445.14
2545.46
1575.44
539.8
13653.9
11506.5
9843.38
9061.89
8208.5
8943.9
6470.71
5081.82
3870.71
2032.72
9072.97
7271.84
5646.32
4284.35
2140.34
6995.74
5351.41
4083.74
2830.55
1177.33
7407.67
5961.73
4494.99
2950.77
1122.54
7248.75
5499.18
4169.1
2877.44
1183.02
3503.31
2843.47
2109.99
1323.56
462.88
4757.14
3938.62
2943.05
1826.92
622.432
5825.57
4743.99
3533.65
2223.04
777.588
5022.72
10041.1
11548.4
31614.2
11422.1
42389
5722.25
13558.6
11390.9
8812.28
18836.7
15749.8
11395.8
10765.8
21177.6
16838.5
3700.04
2779.78
7028.27
4827.14
8944.86
6697.47
24043.8
17722.7
14715.7
11215.6
15138.8
9016.13
1167.16
3608.32
39305.2
51507.9
23783
30077.8
52027.5
66884.1
25664.1
30198.2
29253.5
40393.9
23838.9
32557.1
15778.2
23849.2
1828.55
499.266
3060.7
1054.66
6411.79
2857.9
13101.8
4724.55
2840.65
1607.64
7102.73
2229.28
14730.8
4622.75
19158.3
6445.45
16155
8357.04
18566.5
11052.5
14787
10576.6
16543.3
12853.6
14774
8648.31
11709.3
6031.32
20992.6
13424
21869
14110.4
19326.3
14726.7
20398.1
15366.4
17390.6
10922.9
18608
11656.5
16136.4
7105.74
7014.23
9224.79
14450.1
7259.13
5244.07
9049.32
17860.7
7286.99
8545.08
9483.3
18994.2
7533.53
9629.66
10041.9
1101.18
977.311
289.25
1111.1
4362.82
4505.29
2734.8
5421.79
2466.91
3078.99
4280.91
8081.92
11929.5
9629.74
9167.29
11397.6
7470.87
7596.52
8088.41
6729.58
13185.8
11354.4
11343.9
9437.6
6507.94
5555.89
12199.4
995.314
757.128
516.408
607.041
4108.8
3256.26
3513.71
3074.58
578.894
-521.883
4104.36
3224.01
10104.9
10738.6
9425.5
8626.86
6951.16
5053.21
9069.06
7233.81
8045.57
6304.98
11464.7
11703
9764.12
7687.33
7190.47
4924.43
6308.8
4026.24
9368.7
5721.09
9200.63
5086.66
8197.41
9368.67
12957.3
17267
13664.2
19959.2
6249.41
7456.42
7596.31
2905.98
7547.64
14792.8
7276
15933.7
13492.7
24751.8
13761.7
26113.5
5564.14
12594.1
5199.84
13532.2
7511.93
5948.14
10841.4
4416.6
7250.5
1822.96
9333.48
1249.35
7458.76
8975.59
11465.4
5351.21
6257.93
10658
10184.4
7020.23
749.228
718.069
490.296
582.359
2477.75
1797
2263.74
2048.61
-1076.35
-603.528
2648.7
2947.71
10639.2
10113.4
7634.99
6616.48
4016.58
3398.87
5673.16
4690.8
5300.1
3876.8
18213.6
15999.1
7901.91
6771.45
5955.23
4575.87
4892.87
3180.61
5184.36
2285.95
5582.06
9170.14
4896.02
9261.54
8211.25
10286.8
9191.78
12537.9
892.914
617.408
689.48
559.708
3678.06
2706.59
3039.45
1802.07
1465.63
1738.57
8332.72
8965.28
4696.65
4244.23
9246.3
9551
14112.5
16194.1
-303.51
-3813.46
7352.01
7108.04
6959.77
5488.79
948.972
905.955
1029.13
885.775
1860.57
1285.02
734.925
607.884
8166.97
3892.36
6937.29
3268.62
9220.87
3704
10899.1
3899.07
5443.92
10266.9
7006.88
10746
8611.48
11565.3
11255.6
12534.2
5326.77
9351.93
4843.75
9310.83
8154.03
10837.8
9342.23
11219.8
12992.4
13171.1
14253.7
13697.5
5677.99
9194.02
6236.92
9416.48
708.319
2445.37
8118.31
5743.45
690.188
2529.79
8037.64
5498.91
988.99
2426.19
8103.98
5918.89
1158.85
2328.86
7987.61
5852.7
957.923
1051.23
949.162
1029.38
2215.82
2293.31
1537.38
1693.55
8476.12
7845.05
4103.12
4180.01
3819.52
5248.56
4153.42
468.441
2022.53
1360.15
1446.79
3649.98
-2525.91
1091.25
13673.6
11745.7
10766.2
9509.21
6167.94
1040.16
915.762
1149.12
1458.96
2293.01
1836.57
2204.07
2938.24
8223.19
8161.4
4633.04
6040.35
5059.46
6716.03
3225.3
5155.71
4951.21
5404.75
1321.9
1679.44
3225.36
4783.28
9651.66
7955.26
7707.67
5687.28
6852.9
4923.44
6229.7
4609.59
4793.21
5320.6
8458.09
8380.27
11358.8
7375.67
10420.1
11215.7
13037.7
10998.7
9698.13
6115.1
7181.3
7203.42
12341.3
6075.78
13132.3
6112.47
13906.4
10852.3
14654.2
11058.2
10526.9
4792.94
11163
4841.89
8201.96
6599.96
6853.28
9441.78
7032.96
7533.05
6692.56
9641.25
8461.77
6186.3
6959.1
10169.1
9470.17
6150.7
7846.44
9896.93
690.039
586.806
1036
742.675
1580.64
1825.96
1826.61
1316.5
8012.94
7015.17
4072.14
1805.4
7892.87
7500.86
6206.57
5583.62
5245.7
4485.93
1975.7
2001.85
4562.61
2032.84
8652.08
7418.68
4950.91
3892.63
3915.33
2408.53
2978.5
1250.3
4773.99
127.64
231.452
107.377
37.7727
-21.0772
218.213
139.68
54.7114
-8.47387
684.866
306.517
18.7399
-193.894
622.004
363.815
67.3087
-115.058
1118.13
452.489
-20.2709
-438.376
1104
548.897
195.688
-11.4712
755.622
369.645
182.583
59.5278
578.08
242.007
26.3724
-126.17
1668.94
591.281
132.729
-167.897
1994.31
570.513
86.6986
-586.798
1604.61
569.434
93.4247
-299.011
1812.17
513.712
114.678
-538.157
1557.28
543.999
41.5117
-332.888
2066.11
587.54
66.5443
-680.174
1409.78
459.693
-48.5678
-477.262
2045.27
566.751
36.147
-735.985
214.754
87.8293
13.8575
-72.4323
181.824
66.1665
26.5512
-69.9624
606.678
252.084
26.4343
-209.728
511.966
194.5
76.5556
-203.667
1198.68
419.837
11.419
-453.801
1090.31
366.341
85.9058
-418.157
1329.35
498.521
100.044
-331.23
1006.42
347.9
116.701
-467.321
1827.5
513.449
99.709
-738.554
126.286
49.0677
15.9127
-44.1741
54.6316
34.7566
17.4267
1.54563
445.936
160.253
67.2259
-122.982
222.906
115.915
63.4872
9.64314
781.947
264.812
101.853
-218.975
448.333
202.492
100.089
9.57689
1190.45
381.748
130.756
-330.182
789.97
298.95
133.472
4.29935
1571.66
458.846
196.76
-286.07
1070.56
362.114
173.308
26.0663
2107.59
595.552
209.824
-358.142
1066.95
336.74
141.42
-15.388
2028.88
584.555
240.582
-299.543
1177.94
375.171
166.673
11.481
2082.91
545.101
149.223
-461.087
957.97
270.871
87.6526
-69.52
1978.62
466.6
81.5873
-521.587
849.784
192.424
29.6178
-115.29
8.5518
12.1736
8.79399
6.00634
4.64036
31.8338
23.4257
15.2216
10.1453
7.83212
16.4875
29.6284
21.8198
14.9788
11.5854
72.3231
55.5873
36.4434
24.3095
18.762
11.5008
35.8942
26.8702
18.4661
14.2546
95.2404
73.5019
47.8872
31.7791
24.45
46.1621
36.8754
24.1435
16.0108
12.3239
7.25487
15.9591
11.9478
8.19451
6.39286
23.6581
38.9754
27.9131
18.9576
14.6961
-4.32016
13.2267
10.5067
7.29947
5.69846
58.5078
53.395
35.3979
23.5904
18.1797
2.83344
15.1403
11.235
7.71477
6.02398
-10.9357
18.9643
15.7649
11.0296
8.61389
-8.40157
10.6701
8.83488
6.15712
4.80866
-45.0278
2.39623
6.37108
5.06514
4.1434
-30.4057
-0.244935
2.54637
2.14585
1.79012
1.66715
8.5269
6.49008
4.49906
3.49528
7.73605
8.30717
5.68735
3.86444
3.01808
12.4449
25.7455
18.7401
12.9087
10.0385
26.7997
25.4268
17.0558
11.5605
8.97827
-6.67864
28.1202
21.9635
15.3659
11.9759
44.3595
37.0647
24.2878
16.3758
12.6249
53.4109
44.2732
28.6801
19.0938
14.6711
48.6115
31.0338
19.4188
12.9364
9.89985
36.8281
25.5968
16.0534
10.5714
8.12174
44.9482
172.832
141.107
532.395
86.2151
719.023
-188.155
655.453
-446.96
127.658
772.416
1248.08
-68.9296
93.8313
1143.36
1778.03
1418.22
2013.02
500.43
117.136
26.3825
5.8125
1.45283
131.194
73.4833
9.85911
2.71404
1.25442
1783.52
417.505
94.5654
20.763
5.20005
381.131
115.549
29.4056
6.35436
1.7313
2967.85
693.332
157.339
34.6509
8.66057
639.982
198.862
49.5917
11.6601
2.94936
4008.65
935.854
213.025
47.0425
11.7713
804.9
259.508
65.7077
15.4819
3.88834
5059.37
1187.26
271.648
60.2459
15.1336
961.727
325.959
83.6765
19.822
5.01457
6091.89
1467.87
339.787
75.902
19.1355
1515.53
460.83
113.28
25.9107
6.4621
5639.12
1354.07
312.227
69.489
17.4712
1191.59
390.143
98.6231
23.0029
5.74889
6309.76
1523.18
353.243
79.0182
19.9469
1706.39
504.237
122.322
27.6112
6.87048
6596.5
1579.47
366.844
82.0203
20.6909
1765.87
524.208
128.396
26.9316
7.09316
540.626
6709.78
5947.6
2201
1426
822.32
3693.96
2745.76
6325.09
5963.36
2749.99
2004.95
419.67
639.787
1092.19
1762.13
2619.62
3575.45
301.89
645.347
1336.11
2312.04
3454.43
4592.83
319.884
147.493
546.952
375.03
1002.53
834.804
1662.91
1548.76
2371.45
2288.81
3074.03
2789.38
4381.3
4892.03
5258.91
7726.71
8573.24
9398.49
5513.17
5999.77
5911.7
5344.21
4535.94
3939.16
379.262
321.442
244.258
152.554
51.8648
577.852
489.433
371.674
232.024
78.864
985.804
834.343
633.176
395.096
134.265
1588.98
1343.47
1018.67
635.315
215.857
2358.66
1991.18
1508.02
939.982
319.34
3211.09
2704.2
2044.75
1274
432.953
272.707
231.039
175.494
109.573
37.2443
582.612
493.227
374.392
233.65
79.4039
1205.47
1019.82
773.67
482.671
164.015
2083.94
1761.24
1335.09
832.607
282.902
3108.89
2623.53
1986.69
1238.51
420.846
4123.71
3472.4
2626.16
1636.99
556.535
289.174
245.143
186.317
116.386
39.5758
133.337
113.036
85.9114
53.6653
18.2484
494.166
418.679
318.029
198.574
67.504
338.875
287.148
218.142
136.214
46.306
905.236
766.45
581.838
363.131
123.415
753.904
638.43
484.716
302.535
102.821
1500.11
1268.81
962.294
600.197
203.922
1397.22
1181.81
896.255
558.938
189.884
2136.04
1803.74
1366.1
851.329
289.149
2061.46
1740.39
1317.59
820.697
278.644
2760.99
2324.63
1756.63
1093.51
371.34
2504.61
2107.33
1590.56
988.762
335.423
3917.62
3286.62
2480.45
1546.29
526.435
4339.4
3617.9
2725.38
1704.63
583.989
4594.23
3790.95
2853.55
1803.9
629.87
6547.23
5314.38
4022.14
2624.12
972.36
6872.66
5440.75
4171.54
2883.85
1209.38
7214.93
5613.67
4347.87
3135.39
1429.15
4932.28
4140.61
3127.28
1950.66
664.241
5337.78
4461.78
3365.84
2104.44
719.504
5212.27
4329.75
3264.42
2053.07
708.677
4637
3814.71
2879.98
1836.94
649.425
3810.31
3080.85
2338.67
1539.84
577.847
3191.32
2532.83
1935.57
1320.4
528.344
441.948
707.766
1209.13
1932.69
2851.27
3855.52
333.352
741.146
1498.63
2539.95
3733.36
4884.39
341.411
166.149
612.891
433.191
1117.28
939.296
1834.14
1709.79
2617.72
2564.09
3389.3
3202.4
4670.25
5158.41
5502.08
7872.21
8636.46
9417.97
5758.94
6144.07
5933.82
5267.56
4430.16
3891.16
399.507
338.72
257.483
160.863
54.699
639.679
542.246
412.138
257.468
87.5473
1092.32
925.514
703.176
439.188
149.327
1744.78
1477.28
1121.79
700.463
238.15
2571.17
2174.63
1650.14
1030.16
350.275
3469.96
2929.68
2221.04
1386.71
471.783
301.297
255.429
194.154
121.293
41.2421
669.714
567.604
431.356
269.458
91.622
1353.48
1146.49
870.908
543.912
184.933
2292.1
1940
1472.83
919.624
312.677
3364.78
2844.47
2157.87
1347.15
458.119
4393.14
3707.06
2809.61
1754.29
596.951
308.715
261.803
199.056
124.383
42.3024
150.264
127.455
96.9257
60.5744
20.6034
554.093
469.823
357.177
223.171
75.8952
391.696
332.191
252.59
157.842
53.6813
1009.69
855.786
650.374
406.273
138.147
849.005
719.743
547.079
341.78
116.221
1656.51
1403.12
1065.78
665.568
226.289
1544.5
1308.49
994.028
620.782
211.059
2361.91
1998.69
1517.08
947.109
321.999
2314.16
1958.73
1486.88
928.191
315.531
3052.45
2578.59
1955.21
1220.45
415.06
2885.74
2438.69
1849.11
1153.75
392.193
4188.3
3526.06
2670.56
1669.37
569.164
4595.06
3850.01
2914.35
1829.53
627.949
4836.99
4019.83
3046.45
1935.25
677.207
6718.32
5496.34
4191.72
2750.33
1022.02
6971.42
5557.81
4290.43
2981.25
1253.34
7251.71
5658.87
4395.35
3176.06
1448.53
5162.6
4344.47
3289.28
2055.65
700.708
5478.23
4591.27
3472.84
2176
744.856
5243.3
4367.24
3302.2
2082.03
719.82
4578.97
3776.34
2859.98
1830.26
648.894
3724.23
3015.96
2296.53
1518.9
572.901
3151.84
2502.38
1915.21
1309.99
525.846
19640.1
14349.4
5278.74
4300.09
3267.93
4609.32
4194.92
12944
14617.5
11583.3
13369.5
8023.28
11371.3
6160.37
6422.05
4709.92
20387.3
11358.8
4433.94
7256.33
9385.47
6494.22
7244.94
5494.6
3392.59
4939.37
5423.15
5574.12
19277.2
12988
12835
9234.81
9277.33
9762.06
4737.24
6025.73
7376.05
14247.2
12609.2
10910.2
10459.8
9335.01
9444.29
6576.39
5241.19
4153.58
2198.52
4699.71
3936.52
2980.62
1872.87
643.737
3861.27
3253.93
2465.08
1540.1
524.669
2931.41
2466.61
1865.09
1163
395.62
4146.6
3498.69
2650.22
1653.3
562.161
3757.14
3158.44
2389
1492.07
508.52
9632.4
8173.68
6911.05
6430.37
6579.6
11041
9685.33
7985.02
6502.2
3930.1
8403.87
5956.73
4562.86
3249.19
1442.98
10055.9
8426.14
6705.45
4997.55
2448.42
6816.43
5500.35
4088.93
2573.91
902.086
8967.44
6723.79
4959.08
3182.84
1176.61
5357.97
4394.99
3282.98
2053.78
708.088
5564.65
4551.31
3395.11
2124.81
733.714
4130.47
3408.2
2549.74
1590.17
544.683
14555
11867.8
10123.7
9242.48
8750.18
8899.56
6884.76
5314.29
3720.75
1668.74
3848.82
3158.77
2369.34
1494.76
522.705
6323.58
5219.46
3944.91
2513.95
891.449
7962.05
6494.7
4957.33
3275.32
1253.63
5641.27
4654.21
3532.25
2271.1
814.367
6367.29
5293.03
4016.21
2557.76
899.549
4859.09
4048.68
3060.44
1928.4
666.971
3006.78
2503.16
1881.51
1173.28
400.656
4410.13
3696.6
2790.82
1742.37
594.315
4767.57
3946.32
2963.56
1856.44
639.375
4927.31
4100.92
3093.45
1943.63
670.486
13794.3
11809.1
10250.4
9533.14
8687.67
9237.54
6782.21
5381.66
4114.48
2144.45
10004.4
8275.04
6604.58
5040.2
2488.33
7456.06
5833.89
4526.85
3160.81
1307.26
7901.01
6472.21
4957.56
3286.65
1252.97
7878.06
6149.35
4766.17
3319.84
1359.84
4160.3
3453.64
2615.6
1662.12
583.274
5371.05
4498.81
3400.3
2129.05
728.527
6463.62
5356.43
4055.31
2579.74
906.198
500.958
1418.93
2242.29
3010.62
3736.11
4411.75
2373.18
6906.73
6584.68
2329.79
8785.54
7366.22
8818.85
9779.46
2155.15
1446.14
5371.58
3055.07
10294.5
7274.85
-201.125
1924.8
5769.07
5426.74
1877.52
7494.34
6029.73
7419.31
8370.14
1784.78
877.239
4606.01
1563.65
8565.63
4372.66
-1465.56
1408.77
4405.14
4135.83
1380.7
5948.2
3658.81
6050.78
6721.55
1346.58
790.841
3271.08
1649.18
6872.67
1786.21
-1603.36
1042.93
3426.72
3287.78
1061.38
4580.46
2260.37
5056.65
5966.35
1020.56
823.034
2399.67
1667.72
6076.02
404.912
-1205.16
847.414
2919.44
2847.51
900.776
3704.04
1886.92
4556.21
5805.98
813.711
872.859
1733.22
1621.91
5318.07
186.97
-115.841
751.707
2616.7
2623.76
819.6
3441.55
2137.36
4233.82
5558.17
634.939
692.814
1439.97
1597.95
5232.04
955.649
465.438
1276.91
3399.36
4900.82
1744.05
5504.88
9594.9
7192.85
10377.9
920.857
626.182
3941.58
2530.9
1261.48
9287.51
4869.17
1193.07
3183.17
4326.29
1521.3
5112.69
8713.26
6524.16
8884.02
947.776
549.615
4101.28
2427.41
439.528
9149.39
3710.31
1058.49
2833.11
3576.53
1233.01
4692.35
7866.6
5600.68
7888.69
852.678
639.63
3549.93
2545.65
640.379
7475.81
3584.15
926.834
2579.21
3001.66
1014.27
4418.34
7221.88
5034.94
7229.6
793.054
664.227
3327.25
2666.4
418.582
7003.06
3665.58
846.143
2337.88
2688.55
896.524
4044.84
6688.28
4629.25
6914.53
749.843
730.522
3056.33
2878.16
542.318
6780.77
3776.98
790.411
2097.3
2506.06
830.338
3750.2
6624.13
4321.63
6709.32
778.568
852.87
2740.97
2736.89
786.927
6960.01
4189.68
)
;

boundaryField
{
    patch1
    {
        type            calculated;
        value           nonuniform List<scalar> 
2440
(
-6169.64
-6638.54
-9241.77
-4070.46
-5390.01
-6751.83
-9762.41
-4737.39
-6025.94
-7376.31
6168.45
6621.52
9241.41
4070.32
5389.8
6751.56
9762.06
4737.24
6025.73
7376.05
-6450.53
-15346.7
-22832.3
-17587
-14333.3
-21423.4
-19239.7
-8454.99
-120.135
1597.9
7640.58
1689.15
-1577.87
2459.39
9112.29
13805.2
5633.62
-19704.6
-14295.3
-4904.93
-3892.32
-2805.55
-4022.71
-3709.5
-12203.9
-11844.9
-10058
-11023.4
-9193.11
-6564.8
-8490.53
-5706.11
-4830.58
-5901.41
-4052.24
-19734.9
-10379.7
-3748.07
-6365.31
-8539.15
-5995.05
-6592.29
-4922.04
-3028.35
-4288.7
-4517.81
-4875.26
-19400.2
-12794.8
-12195.6
-8847.27
-8842.73
-17.3731
-319.899
-147.5
-546.979
-375.049
-1002.58
-834.844
-1662.99
-1548.83
-2371.56
-2288.91
-3074.16
-2789.49
-341.426
-166.156
-612.917
-433.208
-1117.32
-939.335
-1834.22
-1709.86
-2617.82
-2564.19
-3389.44
-3202.52
-19640.7
-14349.8
-5278.95
-4300.26
-3268.04
-4609.49
-4195.08
-12944.4
-14617.6
-11583.6
-13369.5
-8023.44
-11371.5
-6160.52
-6422.2
-4710.04
-20388
-11359.2
-4434.06
-7256.56
-9385.8
-6494.46
-7245.2
-5494.8
-3392.68
-4939.54
-5423.31
-5574.3
-19277.9
-12988.5
-12835.4
-9235.15
-9277.68
5865.39
15381.6
22862.3
17595.3
14345.9
21467.1
19253.4
7269.98
119.232
-1395.22
-7655.73
-1733.55
1560.96
-2474.2
-9146.51
-13729.4
-4849.02
19704
14294.9
4904.72
3892.15
2805.45
4022.55
3709.36
12203.5
11844.9
10057.7
11023.5
9193.35
6564.7
8490.44
5706.18
4830.51
5901.4
4052.19
19734.2
10379.3
3747.99
6365.09
8538.82
5994.81
6592.02
4921.86
3028.28
4288.55
4517.7
4875.1
19399.6
12794.4
12195.2
8846.91
8842.36
17.1708
319.884
147.493
546.952
375.03
1002.53
834.804
1662.91
1548.76
2371.45
2288.81
3074.03
2789.38
341.411
166.149
612.891
433.191
1117.28
939.296
1834.14
1709.79
2617.72
2564.09
3389.3
3202.4
19640.1
14349.4
5278.74
4300.09
3267.93
4609.32
4194.92
12944
14617.5
11583.3
13369.5
8023.28
11371.3
6160.37
6422.05
4709.92
20387.3
11358.8
4433.94
7256.33
9385.47
6494.22
7244.94
5494.6
3392.59
4939.37
5423.15
5574.12
19277.2
12988
12835
9234.81
9277.33
-16881
-13659.8
8.65138
7.83409
-9.91992
-8.11119
-4411.85
-954.11
-463.304
-6960.7
-4191.18
16881.9
13640.1
-8.67759
-7.82861
9.89985
8.12174
4411.75
955.649
465.438
6960.01
4189.68
-16672.6
413.433
92.6774
242.898
1020.39
-665.109
-655.715
-551.312
-525.904
36.8553
3.54761
1623.63
2189.83
-529.881
-375.572
-331.808
-230.891
-1850.81
-1374.06
-4989.81
-3129.27
-6871.05
-4154.61
-5857.89
-7251.47
-6356.25
-7596.39
-3484.47
-12177
-7199.24
-5709.59
-4253.92
-2425.77
-2439.09
1030
358.622
3314.21
919.887
4506.88
1203.22
862.984
3881.48
3741.62
4394.1
529.144
-980.737
3015.13
3355.9
2696.98
931.094
77.8617
36.1374
201.986
93.5241
333.093
147.725
462.143
188.469
448.475
195.073
520.691
184.391
486.451
198.43
564.152
172.482
557.005
148.977
4.68529
7.9627
11.0287
18.0237
13.6632
24.1864
12.3925
6.37969
14.3445
5.37697
17.8388
5.54771
8.42431
4.70719
3.80284
1.5408
3.31517
2.79658
8.7401
7.60264
10.1627
10.7313
13.7878
-1.69525
-1.35078
-5.18428
-1.53405
-8.77591
-2.67992
-11.9449
-3.49781
-15.3624
-4.51059
-19.264
-6.13901
-17.6562
-5.19238
-20.017
-6.74221
-20.7114
-7.07006
50.5334
19.0015
-1152.01
2951.78
9802.77
6886.92
3802.3
5721.32
11730.6
15960
7356.33
-194.865
-223.757
146.433
825.861
-815.094
-699.273
-613.13
-547.764
10.1713
-25.0583
1486.8
1912.12
-551.919
-389.189
-341.614
-236.493
-729.043
-610.427
-1830.82
-2054.48
603.339
-2947.19
-10113.1
-6615.99
-3398.36
-4690.68
-3876.57
-15998.9
-6771.27
-4575.69
-3180.51
-2285.84
-780.314
-855.542
-1746.6
-1263.9
-7011.9
-1804.53
-7500.73
-5583.65
-4486.02
-2001.07
-2032.98
-7418.6
-3892.58
-2408.46
-1250.08
-127.701
50.0755
-0.628379
121.022
-10.2412
219.173
-9.67791
330.374
-4.27584
286.234
-25.9983
358.265
15.4532
299.691
-11.403
461.187
69.5658
521.668
115.319
-5.17688
-8.58506
-11.685
-18.9032
-14.3115
-24.5085
-12.3241
-6.39025
-14.6942
-5.6924
-18.1332
-6.00795
-8.61055
-4.8041
-4.14068
-1.78836
-3.93113
-3.34075
-10.0868
-9.01013
-11.9813
-12.6965
-14.6461
-1.69773
-1.33586
-5.19293
-1.45475
-8.7794
-2.57888
-11.9261
-3.39955
-15.3175
-4.43407
-19.2052
-6.11723
-17.5941
-5.14397
-19.9755
-6.73425
-20.6967
-7.0683
-24.681
470.046
-1181.55
-285.959
-661.35
-1591.07
-847.784
-816.522
-2615.66
-2623.23
-888.72
-3440.27
-2136.48
-4233.16
-5557.66
-680.113
-725.223
-1459.25
-1628.35
-5229.88
-856.221
-2096.38
-2505.56
-899.722
-3750.34
-6624.23
-4321.3
-6709.08
-867.718
-974.209
-2718.45
-2699.59
-788.269
16677.2
-413.337
-92.7077
-242.935
-1020.34
665.101
655.721
551.315
525.919
-36.8636
-3.51668
-1623.61
-2189.73
529.898
375.598
331.824
230.907
1685.16
1278.08
4989.49
3132.47
6871.8
4157.03
5858.09
7251.74
6356.63
7597.18
3485.74
12177.4
7199.46
5709.88
4254.27
2426.21
2414.16
-959.125
-348.72
-3302.61
-909.383
-4504.92
-1202.84
-862.863
-3881.27
-3741.26
-4392.98
-528.97
980.927
-3014.88
-3355.56
-2696.52
-931.017
-70.2237
-32.6747
-202.891
-93.6768
-332.875
-147.725
-461.954
-188.412
-448.334
-195.014
-520.606
-184.365
-486.34
-198.386
-564.078
-172.464
-556.933
-148.957
-4.45728
-7.39796
-11.0714
-18.0516
-13.7289
-24.2482
-12.3975
-6.37994
-14.3478
-5.37335
-17.8034
-5.53501
-8.42435
-4.70488
-3.8018
-1.53977
-3.14646
-2.57183
-8.7574
-7.62429
-10.1773
-10.8101
-13.7726
1.47246
1.19455
5.26
1.58164
8.77204
2.68455
11.9438
3.49999
15.3621
4.51181
19.2645
6.13948
17.6563
5.19315
20.0178
6.74257
20.7123
7.0704
-52.1783
-23.7968
1143.83
-2654.83
-9812.42
-6924.97
-3817.47
-5734.6
-11764.6
-15883.3
-6364.56
194.937
223.668
-146.531
-825.825
815.041
699.264
613.082
547.762
-10.2335
25.0332
-1486.82
-1912.16
551.893
389.182
341.613
236.498
718.1
582.398
1797
2048.61
-603.528
2947.71
10113.4
6616.48
3398.87
4690.8
3876.8
15999.1
6771.45
4575.87
3180.61
2285.95
586.826
742.687
1825.96
1316.5
7015.17
1805.4
7500.86
5583.62
4485.93
2001.85
2032.84
7418.68
3892.63
2408.53
1250.3
127.64
-44.1741
1.54563
-122.982
9.64314
-218.975
9.57689
-330.182
4.29935
-286.07
26.0663
-358.142
-15.388
-299.543
11.481
-461.087
-69.52
-521.587
-115.29
4.64036
7.83212
11.5854
18.762
14.2546
24.45
12.3239
6.39286
14.6961
5.69846
18.1797
6.02398
8.61389
4.80866
4.1434
1.79012
3.49528
3.01808
10.0385
8.97827
11.9759
12.6249
14.6711
1.47424
1.18107
5.27019
1.50343
8.77598
2.58377
11.9255
3.40179
15.3177
4.43528
19.206
6.11769
17.5946
5.14471
19.9764
6.73462
20.6977
7.06864
25.28
-472.676
1182.26
228.343
700.966
1648.55
727.625
751.676
2616.68
2623.69
819.523
3441.55
2137.36
4233.82
5558.17
634.939
692.814
1439.97
1597.95
5232.04
790.388
2097.29
2506
830.27
3750.2
6624.13
4321.63
6709.32
778.568
852.87
2740.97
2736.89
786.927
-14324.5
5477.21
-4411.85
14323.8
-5477.17
4411.75
-14346.4
-16428.4
-14663.8
-18151.7
-5227.13
-3907.56
-12104
-9635.17
-4103.17
-4617.06
-11062.6
-11781.7
-12137.9
-13147.9
-10140.7
-3251.13
-14665.4
-3622.58
-3095.04
-9326.07
-8280.36
-9813.33
-8376.31
-2422.15
-2124.72
-1911.84
-6754.05
-5487.06
-4756.16
-6728.51
-5863.92
-5541.66
-10224.2
-13889.7
-10921.3
-16088.4
-62.5268
-749.537
-2971.16
-3380.84
957.33
916.791
3355.86
3078.78
1880.81
2405.64
6044.68
2671.95
6549.03
873.275
802.061
2528.55
2470.29
2486.87
2771.11
1010.96
1071.01
1177.82
3307.03
3545.31
3496.66
3751.86
4282.78
4426.23
-243.692
-437.618
-165.729
621.738
1164.77
178.375
662.102
33.9979
2.51807
58.0729
266.9
607.814
1090.65
1250.77
167.508
639.041
25.8323
-0.717591
14358.6
16431.2
14665.2
18149.6
4820.66
3637.68
12105.5
9608.17
3844.35
4284.88
11024.4
11748.5
12134
13143.5
10140.7
3251.24
14665
3314.28
2803.69
9345.48
8297.72
9809.95
8375.12
2159.63
1907.83
1742.26
6777.61
5495.9
4756.39
6728.82
5864.8
5542.54
10199.3
13873.9
10909.6
16079.6
98.4406
653.782
2970.74
3453.14
-900.757
-861.59
-3335.45
-3056.57
-1879.6
-2404.72
-6044.91
-2672.09
-6548.99
-834.722
-761.85
-2502.38
-2446.15
-2486.1
-2769.91
-953.953
-992.668
-1092.43
-3279.58
-3530.07
-3486.41
-3750.27
-4281.24
-4425.17
202.025
455.079
169.556
-620.545
-1164.42
-178.352
-662.011
-33.9883
-2.51426
-67.4156
-253.488
-605.701
-1090.1
-1250.66
-167.532
-639.046
-25.8488
0.71272
2644.32
6414.29
56.3538
35.2843
21.35
13.7926
10.589
84.9651
47.6101
28.5633
18.5681
14.1683
-2512.56
-368.324
3275.56
9678.14
1782.79
-39.7426
71.029
36.6296
21.7436
14.1123
10.7186
77.6296
45.826
27.6947
17.928
13.7322
500.958
1418.93
2242.29
3010.62
3736.11
-3340.27
-3393.48
-9913.05
-9958.15
-14581.3
-13409
-3342.03
-3066.29
-2871.39
-9670.56
-8844.35
-8255.86
-11635.1
-10302.7
-9580.83
0
0
0
0
0
0
0
0
-2622.06
-1176.21
-664.496
-397.969
-501.37
-351.224
-326.738
-303.127
-223.671
-155.206
-114.962
-80.2848
-108.816
-63.068
-37.7884
-24.416
-18.6703
-44.1608
-26.8899
-16.4176
-10.682
-8.17839
-36.6988
-283.277
-763.013
-1518.21
-2345.57
-2843.03
-33.2012
-28.177
-21.4403
-13.4051
-4.56002
-256.168
-217.286
-165.245
-103.272
-35.1224
-689.74
-584.804
-444.566
-277.758
-94.4517
-1371.59
-1162.15
-882.953
-551.448
-187.489
-2117.16
-1792.18
-1360.56
-849.361
-288.733
-2562.4
-2165.83
-1642.39
-1024.78
-348.339
-3664.58
-3253.77
-2712.03
-2038.23
-1269.01
-432.376
0
0
0
0
0
0
0
0
0
0
0
0
1356.48
-324.846
145.766
-181.459
-2617.76
-2574.83
-6040.64
-5503.15
-5689.89
-5551.15
-2483.66
-2362.84
-2263.6
-5271.24
-5243.96
-5163.17
-5979.18
-6219.34
-6264.65
-604.982
-391.042
-186.574
-53.9121
-225.247
-157.549
-101.505
-68.3533
-97.7959
-61.0806
-37.8227
-24.7831
-18.9777
-44.9517
-27.0285
-16.5223
-10.7836
-8.25446
3053.34
2638.68
2129.81
1549.3
939.765
315.62
20.71
232.77
670.054
1369.54
2059.48
2418.33
18.7041
15.8395
12.025
7.50425
2.55009
210.326
178.227
135.399
84.5454
28.7395
605.187
512.565
389.207
242.943
82.5696
1235.71
1045.37
792.901
494.526
168.007
1855.12
1566.36
1185.93
738.705
250.804
2171.85
1827.64
1379.55
857.553
290.89
-3275.49
-9678.13
-1789.15
38.0812
-71.0136
-36.6298
-21.7497
-14.1244
-10.742
-77.5575
-45.7815
-27.6613
-17.9024
-13.7133
-500.972
-1418.97
-2242.35
-3010.7
-3736.2
-2644.41
-6414.25
-56.3585
-35.301
-21.3686
-13.8136
-10.6193
-84.9273
-47.5879
-28.5455
-18.5537
-14.1582
2514.14
369.291
-8547.4
-11555.8
-19100.3
-21368.4
-21236.7
-23784.1
-9782.27
-10402.3
-1639.95
-1517.77
-1374.06
-4335.49
-3555.95
-3129.27
-5235.45
-4357.2
-4154.61
-6531.48
-4403.35
-3484.47
-7374.06
-4181.82
-2425.77
585.221
107.918
-446.301
381.274
-636.907
362.631
-75.0169
105.528
1833.81
1592.06
421.292
216.352
149.871
125.276
760.669
397.589
324.875
303.848
226.2
83.9256
41.054
29.3937
582.717
221.723
104.561
73.2456
739.197
302.516
152.449
110.113
638.055
311.86
176.472
134.184
387.338
266.639
170.209
132.728
171.04
152.192
111.815
90.1572
202.686
197.946
145.517
118.175
113.705
96.1419
70.8393
57.6169
40.7483
32.7913
24.7577
20.4384
50.998
28.9165
17.0436
10.8706
8.23397
97.5448
55.9403
33.2845
21.3845
16.2514
49.3131
31.8174
19.8577
13.0614
9.97528
67.1866
39.1391
23.7081
15.4811
11.7846
40.6776
25.4173
15.7888
10.379
7.93978
16.7494
10.0329
6.13572
4.00629
3.05983
22.2651
11.2488
6.31422
3.9148
2.93594
54.6381
28.6795
16.4232
10.283
7.74556
73.0443
39.3025
22.779
14.3444
10.8926
-226.982
-412.056
-214.915
522.316
1502.16
23.1138
894.678
-235.449
-268.252
-57.5329
-49.1723
-1.93212
-0.850918
-0.867594
-35.2186
5.37152
2.3271
1.2837
0.267235
-25.056
2.31588
1.84711
0.540264
0.221109
80.9701
15.1334
3.15458
0.688944
0.30001
232.385
31.6368
4.23891
0.519187
0.194275
-108.682
-38.5403
-10.384
-2.49509
-0.460751
42.5588
-14.3158
-5.74793
-1.51141
-0.220875
-163.058
-46.4719
-11.7162
-2.6968
-0.484598
-168.684
-48.595
-12.0756
-2.67422
-0.491235
8408.58
11588.4
15934.4
19218.5
19859.2
23020.3
7740.74
9551.63
-2586.4
-7567.73
-5207.82
-3522.43
-2300.7
-1915.68
-1432.31
-884.737
-299.327
-3514.22
-2190.43
-1331.56
-921.667
-459.957
-3390.15
-1981.23
-1152.94
-603.042
-198.507
-2952.75
-2311.72
-1639.84
-979.47
-327.374
-528.065
-610.385
-2258.69
-2054.48
-2648.72
-2947.19
-5300.06
-3876.57
-5184.26
-2285.84
-410.17
-404.177
-1352.06
-462.542
-1098.06
91.8839
-936.579
-814.997
191.171
-88.5892
-173.053
-136.987
-72.1396
-21.1994
-334.509
-264.855
-84.5234
34.1565
-15.7498
-30.833
-20.6293
-13.6107
-70.5998
-90.6002
-67.6474
-47.0286
-205.73
-156.151
-103.146
-69.4775
-405.987
-214.395
-122.111
-77.7168
-537.62
-242.332
-138.104
-98.3191
-290.691
-171.519
-117.729
-96.4243
-480.494
-226.989
-135.8
-105.063
-147.087
-103.009
-77.1311
-64.302
-42.4185
-33.4062
-25.3358
-21.0971
-41.648
-27.2533
-17.1995
-11.4032
-8.8022
-83.6076
-53.5251
-33.4115
-22.001
-16.9362
-64.0244
-33.9115
-19.8063
-12.6933
-9.72708
-66.2559
-38.0353
-22.8387
-14.7302
-11.3189
-47.5629
-26.5794
-15.7372
-10.1242
-7.75904
-17.0267
-10.0937
-6.11082
-3.96427
-3.03535
-13.0512
-9.98308
-6.57093
-4.45052
-3.4578
-40.5251
-27.325
-17.3797
-11.634
-9.00124
-61.6324
-38.9105
-24.3059
-16.1756
-12.4287
18.0808
144.737
370.977
857.544
1465.75
-2.18464
784.773
-246.159
-271.858
-0.440492
-41.5844
-0.462743
-0.633064
-0.845706
99.8826
27.923
5.98233
1.87572
0.36991
120.824
27.4075
6.04703
1.2247
0.345086
176.339
33.1515
6.38953
1.25244
0.408107
254.947
38.9335
5.88593
0.844791
0.261055
-115.401
-39.4696
-10.4722
-2.50039
-0.459956
34.0587
-13.5087
-5.31709
-1.39909
-0.195322
-166.715
-47.2845
-11.8638
-2.72512
-0.490732
-169.886
-48.8838
-12.1372
-2.68686
-0.494229
-33.8572
-389.46
-1106.54
-2129.75
-3346.59
-4564.72
-5523.27
-5936.07
-5517.92
-4060.11
-1933.71
-279.485
-30.5281
-25.8034
-19.5529
-12.1852
-4.1378
-351.558
-297.57
-225.835
-140.918
-47.8869
-998.468
-844.802
-640.958
-399.9
-135.893
-1919.97
-1622.94
-1230.44
-767.399
-260.753
-3012.31
-2542.43
-1925.47
-1200.39
-407.892
-4098.77
-3451.62
-2610.53
-1627.24
-553.207
-4940.92
-4147.64
-3132.59
-1954.08
-665.447
-5280.34
-4413.63
-3330.06
-2082.71
-712.268
-4868.38
-4047.1
-3053.37
-1920.95
-662.91
-3544.05
-2927.79
-2211.88
-1404.95
-492.319
-1672.41
-1375.52
-1041.99
-668.561
-237.994
-242.79
-201.046
-153.474
-99.1571
-35.4972
-63.6817
-481.02
-1264.35
-2356.04
-3629.35
-4862.11
-5755.89
-6019.21
-5411.56
-3814.48
-1690.05
-179.048
-57.5962
-48.8672
-37.1767
-23.2422
-7.90627
-434.735
-368.521
-280.115
-175.008
-59.5133
-1142.08
-967.581
-735.114
-459.15
-156.122
-2126.51
-1800.17
-1366.87
-853.525
-290.211
-3271.57
-2766.12
-2098.68
-1310.25
-445.57
-4373.49
-3690.78
-2797.42
-1746.69
-594.356
-5159.17
-4341.08
-3286.51
-2053.94
-700.156
-5363.99
-4493.39
-3397.99
-2129.21
-728.965
-4777.9
-3976.08
-3004.21
-1893.17
-654.226
-3321.46
-2738.16
-2067.14
-1314.55
-461.773
-1446.71
-1178.42
-887.448
-569.48
-203.783
-148.717
-117.949
-87.5179
-56.3318
-20.5376
-3123.7
-13369.5
-4402.54
-2803.97
-2360.74
-1785.44
-1113.14
-378.535
-10056
-8426.27
-6705.56
-4997.64
-2448.49
-3870.39
-3199.23
-2394.2
-1491.39
-509.829
8557.35
11560.9
19136.2
21369.4
21249.6
23850.8
8383.67
8889.56
1501.3
1398.82
1278.08
4362.38
3568.16
3132.47
5236.55
4359.56
4157.03
6531.98
4404.48
3485.74
7374.17
4182.13
2426.21
-498.066
-127.198
445.199
-326.208
629.404
-364.39
28.7631
-108.392
-1791.06
-1580.46
-390.906
-200.353
-139.118
-116.052
-757.466
-396.363
-323.966
-303.202
-214.233
-78.4723
-37.8062
-26.3421
-578.046
-220.45
-104.11
-73.432
-738.514
-302.21
-152.367
-110.142
-637.774
-311.688
-176.4
-134.153
-387.235
-266.557
-170.163
-132.693
-171.073
-152.205
-111.818
-90.1554
-202.683
-197.926
-145.499
-118.155
-113.742
-96.164
-70.852
-57.6244
-40.7647
-32.8024
-24.7649
-20.4435
-46.6898
-26.5871
-15.7357
-10.0785
-7.65313
-97.5497
-55.8954
-33.2681
-21.3974
-16.2701
-49.3018
-31.8082
-19.8495
-13.054
-9.96879
-67.158
-39.1193
-23.6913
-15.4666
-11.7721
-40.6766
-25.4153
-15.7864
-10.3766
-7.93765
-16.752
-10.0342
-6.13637
-4.00664
-3.06008
-19.9736
-10.1775
-5.76353
-3.6076
-2.70318
-54.8366
-28.7078
-16.4472
-10.3177
-7.78644
-73.1091
-39.3682
-22.8441
-14.4122
-10.9733
186.745
431.596
217.808
-521.253
-1501.75
-23.0649
-894.52
235.474
268.27
38.4896
41.113
0.687853
0.515459
0.738223
47.16
-1.80958
-1.49586
-1.07175
-0.217158
26.2151
-1.9462
-1.74806
-0.51725
-0.215246
-80.5193
-14.9907
-3.11387
-0.678766
-0.297267
-232.189
-31.5739
-4.22032
-0.514253
-0.192865
108.716
38.5519
10.3874
2.49602
0.461024
-42.4727
14.344
5.75631
1.51369
0.221542
163.075
46.4773
11.7177
2.69719
0.484702
168.695
48.5981
12.0764
2.6744
0.491272
-8418.3
-11597
-15963.4
-19249.8
-19793.4
-22943.3
-6535.22
-8097.16
2586.31
7567.99
5207.92
3522.39
2300.62
1915.61
1432.25
884.702
299.315
3514.38
2190.58
1331.71
921.799
459.992
3390.23
1981.31
1153.01
603.095
198.525
2952.71
2311.68
1639.81
979.451
327.368
490.296
582.359
2263.74
2048.61
2648.7
2947.71
5300.1
3876.8
5184.36
2285.95
351.431
317.831
1386.99
522.92
1099.56
-90.9581
818.038
744.982
-154.233
96.7162
159.574
127.069
66.6334
19.6938
336.512
265.532
84.9581
-34.2051
8.25598
27.6234
19.4165
13.7487
75.8605
91.3777
67.6694
46.3949
206.59
156.404
103.123
69.3467
406.363
214.597
122.163
77.7187
537.835
242.489
138.182
98.3685
290.795
171.603
117.788
96.4713
480.639
227.107
135.876
105.122
147.149
103.057
77.1647
64.3286
42.4377
33.4202
25.3453
21.1044
39.0501
25.3328
15.8973
10.4921
8.07882
83.0881
53.3123
33.2825
21.8953
16.8468
64.0623
33.936
19.8244
12.7075
9.73907
66.3134
38.073
22.8677
14.7533
11.3382
47.5851
26.5933
15.7471
10.1318
7.76526
17.0324
10.0971
6.11302
3.96585
3.03663
12.4154
9.21846
5.98841
4.01675
3.12289
40.1229
27.2477
17.3356
11.5867
8.95046
61.5687
38.8594
24.2542
16.1173
12.3552
-32.8588
-130.642
-369.445
-857.049
-1465.61
2.18249
-784.741
246.159
271.868
-13.4408
34.2158
-0.667174
0.313401
0.718089
-88.1824
-24.294
-5.12928
-1.65867
-0.318799
-120.052
-27.0844
-5.9513
-1.20158
-0.339095
-176.122
-33.0532
-6.35542
-1.24309
-0.405466
-254.875
-38.9
-5.87298
-0.840811
-0.259817
115.412
39.4746
10.474
2.50097
0.460144
-34.0285
13.5219
5.32214
1.40071
0.19585
166.722
47.2871
11.8646
2.72534
0.490793
169.894
48.8862
12.1378
2.68699
0.494253
33.8548
389.44
1106.49
2129.65
3346.43
4564.51
5523.01
5935.8
5517.67
4059.93
1933.63
279.477
30.5259
25.8015
19.5515
12.1843
4.13748
351.539
297.555
225.823
140.911
47.8843
998.418
844.76
640.925
399.879
135.886
1919.88
1622.87
1230.38
767.36
260.74
3012.17
2542.31
1925.38
1200.33
407.871
4098.58
3451.45
2610.4
1627.15
553.179
4940.69
4147.44
3132.43
1953.98
665.411
5280.09
4413.41
3329.88
2082.6
712.228
4868.14
4046.9
3053.21
1920.84
662.871
3543.88
2927.65
2211.76
1404.87
492.291
1672.34
1375.46
1041.93
668.527
237.981
242.782
201.04
153.469
99.1544
35.4962
63.6797
481.001
1264.3
2355.94
3629.2
4861.91
5755.64
6018.95
5411.32
3814.3
1689.97
179.036
57.5944
48.8656
37.1755
23.2415
7.90602
434.718
368.507
280.104
175.001
59.5109
1142.03
967.541
735.083
459.131
156.115
2126.42
1800.09
1366.81
853.488
290.198
3271.43
2766
2098.58
1310.2
445.551
4373.3
3690.62
2797.3
1746.61
594.329
5158.95
4340.88
3286.36
2053.84
700.123
5363.75
4493.18
3397.82
2129.1
728.928
4777.68
3975.89
3004.06
1893.07
654.19
3321.29
2738.02
2067.02
1314.47
461.745
1446.63
1178.34
887.389
569.44
203.769
148.705
117.938
87.5083
56.3251
20.5351
3123.6
13369.5
4402.42
2803.88
2360.66
1785.38
1113.1
378.522
10055.9
8426.14
6705.45
4997.55
2448.42
3870.29
3199.14
2394.13
1491.34
509.814
0
0
0
0
0
0
0
0
0
0
0
0
-1360.57
324.105
-146.915
181.064
2617.73
2574.83
6040.74
5503.28
5689.93
5551.35
2483.68
2362.85
2263.6
5271.39
5244.13
5163.31
5979.54
6219.75
6265
604.926
391.016
186.552
53.919
225.132
157.497
101.478
68.343
97.7995
61.0839
37.8255
24.7844
18.9746
44.9468
27.026
16.521
10.7827
8.25331
-3053.4
-2638.74
-2129.86
-1549.34
-939.791
-315.629
-20.7114
-232.782
-670.086
-1369.6
-2059.57
-2418.43
-18.7054
-15.8406
-12.0258
-7.50478
-2.55027
-210.337
-178.236
-135.406
-84.5499
-28.741
-605.217
-512.591
-389.227
-242.955
-82.5737
-1235.77
-1045.42
-792.938
-494.55
-168.015
-1855.2
-1566.43
-1185.98
-738.74
-250.816
-2171.94
-1827.72
-1379.61
-857.592
-290.903
3340.3
3393.48
9912.98
9958.08
14580.6
13408.5
3342.03
3066.32
2871.45
9670.62
8844.57
8256.14
11635.2
10303.2
9581.37
0
0
0
0
0
0
0
0
2623.86
1177.48
665.267
398.403
501.98
351.522
326.886
303.215
223.863
155.299
115.009
80.3126
108.853
63.0927
37.8058
24.4277
18.6754
44.1745
26.8983
16.4233
10.686
8.1811
36.6976
283.266
762.982
1518.15
2345.47
2842.92
33.2001
28.1761
21.4396
13.4046
4.55987
256.158
217.277
165.238
103.267
35.1209
689.712
584.78
444.547
277.746
94.4478
1371.54
1162.11
882.916
551.425
187.482
2117.08
1792.11
1360.51
849.326
288.721
2562.3
2165.75
1642.33
1024.74
348.325
3664.48
3253.67
2711.95
2038.17
1268.98
432.363
)
;
    }
    patch2
    {
        type            calculated;
        value           nonuniform List<scalar> 
348
(
-500.972
500.958
-1183.12
-462.907
-622.465
-777.637
-1359.9
-583.294
-728.556
-906.235
1183.02
462.88
622.432
777.588
1359.84
583.274
728.527
906.198
-9176.95
-2161.88
-580.711
-465.084
-324.649
-477.698
-433.106
-5371.7
-2180.01
-952.897
-1182.78
-604.019
-564.147
-562.771
-246.681
-442.928
-469.03
-373.002
-7712.11
-1332.43
-374.986
-706.135
-1030.44
-701.823
-778.552
-561.644
-315.146
-484.806
-464.006
-539.828
-8209.17
-2032.89
-2140.55
-1177.44
-1122.63
-51.8674
-78.8679
-134.272
-215.868
-319.356
-432.975
-37.2462
-79.408
-164.023
-282.916
-420.867
-556.564
-39.5777
-18.2493
-67.5074
-46.3084
-123.421
-102.826
-203.932
-189.893
-289.163
-278.657
-371.358
-335.438
-526.463
-584.022
-629.909
-972.428
-1209.47
-1429.25
-664.277
-719.544
-708.718
-649.466
-577.886
-528.38
-54.7015
-87.5511
-149.333
-238.16
-350.291
-471.804
-41.2439
-91.6259
-184.941
-312.69
-458.139
-596.978
-42.3042
-20.6043
-75.8984
-53.6836
-138.153
-116.226
-226.299
-211.068
-322.012
-315.544
-415.077
-392.208
-569.189
-627.978
-677.239
-1022.07
-1253.41
-1448.63
-700.741
-744.893
-719.857
-648.93
-572.935
-525.88
-9335.59
-2198.67
-643.765
-524.691
-395.634
-562.182
-508.539
-6579.8
-3930.24
-1443.02
-2448.49
-902.109
-1176.64
-708.108
-733.734
-544.699
-8750.52
-1668.8
-522.721
-891.481
-1253.68
-814.401
-899.586
-666.996
-400.669
-594.336
-639.395
-670.509
-8688.11
-2144.57
-2488.42
-1307.33
-1253.03
9176.3
2161.72
580.678
465.06
324.635
477.676
433.085
5371.19
2179.83
952.791
1182.75
604.048
564.123
562.74
246.691
442.913
469.027
372.993
7711.4
1332.31
374.968
706.092
1030.36
701.774
778.503
561.613
315.135
484.785
463.986
539.8
8208.5
2032.72
2140.34
1177.33
1122.54
51.8648
78.864
134.265
215.857
319.34
432.953
37.2443
79.4039
164.015
282.902
420.846
556.535
39.5758
18.2484
67.504
46.306
123.415
102.821
203.922
189.884
289.149
278.644
371.34
335.423
526.435
583.989
629.87
972.36
1209.38
1429.15
664.241
719.504
708.677
649.425
577.847
528.344
54.699
87.5473
149.327
238.15
350.275
471.783
41.2421
91.622
184.933
312.677
458.119
596.951
42.3024
20.6034
75.8952
53.6813
138.147
116.221
226.289
211.059
321.999
315.531
415.06
392.193
569.164
627.949
677.207
1022.02
1253.34
1448.53
700.708
744.856
719.82
648.894
572.901
525.846
9335.01
2198.52
643.737
524.669
395.62
562.161
508.52
6579.6
3930.1
1442.98
2448.42
902.086
1176.61
708.088
733.714
544.683
8750.18
1668.74
522.705
891.449
1253.63
814.367
899.549
666.971
400.656
594.315
639.375
670.486
8687.67
2144.45
2488.33
1307.26
1252.97
-4.76897
313.133
358.622
165.185
901.213
919.887
-770.44
863.511
1203.22
-1636.06
360.747
529.144
-2717.15
534.979
931.094
-1181.21
-855.529
-1763.69
-1263.9
-4074.28
-1804.53
-4563.36
-2032.98
-4774.27
-127.701
-24.6802
-310.067
-348.72
-136.818
-885.96
-909.383
769.105
-863.008
-1202.84
1635.37
-360.714
-528.97
2716.67
-535.01
-931.017
1036
742.675
1826.61
1316.5
4072.14
1805.4
4562.61
2032.84
4773.99
127.64
)
;
    }
    patch3
    {
        type            calculated;
        value           nonuniform List<scalar> 
96
(
-419.69
-639.818
-1092.24
-1762.21
-2619.74
-3575.61
-301.905
-645.379
-1336.17
-2312.15
-3454.59
-4593.04
-4381.5
-4892.25
-5259.14
-7727.04
-8573.58
-9398.84
-5513.42
-6000.04
-5911.96
-5344.45
-4536.13
-3939.31
-441.967
-707.796
-1209.18
-1932.77
-2851.39
-3855.68
-333.366
-741.177
-1498.69
-2540.05
-3733.52
-4884.6
-4670.44
-5158.62
-5502.3
-7872.52
-8636.79
-9418.32
-5759.18
-6144.34
-5934.07
-5267.78
-4430.34
-3891.31
419.67
639.787
1092.19
1762.13
2619.62
3575.45
301.89
645.347
1336.11
2312.04
3454.43
4592.83
4381.3
4892.03
5258.91
7726.71
8573.24
9398.49
5513.17
5999.77
5911.7
5344.21
4535.94
3939.16
441.948
707.766
1209.13
1932.69
2851.27
3855.52
333.352
741.146
1498.63
2539.95
3733.36
4884.39
4670.25
5158.41
5502.08
7872.21
8636.46
9417.97
5758.94
6144.07
5933.82
5267.56
4430.16
3891.16
)
;
    }
    patch4
    {
        type            calculated;
        value           nonuniform List<scalar> 
384
(
-9931.04
-27547.6
-46583.2
-64195.3
-52313.8
-40967.5
-29750.1
-11141.7
-13352.7
-37734
-56022.3
-20387.5
8876.69
27640.2
46592
64212
52332
40982.2
29838.8
9463.17
12092.3
37903.5
56230.1
18342.9
-43616.4
-62946.2
-70593.3
-96654
-45304
-63713.5
-71708.6
-97173.8
43624.1
62956
70604.3
96667.2
45318.2
63726.4
71722
97188.3
-19661.5
-32102.7
21426.4
33042.4
-16453.5
-5774.56
-21289.3
-7779.36
17174
6058.34
21745.1
7958.64
-21414.3
-33032.1
19668.2
32110.1
-7773.42
-5165.43
-24272.4
-17080.3
-30664.5
-44819.4
-3286.05
-1156.33
-12087.2
-4298.3
-9105.79
-6155.82
-27708.2
-19946.8
-32308.6
-45663.2
-3815.2
-1285.41
-13929.8
-4899.8
7036.83
4690.82
24349.4
17126
30671
44827.6
3003.46
1067.72
12107.3
4304.84
8255.12
5583.43
27851.5
20035.1
32321
45674.3
3480.83
1183.65
13964.2
4910.46
-17168.6
-6056.28
-21739.5
-7956.42
16457.2
5776.03
21293.9
7781.23
-13039.6
-13492.8
-11355.8
-12199.9
13037.4
13492.1
11354.4
12199.4
-918.582
-1036.44
-3323.41
-4165.57
-3090.25
-2756.38
-4671.55
-6395.52
-7375.18
-9542.28
-8049.92
-9628.02
-7353.64
-9639.57
-7538.03
-10087.5
-499.872
-1135
-2876.86
-4720.99
-1611.46
-2235.72
-4622.9
-6444.49
-7107.38
-9225.11
-7260.42
-9049.72
-7287.08
-9483.29
-7533.04
-10041.7
881.275
963.668
3310.53
4166.42
3087.24
2751.74
4671.56
6396.41
7374.04
9542.15
8048.82
9627.74
7353.67
9639.7
7538.52
10087.7
499.266
1054.66
2857.9
4724.55
1607.64
2229.28
4622.75
6445.45
7105.74
9224.79
7259.13
9049.32
7286.99
9483.3
7533.53
10041.9
-1183.96
-2289.2
-3986.24
-7000.71
-6336.18
-10742
-8780.88
-262.84
-1152.39
-2765.71
-5465.63
-4284.02
-8086.85
-7471.85
1136.41
2151.47
3964.8
6969.47
6332.5
10736
8779.48
289.25
1111.1
2734.8
5421.79
4280.91
8081.92
7470.87
-852.499
-2617.99
-4424.32
-6003.8
-7438.16
-9237.45
-8490.53
-9626.93
-9855.57
-853.603
-2621.88
-4410.25
-5958.06
-7379.35
-9203.14
-8446.22
-9604.86
-9847.93
754.873
2641.62
4423.29
6003.81
7438.4
9237.9
8490.9
9627.42
9856.09
756.192
2646.49
4409.31
5958.22
7379.75
9203.68
8446.71
9605.41
9848.47
-178.03
-543.694
-916.754
-1239.55
-1543.98
-1975.7
-1796.09
-2069.81
-2119.04
-178.502
-545.01
-915.828
-1233.65
-1534.47
-1968.02
-1786.49
-2064.87
-2117.34
156.339
549.798
916.54
1239.53
1544.02
1975.79
1796.15
2069.91
2119.15
156.738
551.347
915.658
1233.68
1534.54
1968.13
1786.59
2064.98
2117.45
-39.4881
-120.569
-203.435
-275.508
-345.12
-447.81
-404.982
-470.197
-481.687
-39.639
-120.996
-203.604
-274.811
-343.561
-446.144
-403.055
-469.094
-481.302
34.5806
121.974
203.386
275.499
345.124
447.828
404.994
470.219
481.711
34.7063
122.445
203.567
274.814
343.575
446.168
403.075
469.119
481.328
-8.72099
-26.657
-45.0434
-61.1107
-76.8405
-100.531
-90.5973
-105.689
-108.233
-8.7583
-26.7637
-45.1243
-61.0375
-76.5846
-100.19
-90.2294
-105.456
-108.15
7.62675
26.9692
45.0319
61.1075
76.8402
100.534
90.5992
105.694
108.238
7.65808
27.084
45.1152
61.0369
76.5867
100.195
90.2332
105.461
108.155
-2.21443
-6.7503
-11.3827
-15.4547
-19.4864
-25.7117
-23.0593
-27.1106
-27.8057
-2.22368
-6.77653
-11.4064
-15.4471
-19.4377
-25.6342
-22.9806
-27.0559
-27.7861
1.93605
6.82788
11.3795
15.4535
19.486
25.7124
23.0595
27.1116
27.8069
1.94389
6.85572
11.4038
15.4465
19.4379
25.6353
22.9813
27.0571
27.7873
)
;
    }
}


// ************************************************************************* //
