/*--------------------------------*- C++ -*----------------------------------*\
| =========                 |                                                 |
| \\      /  F ield         | OpenFOAM: The Open Source CFD Toolbox           |
|  \\    /   O peration     | Version:  2306                                  |
|   \\  /    A nd           | Website:  www.openfoam.com                      |
|    \\/     M anipulation  |                                                 |
\*---------------------------------------------------------------------------*/
FoamFile
{
    version     2.0;
    format      ascii;
    arch        "LSB;label=32;scalar=64";
    class       volScalarField;
    location    "3";
    object      gradTz;
}
// * * * * * * * * * * * * * * * * * * * * * * * * * * * * * * * * * * * * * //

dimensions      [0 -1 0 1 0 0 0];

internalField   nonuniform List<scalar> 
5712
(
6974.71
22932.6
5527.55
23524.7
4158.24
24367.5
6586.38
37668.8
8102.12
51815.6
8029.82
37678.9
7733.25
31233.5
8035.83
27883.5
4859.86
2982.63
12993.5
7677.85
4773.33
2570.19
14273.5
7083.31
5287.28
3796.35
16973
11853.4
3995.29
2839.71
16701.5
12050.2
9365.2
3951.45
8060.72
3575.74
3681.21
8698.88
32646.9
8863.27
11667.2
3966.36
42162.7
11471.1
10975.2
3822.45
23240.8
7221.33
11911.3
4165.34
20138.9
6413.85
5417.46
2685.77
8230.19
3185.84
5856.15
3171.64
8039.24
3061.11
7503.96
4262.21
6925.31
2984.39
10356.9
3703.42
3569.63
1240.29
11697.4
8043.36
7269.58
5284.26
13296.3
10925.1
7270.81
6296.93
6809
4540.71
9501.03
6264.4
4812.24
3521.67
2470.17
2017.77
4704.38
4066.68
2465.59
2372.14
4571.01
2962.31
2362.41
1498.28
6028.79
3260.36
4465.62
5447.17
8170.19
5803.25
6404.82
9262.5
4018.56
1892.16
2646.59
3135.26
2009.97
827.784
1147.39
1162.75
6986.58
12564.1
4766.46
14062.9
8243.38
12330.5
5886.87
14781.3
9436.33
11214.6
7636.88
14520.8
11603.3
14139.2
8471.9
8083.4
8907.4
14098.5
12713.7
12215.1
12379.1
18002.3
11447.6
8574.19
7246.3
8081.03
12846.6
14473
12847.7
16825.1
16061.4
13251.3
12217.9
16656.6
15759.2
11487.3
11137.5
15676.9
15228.8
10248.8
7976.71
9241.43
7939.83
9934.49
8709.46
10542.8
9966.34
14534.4
14703.8
9594.42
8208.89
8917.96
8355.47
9032.76
9337.11
10089.2
11096.3
13199.4
15002.2
7846.27
6144.51
5420.48
6946
10822.5
13278
7533.47
11979
4513.85
5995.29
6681.94
5480.99
1273.03
4621.54
680.353
1665.06
3857.87
8083.39
1439.01
2811.01
542.505
3864.81
324.931
1352.99
4396.31
4475.45
4992.04
3048.15
6927.71
5492.85
8148.9
5538.7
962.489
2445.21
2464.29
1364.98
1390.85
1821.67
1987.65
1494.48
10151.1
6129.32
1911
11524.1
6567.35
2141.82
9728.91
6064.35
2030.44
11368.8
6580.72
2139.89
8956.67
5561.51
1818.29
11127.5
6630.26
2208.47
5113.92
2696.51
705.495
6363.52
4161.98
1450.19
7464.54
5146.02
1772.26
8552.04
5496.73
1817.38
11047.3
6834.33
2391.28
6130.54
3371.51
1044.39
5891.97
4214.47
1581.26
6885.54
5082.24
1854
8628.63
6031.54
2143.77
11158.1
6894.97
2432.6
291.297
1985.82
2781.83
4051.2
2104.31
2439.36
5302.73
5060.17
596.53
1041.68
637.178
1085.64
481.727
1412.84
864.821
1856.56
3198.23
1572
4066.68
2353.16
2178.7
3784.87
3365.06
973.254
5915.14
1480.6
-1803.93
781.285
1825.4
1379.41
1271.37
1208.02
9949.8
4740.35
2727.78
1751.21
10111.1
4937.24
3410.65
2200.35
10001.2
5327.47
4964.01
3588.35
3526.02
2598.39
1797.23
1742.55
12523.3
11162.6
5910.09
6154.15
13254.3
12462.5
6540.89
6616.84
5362.84
5545.79
10939.9
9205.13
3549.78
3717
2024.31
2278.34
4049.15
4031.03
2260.82
2410.31
3167.81
3412.35
1820.21
2195.75
4882.1
3559.43
4922.21
3669.64
7584.99
4735.75
7306.89
5084.74
2970.6
2567.89
3120.26
2377.21
1704.06
1625.51
1985.96
1389.94
11986.1
8785.52
6321.1
6713.64
11943.2
8942.24
6367.66
6682.72
12352.7
9169.63
6460.56
6472.99
13748.4
14578.5
12759.1
8778.2
5296.08
13827.9
13105
12492.4
10643.4
7364.92
12959.5
11940.7
9767.18
7769.37
5187.55
7860.68
7296.14
7579.99
8994.41
7987.02
7072.67
7600.66
8816.51
8139.4
6836.03
7591.4
8591.73
10450.4
7368.09
10033
7062.22
8195.72
6769.64
7961.5
7040.31
6997.04
8429.88
8670.22
7528.49
7889.72
6967.08
6984.59
6470.39
6469.27
6629.79
5566.48
8045.31
7047.53
4798.77
4686
2796.23
8982.95
6931.65
6261.38
5013.47
3958.98
2440.43
5754.29
4357.38
4745.1
2252.59
1754.07
1014.38
4933.94
3558.79
1741.27
1439.75
4199.74
1931.72
1664.73
893.066
3485.52
3350
3273.97
4930.06
4864.08
4792.51
4216.07
6379.4
3438.39
2351.28
2313.89
3293.54
1080.38
555.138
321.157
672.637
5128.86
2134.89
626.023
6038.77
1547.63
409.398
5119.21
2279.8
696.91
5982.07
1598.98
442.622
4656.71
2201.35
566.742
5808.18
1609.58
374.718
4506.74
2236.51
472.12
4298.83
2050.72
468.231
4456.49
2130.62
570.445
4647.73
2175.31
452.496
5730.21
1560.85
232.807
5779.67
2860.78
739.434
5455.19
2704.01
729.572
5200.4
2569.18
743.953
5189.64
2199.9
532.783
6178.08
1437.32
347.071
1902.06
692.229
136.381
-225.077
788.352
303.834
82.0023
-45.9001
2018.23
760.899
195.403
-139.381
998.714
422.892
199.73
93.529
2174.87
849.996
294.112
-10.3006
1712.98
818.801
336.803
87.6324
1303.28
759.347
308.841
14.6709
1236.15
839.566
520.852
325.134
1808.89
817.151
268.173
-182.664
1564.05
693.854
310.865
-191.582
2147.97
842.444
272.62
-143.385
1954.31
767.517
306.341
-323.394
1452.06
765.809
327.392
-48.0494
1202.52
618.171
339.927
12.325
1077.67
682.224
425.072
273.113
829.476
527.693
364.566
225.336
2448.01
838.021
131.686
-447.449
2465.32
777.852
173.924
-618.143
2446.7
851.28
155.609
-424.174
2388.85
757.392
183.127
-597.906
2402.59
856.497
233.95
-304.998
2227.42
717.725
227.13
-491.722
2102.41
791.392
324.595
-48.4625
2441.42
804.732
323.661
-576.111
1894.26
711.652
329.6
-132.024
1986.04
551.796
156.661
-422.938
798.312
201.169
45.9897
-89.3029
2039.85
587.442
178.327
-402.305
827.038
216.87
59.41
-73.5885
2059.24
627.117
224.012
-353.241
833.747
234.307
77.9378
-53.5629
1851.04
591.771
258.127
-279.565
803.863
241.601
106.17
-18.487
1688.98
588.939
288.197
-162.56
711.732
253.882
145.528
30.2602
1184.39
481.421
240.731
-40.7025
664.682
334.364
210.971
117.364
1368.83
486.228
232.396
-112.837
670.67
288.498
178.041
73.9942
952.882
469.263
271.402
52.1936
598.934
356.275
238.072
159.376
672.007
429.743
304.573
198.304
502.907
359.165
263.248
206.057
-19.0349
10.315
10.3969
7.58571
6.00001
-2.33487
6.77365
5.8517
4.19841
3.32347
13.3489
28.2024
21.0038
14.4858
11.2938
32.8801
27.1571
18.1214
12.1827
9.43606
49.4174
50.1108
34.4608
23.4397
18.2313
133.691
91.7214
58.6474
39.0831
30.2006
161.576
108.646
69.3654
46.3105
35.8806
233.492
143.975
89.4923
59.2798
45.8782
86.9893
73.2365
48.6946
32.8158
25.369
91.8934
68.8715
44.8464
30.1527
23.3197
60.0009
58.5083
39.6366
26.9467
20.929
106.682
70.8764
44.7524
29.9085
23.0723
112.976
87.6161
57.5851
38.7445
30.0276
122.191
82.475
52.6348
35.201
27.2357
185.797
116.034
72.2696
47.8935
37.0441
155.111
95.7751
59.5527
39.4539
30.4639
-36.5183
5.6575
7.74521
5.82859
4.64559
-20.114
1.87797
3.04662
2.33917
1.88978
-15.334
16.8617
14.3127
10.1046
7.95865
-12.5469
5.85142
5.34017
3.81086
3.03446
11.2628
29.8344
21.7422
14.9915
11.7798
15.8239
19.0205
12.7565
8.5453
6.69544
70.1264
57.3741
37.5729
25.435
19.8622
46.3575
36.1486
23.1998
15.5977
12.1891
127.249
74.865
45.9444
30.4324
23.4924
1487.24
3406.12
1487.07
3362.37
1607.33
3325.23
1918.84
3462.21
2014.62
3587.99
789.011
1261.06
1318.88
2141.97
407.987
605.729
136.51
194.104
7818.67
1862.41
425.511
94.7232
23.4404
2124.83
571.153
151.599
34.3707
7.43763
7750.52
1830.57
417.728
92.191
22.9788
2161.03
637.04
156.644
36.3144
8.98595
7443.89
1744.98
396.519
87.3667
21.7953
2097.52
616.549
151.231
34.8873
8.6637
6871.42
1595.56
361.289
79.504
19.8327
2043.35
588.187
142.381
32.55
8.03795
5806.97
1340.84
303.65
66.8887
16.702
1941.16
543.451
130.065
29.5392
7.27039
2790.9
673.728
155.111
34.3984
8.59762
948.143
269.714
63.9821
14.2675
3.50072
4130.49
983.054
224.621
49.5819
12.3765
1396.32
392.118
93.8741
21.3045
5.27795
1644.7
400.285
92.5741
20.6262
5.16368
527.843
156.371
36.8179
8.1991
2.02967
567.224
137.186
31.7798
7.10005
1.77711
209.627
55.8654
12.0552
3.41451
0.644769
159.981
514.471
4435.22
-799.484
735.324
788.069
2296.12
2938.79
1838.55
3460.65
2895.18
4470.82
3486.31
4328.49
1813.09
2444.35
1941.22
2302.2
1010.4
1050.52
2277.46
1678.76
496.509
-486.478
-786.224
-944.35
-302.121
12693.7
2962.26
4126.46
2635.4
-212.395
-80.1388
2916.61
-1461.97
-832.226
-1129.49
-575.532
6972.24
3657.41
1217.46
1020.78
3636.8
1991.08
627.345
1370.62
-1530.16
-899.321
677.707
531.089
8597.99
4284.22
5256.47
2826.18
4075.2
4381.32
1519.58
-929.472
897.165
1630.48
1358.17
1195.25
1107.27
883.878
1338.11
1088.48
863.883
619.788
272.055
438.662
368.104
283.493
183.057
64.3966
-434.327
-362.209
-270.126
-165.891
-55.8502
-702.679
-587.054
-438.974
-270.294
-91.1018
-845.247
-707.498
-530.152
-327.051
-110.355
-262.747
-210.094
-147.595
-84.695
-27.0258
9334.42
8269.62
7255.78
6884.05
6627.57
2707.82
2454.79
2362.81
2031.43
1103.32
3187.1
2583.15
2232.86
1802.65
970.983
2061.63
1710.49
1533.42
1215.81
521.713
-37.2095
23.4355
148.684
169.097
86.1544
28.6652
123.297
177.283
163.722
71.4465
2501.6
2123.17
1705.89
1213.46
508.197
-891.8
-437.545
-172.465
-30.5602
7.64632
-663.41
-473.029
-286.926
-137.132
-35.6405
-801.085
-500.545
-260.721
-103.389
-21.8552
-520.395
-432.07
-315.447
-187.608
-61.0166
5242.59
4840.6
4288.58
4091.16
3972.73
2833.75
2266.31
1922.89
1500.36
754.16
1144.93
1056.99
917.096
672.531
270.671
908.442
789.572
647.389
453.071
175.087
3049.4
2482.14
1916.29
1293.96
506.366
1776.37
1523.08
1212.51
815.825
298.684
550.65
466.742
369.759
249
92.1249
1215.51
1025.34
794.114
515.985
183.016
-1328.38
-1073.02
-775.786
-464.579
-153.779
-790.803
-644.926
-467.213
-278.132
-91.3265
613.981
539.187
442.506
306.433
115.138
483.805
427.51
352.398
243.75
90.6855
5603.89
4159.18
3668.77
3489.46
3174.42
3291.75
2586.36
2030.01
1477.36
680.773
3901.89
3241.57
2674.88
2132.59
1069.77
2271.67
1871.73
1479.68
1057.77
470.641
3487.17
2874.86
2219.54
1475.55
552.595
3335.56
2491.34
2063.69
1589.67
691.98
1334.99
1119.35
867.165
567.399
203.542
-824.596
-680.554
-500.185
-302.134
-100.305
799.496
694.08
567.577
394.736
149.432
-26610.3
-43645.9
-22055.3
-35341.7
-23692
-49750.1
-28362.9
-63157
-16842.4
-11504.1
-18984.6
-11798.7
-15566.5
-9997.43
-19297.4
-10130.9
-21959.2
-16501.3
-32038.5
-23031.3
-18857.2
-14987.8
-26791.8
-20087.4
-15139.6
-15440
-12418.8
-11910.4
-14586.1
-13770.9
-37109.9
-10234.7
-14094.5
-5253.59
-45448.2
-12585.5
-12609.5
-4667.12
-27558.8
-8679.01
-14428.4
-5520.68
-24467.4
-7611.61
-11292.7
-4536.33
-14420.3
-5219.19
-10712.5
-4703.21
-12538.6
-4531.58
-11112.4
-5377.37
-10017.7
-3968.67
-12874.5
-4539.05
-4520.99
-1585.76
-9621.41
-6360.01
-8302.75
-5044.07
-8524.19
-6846
-7306.22
-5210.1
-8425.27
-4767.96
-9854.45
-6103.63
-5686.73
-3381.99
-3063.64
-1876.44
-4912.81
-3385.07
-2548.64
-1810.47
-5771.09
-3122.21
-3196.23
-1597.65
-7413.29
-3757.53
-4770.05
-5566.66
-9393.87
-6301.53
-6704.87
-9383.72
-5034.42
-2254.63
-2859.63
-3220.25
-2728.93
-1097.45
-1298.18
-1226.43
-11065
-13427.7
-6224.36
-15164.4
-11507.3
-12817.1
-7148.17
-15509.8
-11638
-11685
-8521.53
-14771.3
-8001.61
-6480.6
-8727.2
-9651.04
-9618.12
-8900.1
-10212.6
-11795.7
-12633.2
-17930.1
-6091.46
-6233.91
-6755.33
-8167.51
-12802.9
-12730.3
-8876.17
-16132.6
-12397.2
-11802.7
-8740.19
-15895.6
-12345.9
-10453.5
-8161.45
-14836.7
-12219
-7317.36
-5832.92
-7470.29
-5960.32
-8301.63
-6680.45
-9030.12
-7628.63
-13526.6
-12281.6
-6881.32
-5924.47
-6839.2
-5876.12
-7473.41
-6913.58
-8955
-8811.83
-12513.9
-12818.7
-6276.81
-5011.47
-4621.44
-6096.08
-7935.78
-11046.6
-6002.97
-10198.3
-4212.01
-5599.31
-6014.33
-4916.27
-773.362
-4017.25
-221.685
-1183.9
-2874.3
-7017.42
-622.51
-1951.21
-356.578
-3573.7
-127.582
-1109.31
-4321.34
-4315.47
-4974.88
-2979.68
-6688.86
-5192.86
-8046.58
-5274.04
-923.567
-2331.16
-2446.44
-1318.75
-1331.71
-1716.39
-1957.23
-1441.83
-5379.58
-1850.78
-7270.21
-2482.07
-5499.73
-1930.84
-7442.81
-2673.8
-5456.49
-1901.29
-7888.6
-3048.18
-3421.99
-953.989
-4218.85
-1625.42
-4724.63
-1839.99
-5661.41
-2149.3
-8323.65
-3322.79
-4374.13
-1315.51
-3833.97
-1918.77
-4593.77
-2213.47
-6209.41
-2734.2
-8611.2
-3260.38
-5932.77
-5585.26
-4406.72
-4367.74
-9873.12
-7566.63
-7979.27
-6633.97
-4087.16
-3623.63
-1661.42
-1222.88
-3846.26
-3785.84
-1518.56
-1607.4
-2838.73
-4549.09
-3413.87
-4913.41
-3758.39
-2381.55
-3063.13
-420.132
-6491.56
-1652.97
2593.13
517.114
-852.744
-199.84
312.506
766.111
-2550.99
-1892.6
-939.183
-598.282
-2690.12
-2001.76
-1366.61
-674.103
-2990.12
-2388.29
-1785.69
-907.52
-1084.07
-23.6323
731.918
1157.56
-4986.88
-5395.24
-3815.44
-3605.6
-6630.93
-6666.48
-5478.83
-4621.49
-2546.51
-2891.11
-3865.15
-4482.26
-2278.37
-1998.83
-926.779
-860.097
-3496.13
-2753.45
-1751.18
-1377.53
-1292.16
-1482.75
-187.909
-546.679
-1748.02
-1322.88
-2557.16
-1974.72
-2790.62
-2421.54
-3968.56
-3238.51
-610.387
-399.433
-1231.25
-789.794
415.594
545.912
-294.305
146.739
-3783.89
-4852.7
-3346.82
-5051.17
-3737.24
-4813.23
-3427
-5045.76
-3904.9
-4422.62
-3609.25
-4794.61
-2786.65
-4575.31
-2467.04
-2298.93
-2641.83
-6918.78
-4993.4
-4740.4
-5105.75
-5534.29
-5540.69
-4736.83
-4129.09
-3993.37
-3352.78
-5853.95
-5964.44
-7874.29
-12160.5
-5511.14
-5346.98
-7551.23
-11576.5
-5013.01
-4861.56
-6968.86
-10652.2
-6784.83
-5226.05
-6225.09
-4769.69
-5587.41
-4501.96
-5888.32
-5505.17
-6440.4
-9859.54
-5504.85
-5216.29
-4768.86
-4826.2
-4432.1
-4740.63
-4753.07
-5739.44
-4625.31
-8735.99
-3906.43
-2820.2
-2658.61
-974.334
-5499.71
-4843.71
-4254.53
-3127.66
-2131.92
-833.074
-3288.79
-2697.99
-3191.39
-975.423
-426.134
126.72
-3539.99
-2311
-608.392
-345.161
-2680.43
-765.678
-283.03
178.529
-2066.3
-2233.95
-2364.44
-4457.89
-3212.44
-3732.79
-3393.04
-6231.21
-2111.9
-1432.29
-1281.76
-2689.51
221.605
361.783
783.438
57.3717
-4280.57
-1245.6
-8206.67
-861.695
-3988.3
-1334.7
-7969.81
-893.753
-3032.75
-805.904
-7251.57
-720.773
-2873.16
-636.117
-2711.97
-627.499
-3040.16
-927.467
-3300.66
-627.222
-6825.46
-905.487
-4031.31
-780.417
-3812.33
-617.192
-3994.71
-799.738
-4577.93
-700.955
-7164.26
-872.024
-836.803
-168.135
196.839
485.363
-280.54
-41.1805
78.3847
154.926
-824.657
-130.053
218.316
460.529
-190.982
39.7875
89.8296
99.8039
-844.034
-85.8081
226.136
414.145
-10.3199
268.323
420.759
471.24
588.623
525.045
594.12
629.586
1068.59
779.33
610.805
459.663
-369.772
139.198
429.848
727.437
-308.186
195.952
351.172
734.946
-914.464
-69.3964
289.033
611.719
-709.202
68.3714
317.836
899.49
137.193
344.289
462.311
622.432
53.648
306.089
354.622
534.682
619.632
532.947
456.331
371.561
432.53
417.76
355.96
342.322
-1336.85
-292.788
233.472
788.844
-1676.94
-349.818
104.781
989.138
-1283.01
-252.468
254.184
803.787
-1612.26
-322.873
106.827
977.903
-1194.18
-191.243
214.244
701.541
-1462.69
-271.641
77.3474
893.24
-799.166
-34.2445
203.845
519.484
-1515.59
-230.16
89.8547
1112.34
-748.478
27.8075
231.61
704.059
-1568.02
-269.736
29.657
699.92
-684.579
-103.344
30.5604
178.636
-1465.25
-230.844
49.9688
702.678
-651.661
-90.5461
35.0975
176.854
-1256.91
-155.112
62.4495
683.815
-555.289
-58.7881
50.1823
185.023
-1031.98
-92.0037
49.8298
615.428
-455.352
-26.4482
53.4916
178.831
-757.713
10.0214
101.217
529.289
-238.654
47.3703
73.0615
175.688
-341.366
148.501
247.676
488.583
101.528
227.374
208.666
245.602
-623.034
41.0773
165.642
503.339
-29.8636
145.535
140.382
210.988
-1.08223
262.774
296.491
442.275
232.192
291.378
255.901
259.628
335.798
357.212
304.955
320.582
362.864
336.23
268.783
239.311
110.417
32.8987
14.0602
8.15553
6.09807
46.9545
15.8083
7.19305
4.2424
3.17191
130.284
48.3312
24.2754
15.0386
11.4724
75.7986
35.1989
19.59
12.5529
9.66547
161.154
68.0185
36.7037
23.2113
17.7923
192.723
102.464
60.2848
39.2219
30.3317
213.748
118.295
70.3581
45.8162
35.361
240.261
145.362
89.3628
58.8558
45.5246
192.791
89.9203
50.8103
32.6471
25.2339
163.958
79.5152
45.5589
29.3216
22.665
173.908
73.8838
40.5047
25.6735
19.7242
145.012
74.3551
43.651
28.2213
21.8569
207.621
103.256
59.4738
38.3805
29.6185
168.468
89.9501
53.0899
34.4863
26.6945
199.949
118.171
72.254
47.5151
36.741
166.569
97.6907
59.5576
39.1173
30.2609
119.31
29.0133
11.2948
6.34
4.69176
55.2636
11.6508
4.26944
2.32402
1.68648
129.363
38.0255
17.3837
10.4421
7.86232
58.9173
14.9336
6.51128
3.85216
2.86253
134.302
46.3574
23.4608
14.5307
10.9954
67.5645
25.3598
13.7501
8.79633
6.68734
150.946
65.4974
36.5931
23.2237
17.7184
89.7465
39.3961
22.4269
14.338
10.9296
129.237
73.4252
44.3469
28.9312
22.3804
-1719.55
-3228.56
-1760.7
-3228.59
-1904.66
-3243.26
-2080.41
-3320.06
-2007.13
-3331.67
-779.932
-1225.62
-1304.4
-2043.81
-388.61
-578.607
-108.794
-164.547
-8207.95
-1937.55
-439.867
-97.4381
-24.0081
-2206.42
-593.607
-156.992
-35.4252
-7.627
-8069.87
-1893.11
-429.949
-94.5296
-23.4807
-2249.22
-662.36
-162.085
-37.4008
-9.21584
-7638.36
-1785.98
-405.044
-89.0798
-22.1782
-2176.41
-638.077
-155.855
-35.8164
-8.86411
-6940.25
-1614.36
-365.858
-80.5159
-20.0755
-2091.17
-602.435
-145.631
-33.2303
-8.19039
-5801.41
-1344.64
-305.204
-67.313
-16.8176
-1949.45
-549.622
-131.822
-29.9491
-7.36967
-2779.9
-671.65
-154.816
-34.372
-8.59973
-939.242
-268.66
-63.9731
-14.3026
-3.51654
-4114.63
-981.394
-224.675
-49.664
-12.4103
-1387.42
-392.896
-94.417
-21.4664
-5.32396
-1637.23
-398.713
-92.2839
-20.5808
-5.15717
-519.034
-154.596
-36.5312
-8.16301
-2.02683
-561.262
-135.95
-31.5329
-7.0554
-1.76886
-200.132
-53.7778
-11.6427
-3.34288
-0.632323
224.588
-995.585
-5201.43
902.772
-6273.3
-2747.84
-6070.13
-2776.3
-10987.5
-5847.64
-12322.2
-6524.33
-137.916
-548.335
-861.062
-1014.51
-912.486
-380.252
-225.872
-848.553
-1287.2
-1419.85
-1144.23
-395.642
-117.29
-125.811
-440.424
-443.779
-630.041
-622.85
-608.151
-573.911
-545.504
-518.304
-430.76
-380.151
844.032
2203.98
3570.28
2527.42
2326.31
1121.76
804.329
2316.22
3741.24
4326.47
3606.78
1643.82
-124.399
-105.186
-79.7309
-49.6965
-16.8769
-495.289
-419.538
-318.612
-198.901
-67.6052
-777.72
-658.73
-500.245
-312.291
-106.148
-916.032
-775.604
-588.793
-367.471
-124.887
-823.717
-697.148
-528.907
-329.878
-112.061
-344.701
-292.49
-221.717
-137.746
-46.6076
-203.637
-172.093
-130.387
-81.2476
-27.5886
-766.074
-648.54
-492.287
-307.231
-104.413
-1161.82
-983.349
-746.335
-465.775
-158.303
-1280.76
-1083.36
-821.859
-512.8
-174.28
-1031.4
-871.778
-660.97
-412.298
-140.118
-357.532
-302.754
-229.58
-143.001
-48.5192
-105.863
-89.5861
-67.9616
-42.3865
-14.3987
-113.62
-96.2154
-73.0418
-45.5807
-15.4887
-397.944
-337.208
-256.178
-159.963
-54.3755
-401.034
-339.879
-258.246
-161.274
-54.8245
-569.228
-482.306
-366.377
-228.759
-77.7587
-562.701
-476.739
-362.122
-226.091
-76.8505
-549.404
-465.436
-353.471
-220.637
-74.9822
-518.231
-438.799
-333.097
-207.866
-70.6355
-492.603
-416.976
-316.265
-197.134
-66.9284
-467.431
-395.158
-299.456
-186.603
-63.3572
-388.968
-328.758
-248.465
-154.137
-52.1359
-342.43
-288.899
-218.3
-135.614
-45.9472
751.799
630.047
477.411
299.999
102.879
1955.1
1634.09
1238.15
780.426
269.039
3132.63
2603.72
1978.57
1262.45
443.638
2202.8
1827.19
1392.93
893.796
315.385
2059.08
1712.72
1298.89
817.455
265.377
1023.53
868.792
667.465
420.455
132.755
717.155
600.96
454.512
284.689
97.3442
2060.31
1723.86
1303.85
818.167
280.54
3308.85
2758.78
2087.86
1316.62
454.679
3802.38
3158.5
2392.36
1516.69
527.824
3169.87
2633.47
1996.93
1267.43
439.356
1460
1225.29
936.759
596.996
206.539
304.532
711.892
1018.27
1162.4
1047.41
516.842
455.964
1070.97
1491.69
1592.18
1270.91
478.959
249.027
237.179
566.747
550.718
744.188
718.598
701.946
646.551
627.682
530.115
567.339
422.402
-688.439
-1967.05
-3159.34
-1976.17
-1649.87
-380.016
-735.019
-2203.14
-3490.98
-3876.68
-2960.26
-873.539
275.536
233.884
178.009
111.322
37.8742
643.756
546.057
415.303
259.574
88.2874
920.59
780.663
593.58
370.935
126.153
1050.72
890.85
677.251
423.175
143.912
947.024
803.112
610.603
381.509
129.731
469.844
400.346
305.113
190.569
64.7073
412.467
350.036
266.364
166.562
56.6662
968.104
820.853
624.096
390.003
132.641
1347.84
1142.31
868.174
542.413
184.462
1437.9
1218.02
925.389
578.084
196.596
1147.25
971.423
737.866
460.938
156.773
433.805
368.428
280.314
175.115
59.5193
225.327
191.272
145.578
91.0394
30.9726
214.599
182.153
138.626
86.6846
29.4896
512.573
434.854
330.772
206.754
70.3219
498.08
422.555
321.411
200.898
68.3296
672.934
570.785
434.08
271.285
92.2626
649.745
551.06
419.038
261.866
89.0566
634.801
538.484
409.521
255.923
87.0317
584.476
495.582
376.76
235.402
80.0481
567.949
481.98
366.585
229.039
77.8667
479.126
406.141
308.655
192.784
65.5409
514.479
437.339
332.756
207.702
70.5232
382.028
323.95
246.129
153.609
52.1821
-609.463
-507.583
-382.931
-240.31
-82.4753
-1738.75
-1448.34
-1095.24
-690.464
-238.397
-2754.42
-2275.79
-1723.9
-1101.13
-388.651
-1680.39
-1360.08
-1018.18
-648.652
-229.23
-1411.46
-1129.66
-826.893
-504.379
-152.799
-311.565
-225.864
-145.175
-72.6712
-7.71833
-654.139
-547.164
-413.352
-258.866
-88.5509
-1957.92
-1636.87
-1237.67
-776.9
-266.557
-3079.93
-2561.81
-1935.96
-1220.77
-421.975
-3385.79
-2794.9
-2107.53
-1334.26
-464.844
-2565.76
-2101.35
-1575.86
-994.821
-344.256
-737.432
-586.072
-428.593
-266.51
-90.9076
-1383.35
-876.387
-197.411
740.523
1044.16
1328.93
640.88
-10599.4
-1595.5
-3039.61
-1459.7
303.773
-3941.44
895.225
2535.14
1224.3
-5732.62
-2580.94
-369.576
-488.071
-3299.19
-1198.78
-201.381
-972.468
2239.04
1431.6
-464.002
-104.03
-7572.54
-3523.66
-4142.37
-1990.92
-3473.35
-3200.54
-1013.21
1456.33
-309.633
-666.898
-449.153
-411.139
-544.533
-651.756
-538.346
-346.181
-243.31
-192.202
-110.443
-162.603
-128.107
-96.4089
-63.906
-23.4895
669.867
568.081
431.563
269.295
91.5012
942.148
796.687
603.631
375.909
127.546
1199.19
1014.31
768.913
479.15
162.654
580.793
491.833
371.207
229.15
77.0377
-7680.84
-6985.5
-6440.18
-6704.62
-7192.17
-1027.83
-718.9
-897.173
-1088.38
-789.803
-2139.29
-1597.8
-1432.32
-1303.57
-830.758
-938.125
-629.668
-604.178
-564.023
-261.972
277.494
223.842
145.557
65.2917
11.0567
-3301.49
-2725.3
-2122.98
-1466.76
-600.242
809.532
677.054
498.85
297.425
95.5231
2209.39
1810.46
1343.34
830.386
281.932
1100.12
923.639
693.486
427.737
143.712
-4045.3
-3829.72
-3553.85
-3741.37
-4079.48
-1770.92
-1280.38
-1123.7
-991.591
-594.883
-287.063
-249.618
-248.287
-231.005
-118.205
-392.951
-320.472
-268.17
-206.598
-90.4826
-2761.49
-2250.11
-1751.21
-1202.02
-481.759
-1011.61
-828.992
-651.89
-450.014
-171.388
-150.684
-112.355
-88.6722
-67.787
-29.6148
-842.531
-696.148
-534.404
-349.529
-125.845
2001.54
1676.15
1259.86
780.504
263.913
1290.5
1087.84
819.311
506.133
170.42
-389.125
-319.377
-254.8
-179.788
-70.7133
-73.8026
-56.5346
-53.1222
-48.6642
-23.0571
-4634.16
-3278.93
-2959.09
-3052.54
-3098.21
-2563.55
-1926.58
-1494.12
-1123.56
-556.113
-2766.38
-2206.12
-1821.13
-1569.89
-852.997
-1471.24
-1145.8
-891.783
-672.649
-338.367
-2923.45
-2376.44
-1826.85
-1225.39
-467.755
-2211.62
-1456.75
-1235.1
-1062.26
-515.652
-863.697
-705.963
-542.758
-360.332
-132.629
1314.77
1110.7
838.848
519.752
175.456
-236.742
-186.326
-159.295
-129.496
-57.7438
-0.793381
42.9309
105.918
143.818
113.305
11.0108
-18788.2
-16582.7
-15867.6
-18080.3
-13767.1
-10897.7
-12453
-9462.06
-16222.8
-14176.1
-14945.9
-14019.1
-13112.3
-11161.2
-13764.8
-15440.8
-13796.9
-12741.1
-14368.4
-11595.4
-9825.35
-10418.3
-8365.84
-14528
-12859.5
-13382
-12149.2
-11583.2
-10831.1
-11137
-12107.9
-11094.1
-10089.6
-11036.1
-9626.48
-8264.97
-8710.36
-7497.03
-12143.6
-10972.8
-11302.7
-10255.9
-9828.08
-9097.1
-9308.32
-8440.44
-7939.84
-7128.84
-7556.92
-7123.25
-6388.83
-6482.08
-5947.21
-8717.27
-8780.2
-8223.93
-8266.41
-7328.48
-6621.93
-7331.35
-5392.65
-5153.66
-4595.99
-4794.04
-4771.01
-4320.17
-4286.43
-3969.25
-5766.81
-5742.76
-5510.6
-5363.5
-5013.73
-4528.67
-4879.36
-1940.69
-1871.55
-1664.85
-1723.47
-1763.22
-1649.58
-1572.79
-1468.91
-2190.64
-2176.21
-2047.63
-1940.75
-1885.25
-1730.96
-1845.35
-7283.97
-7194.21
-10754.6
-11582.6
-6887.42
-6136.16
-9454.13
-7707.84
-5844.45
-4522.82
-5808.67
-4479.71
-5856.24
-5590.8
-4539.09
-7286.98
-6928.23
-9581
-10441.3
-6450.35
-5862.28
-8348.5
-7217.17
-5866.56
-4102.47
-5768.75
-4299.02
-5297.04
-5087.54
-4642.72
-6703.56
-6405.95
-8149.15
-8729.08
-6039.59
-5642.8
-7309.96
-6496.25
-4950.35
-4545.49
-4937.86
-4745.87
-4636.64
-4621.94
-4864.38
-5478.78
-5289.44
-6141.59
-6441.71
-5037.65
-4729.54
-5701.17
-5223.73
-4831.59
-4192.67
-4751.71
-4423.23
-4462.19
-4406
-4445.69
-3822.75
-3712.15
-4082.2
-4232.24
-3457.08
-3211.15
-3854.96
-3551.56
-3446.89
-3273.58
-3366.31
-3399.27
-3156.98
-3079.2
-3195.84
-1431.46
-1391
-1496.5
-1544.36
-1288.54
-1187.13
-1420.95
-1311.95
-1137.54
-1208.78
-1211.57
-1295.34
-1175.87
-1133.55
-1172.47
6943.01
22458.1
5496.98
23522.5
4142.41
24369.3
6582.29
37676.8
8097.36
51826.9
8013.81
37675.5
7700.23
31216.6
8012.92
27277.5
4852.9
2980.98
12994.2
7677.96
4771.86
2570.01
14276.7
7084.44
5254.16
3770.72
16632.3
11630.6
3975.28
2831.37
16715.3
12066.9
9371
3944.97
8061.13
3573.45
3676.6
8706.31
32655.7
8864.49
11669.2
3966.41
42172.6
11473.3
10977.3
3823.1
23252.8
7223.52
11914.6
4165.88
20154.7
6416.7
5363.64
2659.57
8084.12
3131.12
5856.81
3172.08
8052.82
3066.23
7503.03
4262.35
6929.7
2986.49
10365.4
3706.64
3571.68
1241.09
11696.4
8042.68
7269.41
5284.06
13294.8
10923.9
7270.94
6296.76
6809.11
4540.66
9500.28
6264.11
4812.61
3521.69
2469.82
2017.59
4705.01
4066.81
2465.65
2372.14
4571.76
2962.38
2362.18
1498.1
6029.57
3260.87
4465.77
5447.44
8170.04
5803.52
6404.87
9262.86
4019.83
1892.7
2646.75
3135.44
2010.1
827.875
1147.29
1162.76
6943.21
12558.1
4736.08
14053
8245.21
12326.3
5889.8
14778.3
9436.45
11213.6
7637.56
14520.1
11602.4
14137.1
8471.46
8083.77
8908.08
14096.6
12712.5
12214.3
12378.6
18002.3
11446
8573.32
7245.89
8081.02
12846.9
14493.9
12882.9
16829.1
16043.3
13244.5
12212.8
16649
15754.4
11484.7
11134.2
15675.5
15226.9
10247.5
7975.71
9240.38
7938.8
9933.41
8708.15
10541.3
9964.55
14533.6
14702.7
9593.32
8207.9
8917.15
8354.5
9032.09
9336.14
10088.7
11095.4
13199.4
15001.6
7845.78
6144.26
5420.28
6945.95
10821.5
13277.3
7533.07
11978.6
4513.8
5995.37
6681.71
5480.89
1272.91
4621.53
680.268
1665.03
3857.74
8083.22
1439.01
2810.98
542.411
3864.86
324.822
1352.95
4396.39
4475.55
4992.23
3048.22
6927.7
5492.87
8149.13
5538.75
962.478
2445.26
2464.38
1365
1390.83
1821.69
1987.68
1494.49
10176.1
6141.81
1918.44
11529.5
6575.85
2144.73
9725.38
6063.23
2030.3
11365.6
6579.07
2139.63
8954.24
5560.27
1817.98
11125.6
6628.96
2208.11
5113.16
2696.01
705.328
6362.59
4161.35
1449.98
7463.3
5145.19
1771.98
8550.39
5495.69
1817.06
11046.1
6833.33
2390.93
6129.75
3370.98
1044.19
5891.06
4213.78
1580.99
6884.51
5081.42
1853.69
8627.58
6030.66
2143.42
11157.2
6894.1
2432.25
296.588
1987.86
2795.77
4055.57
2106.63
2440.43
5310.5
5062.69
579.845
1028.97
618.224
1068.59
485.99
1412.55
869.162
1855.82
3210.14
1577.15
4071.22
2354.45
2182.39
3792.67
3369.66
977.078
5917.91
1482.57
-1792.23
789.451
1831
1384.48
1280.86
1215.6
9960.99
4735.65
2716.33
1742.7
10102.5
4937.27
3408.65
2200.28
9996.49
5326.6
4965.43
3588.06
3529.96
2598.91
1802.06
1744.32
12519.8
11160.7
5911.06
6154.23
13251.8
12460.8
6541.44
6616.85
5363.87
5545.82
10936.5
9203.45
3551.91
3717.59
2026.04
2278.92
4050.45
4031.41
2261.66
2410.61
3170.22
3412.93
1822.45
2196.43
4882.53
3559.49
4922.14
3669.58
7582.71
4735.12
7305.7
5084.2
2972.37
2568.46
3120.71
2377.46
1706.15
1626.53
1986.59
1390.4
12015.3
8791.52
6322.76
6714.36
11935.2
8941.62
6366.49
6682.72
12345.2
9166.29
6458.95
6471.85
13743.6
14575
12754.2
8774.79
5295.08
13825.1
13101.2
12488.2
10639.9
7363.58
12957.2
11938
9764.8
7767.65
5186.83
7861.5
7302.31
7575.92
8988.34
7984.88
7072.27
7598.14
8815.46
8137.25
6834.49
7590.6
8591.13
10448.6
7366.94
10030.6
7060.83
8193.36
6768.17
7959.39
7038.86
6996.02
8428.99
8668.69
7527.31
7887.83
6965.71
6982.78
6469.06
6467.82
6628.64
5565.71
8044.42
7045.99
4797.79
4685.5
2795.78
8981.58
6930.73
6260.9
5013.01
3958.57
2440.06
5752.99
4356.52
4745.09
2252.47
1754.33
1014.49
4933.89
3558.64
1741.42
1439.8
4199.74
1931.64
1665.04
893.197
3485.21
3349.64
3273.77
4929.69
4863.16
4791.78
4215.59
6378.77
3438.4
2351.18
2313.93
3293.4
1080.69
555.279
321.446
672.757
5135.58
2141.01
628.964
6045.49
1557.15
411.812
5117.66
2279.95
696.929
5979.61
1597.31
442.659
4655.61
2200.98
566.716
5807.36
1608.91
374.576
4505.99
2236.08
471.98
4298.02
2050.29
468.1
4455.6
2130.19
570.324
4646.77
2174.86
452.361
5729.53
1560.48
232.69
5778.85
2860.31
739.268
5454.3
2703.54
729.419
5199.52
2568.73
743.811
5188.83
2199.49
532.645
6177.43
1437.09
347
1894.56
687.873
133.711
-226.123
780.623
299.869
80.0725
-46.7433
2018.59
760.99
195.37
-139.59
998.875
422.946
199.669
93.3805
2174.82
849.983
294.081
-10.4199
1712.88
818.79
336.793
87.5388
1303.38
759.415
308.901
14.6833
1236.74
839.842
520.999
325.196
1808.93
817.194
268.206
-182.671
1564.1
693.91
310.908
-191.54
2147.83
842.42
272.622
-143.421
1954.2
767.507
306.353
-323.37
1452.28
765.935
327.473
-48.0108
1202.7
618.286
340.002
12.3781
1078.12
682.452
425.201
273.179
829.758
527.863
364.674
225.405
2447.08
836.95
130.043
-448.677
2468.01
778.499
173.255
-620.005
2446.24
851.05
155.548
-424.297
2388.34
757.193
183.174
-597.812
2402.22
856.366
233.931
-305.011
2226.96
717.565
227.132
-491.641
2102.12
791.283
324.554
-48.5181
2441.02
804.614
323.646
-576.054
1894.08
711.601
329.578
-132.073
1991.86
553.948
156.939
-425.652
802.115
202.387
46.1308
-90.3628
2037.07
586.579
178.164
-401.874
825.852
216.536
59.3217
-73.3974
2058.63
626.88
224.001
-353.119
833.42
234.189
77.9213
-53.4819
1850.67
591.635
258.103
-279.506
803.678
241.528
106.152
-18.4617
1688.75
588.864
288.175
-162.532
711.623
253.839
145.507
30.2611
1184.4
481.459
240.763
-40.6666
664.706
334.388
210.985
117.374
1368.73
486.216
232.401
-112.81
670.624
288.482
178.031
73.9918
952.995
469.352
271.463
52.2468
599.035
356.347
238.118
159.409
672.206
429.878
304.663
198.373
503.07
359.281
263.324
206.113
-20.3422
9.44935
9.84228
7.20014
5.68717
-3.20971
6.16953
5.44142
3.89754
3.07154
13.3374
28.1991
20.998
14.4796
11.2833
32.8873
27.1696
18.1326
12.1935
9.43554
49.3789
50.0835
34.4345
23.4149
18.2032
133.648
91.6874
58.6171
39.057
30.176
161.58
108.646
69.3641
46.3105
35.8871
233.523
143.991
89.5017
59.2862
45.8859
86.9588
73.2077
48.6665
32.7893
25.3428
91.8788
68.8572
44.8322
30.1392
23.3066
59.9683
58.4827
39.6128
26.9249
20.9084
106.647
70.8516
44.7307
29.8895
23.0561
112.974
87.6073
57.5738
38.7329
30.0164
122.194
82.4723
52.6298
35.1953
27.2303
185.826
116.048
72.277
47.8977
37.0476
155.138
95.7887
59.5599
39.4581
30.4671
-37.3168
5.23412
7.52636
5.70785
4.58292
-20.4778
1.72267
2.97663
2.30597
1.89012
-15.2636
16.9167
14.3647
10.1585
8.03633
-12.458
5.9204
5.40598
3.87733
3.11774
11.3053
29.8829
21.7903
15.0404
11.8403
15.859
19.0602
12.7962
8.58589
6.74599
70.1199
57.3817
37.5832
25.4479
19.8847
46.3684
36.1692
23.2221
15.622
12.2229
127.2
74.8367
45.9211
30.4132
23.4792
1460.31
3388.29
1486.21
3360.41
1606.83
3324.67
1918.51
3461.8
2014.46
3587.77
788.994
1261.05
1318.83
2141.9
407.966
605.716
136.468
194.073
7824.45
1861.29
425.168
94.6404
23.4199
2141.07
575.474
152.493
34.5649
7.49004
7746.35
1829.24
417.375
92.1056
22.9561
2156.33
635.651
156.297
36.2265
8.96342
7443.89
1744.88
396.47
87.3508
21.7903
2096.6
616.245
151.146
34.8663
8.65805
6871.34
1595.5
361.262
79.4947
19.8296
2043.03
588.075
142.347
32.5408
8.03528
5807.02
1340.82
303.64
66.8848
16.7005
1941.05
543.407
130.05
29.5348
7.26899
2791
673.749
155.114
34.3987
8.59758
948.142
269.709
63.9797
14.2666
3.50038
4130.6
983.07
224.622
49.5812
12.3761
1396.3
392.104
93.8683
21.3026
5.27731
1644.77
400.3
92.5769
20.6266
5.16374
527.844
156.369
36.8167
8.19862
2.02949
567.243
137.19
31.7806
7.10016
1.77712
209.62
55.8627
12.0542
3.41425
0.644672
167.624
518.683
4442.93
-786.504
697.92
747.787
2299.11
2942.25
1846.57
3470.16
2897.55
4473.97
3485.84
4328.25
1814.47
2446.43
1939.96
2300.99
951.768
988.946
2277.43
1678.72
496.466
-486.471
-786.205
-944.326
-302.138
12693
2961.77
4126.07
2635.01
-212.548
-80.2539
2916.33
-1462.09
-832.298
-1129.59
-575.534
6971.91
3657.13
1217.25
1020.66
3636.58
1990.91
627.289
1370.51
-1530.15
-899.328
677.607
531.004
8597.73
4284.07
5256.26
2826.06
4074.99
4381.05
1519.46
-929.468
897.06
1630.48
1358.19
1195.28
1107.29
883.865
1338.09
1088.48
863.893
619.798
272.059
438.621
368.067
283.463
183.038
64.3896
-434.321
-362.204
-270.123
-165.889
-55.8495
-702.662
-587.04
-438.963
-270.287
-91.0996
-845.225
-707.479
-530.138
-327.042
-110.352
-262.762
-210.108
-147.606
-84.7027
-27.0285
9333.49
8268.66
7254.86
6883.26
6626.95
2707.32
2454.3
2362.37
2031.09
1103.16
3186.7
2582.76
2232.51
1802.39
970.862
2061.25
1710.15
1533.12
1215.59
521.618
-37.3447
23.3136
148.58
169.02
86.1234
28.5556
123.197
177.199
163.664
71.4255
2501.33
2122.91
1705.66
1213.3
508.132
-891.912
-437.649
-172.554
-30.6241
7.62281
-663.478
-473.091
-286.978
-137.168
-35.6536
-801.178
-500.63
-260.792
-103.438
-21.873
-520.397
-432.073
-315.45
-187.61
-61.0176
5242.19
4840.17
4288.17
4090.78
3972.4
2833.47
2266.03
1922.65
1500.18
754.078
1144.72
1056.8
916.934
672.418
270.629
908.322
789.462
647.297
453.007
175.063
3049.18
2481.93
1916.11
1293.83
506.316
1776.21
1522.94
1212.39
815.746
298.656
550.597
466.694
369.72
248.974
92.1154
1215.41
1025.25
794.039
515.935
182.998
-1328.37
-1073.01
-775.782
-464.577
-153.778
-790.81
-644.933
-467.22
-278.137
-91.3284
613.885
539.099
442.433
306.383
115.12
483.724
427.437
352.337
243.71
90.6708
5603.61
4158.91
3668.52
3489.22
3174.2
3291.61
2586.24
2029.91
1477.28
680.735
3901.67
3241.36
2674.7
2132.44
1069.7
2271.55
1871.62
1479.59
1057.71
470.611
3486.96
2874.68
2219.38
1475.44
552.554
3335.28
2491.08
2063.46
1589.5
691.908
1334.88
1119.25
867.083
567.344
203.522
-824.593
-680.552
-500.184
-302.135
-100.305
799.395
693.987
567.5
394.683
149.413
-26704.3
-43368.4
-22013.8
-35388.6
-23642.5
-49800.4
-28523.4
-62909.6
-16829.5
-11499.3
-19002.8
-11801.8
-15555.1
-9993.82
-19314.2
-10132.8
-22012.4
-16535.7
-31812.9
-22868.4
-18823.9
-14966.3
-26829.1
-20114.1
-15153.4
-15428.5
-12421.8
-11903.9
-14575.1
-13784
-37143.2
-10242.6
-14101.8
-5257.36
-45475.8
-12592.2
-12614
-4669.39
-27586.2
-8686.52
-14437.3
-5525.18
-24496.7
-7618.24
-11299.1
-4525.33
-14314
-5176.05
-10707.1
-4702.18
-12555.4
-4537.76
-11107.2
-5376.38
-10023.6
-3971.25
-12887.9
-4543.67
-4525.14
-1587.21
-9618.92
-6358.88
-8303.26
-5044.09
-8522.04
-6844.77
-7306.29
-5209.87
-8426.11
-4768.16
-9852.08
-6102.82
-5689.08
-3382.59
-3065.06
-1876.85
-4914.21
-3385.34
-2549.3
-1810.58
-5773.88
-3122.88
-3197.93
-1598.11
-7414.36
-3758.14
-4770.36
-5567.04
-9392.33
-6301.48
-6704.54
-9384.08
-5037
-2255.58
-2860.21
-3220.61
-2730.35
-1097.96
-1298.54
-1226.62
-11071.2
-13437
-6208.68
-15176.9
-11503
-12812.5
-7150.12
-15507.3
-11633.5
-11682.9
-8521.25
-14771
-7999.07
-6478.47
-8724.56
-9649.34
-9618.39
-8897.37
-10209.4
-11792.6
-12631.4
-17930.2
-6089.95
-6232.35
-6754.08
-8166.89
-12803.3
-12747.3
-8896.02
-16166.2
-12389.5
-11800.8
-8734.76
-15890.1
-12343.9
-10452.2
-8160.06
-14836.3
-12218.4
-7315.38
-5831.78
-7467.95
-5959.02
-8299.63
-6679.27
-9028.77
-7627.68
-13526.4
-12281.5
-6880.02
-5923.46
-6837.79
-5875
-7472.29
-6912.67
-8954.39
-8811.3
-12514.1
-12818.8
-6275.92
-5011.11
-4621.19
-6096.02
-7934.75
-11045.9
-6002.53
-10197.9
-4211.96
-5599.43
-6013.75
-4916.1
-773.422
-4017.32
-221.823
-1183.99
-2874.19
-7017.23
-622.506
-1951.17
-356.707
-3573.88
-127.767
-1109.45
-4321.48
-4315.65
-4975.19
-2979.86
-6688.71
-5192.9
-8046.92
-5274.23
-923.744
-2331.34
-2446.68
-1318.89
-1331.94
-1716.56
-1957.43
-1441.96
-5388.49
-1852.2
-7268.08
-2481.75
-5498.12
-1930.29
-7441.74
-2673.06
-5455.67
-1901.04
-7888.11
-3047.91
-3421.45
-953.824
-4218.23
-1625.23
-4724.02
-1839.79
-5660.82
-2149.09
-8323.43
-3322.66
-4373.5
-1315.29
-3833.27
-1918.52
-4593.17
-2213.25
-6209.02
-2734.04
-8611.12
-3260.3
-5931.28
-5583.9
-4404.04
-4366.66
-9868.33
-7564.33
-7980.01
-6633.87
-4083.62
-3620.55
-1656.21
-1218.72
-3847.67
-3784.18
-1517.06
-1603.27
-2836.39
-4548.94
-3412.62
-4912.78
-3758.49
-2378.92
-3062.19
-418.139
-6492.5
-1652.97
2595.54
521.539
-850.993
-196.663
315.776
770.82
-2548.49
-1894.43
-938.323
-599.522
-2689.23
-2002.88
-1363.72
-674.017
-2990.1
-2388.57
-1783.12
-906.061
-1080.7
-21.4915
735.888
1159.79
-4985.87
-5394.31
-3814.58
-3604.89
-6629.41
-6665.34
-5478.36
-4620.98
-2545.53
-2890.34
-3864.54
-4481.51
-2277.51
-1998.22
-925.439
-859.387
-3496.26
-2753.24
-1750.81
-1377.2
-1290.77
-1481.95
-186.01
-545.798
-1747
-1322.15
-2556.42
-1974.16
-2790.35
-2421.36
-3967.96
-3238.1
-608.738
-398.288
-1230.44
-789.181
417.601
547.135
-293.455
147.331
-3781.49
-4853.2
-3345.02
-5042.65
-3740.07
-4817.49
-3428.31
-5047.98
-3905.82
-4423.21
-3609.85
-4795.3
-2785.82
-4573.83
-2466.66
-2298.93
-2641.84
-6916.86
-4992.31
-4739.94
-5105.76
-5534.48
-5539.46
-4735.93
-4128.47
-3992.94
-3352.51
-5852.03
-5956.82
-7847.06
-12133.2
-5510.31
-5350.91
-7549.54
-11575.9
-5013.06
-4861.05
-6969.64
-10652.8
-6783.37
-5225.17
-6224.18
-4769.08
-5586.98
-4501.57
-5888.23
-5504.88
-6440.61
-9859.6
-5503.87
-5215.5
-4768.2
-4825.64
-4431.7
-4740.25
-4752.86
-5739.19
-4625.22
-8735.82
-3905.85
-2819.81
-2658.16
-974.048
-5498.88
-4843.14
-4254.05
-3127.3
-2131.51
-832.835
-3288.4
-2697.71
-3190.94
-975.159
-425.792
126.918
-3539.68
-2310.76
-608.206
-345.024
-2679.91
-765.421
-282.61
178.743
-2065.94
-2233.69
-2364.13
-4457.59
-3212.17
-3732.57
-3392.85
-6230.96
-2111.43
-1432.02
-1281.39
-2689.21
221.985
361.973
783.723
57.5564
-4279.14
-1249.37
-8203.31
-864.814
-3983.75
-1332.83
-7964.11
-890.017
-3031.54
-805.211
-7251.15
-720.108
-2872.72
-635.982
-2711.61
-627.374
-3039.79
-927.299
-3300.18
-626.934
-6825.32
-905.322
-4030.81
-780.247
-3811.95
-617.062
-3994.41
-799.626
-4577.68
-700.845
-7164.1
-871.977
-838.328
-170.514
194.454
482.298
-280.566
-42.4013
76.5845
152.975
-825.115
-130.139
218.461
460.957
-190.985
39.8707
90.0266
100.089
-844.029
-85.7167
226.276
414.412
-9.59447
268.712
421.002
471.473
589.602
525.522
594.356
629.724
1069.56
779.795
611.044
459.799
-369.336
139.459
430.024
727.597
-307.83
196.178
351.321
735.05
-914.258
-69.2411
289.154
611.881
-708.914
68.5689
317.971
899.608
137.787
344.606
462.489
622.552
54.0275
306.318
354.769
534.78
620.222
533.25
456.504
371.672
432.883
417.97
356.095
342.414
-1338.95
-294.744
232.793
788.12
-1680.08
-351.513
104.467
990.49
-1283.11
-252.523
254.096
803.943
-1611.94
-322.799
106.642
977.759
-1194.15
-191.192
214.247
701.626
-1462.58
-271.589
77.2714
893.176
-798.956
-34.0864
203.942
519.633
-1515.49
-230.076
89.8657
1112.36
-748.24
27.9786
231.739
704.238
-1571.31
-271.328
29.372
703.164
-687.16
-104.161
30.6755
180.078
-1462.77
-230.332
49.8372
701.991
-650.54
-90.3568
35.0885
176.549
-1256.47
-154.956
62.3688
683.656
-555.04
-58.7126
50.1562
184.897
-1031.78
-91.8838
49.8351
615.39
-455.232
-26.3846
53.4984
178.797
-757.525
10.1589
101.283
529.321
-238.549
47.4476
73.1038
175.707
-341.14
148.653
247.782
488.663
101.713
227.514
208.765
245.679
-622.864
41.198
165.723
503.398
-29.72
145.646
140.457
211.043
-0.821435
262.946
296.607
442.36
232.398
291.531
256.007
259.71
336.05
357.378
305.066
320.664
363.065
336.375
268.881
239.385
109.267
32.2609
13.6817
7.92421
5.93364
46.1996
15.4237
6.993
4.14057
3.11247
130.391
48.3935
24.3191
15.0703
11.5028
75.8584
35.2279
19.6057
12.5603
9.6802
161.268
68.0916
36.7601
23.2569
17.8368
192.825
102.538
60.3437
39.2685
30.3725
213.81
118.336
70.3871
45.836
35.3705
240.328
145.403
89.3908
58.8756
45.5379
192.889
89.9888
50.8646
32.6921
25.275
164.036
79.5654
45.5962
29.3513
22.691
174.001
73.946
40.5531
25.7125
19.7585
145.104
74.4141
43.6958
28.2568
21.8863
207.698
103.308
59.5129
38.4116
29.6454
168.534
89.9922
53.1198
34.5093
26.7137
200.009
118.207
72.2787
47.5332
36.7553
166.62
97.7209
59.5776
39.1318
30.2727
118.842
28.6249
11.0006
6.11979
4.49011
55.2237
11.5278
4.16045
2.23775
1.59335
129.282
37.9764
17.3381
10.3929
7.78816
58.7967
14.8561
6.44211
3.78367
2.77755
134.293
46.3307
23.4278
14.4924
10.943
67.5403
25.3295
13.7176
8.76093
6.64083
151.001
65.5211
36.6047
23.2264
17.7082
89.7602
39.3933
22.4177
14.3231
10.9031
129.34
73.4887
44.395
28.9682
22.4078
-1701.5
-3217.19
-1760.06
-3227.2
-1904.49
-3243.08
-2080.34
-3319.97
-2007.15
-3331.67
-780.016
-1225.7
-1304.47
-2043.87
-388.693
-578.681
-108.859
-164.602
-8219.53
-1937.14
-439.625
-97.3703
-23.9902
-2224.49
-598.294
-157.955
-35.6312
-7.68165
-8066.67
-1891.93
-429.617
-94.4471
-23.4584
-2244.79
-661.004
-161.741
-37.3126
-9.19317
-7639.11
-1786.03
-405.024
-89.069
-22.1741
-2175.79
-637.837
-155.782
-35.7973
-8.8588
-6940.61
-1614.41
-365.853
-80.5109
-20.0734
-2091.07
-602.377
-145.608
-33.2231
-8.18814
-5801.68
-1344.69
-305.209
-67.3122
-16.8168
-1949.47
-549.618
-131.815
-29.9464
-7.36866
-2780.06
-671.685
-154.823
-34.3733
-8.59993
-939.291
-268.671
-63.9745
-14.3026
-3.51642
-4114.85
-981.44
-224.683
-49.665
-12.4102
-1387.47
-392.905
-94.4169
-21.4657
-5.3236
-1637.33
-398.736
-92.2888
-20.5818
-5.15736
-519.072
-154.605
-36.5328
-8.16319
-2.02682
-561.303
-135.959
-31.535
-7.05584
-1.76896
-200.158
-53.784
-11.644
-3.34317
-0.632369
227.605
-996.458
-5205.77
904.144
-6282.84
-2746.58
-6069.36
-2774.69
-10977.4
-5840.13
-12360.4
-6528.39
-137.905
-548.307
-861.022
-1014.46
-912.448
-380.241
-225.856
-848.51
-1287.14
-1419.78
-1144.18
-395.627
-117.281
-125.803
-440.402
-443.757
-630.011
-622.821
-608.124
-573.886
-545.483
-518.283
-430.748
-380.138
843.984
2203.87
3570.11
2527.31
2326.22
1121.74
804.29
2316.11
3741.07
4326.29
3606.65
1643.78
-124.389
-105.177
-79.7246
-49.6925
-16.8756
-495.264
-419.516
-318.596
-198.891
-67.6016
-777.683
-658.698
-500.221
-312.276
-106.143
-915.99
-775.568
-588.766
-367.454
-124.881
-823.682
-697.118
-528.884
-329.863
-112.056
-344.69
-292.481
-221.711
-137.742
-46.6063
-203.622
-172.081
-130.378
-81.2416
-27.5865
-766.035
-648.507
-492.262
-307.215
-104.408
-1161.76
-983.302
-746.299
-465.752
-158.295
-1280.71
-1083.31
-821.82
-512.776
-174.272
-1031.35
-871.738
-660.939
-412.279
-140.112
-357.518
-302.742
-229.571
-142.995
-48.5172
-105.856
-89.5794
-67.9564
-42.3833
-14.3975
-113.612
-96.2089
-73.0368
-45.5776
-15.4876
-397.924
-337.191
-256.165
-159.955
-54.3727
-401.014
-339.863
-258.234
-161.266
-54.8218
-569.201
-482.283
-366.359
-228.748
-77.755
-562.675
-476.717
-362.105
-226.081
-76.8468
-549.38
-465.415
-353.455
-220.627
-74.9787
-518.208
-438.78
-333.082
-207.856
-70.6322
-492.583
-416.959
-316.252
-197.126
-66.9257
-467.411
-395.142
-299.443
-186.595
-63.3545
-388.957
-328.749
-248.459
-154.133
-52.1345
-342.419
-288.89
-218.292
-135.609
-45.9456
751.754
630.008
477.38
299.978
102.872
1955
1634
1238.08
780.378
269.022
3132.47
2603.58
1978.46
1262.38
443.61
2202.7
1827.1
1392.87
893.752
315.369
2059.01
1712.67
1298.85
817.431
265.371
1023.52
868.792
667.471
420.463
132.76
717.118
600.927
454.487
284.672
97.3384
2060.21
1723.77
1303.78
818.122
280.524
3308.69
2758.64
2087.75
1316.55
454.653
3802.21
3158.35
2392.24
1516.61
527.796
3169.74
2633.36
1996.84
1267.38
439.337
1459.97
1225.26
936.742
596.987
206.536
304.523
711.866
1018.24
1162.36
1047.37
516.828
455.95
1070.93
1491.63
1592.12
1270.86
478.942
249.02
237.172
566.726
550.697
744.159
718.57
701.92
646.527
627.66
530.095
567.323
422.388
-688.398
-1966.95
-3159.18
-1976.05
-1649.77
-379.967
-734.983
-2203.03
-3490.82
-3876.49
-2960.1
-873.471
275.529
233.878
178.004
111.319
37.8732
643.733
546.037
415.288
259.564
88.2842
920.555
780.633
593.558
370.92
126.148
1050.68
890.816
677.225
423.158
143.907
946.989
803.082
610.58
381.495
129.726
469.831
400.335
305.105
190.564
64.7057
412.455
350.026
266.356
166.557
56.6645
968.068
820.822
624.073
389.989
132.636
1347.79
1142.26
868.14
542.391
184.455
1437.84
1217.97
925.352
578.061
196.588
1147.21
971.384
737.837
460.919
156.767
433.791
368.416
280.305
175.109
59.5174
225.321
191.267
145.574
91.0368
30.9717
214.593
182.147
138.622
86.682
29.4887
512.554
434.838
330.76
206.746
70.3193
498.061
422.539
321.399
200.891
68.327
672.909
570.763
434.063
271.275
92.259
649.72
551.039
419.022
261.856
89.0531
634.777
538.463
409.505
255.913
87.0284
584.454
495.563
376.745
235.393
80.045
567.929
481.963
366.573
229.031
77.864
479.109
406.126
308.644
192.777
65.5385
514.465
437.327
332.747
207.696
70.5214
382.016
323.939
246.121
153.604
52.1804
-609.426
-507.551
-382.905
-240.294
-82.4695
-1738.66
-1448.25
-1095.18
-690.422
-238.382
-2754.27
-2275.66
-1723.79
-1101.06
-388.626
-1680.28
-1359.98
-1018.1
-648.595
-229.21
-1411.36
-1129.56
-826.809
-504.321
-152.778
-311.51
-225.807
-145.122
-72.6329
-7.70434
-654.105
-547.135
-413.329
-258.852
-88.5458
-1957.82
-1636.79
-1237.61
-776.858
-266.542
-3079.78
-2561.68
-1935.85
-1220.7
-421.95
-3385.62
-2794.74
-2107.4
-1334.18
-464.814
-2565.61
-2101.21
-1575.75
-994.746
-344.229
-737.362
-586.006
-428.536
-266.47
-90.8929
-1383.29
-876.324
-197.383
740.508
1044.13
1328.89
640.878
-10598.7
-1595.21
-3039.35
-1459.58
303.805
-3941.28
895.223
2535.1
1224.27
-5732.31
-2580.73
-369.469
-488.001
-3299.02
-1198.67
-201.342
-972.395
2238.99
1431.57
-463.953
-103.988
-7572.27
-3523.5
-4142.18
-1990.8
-3473.17
-3200.33
-1013.13
1456.3
-309.57
-666.788
-449.017
-410.996
-544.402
-651.669
-538.268
-346.093
-243.224
-192.134
-110.412
-162.576
-128.083
-96.3893
-63.893
-23.4849
669.854
568.07
431.555
269.291
91.4997
942.12
796.664
603.614
375.898
127.542
1199.15
1014.28
768.89
479.136
162.65
580.792
491.833
371.207
229.151
77.038
-7680.23
-6985.01
-6439.79
-6704.31
-7191.92
-1027.59
-718.717
-897.034
-1088.28
-789.763
-2139.06
-1597.62
-1432.19
-1303.48
-830.716
-938.026
-629.593
-604.118
-563.979
-261.955
277.524
223.868
145.578
65.3057
11.0618
-3301.34
-2725.18
-2122.88
-1466.7
-600.217
809.531
677.053
498.85
297.426
95.5234
2209.35
1810.43
1343.31
830.371
281.927
1100.1
923.617
693.469
427.727
143.709
-4045
-3829.43
-3553.6
-3741.15
-4079.29
-1770.74
-1280.22
-1123.57
-991.5
-594.843
-286.966
-249.534
-248.22
-230.96
-118.188
-392.886
-320.416
-268.125
-206.567
-90.4714
-2761.33
-2249.98
-1751.11
-1201.95
-481.733
-1011.5
-828.894
-651.81
-449.959
-171.368
-150.646
-112.32
-88.6438
-67.7676
-29.6077
-842.464
-696.088
-534.357
-349.498
-125.834
2001.49
1676.11
1259.83
780.484
263.907
1290.48
1087.81
819.296
506.124
170.417
-389.08
-319.339
-254.769
-179.767
-70.7061
-73.7645
-56.5012
-53.0953
-48.6463
-23.0507
-4633.86
-3278.65
-2958.83
-3052.29
-3098.02
-2563.38
-1926.43
-1493.97
-1123.45
-556.064
-2766.17
-2205.91
-1820.94
-1569.73
-852.92
-1471.12
-1145.68
-891.68
-672.572
-338.333
-2923.27
-2376.28
-1826.72
-1225.3
-467.722
-2211.42
-1456.58
-1234.95
-1062.16
-515.609
-863.62
-705.895
-542.704
-360.296
-132.616
1314.74
1110.68
838.831
519.741
175.453
-236.684
-186.274
-159.252
-129.467
-57.733
-0.79239
42.9316
105.918
143.818
113.306
11.011
-18863.8
-16561.9
-15847.1
-18165.7
-13756.7
-10892.4
-12444.2
-9458.05
-16274.1
-14214.2
-14927.1
-14004.5
-13102.9
-11155.1
-13756.4
-15505.4
-13785
-12730.1
-14433.9
-11587.9
-9820.87
-10411.9
-8362.38
-14565.4
-12879.6
-13372.2
-12142.3
-11577
-10826.4
-11133
-12151.1
-11088.7
-10084.8
-11077.3
-9622.04
-8261.89
-8706.51
-7494.51
-12174.1
-10986.8
-11299.3
-10256.5
-9824.98
-9094.37
-9306.71
-8462.76
-7938.57
-7127.87
-7576.78
-7121.56
-6387.3
-6480.58
-5945.88
-8737.16
-8781.26
-8223.26
-8261.3
-7327.27
-6620.67
-7330.61
-5403.46
-5153.44
-4595.88
-4803.4
-4770.41
-4319.5
-4285.89
-3968.63
-5779.13
-5741.79
-5510.53
-5363.31
-5013.19
-4528.08
-4878.83
-1943.89
-1871.54
-1664.87
-1726.27
-1763.07
-1649.39
-1572.66
-1468.72
-2200.4
-2180.55
-2047.62
-1940.6
-1885.08
-1730.78
-1845.15
-7301.36
-7194.6
-10749.1
-11621.2
-6886.22
-6134.81
-9449.85
-7705.26
-5849.78
-4522.91
-5811.54
-4482.67
-5856.41
-5590.3
-4539.93
-7302.77
-6927.69
-9576.86
-10478
-6449.12
-5861.01
-8345.02
-7214.83
-5879.63
-4103.86
-5769.66
-4302.95
-5296.99
-5087.07
-4643.09
-6717.02
-6405.55
-8147.14
-8755.24
-6038.66
-5641.77
-7307.7
-6494.49
-4957.79
-4553.11
-4937.95
-4746.52
-4636.44
-4621.5
-4864.38
-5487.75
-5289.33
-6141.18
-6455.93
-5037.13
-4728.89
-5700.19
-5222.73
-4836.41
-4205.9
-4751.58
-4428.01
-4461.88
-4405.6
-4445.25
-3827.99
-3712.06
-4082.17
-4239.44
-3456.76
-3210.77
-3854.56
-3551.06
-3449.11
-3287.53
-3365.85
-3397.81
-3156.54
-3078.83
-3195.11
-1433.3
-1390.91
-1496.5
-1546.63
-1288.41
-1186.99
-1420.83
-1311.79
-1137.1
-1213.55
-1211.14
-1294.21
-1175.61
-1133.36
-1172
)
;

boundaryField
{
    patch1
    {
        type            calculated;
        value           nonuniform List<scalar> 
2440
(
0
0
4381.32
1519.58
-929.472
897.165
-3200.54
-1013.21
1456.33
-309.633
0
0
4381.05
1519.46
-929.468
897.06
-3200.33
-1013.13
1456.3
-309.57
0
0
0
0
0
0
0
0
-861.783
0
0
0
0
0
0
0
0
2277.46
1678.76
496.509
-486.478
-786.224
-944.35
-302.121
12693.7
2962.26
4126.46
2635.4
-212.395
-80.1388
2916.61
-1461.97
-832.226
-1129.49
-575.532
6972.24
3657.41
1217.46
1020.78
3636.8
1991.08
627.345
1370.62
-1530.16
-899.321
677.707
531.089
8597.99
4284.22
5256.47
2826.18
4075.2
386.868
-117.29
-125.811
-440.424
-443.779
-630.041
-622.85
-608.151
-573.911
-545.504
-518.304
-430.76
-380.151
249.027
237.179
566.747
550.718
744.188
718.598
701.946
646.551
627.682
530.115
567.339
422.402
-1383.35
-876.387
-197.411
740.523
1044.16
1328.93
640.88
-10599.4
-1595.5
-3039.61
-1459.7
303.773
-3941.44
895.225
2535.14
1224.3
-5732.62
-2580.94
-369.576
-488.071
-3299.19
-1198.78
-201.381
-972.468
2239.04
1431.6
-464.002
-104.03
-7572.54
-3523.66
-4142.37
-1990.92
-3473.35
0
0
0
0
0
0
0
0
-857.516
0
0
0
0
0
0
0
0
2277.43
1678.72
496.466
-486.471
-786.205
-944.326
-302.138
12693
2961.77
4126.07
2635.01
-212.548
-80.2539
2916.33
-1462.09
-832.298
-1129.59
-575.534
6971.91
3657.13
1217.25
1020.66
3636.58
1990.91
627.289
1370.51
-1530.15
-899.328
677.607
531.004
8597.73
4284.07
5256.26
2826.06
4074.99
385.918
-117.281
-125.803
-440.402
-443.757
-630.011
-622.821
-608.124
-573.886
-545.483
-518.283
-430.748
-380.138
249.02
237.172
566.726
550.697
744.159
718.57
701.92
646.527
627.66
530.095
567.323
422.388
-1383.29
-876.324
-197.383
740.508
1044.13
1328.89
640.878
-10598.7
-1595.21
-3039.35
-1459.58
303.805
-3941.28
895.223
2535.1
1224.27
-5732.31
-2580.73
-369.469
-488.001
-3299.02
-1198.67
-201.342
-972.395
2238.99
1431.57
-463.953
-103.988
-7572.27
-3523.5
-4142.18
-1990.8
-3473.17
0
0
12.1891
23.4924
10.9296
22.3804
11.0108
0
0
0
0
0
0
12.2229
23.4792
10.9031
22.4078
11.011
0
0
0
0
0
1314.44
1449.82
1434.53
1780.88
89.2691
137.611
-10.6145
53.7795
953.887
507.9
2370.45
2740.39
-265.218
-215.121
792.338
819.895
0
0
0
0
0
0
0
0
0
0
0
0
0
0
0
0
0
0
0
0
0
0
0
0
0
0
0
0
0
0
0
0
0
-422.938
-89.3029
-402.305
-73.5885
-353.241
-53.5629
-279.565
-18.487
-162.56
30.2602
-40.7025
117.364
-112.837
73.9942
52.1936
159.376
198.304
206.057
6.00001
3.32347
11.2938
9.43606
18.2313
30.2006
35.8806
45.8782
25.369
23.3197
20.929
23.0723
30.0276
27.2357
37.0441
30.4639
4.64559
1.88978
7.95865
3.03446
11.7798
6.69544
19.8622
23.7472
6.45759
23.272
8.04954
22.0696
7.78139
20.0752
7.23858
16.8989
6.593
8.67645
3.39519
12.5309
4.90927
5.19764
2.03039
1.78533
0.6548
38.6042
99.9526
-1566.62
-310.852
5288.58
5130.33
2919.6
2703.05
4939.16
5936.49
588.153
-596.073
-857.708
-1251.78
-1564.51
417.493
333.427
221.321
181.935
-914.174
-477.191
-2246.93
-2474.08
333.109
247.881
-691.971
-769.242
-0.228279
0.0202181
0
0
0
0
0
0
0
0
0
0
0
0
0
0
0.420163
-0.198847
0
0
0
0
0
0
0
0
0
0
0
0
0
0
699.92
178.636
702.678
176.854
683.815
185.023
615.428
178.831
529.289
175.688
488.583
245.602
503.339
210.988
442.275
259.628
320.582
239.311
6.09807
3.17191
11.4724
9.66547
17.7923
30.3317
35.361
45.5246
25.2339
22.665
19.7242
21.8569
29.6185
26.6945
36.741
30.2609
4.69176
1.68648
7.86232
2.86253
10.9954
6.68734
17.7184
-24.3241
-6.61763
-23.7814
-8.25556
-22.4575
-7.96565
-20.3205
-7.38242
-17.0152
-6.68904
-8.67845
-3.41115
-12.5645
-4.95514
-5.19108
-2.02756
-1.77708
-0.642349
334.843
-723.284
1621.68
248.375
247.739
754.38
471.308
-0.642023
-0.165285
-0.161685
-0.711302
0
0
0
0
0
0
0
0
0
0.717396
0.236903
0.386974
0.808757
0
0
0
0
0
0
0
0
0
0
1314.34
1449.88
1434.61
1780.84
89.3106
137.594
-10.5863
53.7393
953.937
507.873
2370.45
2740.29
-265.218
-215.156
792.332
819.883
0
0
0
0
0
0
0
0
0
0
0
0
0
0
0
0
0
0
0
0
0
0
0
0
0
0
0
0
0
0
0
0
0
-425.652
-90.3628
-401.874
-73.3974
-353.119
-53.4819
-279.506
-18.4617
-162.532
30.2611
-40.6666
117.374
-112.81
73.9918
52.2468
159.409
198.373
206.113
5.68717
3.07154
11.2833
9.43554
18.2032
30.176
35.8871
45.8859
25.3428
23.3066
20.9084
23.0561
30.0164
27.2303
37.0476
30.4671
4.58292
1.89012
8.03633
3.11774
11.8403
6.74599
19.8847
23.7241
6.51216
23.2494
8.02748
22.0645
7.77595
20.0721
7.236
16.8975
6.59163
8.67642
3.39485
12.5305
4.90861
5.19769
2.03021
1.78534
0.654703
46.33
106.717
-1555.17
-488.843
5294.14
5159.18
2931.48
2709.86
4954.22
5908.17
291.128
-595.996
-857.863
-1251.98
-1564.49
417.321
333.313
221.136
181.802
-914.325
-477.268
-2246.98
-2474.14
332.969
247.805
-692.127
-769.352
-0.225467
0.0220875
0
0
0
0
0
0
0
0
0
0
0
0
0
0
0.421342
-0.19868
0
0
0
0
0
0
0
0
0
0
0
0
0
0
703.164
180.078
701.991
176.549
683.656
184.897
615.39
178.797
529.321
175.707
488.663
245.679
503.398
211.043
442.36
259.71
320.664
239.385
5.93364
3.11247
11.5028
9.6802
17.8368
30.3725
35.3705
45.5379
25.275
22.691
19.7585
21.8863
29.6454
26.7137
36.7553
30.2727
4.49011
1.59335
7.78816
2.77755
10.943
6.64083
17.7082
-24.3036
-6.67428
-23.7592
-8.2333
-22.4534
-7.96048
-20.3183
-7.3802
-17.0144
-6.68802
-8.67866
-3.41103
-12.5645
-4.95477
-5.19127
-2.02755
-1.77718
-0.642396
337.654
-726.981
1622.68
248.262
274.061
791.484
459.341
-0.643963
-0.165292
-0.161682
-0.717548
0
0
0
0
0
0
0
0
0
0.715284
0.236938
0.387009
0.80237
0
0
0
0
0
0
0
0
0
12206.9
12496.4
0
12206
12492.3
0
0
0
0
0
0
0
0
0
6986.58
12584.5
8243.38
12363.9
9439.03
11197.9
11603.3
14139.2
8467.41
14472.9
12816.3
13251.3
12217.3
11487.4
11128.5
10151.1
6129.32
1913.68
9728.91
6064.35
2034.52
8954.85
5559.89
1816.88
0
0
0
0
0
0
0
0
11986.1
8781.43
11943.2
8934.1
12356
9164.18
13748.4
14578.5
12762.7
7860.7
7299.8
7987.02
7070.25
8139.4
6838.03
5128.86
2134.89
619.329
5119.21
2279.8
700.217
4656.73
2201.4
566.822
-18.2269
-107.101
-88.4585
355.395
1062.57
377.547
922.299
117.476
21.1451
-3.92385
-58.55
-242.131
-676.631
-1176.88
-371.782
-916.16
-99.0433
6.42982
0
0
0
0
0
0
0
0
6943.21
12577
8245.21
12360.1
9439.15
11196.8
11602.4
14137.1
8466.97
14493.8
12848.9
13244.6
12212.1
11484.8
11125.1
10176.1
6141.81
1921.47
9725.38
6063.23
2034.38
8952.42
5558.65
1816.56
0
0
0
0
0
0
0
0
12015.3
8787.77
11935.2
8933.31
12348.5
9160.83
13743.6
14575
12757.8
7861.52
7305.94
7984.88
7069.92
8137.24
6836.48
5135.58
2141.01
621.657
5117.66
2279.95
700.26
4655.63
2201.04
566.796
-13.8522
-111.002
-90.0029
354.648
1062.23
377.492
922.164
117.437
21.098
-4.18905
-55.5271
-241.275
-676.285
-1176.77
-371.836
-916.168
-99.1097
6.36998
13827.9
13105
49.0259
31.024
19.0192
12.4671
9.67847
98.9157
56.0543
34.0555
22.4433
17.3094
3506.91
1860.39
14096.6
12712.5
-2496.41
46.1106
61.9708
32.2921
19.3897
12.7476
9.78413
91.169
54.2997
33.2007
21.7873
16.8692
0
0
0
0
0
10248.8
7970.6
9241.45
7946.26
9934.48
8710.48
5113.92
2696.51
705.493
6363.52
4161.98
1450.19
7465.61
5147.97
1774.7
-3833.97
-1918.77
-4593.77
-2213.47
-6209.41
-2734.2
-8611.2
-3260.38
3613.31
1702.4
2896.78
1868.37
763.849
538.304
497.269
463.813
1141.17
797.298
593.352
418.036
170.407
99.8836
60.6042
39.7099
30.6994
232.74
143.102
88.4204
58.3216
45.1366
256.444
621.563
877.014
958.641
1036.98
1254.44
232.022
196.93
149.863
93.7073
31.8782
562.133
476.869
362.705
226.701
77.1053
792.89
672.367
511.218
319.447
108.637
866.208
734.097
557.864
348.482
118.495
936.211
792.732
602.004
375.915
127.809
1130.97
956.308
725.499
452.848
153.964
1608.1
1428.81
1191.99
896.787
558.894
190.548
5891.06
4213.78
1580.99
6884.51
5081.42
1853.69
8627.58
6030.66
2143.42
11157.2
6894.1
2432.25
-1837.69
503.705
-442.504
996.07
10448.6
7366.68
10030.6
7061.5
8193.4
6764.85
4505.99
2236.08
471.981
4298.02
2050.29
468.1
4453.54
2128.32
568.392
910.336
593.621
292.64
90.6893
1143.23
806.219
526.838
358.349
153.447
96.6048
60.4976
40.1645
31.0805
236.7
143.673
88.8654
58.7822
45.4754
-1470.01
-1271.06
-1026.68
-747.5
-453.799
-152.496
-144.68
-511.061
-771.078
-866.245
-1002.88
-1167.96
-130.681
-110.683
-84.0414
-52.4535
-17.826
-461.837
-391.407
-297.396
-185.724
-63.1377
-696.524
-590.023
-448.106
-279.751
-95.088
-781.734
-661.469
-501.838
-313.057
-106.368
-903.572
-763.152
-577.986
-360.121
-122.287
-1049.24
-883.302
-667.029
-414.793
-140.732
14098.5
12713.7
-2505.12
38.4566
61.9592
32.2936
19.3963
12.7596
9.80634
91.0912
54.252
33.1646
21.7596
16.849
0
0
0
0
0
13825.1
13101.2
49.0322
31.0403
19.0372
12.4873
9.70705
98.8777
56.0327
34.0379
22.4289
17.2998
3509.06
1864.82
8102.09
51864.1
8029.77
37671.2
7733.33
31229.9
8035.99
27885.1
11524.1
6567.35
2141.82
11368.8
6580.72
2139.89
11127.5
6630.26
2208.47
11047.3
6834.33
2391.28
11158.1
6894.97
2432.6
175.099
67.0889
-306.456
250.049
-957.037
1550.36
-15.9335
23.903
1111.18
1050.55
90.2131
46.6734
32.3797
27.2475
526.213
277.132
225.205
212.271
17.2247
6.37796
3.12592
2.25293
134.793
51.2142
24.3322
17.1316
292.926
119.968
60.9206
44.2686
365.788
179.909
102.54
78.5804
308.288
216.256
139.554
109.833
308.988
280.313
209.105
170.264
232.669
234.931
175.144
143.748
372.056
318.519
238.159
195.313
424.666
344.649
263.006
218.796
11.3097
6.49777
3.88313
2.51354
1.92574
69.9454
40.6103
24.4822
15.9539
12.2585
98.242
63.7828
40.2336
26.8006
20.6805
99.7311
58.6457
35.947
23.7815
18.294
128.06
80.6389
50.6393
33.7166
26.0591
158.51
95.8458
59.2964
39.2314
30.2791
2.24087
1.14976
0.655854
0.413459
0.313997
16.6571
8.87662
5.16143
3.28372
2.50334
40.3851
22.0513
12.9702
8.29689
6.37515
312.898
244.938
272.537
466.43
1366.73
542.285
1357.85
118.241
20.9614
207.575
56.6196
14.4196
3.23287
0.515526
207.721
61.8615
15.164
3.58777
0.638097
216.282
63.6949
15.8331
3.59819
0.676618
293.077
76.9814
18.2286
4.08124
0.811537
450.425
98.2249
20.8868
4.34216
0.83232
151.799
31.3347
6.15151
1.17667
0.165486
307.886
59.7491
12.1064
2.50835
0.481501
42.9011
13.015
2.31353
0.459155
0.0544811
51.889
8.94193
0.587213
1.02622
-0.00434672
3486.31
4344.89
1812.94
2439.98
1940.95
2287.77
1010.15
1045.63
-1247.48
-3635.05
-2503.39
-1693.69
-1110.15
-924.879
-691.946
-427.657
-144.737
-1689.41
-1054.78
-643.505
-448.385
-224.892
-1629.45
-950.859
-553.028
-289.375
-95.437
-1420.57
-1113.05
-790.364
-472.588
-158.082
-7270.21
-2482.07
-7442.81
-2673.8
-7888.6
-3048.18
-8323.65
-3322.79
-8611.2
-3260.38
40.7227
45.6581
910.879
304.167
1608.35
-265.949
200.278
172.596
-29.5483
97.847
37.6041
29.9341
16.2642
5.18774
234.718
186.861
64.7335
-19.2106
1.09677
2.35926
1.61781
1.08526
15.6527
21.1102
15.9354
11.2572
81.219
62.7395
41.9271
28.6691
236.646
125.788
72.7475
46.9489
443.506
200.584
115.662
83.0931
541.87
321.103
221.633
182.587
580.868
275.225
166.148
129.314
489.454
344.652
259.277
217.617
444.017
352.234
269.258
225.775
9.37598
6.16524
3.92937
2.63772
2.0568
60.6781
39.0863
24.6583
16.4486
12.795
126.866
68.0881
40.3124
26.2181
20.3171
98.8212
57.3589
34.8741
22.8177
17.7271
149.31
84.4131
50.638
33.0501
25.6127
161.204
96.5058
59.1405
38.9001
30.1101
1.34751
1.02911
0.682468
0.467338
0.3665
12.5991
8.51621
5.46489
3.70116
2.89177
34.5617
21.9168
13.8233
9.31
7.22497
-355.467
-394.486
-521.524
-671.818
-1361.18
-514.736
-1262.43
-94.5208
8.16992
-224.035
-60.0393
-15.1498
-3.36325
-0.534802
-248.87
-69.7104
-16.5747
-3.83873
-0.681239
-280.475
-75.7949
-17.9809
-3.97499
-0.745888
-349.842
-88.7955
-20.4966
-4.50464
-0.89681
-472.845
-105.748
-22.6351
-4.69963
-0.910596
-145.382
-30.9925
-6.29345
-1.24026
-0.186754
-305.123
-62.1738
-12.95
-2.71454
-0.533051
-35.0208
-11.4954
-2.0828
-0.433937
-0.0537717
-42.4958
-6.87897
-0.180221
-0.955617
0.0165672
-261.81
-956.41
-1465.96
-1659.96
-1405.97
-608.932
734.057
2477.07
4260.82
5315.82
4685.57
2126.19
-236.113
-199.62
-151.307
-94.3143
-32.031
-863.482
-731.044
-554.945
-346.351
-117.711
-1323.05
-1119.72
-849.781
-530.314
-180.235
-1496.83
-1265.68
-959.92
-598.866
-203.523
-1265.96
-1068.94
-809.934
-505.142
-171.689
-547.021
-460.921
-348.831
-217.565
-73.991
657.061
552.006
417.295
260.522
88.7651
2205.21
1845.22
1393.97
872.874
298.755
3763.11
3132.67
2367.5
1491.98
515.511
4645.88
3844.64
2910.85
1853.11
650.541
4057.97
3344.05
2539.55
1633.84
582.948
1849.46
1534.31
1174.06
760.528
272.882
492.108
1180.49
1673.84
1834.14
1523.18
647.996
-764.213
-2510.85
-4177.06
-4994.8
-4095.83
-1362.78
445.135
377.73
287.414
179.712
61.1376
1067.06
904.71
687.817
429.805
146.174
1512.25
1281.49
973.853
608.398
206.895
1655.85
1402.16
1065.01
665.223
226.222
1373.46
1161.74
881.814
550.751
187.334
583.126
492.374
373.427
233.293
79.4107
-685.391
-577.153
-437.334
-273.536
-93.2915
-2239.32
-1877.85
-1421.85
-891.995
-305.63
-3691.8
-3076.63
-2328.65
-1469.98
-508.62
-4354.89
-3596.66
-2721.51
-1734.84
-610.576
-3511.46
-2866.57
-2164.99
-1393.61
-499.984
-1134.07
-902.029
-671.911
-434.322
-158.898
1374.81
0
1929.24
1234.64
1040.09
787.139
491.03
167.04
0
0
0
0
0
1697.48
1404.71
1052.66
656.575
224.652
8097.33
51875.4
8013.76
37667.8
7700.32
31213
8013.09
27279.6
11529.5
6575.85
2144.73
11365.6
6579.07
2139.63
11125.6
6628.96
2208.11
11046.1
6833.33
2390.93
11157.2
6894.1
2432.25
150.186
72.4703
-305.769
214.018
-946.61
1558.55
-5.57689
22.3006
1083.13
1042.66
76.2556
39.376
27.3755
22.9878
523.978
276.277
224.587
211.832
15.2195
5.56275
2.68486
1.88334
133.685
50.9178
24.2301
17.178
292.646
119.844
60.8862
44.2786
365.624
179.809
102.498
78.5617
308.205
216.19
139.516
109.804
309.049
280.337
209.112
170.261
232.666
234.909
175.122
143.725
372.178
318.592
238.201
195.339
424.835
344.765
263.081
218.85
9.43255
5.44151
3.26448
2.12124
1.62866
69.9452
40.5759
24.469
15.9623
12.2714
98.2236
63.7678
40.2196
26.7879
20.6691
99.6944
58.6205
35.925
23.7621
18.2773
128.06
80.6348
50.6335
33.7105
26.0537
158.536
95.8589
59.3033
39.2354
30.2822
1.83872
0.951099
0.546944
0.347746
0.263603
16.7162
8.88465
5.16832
3.29405
2.5158
40.4215
22.0885
13.0077
8.33643
6.42243
315.456
240.574
271.434
465.846
1366.42
542.227
1357.7
118.205
20.9238
208.86
57.2938
14.4808
3.25224
0.527481
204.983
61.0381
14.9694
3.53777
0.626293
215.821
63.5462
15.7927
3.58861
0.674203
292.831
76.9013
18.2052
4.07524
0.809917
450.274
98.1756
20.872
4.33817
0.831184
151.757
31.319
6.14652
1.17524
0.165039
307.802
59.7203
12.0976
2.50588
0.480758
42.8768
13.0061
2.31066
0.458331
0.0542211
51.8738
8.93677
0.585629
1.02585
-0.00447357
3485.84
4344.62
1814.31
2442.07
1939.7
2286.53
951.511
983.134
-1247.44
-3635.17
-2503.44
-1693.68
-1110.11
-924.847
-691.921
-427.641
-144.731
-1689.49
-1054.85
-643.578
-448.45
-224.91
-1629.49
-950.898
-553.064
-289.401
-95.4457
-1420.55
-1113.03
-790.351
-472.58
-158.079
-7268.08
-2481.75
-7441.74
-2673.06
-7888.11
-3047.91
-8323.43
-3322.66
-8611.12
-3260.3
16.7508
17.6483
934.232
343.624
1610.42
-261.655
159.567
143.586
-5.27618
103.388
31.5733
25.2828
13.6867
4.39149
236.124
187.333
65.0139
-19.2682
0.484945
1.96663
1.4171
1.01727
16.8961
21.2917
15.9368
11.105
81.5699
62.8438
41.9202
28.619
236.866
125.907
72.7794
46.9514
443.68
200.712
115.727
83.1345
542.06
321.257
221.742
182.674
581.039
275.365
166.239
129.385
489.656
344.809
259.388
217.705
444.214
352.379
269.358
225.851
8.00369
5.21945
3.30889
2.21188
1.72105
60.3088
38.9338
24.5647
16.3711
12.7289
126.937
68.1334
40.3462
26.2449
20.3397
98.9004
57.4106
34.9144
22.8501
17.7543
149.376
84.4544
50.6674
33.0726
25.6313
161.256
96.5362
59.1606
38.9148
30.122
1.17096
0.869298
0.569413
0.386478
0.303522
12.4781
8.49325
5.45178
3.68691
2.87619
34.5265
21.8883
13.7937
9.27607
7.18199
-355.673
-391.327
-520.955
-671.554
-1361.08
-514.773
-1262.42
-94.5712
8.12131
-224.902
-60.6622
-15.1997
-3.381
-0.546651
-246.193
-68.8729
-16.3748
-3.78735
-0.669122
-280.178
-75.669
-17.9428
-3.96554
-0.743441
-349.734
-88.7435
-20.4778
-4.49929
-0.895272
-472.801
-105.725
-22.6255
-4.69655
-0.909619
-145.383
-30.9897
-6.29166
-1.23954
-0.186474
-305.106
-62.1635
-12.9454
-2.71291
-0.532485
-35.0316
-11.4965
-2.08249
-0.433713
-0.0536642
-42.5133
-6.88268
-0.180897
-0.955784
0.0165516
-261.793
-956.363
-1465.9
-1659.88
-1405.91
-608.905
734.025
2476.96
4260.64
5315.6
4685.39
2126.12
-236.098
-199.607
-151.296
-94.3076
-32.0287
-863.439
-731.007
-554.917
-346.333
-117.705
-1322.99
-1119.67
-849.74
-530.288
-180.226
-1496.76
-1265.62
-959.875
-598.837
-203.514
-1265.9
-1068.89
-809.895
-505.118
-171.68
-546.996
-460.9
-348.815
-217.555
-73.9874
657.031
551.98
417.274
260.509
88.7605
2205.11
1845.13
1393.9
872.828
298.739
3762.94
3132.51
2367.38
1491.9
515.482
4645.67
3844.45
2910.69
1853.01
650.504
4057.8
3343.9
2539.43
1633.76
582.918
1849.41
1534.27
1174.03
760.507
272.874
492.093
1180.45
1673.77
1834.06
1523.12
647.97
-764.182
-2510.74
-4176.88
-4994.58
-4095.63
-1362.7
445.122
377.719
287.405
179.707
61.1358
1067.02
904.676
687.791
429.788
146.168
1512.19
1281.44
973.814
608.374
206.887
1655.78
1402.1
1064.97
665.195
226.213
1373.41
1161.69
881.778
550.728
187.326
583.102
492.353
373.411
233.283
79.4073
-685.362
-577.128
-437.315
-273.524
-93.2873
-2239.22
-1877.77
-1421.78
-891.953
-305.615
-3691.64
-3076.48
-2328.53
-1469.9
-508.593
-4354.68
-3596.47
-2721.36
-1734.74
-610.54
-3511.27
-2866.4
-2164.85
-1393.51
-499.949
-1133.98
-901.947
-671.84
-434.272
-158.879
1374.76
0
1929.19
1234.6
1040.05
787.112
491.013
167.035
0
0
0
0
0
1697.43
1404.67
1052.63
656.557
224.645
5891.97
4214.47
1581.26
6885.54
5082.24
1854
8628.63
6031.54
2143.77
11158.1
6894.97
2432.6
-1843.33
502.646
-447.801
994.171
10450.4
7367.83
10033
7062.89
8195.76
6766.32
4506.74
2236.51
472.121
4298.83
2050.72
468.231
4454.43
2128.75
568.513
910.256
593.582
292.605
90.6963
1142.65
805.956
526.699
358.294
153.448
96.6063
60.4987
40.1638
31.0728
236.672
143.658
88.8567
58.7761
45.4678
-1470.04
-1271.09
-1026.7
-747.518
-453.81
-152.5
-144.689
-511.086
-771.113
-866.282
-1002.92
-1168.01
-130.69
-110.691
-84.0469
-52.4569
-17.8272
-461.859
-391.426
-297.411
-185.733
-63.1408
-696.556
-590.051
-448.127
-279.764
-95.0924
-781.769
-661.499
-501.861
-313.072
-106.373
-903.61
-763.185
-578.011
-360.137
-122.293
-1049.28
-883.338
-667.057
-414.81
-140.738
10247.5
7969.6
9240.4
7945.23
9933.4
8709.17
5113.16
2696.01
705.326
6362.59
4161.35
1449.98
7464.37
5147.14
1774.42
-3833.27
-1918.52
-4593.17
-2213.25
-6209.02
-2734.04
-8611.12
-3260.3
3615.81
1704.25
2900.39
1870.5
764.766
538.754
497.493
463.944
1142.14
797.768
593.595
418.177
170.46
99.9183
60.6284
39.7259
30.7051
232.809
143.143
88.4486
58.3415
45.1499
256.437
621.539
876.98
958.603
1036.94
1254.4
232.014
196.924
149.858
93.7044
31.8772
562.111
476.851
362.691
226.693
77.1024
792.859
672.341
511.198
319.434
108.633
866.174
734.069
557.842
348.468
118.491
936.175
792.702
601.981
375.9
127.804
1130.92
956.273
725.472
452.831
153.958
1608.06
1428.77
1191.96
896.761
558.878
190.543
)
;
    }
    patch2
    {
        type            calculated;
        value           nonuniform List<scalar> 
348
(
-0.793381
-0.79239
691.98
203.542
-100.305
149.432
-515.652
-132.629
175.456
-57.7438
691.908
203.522
-100.305
149.413
-515.609
-132.616
175.453
-57.733
883.878
272.055
64.3966
-55.8502
-91.1018
-110.355
-27.0258
6627.57
1103.32
970.983
521.713
86.1544
71.4465
508.197
7.64632
-35.6405
-21.8552
-61.0166
3972.73
754.16
270.671
175.087
506.366
298.684
92.1249
183.016
-153.779
-91.3265
115.138
90.6855
3174.42
680.773
1069.77
470.641
552.595
-16.8769
-67.6052
-106.148
-124.887
-112.061
-46.6076
-27.5886
-104.413
-158.303
-174.28
-140.118
-48.5192
-14.3987
-15.4887
-54.3755
-54.8245
-77.7587
-76.8505
-74.9822
-70.6355
-66.9284
-63.3572
-52.1359
-45.9472
102.879
269.039
443.638
315.385
265.377
132.755
97.3442
280.54
454.679
527.824
439.356
206.539
37.8742
88.2874
126.153
143.912
129.731
64.7073
56.6662
132.641
184.462
196.596
156.773
59.5193
30.9726
29.4896
70.3219
68.3296
92.2626
89.0566
87.0317
80.0481
77.8667
65.5409
70.5232
52.1821
-82.4753
-238.397
-388.651
-229.23
-152.799
-7.71833
-88.5509
-266.557
-421.975
-464.844
-344.256
-90.9076
-651.756
-110.443
-23.4895
91.5012
127.546
162.654
77.0377
-7192.17
-789.803
-830.758
-261.972
11.0567
-600.242
95.5231
281.932
143.712
-4079.48
-594.883
-118.205
-90.4826
-481.759
-171.388
-29.6148
-125.845
263.913
170.42
-70.7133
-23.0571
-3098.21
-556.113
-852.997
-338.367
-467.755
883.865
272.059
64.3896
-55.8495
-91.0996
-110.352
-27.0285
6626.95
1103.16
970.862
521.618
86.1234
71.4255
508.132
7.62281
-35.6536
-21.873
-61.0176
3972.4
754.078
270.629
175.063
506.316
298.656
92.1154
182.998
-153.778
-91.3284
115.12
90.6708
3174.2
680.735
1069.7
470.611
552.554
-16.8756
-67.6016
-106.143
-124.881
-112.056
-46.6063
-27.5865
-104.408
-158.295
-174.272
-140.112
-48.5172
-14.3975
-15.4876
-54.3727
-54.8218
-77.755
-76.8468
-74.9787
-70.6322
-66.9257
-63.3545
-52.1345
-45.9456
102.872
269.022
443.61
315.369
265.371
132.76
97.3384
280.524
454.653
527.796
439.337
206.536
37.8732
88.2842
126.148
143.907
129.726
64.7057
56.6645
132.636
184.455
196.588
156.767
59.5174
30.9717
29.4887
70.3193
68.327
92.259
89.0531
87.0284
80.045
77.864
65.5385
70.5214
52.1804
-82.4695
-238.382
-388.626
-229.21
-152.778
-7.70434
-88.5458
-266.542
-421.95
-464.814
-344.229
-90.8929
-651.669
-110.412
-23.4849
91.4997
127.542
162.65
77.038
-7191.92
-789.763
-830.716
-261.955
11.0618
-600.217
95.5234
281.927
143.709
-4079.29
-594.843
-118.188
-90.4714
-481.733
-171.368
-29.6077
-125.834
263.907
170.417
-70.7061
-23.0507
-3098.02
-556.064
-852.92
-338.333
-467.722
6038.77
1547.63
409.398
5982.07
1598.98
442.622
5808.18
1609.58
374.718
5730.21
1560.85
232.807
6178.08
1437.32
347.071
-8206.67
-861.695
-7969.81
-893.753
-7251.57
-720.773
-6825.46
-905.487
-7164.26
-872.024
6045.49
1557.15
411.812
5979.61
1597.31
442.659
5807.36
1608.91
374.576
5729.53
1560.48
232.69
6177.43
1437.09
347
-8203.31
-864.814
-7964.11
-890.017
-7251.15
-720.108
-6825.32
-905.322
-7164.1
-871.977
)
;
    }
    patch3
    {
        type            calculated;
        value           nonuniform List<scalar> 
96
(
-137.916
-548.335
-861.062
-1014.51
-912.486
-380.252
-225.872
-848.553
-1287.2
-1419.85
-1144.23
-395.642
844.032
2203.98
3570.28
2527.42
2326.31
1121.76
804.329
2316.22
3741.24
4326.47
3606.78
1643.82
304.532
711.892
1018.27
1162.4
1047.41
516.842
455.964
1070.97
1491.69
1592.18
1270.91
478.959
-688.439
-1967.05
-3159.34
-1976.17
-1649.87
-380.016
-735.019
-2203.14
-3490.98
-3876.68
-2960.26
-873.539
-137.905
-548.307
-861.022
-1014.46
-912.448
-380.241
-225.856
-848.51
-1287.14
-1419.78
-1144.18
-395.627
843.984
2203.87
3570.11
2527.31
2326.22
1121.74
804.29
2316.11
3741.07
4326.29
3606.65
1643.78
304.523
711.866
1018.24
1162.36
1047.37
516.828
455.95
1070.93
1491.63
1592.12
1270.86
478.942
-688.398
-1966.95
-3159.18
-1976.05
-1649.77
-379.967
-734.983
-2203.03
-3490.82
-3876.49
-2960.1
-873.471
)
;
    }
    patch4
    {
        type            calculated;
        value           nonuniform List<scalar> 
384
(
31492.9
32384.3
33593.5
61894
90368.2
55640.9
43401.1
39186.8
-54289.7
-44601
-70925.7
-89737.5
30743.7
32414.3
33624.8
61919.3
90402.7
55664
43410.1
38232.3
-53681.3
-44721.6
-71050.9
-89076.2
36510.3
11352.6
55586.9
17668.5
-41315.7
-12783.4
-59169.7
-18833.3
36520.7
11354.5
55599.9
17671.8
-41352.8
-12792.2
-59201.5
-18841.3
23957.6
8320.53
-28553.2
-9580.72
11598.5
4449.78
4055.82
1519.12
-14619.5
-5515.58
-5070.17
-1892.21
-28521.9
-9573.41
23974.3
8323.86
22653.3
15559
21955
15258.8
24982.8
8270.18
10113.3
3743.35
9147.02
3256.99
-38327.9
-27028
-32335
-23516.9
-29719.7
-9792.39
-16674.7
-5917.05
-13797.4
-4792.31
22114.3
15212.7
22012
15312.6
24996.7
8272.89
9894.9
3662.52
9184.57
3270.4
-37833.5
-26674.1
-32430.8
-23590.2
-29751
-9800.69
-16453.4
-5833.17
-13844.1
-4808.82
-14602.4
-5509.45
-5065.45
-1890.5
11609.1
4453.99
4058.29
1520.12
18002.3
12846.6
-17930.1
-12802.9
18002.3
12846.9
-17930.2
-12803.3
2685.77
3185.84
3171.64
3061.11
4262.21
2984.39
3703.42
1240.29
3260.36
5447.17
5803.25
9262.5
1892.16
3135.26
827.784
1162.75
-4536.33
-5219.19
-4703.21
-4531.58
-5377.37
-3968.67
-4539.05
-1585.76
-3757.53
-5566.66
-6301.53
-9383.72
-2254.63
-3220.25
-1097.45
-1226.43
2659.57
3131.12
3172.08
3066.23
4262.35
2986.49
3706.64
1241.09
3260.87
5447.44
5803.52
9262.86
1892.7
3135.44
827.875
1162.76
-4525.33
-5176.05
-4702.18
-4537.76
-5376.38
-3971.25
-4543.67
-1587.21
-3758.14
-5567.04
-6301.48
-9384.08
-2255.58
-3220.61
-1097.96
-1226.62
4766.46
14062.9
5886.87
14781.3
7636.88
14520.8
8907.4
-6224.36
-15164.4
-7148.17
-15509.8
-8521.53
-14771.3
-9618.12
4736.08
14053
5889.8
14778.3
7637.56
14520.1
8908.08
-6208.68
-15176.9
-7150.12
-15507.3
-8521.25
-14771
-9618.39
11451.3
11249.9
10765.1
9839.41
8178
4134.81
6020.75
2457.63
830.527
-12109.7
-11784.4
-11093
-9964.38
-8183.45
-4121.69
-6003.89
-2449.18
-824.406
11410.3
11249.5
10766
9839.49
8178.13
4134.98
6020.94
2457.74
830.56
-12074.1
-11785.6
-11095
-9965.05
-8183.89
-4121.93
-6004.22
-2449.33
-824.462
2442.86
2383.98
2263.42
2051.09
1696.05
889.651
1274.24
533.801
180.7
-2545
-2468.43
-2318.26
-2075.92
-1700.85
-887.172
-1272.2
-532.069
-179.438
2430.94
2383.53
2263.56
2051.07
1696.05
889.681
1274.26
533.823
180.706
-2533.53
-2468.21
-2318.6
-2076.03
-1700.93
-887.221
-1272.27
-532.099
-179.449
549.186
534.12
504.894
455.92
377.152
200.973
285.712
121.095
41.0288
-567.615
-549.69
-515.624
-461.533
-378.912
-200.602
-285.7
-120.776
-40.7771
546.397
533.95
504.893
455.899
377.144
200.978
285.714
121.1
41.03
-564.869
-549.552
-515.66
-461.538
-378.921
-200.612
-285.711
-120.782
-40.7796
122.288
118.693
111.949
100.933
83.5608
44.8565
63.5082
27.127
9.20914
-125.736
-121.661
-114.092
-102.167
-84.0437
-44.8174
-63.5855
-27.0762
-9.16353
121.665
118.644
111.942
100.924
83.5569
44.8572
63.5077
27.1277
9.20935
-125.116
-121.616
-114.092
-102.164
-84.0434
-44.8192
-63.5871
-27.0775
-9.16406
30.7915
29.939
28.2467
25.4581
21.0866
11.3914
16.0693
6.90924
2.3491
-31.5245
-30.5824
-28.7299
-25.7566
-21.2205
-11.3916
-16.1044
-6.90179
-2.34064
30.6329
29.9243
28.2432
25.4549
21.0851
11.3915
16.0689
6.90936
2.34913
-31.366
-30.5685
-28.7277
-25.7545
-21.2197
-11.392
-16.1045
-6.90206
-2.34077
)
;
    }
}


// ************************************************************************* //
