/*--------------------------------*- C++ -*----------------------------------*\
| =========                 |                                                 |
| \\      /  F ield         | OpenFOAM: The Open Source CFD Toolbox           |
|  \\    /   O peration     | Version:  2306                                  |
|   \\  /    A nd           | Website:  www.openfoam.com                      |
|    \\/     M anipulation  |                                                 |
\*---------------------------------------------------------------------------*/
FoamFile
{
    version     2.0;
    format      ascii;
    arch        "LSB;label=32;scalar=64";
    class       volScalarField;
    location    "0.6";
    object      gradTx;
}
// * * * * * * * * * * * * * * * * * * * * * * * * * * * * * * * * * * * * * //

dimensions      [0 -1 0 1 0 0 0];

internalField   nonuniform List<scalar> 
5322
(
-0.249019
0.00648146
0.00772484
0.0006957
-0.000226116
-0.000254126
-7.84259e-05
4.67847e-05
9.23614e-06
-0.000225245
-0.000899765
0.00965427
0.014855
-0.204637
-0.00539755
0.356471
-0.280097
-0.00434236
-0.213926
0.138618
-0.188432
0.165198
-0.174749
0.177578
-0.180026
0.17521
-0.175637
0.184972
-0.182403
0.185509
-0.176048
0.203595
-0.15276
0.2373
0.00487964
0.302417
0.21334
-0.0850174
0.238625
-0.0137526
-0.226329
0.227526
-0.0137785
-0.242066
0.240582
-0.00827747
-0.257286
0.224866
-0.00565192
-0.269704
-0.266251
-0.386221
-0.121383
0.257505
-0.0164819
-0.424791
-0.0121676
0.405744
-0.00487561
-0.405478
-0.00175233
0.395151
-0.00226546
-0.398267
-9.40007e-05
0.389177
0.00502172
-0.394413
0.0173406
0.323218
0.0134021
-0.341565
0.387091
-0.400486
0.385514
-0.392609
0.393329
-0.39261
0.446956
-0.322524
0.157485
-0.211021
-0.137031
0.235507
0.0240121
-0.130796
0.157397
-0.424897
-0.157708
0.502415
-0.0217198
0.00896821
0.0164969
0.0762379
0.354186
-0.0814175
-0.00886491
-0.0394133
0.162256
-0.376619
-0.376891
0.835324
-0.038803
0.273257
0.444893
-0.00430925
0.0028503
0.00366861
0.00218668
0.00104429
0.000398465
-0.000116255
-0.00104808
-0.00254623
0.00397931
-0.00134976
-0.117663
-0.116059
0.0123192
0.0739567
0.00418651
0.112774
-0.134889
-0.0101014
-0.0311019
0.209125
0.17201
0.0478093
0.134504
0.0869215
0.0660856
0.144411
0.0728783
0.0781899
0.146925
0.063799
0.123071
0.167014
0.189332
0.00814206
-0.138785
0.0076406
0.0924984
-0.112069
-0.120269
0.0172274
0.0496605
0.0273096
-0.0941233
-0.103455
0.0193946
0.0307772
0.0371057
-0.102092
-0.0968554
0.0195573
0.020219
0.058771
-0.111993
0.146154
-0.31524
-0.422481
0.364905
-0.428121
-0.0179753
-0.293853
0.00244622
0.286195
-0.0686963
0.340613
0.168837
0.25178
-0.377712
0.147306
-0.32546
0.216945
0.282827
-0.3467
0.00804672
-0.294758
0.260364
0.324081
-0.345765
-0.0017453
-0.289798
0.277216
0.338674
-0.349001
-0.000163833
-0.291231
0.28553
0.346772
-0.35569
0.000702326
-0.29695
0.289251
0.352571
-0.366536
0.00117963
-0.306784
0.289369
0.356631
-0.381175
0.00187135
-0.318841
0.285346
0.358246
-0.394928
0.00339379
-0.326442
0.273225
0.341034
-0.073511
0.155034
-0.37375
-0.381144
0.840339
-0.0295223
-0.0322607
0.0184973
0.0823267
0.351947
-0.0640212
-0.00527144
-0.0716672
0.147769
-0.380738
-0.374584
0.835494
-0.0469577
0.273315
-0.00918133
0.00477497
0.00439974
0.00279239
0.00142651
0.000603639
-5.1186e-06
-0.000965873
-0.00231184
0.00397167
-0.00123795
0.0934838
-0.103772
0.103413
-0.0939129
0.000192676
0.0940138
-0.0888332
-0.000492129
-0.11183
6.46952e-05
-0.0940283
-7.04331e-05
0.0886121
0.00348649
0.104449
-0.00853144
-0.11293
0.000366969
0.11168
-0.000112182
-1.42549e-05
0.19789
-0.340453
0.340053
-0.336323
0.354704
-0.363802
0.381751
-0.382157
0.390195
-0.39072
0.396686
-0.397703
0.404611
-0.404638
0.414253
-0.41081
0.423391
-0.410276
0.425158
-0.229271
0.00489854
0.2315
0.00627937
-0.414697
0.399349
0.00209446
-0.411211
0.401512
0.00141216
-0.402586
0.395872
0.000931344
-0.393483
0.38888
0.000639309
-0.385717
0.381898
0.000645722
-0.378709
0.373834
0.00100942
-0.368857
0.35797
0.00113855
-0.341068
0.000205301
0.340964
-0.358176
-0.00160017
-0.354166
0.335823
-0.000632251
-0.199572
-0.0129648
0.203003
-0.352574
0.341062
-0.360016
0.362949
-0.370892
0.372414
-0.376151
0.379653
-0.381652
0.388508
-0.387555
0.400108
-0.391357
0.412575
-0.384757
0.417249
-0.225997
-0.0490792
0.0980168
0.0122449
-0.387388
0.345439
0.00469222
-0.37441
0.358693
0.000548184
-0.356442
0.3521
-0.000565775
-0.34632
0.344195
-0.000721051
-0.340181
0.338991
-0.00181447
-0.335162
0.335958
-0.0043783
-0.327592
0.329059
-0.0099396
-0.303168
0.277123
0.00594996
-0.100334
0.170751
0.280799
0.0087841
0.0349151
-0.0513176
0.143807
-0.443553
0.33721
-0.423803
-0.285387
-0.352894
0.00945051
0.231856
0.256465
-0.368512
0.142424
-0.330679
-0.0246139
0.0176653
-0.133741
0.0114427
-0.00539936
-0.141855
0.0143497
-0.022979
-0.335553
-0.363925
0.263082
-0.341914
0.00416924
0.313069
-0.342609
0.332553
-0.346533
0.00192559
0.342786
-0.353782
0.348982
-0.365032
0.01298
0.35236
-0.378301
0.351703
-0.386486
0.0798413
0.018282
0.0113172
0.0119559
0.00537982
0.0136875
0.364269
-0.388199
0.00394286
-0.314871
0.262216
0.3654
-0.387915
0.00803901
-0.340623
0.239549
0.47893
-0.0551659
0.0101459
-0.408794
-0.37751
0.791486
-0.0495518
0.0126766
0.0214421
-0.236765
0.0535733
0.182406
-0.18884
0.0153181
0.192382
-0.174351
0.00232352
0.184242
-0.17595
-0.000395511
0.173669
-0.168469
-0.00452672
0.178753
-0.161138
-0.0109245
0.186933
-0.125836
-0.0181231
0.219911
0.0834247
0.0616688
-0.016155
-0.00839523
0.0869124
-0.0381802
0.392556
-0.421036
0.413606
-0.424599
-0.274882
-0.356494
-0.000290881
0.270666
0.34149
-0.352501
-0.00152825
-0.273101
0.00203142
9.31091e-05
0.00289177
-0.000393075
0.00554003
0.0224325
0.020676
0.0372088
-0.0120347
0.00550011
0.156447
0.248304
0.207119
0.0700448
0.315236
0.125375
0.0593008
0.0182036
0.0105103
-0.00667367
-0.00534405
0.00216497
0.00606782
-0.0501321
-0.000614423
0.0585164
-0.0539658
0.423913
-0.432253
0.43273
-0.447677
-0.293606
-0.375992
0.00183395
0.275754
0.359654
-0.364194
0.000797471
-0.281385
0.00365232
0.00164424
0.000303414
0.000101501
0.000248762
0.00134383
0.00200578
0.00133491
0.0046179
0.00695476
0.0679957
-0.00106107
-0.000602206
-0.00214598
0.00042731
0.000917607
-0.00884983
0.0205485
-0.236796
-0.00069973
0.00318273
0.000151862
-0.00320059
0.363878
-2.57829e-05
-0.381565
0.36884
-0.373833
-0.00129487
0.382747
5.85259e-05
-0.390104
0.379024
-0.38158
-0.000528777
0.391713
0.000289196
-0.396442
0.386528
-0.388065
5.53553e-05
0.399257
0.000512524
-0.404182
0.394998
-0.394308
0.00063245
0.407036
0.000466381
-0.413505
0.404944
-0.3989
0.00149679
0.413653
-0.000686178
-0.421629
0.413865
-0.396213
0.00237586
0.410648
-0.00359252
-0.421635
0.41567
-0.229678
-0.000300723
0.228031
-0.0141542
-0.0297924
-0.0305676
-0.0329935
-0.40448
0.0994976
0.0868336
-0.034161
-0.0702603
-0.0340925
-0.449829
0.0952757
-0.119468
-0.196382
-0.0691466
-0.0567042
-0.0607092
-0.0269117
-0.0123942
0.00280942
-0.00184531
-0.0110261
-0.012879
-0.0079512
-0.0131367
-0.0240939
0.00365157
0.183751
0.2152
0.211059
0.243171
0.300954
0.286533
0.223945
0.225421
0.147141
-0.130833
0.0422236
-0.0153477
-0.0107477
0.0383257
-0.114059
-0.000310495
-0.000177835
-0.000367162
3.26188e-05
-0.0720634
-0.0821105
-0.0813795
-0.0729446
0.0723154
-0.061366
0.00228418
0.081759
-0.0705249
-0.0708085
0.0022668
0.0814552
-1.20903e-06
1.7907e-05
4.11205e-05
4.49702e-05
-0.00216037
0.00288628
-0.0014661
-0.000802855
-8.34276e-05
0.000493937
0.00122034
0.00484219
0.0034365
0.00127063
0.00870739
-0.00275546
0.0526747
-0.0750904
0.446901
-0.465128
0.467764
-0.00940867
-0.137137
-0.0208583
0.0377952
-0.00372786
-0.00771713
-0.00325446
-0.0283007
-0.0577001
-0.114354
-0.261489
-0.267518
-0.661243
-0.308242
-0.269009
-0.00882618
-0.105927
0.0843708
-0.538505
-0.322414
-0.151362
0.243118
0.0195587
0.012464
-0.253759
0.268408
0.00158863
-0.0319
-0.278614
0.269681
0.000476031
-0.0355298
-0.271903
0.268806
0.002309
-0.0581185
-0.259437
0.191684
-0.153768
0.126693
0.0961049
0.282563
-0.132771
-0.076545
0.0419617
0.169164
-0.549829
-0.0302705
-0.321709
0.283016
0.261791
0.248924
0.312705
0.150011
0.0331773
0.12013
0.181089
0.297966
-0.135702
0.0284222
0.217014
-0.18326
0.000365831
0.18628
-0.185596
-0.00221546
0.177481
-0.178549
-0.0012546
0.173567
-0.174225
-0.00109015
0.170649
-0.173376
-0.00237329
0.163089
-0.181529
-0.0142605
0.137404
-0.209157
-0.0778252
-0.0031841
-0.281176
-0.17408
0.101581
-0.277308
0.307334
-0.327037
0.00921088
-0.341864
0.352025
-0.00532291
-0.202794
0.0129547
0.199879
-0.197717
0.000708829
0.00117438
0.000346837
0.000282308
0.000437904
0.000416038
0.000213748
0.000398542
0.000924057
0.000529916
0.00341259
0.000253519
0.0562471
-0.0590797
-0.00147982
-0.000221161
0.00325374
0.00123513
0.273908
0.35277
0.00175935
-0.290323
0.285765
0.000818235
-0.296252
0.288684
0.00130488
-0.307091
0.288033
0.00202834
-0.32197
0.28318
0.00339271
-0.334613
-0.0131926
-0.00999821
-0.0628432
-0.0624638
-0.105862
-0.0518175
-0.0260906
-0.0125485
-0.00858523
-0.0147207
-0.0254819
0.00115062
0.179265
0.208048
0.202034
0.287025
0.17187
0.0014773
-0.0205378
-0.011772
-0.00730189
-0.0109803
-0.0233724
-0.0483289
-0.0988615
-0.231791
-0.246347
-0.437184
-0.331368
-0.104982
-0.105635
0.222307
0.0258357
-0.0273246
-0.0217374
0.10955
0.00445994
-0.0874409
-0.0836755
0.0866186
-6.27777e-05
-0.0966317
-0.0924748
0.0758521
-0.000350484
-0.120114
-0.114598
0.0368169
-0.153186
0.0982468
0.0952613
0.0996844
0.0867476
-0.134112
0.00950369
0.0495404
-0.152325
0.0364331
-0.146653
0.172011
-0.396053
-0.0208905
-0.381123
0.261503
0.270282
0.269652
0.264604
0.260876
0.263075
-0.412341
-0.0245458
-0.371982
0.264118
0.282868
0.265265
0.279222
-0.0206678
-0.396655
-0.39415
0.172419
0.270612
0.240019
0.236704
0.294768
0.283269
0.226441
0.0685412
0.149147
0.0609525
-0.0325211
0.0732925
0.0115994
-0.0534814
0.0544208
0.0026638
-0.0541519
0.0526737
0.000627113
-0.054235
0.0511802
7.37423e-05
-0.0518086
0.0520762
-0.000470307
-0.05243
0.0498762
-0.00327834
-0.0542889
0.0469208
-0.0124176
-0.0716085
0.0272506
-0.0566551
-0.137652
-0.0656753
-0.204141
-0.24598
-0.250994
-0.169016
-0.124212
-0.191011
-0.0080478
0.139694
-0.105534
0.0102607
0.115795
-0.115482
0.00487489
0.120684
-0.123777
-0.00409739
-0.00832349
-0.214722
-0.000686719
-0.348543
0.000411609
-0.34601
0.00185841
0.362909
-0.368369
0.00041616
-0.36671
0.00437154
0.373646
-0.3388
0.000230446
0.340922
0.00187273
-0.342438
0.000291361
0.344966
0.00130764
-0.347113
0.000375201
0.349743
-0.000489057
-0.352716
0.000490526
0.355438
-0.000803956
-0.358956
0.000868479
0.362065
-0.00523602
-0.361931
0.00307183
0.365452
-0.00711198
-0.00840959
-0.455831
-0.32953
0.00804005
0.420741
-0.00299216
-0.443125
-0.307434
0.0066721
0.429403
-0.00111263
-0.433225
-0.297696
0.00279374
0.426286
-0.000848808
-0.425308
-0.290636
0.000631293
0.422233
0.000414157
-0.417029
-0.285093
-0.00137424
0.417849
0.000552289
-0.408263
-0.279279
-0.00461224
0.416533
0.00258523
-0.388614
-0.269889
-0.00498353
0.420197
0.00933893
-0.33594
-0.237505
0.0220463
0.441437
0.0532585
-0.0381092
0.101947
-0.174565
-0.282281
-0.00268274
-0.0790784
0.0013505
0.242097
-0.019992
0.00339516
-0.203985
0.0009142
0.349417
-0.341597
-0.0021345
-0.344596
0.00965809
-0.331497
-0.000533932
0.334441
0.00757225
0.00271842
0.000701658
0.00396777
0.360112
0.00248244
-0.00306753
-0.0892852
-0.00025058
0.0965104
-0.000130769
0.000317619
0.000435431
-0.0153703
-0.0177667
-0.012733
-0.139129
0.0138743
-0.0228761
0.00197238
0.00228226
0.00412697
0.318677
0.262998
0.00134975
-0.00233612
-0.0115443
-0.0138961
0.232143
0.00883372
-0.296349
0.266364
-0.00156927
-0.289372
0.279201
-0.000100161
-0.000570983
0.000730157
0.00330683
0.000777056
0.00205082
0.00456237
0.00199866
0.000846991
0.000751377
0.00369416
4.37513e-05
0.000713851
0.00196346
-0.293708
0.259425
0.41145
-0.426244
0.422673
-0.429363
-0.00123507
-0.336442
-0.00309706
0.338155
-0.00430623
-0.33105
-0.0105064
0.346068
0.0202354
0.0256022
-0.236877
-0.0010079
0.255057
-0.267799
-0.000578283
-0.443432
-0.000882181
0.444176
-0.389536
-0.000142091
-0.396777
0.000127854
0.399385
-0.394722
-4.27844e-05
-0.395056
-3.59789e-05
0.398177
-0.409599
-0.000250728
-0.393194
-0.00105367
0.395674
-0.398514
-0.0033812
0.398476
-0.396383
-0.00729494
-0.0096548
-0.00218062
-0.000906405
-8.29424e-05
0.000180999
0.000432188
0.00116763
0.00236074
-0.00403117
0.00107645
-0.0935724
0.103961
-0.102764
-0.0961157
0.000960594
0.000580729
-0.00200581
0.00562956
0.0911508
0.000828936
-0.00108545
-0.00848353
0.0111069
-0.00972825
-0.136264
0.0131973
-0.0289575
0.204962
0.0102077
-0.00978043
-0.0082409
0.00541589
7.28648e-05
0.0699019
0.0708299
-0.0021409
0.0604088
0.0934799
-0.00161732
-0.002034
-0.00209293
-0.00080041
0.00718637
-0.108635
0.278635
0.0161991
-0.415844
-0.00266621
0.422072
-0.370369
-0.00183125
-0.383545
-0.000176416
-0.38007
-0.000153763
-0.383152
0.000849057
0.385998
-0.395979
0.000137223
-0.381232
0.00072383
0.384238
-0.386953
-0.00018755
0.390051
-0.000240061
9.77615e-05
0.000422859
0.00103441
0.00166918
0.00221896
0.000123619
-6.43841e-05
-0.00224865
-0.00214485
-0.00805745
-0.010164
-0.00213167
-0.00219387
4.4128e-05
5.51473e-05
0.000280818
0.000129348
0.00030959
0.000257219
0.000327287
0.000389141
0.000383193
0.000284507
0.00161157
0.00198078
0.00139789
0.00841621
-0.00170047
0.06245
-0.326504
-0.0831997
0.000109004
-0.0307942
0.141421
-0.144006
-0.465441
-0.169598
-0.00252118
0.0411955
0.000128294
-0.332916
-0.141583
-0.0938145
0.211254
0.0252854
-0.0234213
-0.0408989
0.118591
0.00425953
-0.0813081
-0.10112
0.101538
0.000219153
-0.0898306
-0.106528
0.0941996
0.000585333
-0.115475
-0.120741
0.0251765
-0.00693713
0.00113082
0.00141675
0.394722
-0.356971
0.00263005
0.366124
-0.0131683
0.00962747
-0.462618
0.00225638
-0.287162
0.29694
-0.00205043
-0.284911
-0.496431
0.425122
-0.0271229
0.0438563
0.161539
0.00135296
0.350251
0.259935
0.292577
-0.385514
0.00520592
-0.326528
0.00920299
-0.361515
0.00844422
-0.346376
0.00909171
-0.348105
0.00943175
-0.371507
0.272733
0.266714
-0.0186895
-0.474665
-0.381631
0.169349
-0.117993
0.149465
0.0841623
0.099922
-0.144999
0.040816
0.0310245
-0.156968
0.0616817
0.113015
-0.135806
0.214288
-0.114773
0.0179511
-0.125577
0.0216804
-0.136829
-0.107213
0.0207819
-0.00869885
-0.0019371
-0.00130553
-0.000246163
0.000349955
0.000407925
0.000511286
0.00114953
0.00230951
-0.00408049
0.00116476
-0.061148
0.072225
0.000528948
0.0145679
0.0104527
0.00842453
-0.105045
-0.00769402
0.112334
-0.092458
-0.0505974
0.113939
-0.124028
-0.169511
-0.191322
0.134962
0.139317
-0.00835651
-0.0117437
-0.0380535
0.00442999
0.142836
-0.0259529
-0.0334441
-0.0189185
0.102338
0.102414
-0.0336003
-0.0257124
0.131512
-0.0721281
-0.152789
-0.0725068
0.14071
-0.0139707
-0.0148349
-0.0182439
-0.00477979
0.00163237
0.241751
-0.0204098
0.00931154
-0.000406966
0.00027268
0.000455812
0.000258879
-0.000106675
-0.000726506
-0.00175142
-0.000190463
-0.00120019
0.000434915
-0.0110563
-0.00404896
0.00649345
-0.0159741
-0.00746741
-0.00741083
-0.208215
0.200088
-0.00574455
-0.00467705
0.0100516
-0.00517967
-0.00447317
0.0341059
0.0701963
0.0360351
0.246748
-0.123532
0.0168129
0.133465
0.166732
-0.0645435
0.0076048
-0.00236639
0.0109095
-0.00265834
0.00122091
-0.0188625
-0.0035318
0.000206693
3.52759e-05
-0.000445731
-0.00104878
-0.000698589
-0.00181693
0.00130363
0.00247785
0.000548249
-0.0043911
-0.000569839
0.000335264
0.000479296
0.00044131
0.00148556
0.0072913
0.00226137
0.00376871
0.0021662
0.000845151
7.11413e-05
0.000703316
0.000722202
0.0015273
0.00263627
-0.363384
0.330381
-0.333843
0.336201
-0.33773
0.00184995
-0.371908
0.370028
0.00401732
0.00257949
0.00160068
0.000693151
0.359292
0.00217609
-0.00332391
0.113088
-0.00242933
0.00212567
0.0101502
-0.0167164
0.1198
0.0940745
-0.041576
0.0165402
-0.000351424
-0.000150165
0.0613852
-0.00211616
-0.000126007
0.0433059
-0.131033
0.0379868
0.000458447
0.0152138
0.0111294
0.00118415
-0.0116142
0.00471423
0.0102352
-0.0416629
-0.0382607
0.120211
-0.0507141
-0.0923598
-0.016861
0.113482
-0.00754126
0.0102258
0.0081538
-0.00566205
-0.000295921
0.00224942
0.00815386
-0.00305883
-0.00351911
-0.000842819
-0.000436786
7.87455e-06
0.00105089
0.000640227
0.000588766
0.000360852
0.375715
-0.37834
0.340435
-0.343132
0.346003
-0.350202
0.0018853
-0.385782
0.381615
0.00140305
0.000502642
0.000211122
-0.000101194
0.000720227
-0.000693911
0.000530485
0.000204654
0.000431171
0.00034212
0.000634635
0.000243808
0.000672817
0.00194316
0.0104778
0.00935254
0.0341953
0.00173134
0.000750344
0.000174093
-0.000639943
-0.00237269
-0.00099078
-0.000996661
0.000127338
-0.000217134
-0.00017072
0.000240264
0.000269013
0.000254647
9.21176e-06
-0.000975833
-0.00252987
-0.00265222
-0.00104146
2.1434e-05
0.000110479
0.00019367
0.000298038
0.000406108
0.000706554
0.000604217
0.000576359
0.00125839
0.00107122
0.000598891
0.00171304
0.00336677
0.00135485
0.00195754
0.0485436
-0.00979127
0.00444874
0.00138316
0.00515935
0.106964
-0.00492277
-0.0154668
0.0773596
0.0235099
-0.332959
-0.11638
-0.249466
0.225422
-0.154096
-0.16503
0.201945
-0.265362
-0.0143054
-0.0194794
-0.223098
0.196721
-0.00301961
-0.0108764
-0.00108165
0.00399281
0.00558188
0.0823138
0.0259477
-0.152513
-0.131947
0.24785
0.0244882
-0.0586265
-0.0171135
0.101918
0.00326523
-0.116639
-0.0756426
0.0767323
-0.00027681
-0.122043
-0.0838782
0.066731
-0.00106273
0.106343
0.102374
0.00610987
0.129253
-0.12572
0.000532242
-0.112349
-0.000646186
-0.00253833
-0.00042945
-2.40167e-05
0.000183121
0.00019789
0.000169406
0.000133694
4.27062e-05
-0.000915924
-0.00249891
-0.000933439
-0.28887
0.277617
-8.13767e-05
-0.290518
0.285861
0.429446
-0.43618
0.436295
-0.447964
-2.64442e-05
-0.350007
0.00252827
0.344363
-0.000576837
-0.341497
-4.43028e-05
0.339877
0.000955496
0.00142694
-0.251861
0.000365753
0.256785
-0.276843
0.00046109
-0.454851
0.000349612
0.460424
-0.401523
-9.83316e-05
-0.407698
0.000451051
-0.406864
-0.000653384
-0.404587
-0.00125
0.404403
-0.419603
7.93604e-05
0.405808
-0.00113187
-0.399421
0.398417
-0.00118452
-0.409016
0.413396
-0.403372
-0.000156353
0.000408015
0.00182405
0.00151688
0.000776954
0.000264044
-0.000182839
-0.00094747
-0.00117714
-0.000316862
0.00038654
0.00139108
0.00151648
0.00364064
-0.296009
0.289898
0.00164256
-0.305356
0.290856
0.443424
-0.465896
0.449084
-0.483447
0.0119334
-0.410216
0.0379552
0.354552
0.00199194
-0.369111
0.0108108
0.351182
-0.000585882
0.00567963
-0.256937
0.00491618
0.275674
-0.292378
0.00154775
-0.466916
0.00255067
0.476106
-0.407681
-0.0015994
0.402739
0.00360166
-0.45565
0.266091
-0.0010168
-0.304244
0.269929
-0.286755
0.0144902
-0.0362046
-0.0180703
-0.0312746
-0.0554544
0.337315
-0.482187
0.104337
-0.0795649
-0.0318303
-0.0131583
-0.00584705
-0.00382858
-0.00485609
-0.00173422
0.0579934
0.600807
0.301043
-0.156295
0.105371
0.0538013
0.342984
-0.297515
0.322897
-0.0192225
-0.210666
0.0102135
0.381452
-0.360698
-0.00096397
-0.358633
-8.54969e-05
-0.363597
-0.000226073
-0.37348
0.0016247
0.378357
-0.387286
0.000344899
-0.375333
0.00165968
0.379078
0.00145227
0.000975795
0.395522
0.00217621
0.38746
-0.000308087
-0.00244025
-0.00462509
-0.0157434
0.00250129
0.210699
0.014642
0.0182702
0.0726492
0.127679
-0.177042
-0.000633422
-0.263138
0.000937034
-0.437248
-0.00204058
0.436355
-0.383027
-0.000686777
-0.391415
-2.36846e-05
-0.388193
-2.92868e-05
-0.389246
0.000343056
0.392201
-0.402793
-3.75136e-05
0.40605
-6.8025e-05
0.000361713
0.400724
-2.68146e-05
-0.000102414
-0.00072517
-0.00199834
0.377948
-0.00399214
0.3545
0.0212077
0.010627
0.267923
0.0104629
0.00645718
-0.000836943
0.273261
0.000808177
0.00383789
-0.248241
-0.00060361
-0.272245
-9.82962e-05
-0.448559
-0.000224693
0.451696
-0.395497
1.95542e-05
-0.402323
0.000273868
-0.401006
-0.000248275
-0.400702
-0.000528714
0.403484
-0.416379
-0.000469932
0.414161
-0.000889274
-0.000367785
2.43089e-05
0.00015591
0.000258217
0.000421689
0.00113576
0.00208339
0.00113431
0.00111797
0.000577664
0.000974238
-0.00109144
-0.000132303
0.000640784
0.000404772
0.000518401
0.000460568
0.000331907
0.00050825
0.000895394
0.00271614
0.00195806
-0.291931
-0.00733135
-0.285967
0.318936
-0.00615469
-0.304112
-0.311036
0.325103
0.303966
-0.00604454
-0.290302
-0.331565
0.345432
-0.309258
-0.00759121
-0.276636
0.310293
0.326367
0.321607
0.314553
-0.00694538
-0.304514
-0.282782
0.00198533
0.309661
-0.00558862
-0.326049
-0.297359
0.000572749
0.309294
-0.0016746
-0.337452
-0.306275
-0.314688
-0.322049
-0.00196615
0.319181
0.325931
0.000617663
0.303089
-0.00192249
-0.298851
-0.343359
0.346927
0.000520415
-0.272481
-0.409291
-0.00529339
0.281316
0.00150918
-0.263583
-0.390002
-0.00612988
0.2946
0.347004
-0.249014
0.0200745
-0.242057
-0.00883396
-0.245345
0.0197904
-0.241326
-0.00879178
-0.246296
0.0207814
-0.245885
0.342816
0.298199
-0.00959103
0.0130825
-0.000781021
-0.18323
-0.219383
-0.207761
-0.230344
-0.219326
-0.22107
-0.227073
-0.186672
-0.288812
-0.228193
-0.208561
-0.218745
-0.147763
-0.0638003
-0.0791993
0.131232
-0.146781
0.345581
0.349413
0.346726
0.348189
0.360899
0.33918
-0.142196
0.114631
-0.0635404
-0.147903
-0.0795999
0.142956
-0.0146799
-0.00288086
-0.00288077
-0.00113274
-0.000227592
0.00031574
-0.00025729
0.327958
0.000656866
-0.322401
-0.330156
-0.305403
-0.351949
0.000424547
0.304905
0.349754
-0.000193848
-0.278099
-0.419331
-0.00166501
0.280492
0.419494
0.00123712
0.0541397
-0.0537848
-0.000396699
0.0546001
-0.0548405
0.000189103
0.056077
-0.055234
0.00233097
0.0631395
-0.0507082
0.012491
0.090081
0.0311337
0.0196729
0.00474483
0.00430197
-0.000556343
0.00130215
-0.00127416
0.00109687
-0.00179803
5.46155e-05
-0.00231013
-0.0549973
0.417301
0.00266967
0.0511884
-0.0710338
-0.0110417
-0.0187544
-0.00809237
-0.0466682
0.0319231
0.00953667
-0.33725
0.0208472
-0.232834
-0.00977157
0.0135165
0.00105668
-0.147435
-0.250848
-0.244167
-0.204329
-0.0645398
-0.137937
-0.0556246
-0.109915
-0.312817
0.0533172
0.441378
0.337044
0.363101
-0.14184
-0.302123
-0.182388
-2.00279e-05
0.0317346
0.0211392
0.013126
0.00644029
0.00387866
0.000318524
-0.282988
-0.429114
0.424036
0.283031
-0.000626506
0.0009622
0.00455679
0.00510642
0.0188159
0.00821587
0.00329089
-0.00134716
-0.000644223
0.35282
0.00227484
-0.311407
-0.360639
-0.28672
-0.442378
0.00150404
0.288015
0.430372
0.00200861
0.00156626
0.00155124
0.00106578
0.00166075
0.00288652
-0.395167
0.35402
-0.357581
-0.00519305
0.00262251
0.00136365
-0.00212091
0.00060112
0.000151729
0.388283
0.000601929
0.000370189
0.39444
0.00272911
0.000221932
0.00133193
0.00201889
-0.000905553
3.69778e-06
0.000490264
0.000104054
0.000315599
8.51785e-05
7.88e-05
0.000370668
0.00128622
0.000552241
0.000194441
0.00011906
-0.000641968
-0.000210857
-0.000220016
-0.000736544
-2.85633e-05
0.000818332
0.00124568
0.000461608
0.00038155
0.000516061
0.000621205
-0.00279861
-0.00290578
-0.0146126
-0.00531046
0.326407
-0.00152927
0.00109231
0.00100498
-0.000510284
-0.00060976
0.000257826
-0.00527055
-0.00471373
-0.0029836
0.000425316
-0.31666
0.287909
0.00546721
-0.320324
-0.0113374
-0.0115489
-0.0618353
-0.0791584
-0.301073
-0.304704
-0.490417
0.123018
0.046227
0.251822
-0.0888935
0.131868
-0.0147902
-0.150466
0.135491
-0.00336796
0.104534
-0.00344248
0.127439
-0.140601
-0.0118373
-0.00372373
-0.00458729
0.00199414
-0.016816
0.111688
-0.00552703
0.00431491
0.00411572
0.00259545
0.00158108
0.000710944
0.000612817
0.00508021
0.00432453
0.0113378
0.0101017
0.0295544
0.00604117
0.00255926
0.000720492
0.278422
-0.283049
0.00111278
-0.461952
0.00122803
0.470558
-0.406806
-0.000549939
-0.410815
0.000447902
0.406068
-0.000257662
2.73255e-05
0.000305702
0.00045008
0.00111277
0.00308804
0.00143811
0.000839715
0.000461626
0.000182178
9.93239e-05
0.000140397
0.000156506
0.000142507
0.377066
2.19247e-05
0.383646
3.74049e-05
0.365299
0.349846
0.00141576
0.347855
0.209604
0.00552246
0.00119686
-0.000143325
9.18128e-05
-0.000711605
0.38685
0.00154109
-0.00142001
0.252887
-0.000163686
0.000730505
-0.000892489
0.274816
0.000585036
0.00242662
-0.254557
0.00214013
0.26476
-0.000582231
0.00153963
0.00125491
0.000886694
-3.09597e-05
0.392942
0.000167878
0.392408
5.7122e-05
0.000646027
0.39911
0.000300528
0.406004
-5.67045e-05
0.00178975
0.405532
-0.00230888
0.282401
-0.000910402
0.00469546
-0.264871
0.00871318
0.283215
-0.0102353
9.74038e-05
-0.0099171
-0.0351716
-0.0830779
0.00278271
-0.0121627
-0.00526341
0.00393939
0.00359686
0.410221
-0.000531854
-0.00127196
-0.00130716
-0.000356605
-0.00480245
-0.000238318
0.000656194
0.000510575
0.412072
0.403284
-0.000309987
-6.16757e-05
-0.000839123
-0.00164138
-0.00184713
-0.00793044
-0.00294381
-0.00302931
-0.00159508
-0.00060709
0.411215
-0.00116149
-0.000184341
0.000368167
0.000295787
-0.000942874
-0.00457045
-0.0146436
-0.00352458
0.000761234
0.0011505
0.00258981
-0.00198032
0.00255913
0.00410918
-0.00720757
0.032125
0.0670792
-0.048475
0.343316
0.000940623
-0.0193944
-0.0302258
-0.015357
-0.00369656
0.00207208
0.0075647
0.0180519
0.0307903
0.0330506
0.00102756
0.0154228
0.0152822
-0.288863
-0.14691
-0.302499
-0.148492
5.2482e-05
0.0197748
0.00424646
0.00161057
0.286239
0.340185
-0.000977708
0.00271693
0.0011376
0.00224646
0.00123898
0.00264932
-0.00334773
-0.0180611
0.134878
0.310052
0.0130217
-0.000309035
0.000879257
0.000879383
0.000478194
0.000551117
0.000252816
0.000256738
0.000255465
-0.000101796
0.000617715
0.000605501
0.00139722
-0.000456671
-0.00146166
-0.338463
0.00316107
-0.329638
0.320608
0.00728905
-0.337183
-0.348548
0.329438
0.308377
0.00512441
-0.317542
-0.371269
0.35257
-0.00149682
0.294765
0.435725
0.00461577
-0.000823637
-0.00244051
0.00370801
0.00468839
0.00741621
0.0762889
0.117805
0.184759
0.436474
0.0305516
0.226085
0.334762
-0.0166379
-0.0054652
-0.00805925
-0.000437524
-0.00260515
-0.0012105
0.307733
0.330108
0.322617
0.313245
0.00331177
-0.353208
-0.321567
-0.00166638
0.313741
0.00763822
-0.361391
-0.332286
-0.00307195
0.308329
0.328625
0.292479
-0.00244382
-0.00237118
-0.00270255
-0.000752308
0.000262874
0.00161778
0.000318882
0.000268406
-0.000772111
-0.000328279
-0.00307849
0.0292433
-0.00322022
-0.00202165
-0.00485636
-0.0038813
-0.00240544
-0.00409589
-0.00176545
0.0831491
-0.0020245
0.00182109
0.000261764
2.10007e-06
0.00489432
0.00428298
-0.0316853
0.179683
-0.0794405
-0.305694
-0.384351
0.0291594
-0.176565
0.0734687
0.0232977
-0.108862
-0.117424
-0.0127175
-0.0191825
0.127215
0.116705
-0.0110308
-0.113639
-0.00201
0.11399
-0.000560201
0.00145557
-0.000106189
0.00131037
0.0033237
0.00345907
0.00235736
0.000675851
0.000535832
-0.00126972
-0.00110112
-0.000158418
-0.000722027
-6.32969e-05
-0.000152956
0.00134074
0.00230212
0.00219749
-0.00236306
0.00352302
0.0066065
-0.0114645
0.373189
-0.0242718
0.0182485
-0.415223
0.00543699
0.00458303
0.0352983
0.00410416
0.00851823
0.0261352
-0.00193653
-0.000697902
-0.00251626
0.0068413
0.0732022
-0.00475068
-0.00277097
-0.0014416
0.00184263
-0.187088
0.216725
-0.00660649
0.00128011
-0.00897897
-0.0223407
-0.0252441
-0.00469347
-0.00223619
0.0891813
-0.00232385
-0.00279929
-0.00527748
-0.000888965
-0.00310104
0.0786591
-0.00514313
-0.00289619
0.00686025
0.00526917
-0.00106725
-0.00127715
-0.000836325
-0.00214679
0.0019564
0.00559599
0.00479595
0.00397616
-0.00864655
0.0180694
0.0181913
0.0208439
0.0269286
0.376079
0.0498496
0.00661958
-0.00939763
-0.00161824
0.00215265
0.00551933
0.0119478
0.000848032
0.341071
0.286047
0.000515439
0.000108213
0.000308534
-0.000309814
0.287983
0.343327
0.000777345
-0.345584
-0.313514
0.310986
-0.000300357
0.320909
-0.000525514
0.0085608
0.0201702
0.00123446
0.00117303
0.00496489
-0.000497395
0.0025325
-0.00334944
-0.0151487
-0.00619994
0.300276
0.320564
0.308206
-0.00682458
-0.00292529
-0.00128966
-0.000807072
-0.00136664
0.345219
0.291088
-0.00086767
0.000586314
0.000319126
-0.000714835
-0.00162974
0.293693
0.343049
-0.00289672
-0.000129534
-0.000934808
-0.00125635
-0.00236864
-0.00975223
-0.0489775
-0.313876
-0.113123
-0.0216845
-0.00216823
0.000694211
-0.000683621
0.00110841
0.000985068
0.00246892
-0.0062907
-0.014587
0.0111796
-0.0174813
-0.0294498
-0.0189215
0.0147115
0.227091
0.326842
-0.0169557
0.0051572
0.217216
0.328616
0.00433458
0.206839
0.341784
0.163023
0.00124096
-0.00279043
0.340646
-0.0029918
0.0211764
0.120285
0.0204524
0.0442603
0.046902
0.0447075
0.0592649
0.0373249
-0.00112466
-0.00501735
0.0453686
-0.0215026
-0.0100233
-0.00780382
0.0485225
0.0046268
0.0336594
0.0295354
0.207118
0.174823
0.194055
0.185287
0.189829
0.0409133
0.00662185
-0.000754726
-0.00684528
-0.0829789
-0.278856
-0.267156
-0.000697452
0.00995443
0.169288
0.000116766
0.398052
0.00316142
0.000658663
0.000215738
-0.000493081
-0.0118469
0.000583894
0.27262
0.392504
0.386478
-0.000197944
-0.0106911
-0.405804
0.00111447
0.00150898
0.0011029
-0.0389184
0.420764
0.0112173
0.00605254
0.00211836
0.00453702
0.0831579
0.00259407
0.212641
-0.249667
-0.031274
-0.445399
-0.000162454
-0.0188864
0.0942859
0.000633758
-0.452014
0.362958
0.0044542
0.204138
0.0149872
0.087542
0.19007
0.0321075
0.0342656
0.00121607
0.00113542
-0.00152196
0.273469
0.0118256
-0.0162648
-0.0231325
-0.00756121
0.00187416
0.000379489
0.000147549
0.000287329
0.000343481
8.11322e-05
-0.000959132
-0.00147551
-0.0133286
-0.00685068
0.241915
0.0196683
-0.402292
0.438823
0.0267474
0.314226
0.0026123
-0.287999
0.298695
0.0301736
-0.258578
0.278462
0.00649869
-0.264852
0.269036
0.00427135
-0.26272
0.264495
0.00316592
-0.260288
0.260587
9.02207e-05
-0.259876
0.254596
-0.00592806
-0.263275
0.241166
-0.0292951
-0.27491
0.179007
-0.130285
-0.346722
-0.10551
-0.324867
0.0202787
0.212321
-0.213956
0.0121888
0.221978
-0.219634
0.00456535
0.22298
-0.229246
-0.00258085
0.222289
-0.228246
-0.0188627
0.214641
0.225317
0.347389
0.087835
-0.250867
0.00328293
0.36893
-0.000674437
-0.375917
-0.00165867
0.360474
-0.00219499
-0.363984
-5.28589e-05
0.361877
0.000383136
-0.356434
0.00115455
0.36686
-0.010814
-0.385508
-0.0167371
0.30075
-0.0532752
0.0691171
0.156639
-0.287158
0.29279
-0.34915
0.329685
-0.342135
0.337969
-0.340643
0.343528
-0.342552
0.349662
-0.346298
0.354038
-0.354202
0.361643
-0.35861
0.378083
-0.324647
0.315858
-0.157661
0.312445
0.391702
0.195213
0.289032
0.211737
0.163348
0.107514
0.0662193
0.19111
0.00578703
0.243929
0.0344184
-0.000924077
-0.0194014
-0.0235784
-0.0194259
-0.00886172
-0.00524742
0.128396
0.0180355
-0.123537
0.114322
0.0602071
-0.114342
0.146525
0.198794
0.211678
-0.136643
-0.114979
0.0285312
0.212008
-0.0842802
0.320123
-0.338095
0.362932
-0.00679891
0.386552
-0.390616
0.0176133
0.236669
-0.0109468
-0.220983
0.386169
-0.397639
0.405432
-0.418405
0.413623
-0.415915
0.409565
-0.409436
0.40295
-0.40367
0.396862
-0.39988
0.391618
-0.396598
0.381845
-0.387771
0.210573
-0.00435678
-0.209669
-0.00540377
0.379882
-0.370393
-0.00130911
0.385357
-0.382057
-0.00106279
0.387901
-0.38807
-0.000819287
0.391757
-0.393766
-0.000509819
0.397683
-0.399982
-0.000559837
0.40358
-0.403988
-0.000983803
0.404819
-0.397719
-0.000701543
0.385131
-0.390419
0.000867656
0.225327
-0.00654682
-0.231446
0.39002
-0.000538023
0.232665
0.00389925
-0.24065
0.397682
-0.397089
0.404848
-0.410629
0.410168
-0.4087
0.405304
-0.400557
0.389816
-0.392764
0.372484
-0.381621
0.369906
-0.378864
0.36449
-0.384784
0.201242
0.0371831
-0.257678
-0.0105556
0.392535
-0.354935
-0.00320181
0.333321
-0.342931
-0.000582097
0.339657
-0.333506
-9.18497e-05
0.366107
-0.422685
0.00971204
0.463712
-0.458045
0.00337725
0.467625
-0.466564
0.00219861
0.471675
-0.465111
0.000303011
0.454739
-0.435338
-0.0201937
0.209956
-0.000970248
-0.367272
0.319166
-0.313627
0.287083
-0.00274293
0.190691
-0.383528
-0.0605793
-0.129862
0.155266
0.0668062
-0.31397
0.31847
0.0183178
0.459579
0.330296
-0.0118326
-0.400712
-0.239592
0.355829
-0.172902
0.460596
-0.0124255
-0.0138354
0.10457
-0.190049
-0.241831
-0.0060464
-0.0201799
0.122178
-0.0112426
-0.0934343
0.126744
0.131776
-0.0182268
-0.0691985
-0.028064
0.110409
0.118214
-0.0229855
-0.0403031
-0.0403669
0.118131
0.110828
-0.022874
-0.0277979
-0.0690565
0.132
0.128447
-0.0179472
-0.0931055
-0.0107814
-0.131178
0.123209
-0.0194289
-0.00589115
-0.243661
-0.190601
-0.0658503
-0.162945
-0.106115
-0.0871327
-0.169774
-0.0876901
-0.105467
-0.162454
-0.0663241
0.110563
-0.0482419
-0.0344976
0.00186048
0.14793
-0.0200166
0.0287954
0.410778
0.383409
-0.263589
0.345163
0.342528
0.365687
-0.0083227
-0.261844
-0.300089
0.413389
-0.171209
0.381405
0.0237336
-0.0199665
0.152201
0.0106833
0.0020807
0.148538
-0.0201014
0.0282468
0.354801
0.46339
-0.402073
0.463686
0.017204
0.321231
-0.0154956
-0.313626
0.0672618
-0.390506
-0.172913
-0.196527
-0.284357
-0.242011
-0.24352
-0.17121
-0.282668
-0.197808
-0.389521
-0.312523
-0.635978
-0.0640504
-0.0875478
-0.140451
-0.085903
-0.029821
-0.0297789
-0.0311588
-0.0086919
-0.0145277
-0.0294443
-0.29529
0.259146
-0.298382
0.288038
-0.29114
0.285951
4.68361e-05
0.263729
-0.271297
-0.000628583
0.00404581
-0.36262
0.328881
0.00743063
0.429222
0.31709
0.0036956
-0.436154
-0.307972
0.319091
0.00253559
0.442796
0.0188843
0.0012764
-0.000791887
-0.00376244
0.01474
0.342066
-0.0270721
-0.373409
-0.00433127
-0.00691835
-0.0157932
-0.00450725
-0.00439568
-0.00381341
-0.0169159
0.00146235
0.00145146
0.0119775
-0.0114989
-0.00325559
-0.392475
-0.00232493
0.396247
-0.389139
0.398942
-0.000312656
-0.402416
0.000139457
0.414708
-0.408736
0.406
0.000413856
-0.410911
-0.00114401
0.412203
-0.40747
0.401371
0.000594737
-0.407262
-0.0025563
0.405607
-0.401089
0.392882
0.000191435
-0.401521
-0.00258451
0.398905
-0.394494
0.38521
-0.000820477
-0.397669
-0.00241182
0.395524
-0.390103
0.379549
-0.001371
-0.392391
-0.000547396
0.392335
-0.386909
0.36892
-0.00206135
-0.380773
0.000219891
0.383287
-0.381556
0.206871
-0.00280902
-0.212878
0.00668503
0.00402922
-0.0173266
0.0980664
0.174263
0.313737
0.0405395
0.014528
-0.271636
-0.0968749
0.0675947
-0.00800069
-0.201247
0.15467
-0.00632785
-0.179382
0.177671
-0.0160156
-0.0869473
-0.209575
-0.0898378
0.285182
0.098609
-0.0364336
0.00101202
0.000551755
-0.286662
0.262474
-0.267138
-0.0131979
-0.0323384
0.303108
0.00817713
-0.259987
0.0868012
-0.22372
0.391292
0.334349
0.341537
-0.00104961
-0.323715
-0.327626
0.32757
0.00548899
0.426614
0.336953
0.00736021
-0.0215385
-0.00985077
0.000746438
0.0153254
-0.00305767
-0.187526
-0.208205
-0.361113
-0.321565
-0.189247
-0.00184537
0.0214051
0.00728395
-0.00133499
0.0020886
-0.0082238
0.0154854
0.0152615
-0.0133575
-0.0822122
-0.0798208
-0.306714
0.144406
0.0861489
0.00231945
-0.0232013
0.0443545
-0.391008
0.410513
-0.378763
0.226929
0.357104
0.332833
-0.00453931
-0.303067
-0.314361
0.351309
-0.00187606
0.3206
-0.0610922
-0.0107027
-0.00618515
-0.0011047
-0.00380495
-0.00534739
0.00667791
0.0280236
-0.00101261
-0.0035671
-0.00220426
-0.003087
-0.00105761
0.00239538
0.000442946
-0.00213667
-0.00527836
-0.0083986
-0.00442675
-0.000624576
-7.81132e-06
-0.027144
-0.00818486
-0.0323951
0.0555021
0.00619786
-0.0509568
0.0873285
0.426075
-0.0653436
-0.108253
0.514418
0.332772
-0.588829
0.110487
0.0398105
-0.00577251
-0.367995
-0.290359
-0.0933135
0.335707
0.338807
0.314389
0.354866
-0.00332379
-0.279277
-0.32682
0.352756
-0.00118847
0.314869
-0.0343858
-0.313344
-0.00340654
-0.286485
-0.0408792
0.326268
0.344166
-0.00126462
-0.30086
-0.325095
0.339027
0.311625
0.348223
-0.000312077
-0.304987
-0.339897
0.345665
0.000336827
0.312838
-0.00156462
-0.328014
-0.000404
0.32026
-0.00992841
-0.331583
-0.293468
0.00660287
0.00543989
-0.000756976
-0.00578327
-0.423012
-0.313517
0.00583067
0.333634
0.329477
0.319094
0.34712
0.00130756
-0.315072
-0.341585
0.353191
0.00284876
0.328686
-0.003224
-0.320597
0.0015643
-0.337659
-3.34298e-05
0.346083
0.333648
0.00295145
-0.332984
-0.308061
-0.00552643
-0.305341
-0.334916
-0.00420671
0.329273
-0.291522
-0.44029
0.450424
-0.440297
0.441553
0.000686982
0.351922
0.00286455
-0.357445
0.00372612
0.355064
0.00851348
-0.374811
-0.0229356
-0.0294954
0.257678
-8.66858e-05
-0.276372
0.288009
7.01493e-05
0.470484
0.000400757
-0.465673
0.407494
-0.000119005
0.411009
-0.000403201
-0.407973
0.402287
-0.000106991
0.399543
-0.000361024
-0.397444
0.402031
5.83237e-05
0.393536
0.000786112
-0.391125
0.449243
0.000298565
0.271378
0.000437598
-0.276472
0.265951
0.000273481
-0.280571
0.419841
-0.3581
0.363974
-0.355783
0.354671
-0.363103
0.349975
-0.41478
0.285941
-0.149609
0.19142
0.128454
-0.214124
-0.0273172
0.113685
-0.148514
0.377086
0.138438
-0.472493
0.0117193
-0.0114754
-0.0185024
-0.0732231
-0.314663
0.0687247
0.0066925
0.0434965
-0.146646
0.326207
0.332378
-0.752437
0.0345586
-0.256787
-0.406124
0.000858145
-0.00644523
-0.0055159
-0.00324927
-0.00165227
-0.000759798
-0.000127923
0.000835632
0.00227187
-0.00499726
0.00203385
-0.0677141
0.0827794
-0.082628
0.0677382
-0.00286343
-0.0923062
0.0791571
0.0782735
-0.00286511
-0.0931544
0.000154818
0.0932633
0.00297042
-0.0778651
0.00187778
-0.0782588
0.0930968
0.00289778
-0.0674391
0.0825071
0.11718
-0.11818
0.106505
0.000845045
-0.108108
0.10362
0.0016038
0.125482
-0.00129971
0.10798
0.00135623
-0.106154
0.00211863
-0.00503102
0.000302849
-0.00908208
-0.130913
-0.00102555
0.130202
-0.00158594
-0.104912
0.00103773
0.00639704
0.0197137
-0.0474183
0.141123
0.00157112
-0.000343725
-0.000992346
-0.00597185
-0.130755
0.000304596
0.0482369
0.0339943
0.00495945
-0.155154
0.0343273
0.0370579
0.0224247
-0.118058
-0.116524
0.0438749
0.0266444
-0.141037
0.0879186
0.17932
0.0954818
-0.152663
0.0205251
0.0222132
0.00531493
-0.00152092
0.0687217
-0.0815724
0.000192985
-3.61366e-05
-0.000553437
-0.000561486
-8.75075e-05
-0.00205625
-0.00102927
-0.00557884
0.00459871
0.00102874
-0.000481605
-0.00121218
-0.00198144
-0.00225001
-0.00140562
0.00030267
0.00175591
0.00225281
-0.0237088
0.2728
-0.099102
0.0185552
0.240024
0.123827
0.10874
-0.125861
0.572516
0.150389
0.00266056
-0.0131138
-0.0203834
-0.204906
0.194477
-0.182349
-0.0217258
-0.0209562
0.219252
-0.256018
-0.00674112
0.0243926
0.245818
-0.243921
-0.0011494
0.0307677
0.244173
-0.236785
0.000885988
0.0528034
0.242345
-0.159527
0.151085
-0.104825
-0.0768991
-0.282198
0.155402
0.118195
-0.000356753
-0.134207
0.515718
0.0324952
0.286585
-0.239406
-0.238918
-0.223623
-0.297397
-0.139539
-0.0277443
-0.111335
-0.164154
-0.268591
0.127858
-0.0250991
-0.200057
0.174126
5.62615e-05
-0.176496
0.181125
0.0023794
-0.173312
0.180068
0.00139301
-0.175169
0.181867
0.00127297
-0.178065
0.186955
0.00277159
-0.175351
0.201307
0.0163058
-0.15049
0.236938
0.0879177
0.00581187
0.300706
0.067029
-0.0489802
-0.479342
-0.0174233
0.253562
0.380424
-0.0358384
0.0794413
0.012657
-0.0574653
0.0604292
0.00307465
-0.0594642
0.0574365
0.00103093
-0.0583059
0.0567566
0.000370182
-0.0581006
0.0554459
-0.00176641
-0.0632032
0.0496714
-0.0113196
-0.0866007
0.0267332
-0.040012
-0.149865
0.00184465
-0.312556
-0.229091
-0.266493
0.0234326
0.323839
0.380467
-0.142788
-0.226294
-0.230485
-0.220385
-0.232899
-0.223575
-0.205649
-0.252301
-0.191392
-0.170324
-0.341864
-0.301926
-0.209099
-0.171722
-0.0490103
-0.0848982
-0.0697558
-0.0715506
-0.0770956
-0.0621684
0.129283
0.000979776
-0.0417104
0.140589
-0.0298302
-0.0294161
0.13998
-0.0371116
-0.0199072
0.13768
-0.0586749
-0.0739879
0.109361
0.0321741
0.135689
-0.00359111
0.118111
-0.0123718
0.119319
0.0966065
-0.0190397
0.103905
0.101505
-0.0184544
0.100049
0.109554
-0.0195362
0.0081821
-0.000212271
-3.45453e-05
-0.364617
0.331871
-0.000890186
-0.342467
0.0145241
-0.00840407
0.437292
-0.00117225
0.262553
-0.268377
0.00334535
0.255398
0.460376
-0.394604
-0.00383335
0.0132779
-0.338591
0.118259
-0.0225441
-0.216682
-0.00116462
0.382987
-0.0103677
0.00411251
0.00200014
0.000376832
-0.000469388
-0.00071149
-0.000386574
-0.000402913
0.00104165
0.00231508
0.00530047
-0.0458551
-0.199747
0.189991
0.0221473
0.000918873
-0.00104878
0.000781746
-0.00110553
-0.00158242
-0.00235149
-0.00336399
-0.00506774
0.0387178
0.00210028
-0.00230047
-0.0165223
0.0172329
0.000493631
0.000241931
0.201418
-0.190631
0.00711701
0.00666515
-0.00906787
0.0141932
0.0128167
-0.0175741
-0.0308746
-0.13773
-0.124288
-0.0039105
-0.0239238
-0.00138528
-0.00217245
-0.00436439
0.00293967
-0.00220278
-0.00205126
-0.00104738
-0.00109728
-0.000747837
-0.000239279
-0.000728261
0.00126027
0.00252332
0.00798347
0.00647253
-0.248028
0.0325651
0.00306646
-0.00248636
-0.000490052
0.000495636
-0.00130282
-0.00163256
0.398272
-0.358658
0.359499
-0.35572
0.352614
-0.00127958
0.395421
-0.397722
-0.00307947
-0.00209964
-0.000860334
0.000585006
-0.394996
-0.000569873
0.00661461
-0.121886
0.00586292
-0.00173748
0.00182832
0.00898481
0.00147444
0.000847225
6.91367e-05
-0.000872051
-0.00170157
-0.00275097
-0.00391987
0.0252326
-0.518727
0.0897859
0.0984804
-0.0475913
0.14718
0.0393137
0.0507352
0.0543284
0.111545
0.226883
0.342809
-0.00867507
0.386974
0.261739
0.164585
0.149828
-0.0770474
-0.0389316
0.114282
-0.021201
-0.04533
-0.0340793
0.134833
0.0586699
-0.171225
-0.0263327
0.0128535
0.0325299
-0.109723
-0.00675943
0.067906
0.0868594
-0.0921263
-0.00163424
0.077184
0.0941797
-0.0844403
-0.0013501
-0.0654497
-0.0690275
-0.00156982
-0.0709965
-0.0604752
8.2697e-05
-0.0935601
-0.0918828
-0.00519342
-0.114382
0.128905
-0.000458287
0.100255
0.00125901
0.104299
0.0735929
0.00308181
0.0825512
0.0810494
0.0029264
0.00147777
-0.00121068
-0.00639767
-0.00358258
-0.00182062
-0.000322229
0.000505494
0.00110505
0.002362
-0.00207008
-0.00273234
-0.294045
-0.438259
0.00287108
0.0060913
0.0177126
-0.298673
-0.00831484
0.361953
0.00861883
0.00249857
2.91133e-05
-0.000164474
-0.000168992
-0.000306853
-0.000595218
-0.000495747
-0.000968605
-0.000814183
-0.00111339
-0.000964272
-0.000939382
-0.000852629
-0.000303973
-0.0006653
0.000176898
-0.000423366
-0.00530023
0.0207086
-0.19983
0.223543
-0.109133
0.33349
0.317513
-0.751839
0.0606524
0.0550952
-0.138485
0.324908
0.327092
-0.753832
0.0212199
0.0201071
-0.0230383
-0.0141664
-0.00574855
-0.00120611
0.00118418
0.000191043
-0.00121896
-0.00312732
-0.00262124
-0.00114374
-0.00349076
0.316904
-0.302873
0.00114905
0.309168
-0.302123
-0.43523
0.436163
-0.429866
0.435447
-0.000573923
0.346178
-0.00213643
-0.344436
3.86615e-05
0.347527
0.000375341
-0.349672
-0.00261286
-0.00274282
0.260072
-0.000915829
-0.262149
0.281182
-0.000563311
0.454811
-0.000935829
-0.454739
0.395295
-0.000416111
0.396852
-0.0013203
0.3899
-2.75885e-05
0.384431
4.70169e-05
-0.381844
0.388547
0.00137493
0.373963
0.00269209
-0.426825
-0.00142953
0.442465
-0.381866
0.386861
0.00209826
-0.4422
0.000983252
0.000400591
-0.000103656
-4.42352e-05
-0.000239489
-0.000394719
-0.00105328
-0.00223787
0.00528103
-0.00168768
0.10625
0.105593
-0.000901047
-0.110778
0.00137699
-0.134133
0.134495
-2.31403e-05
-0.134498
0.134075
0.001833
0.00691653
0.23819
-0.000157037
0.400331
5.78614e-06
0.394876
6.50957e-05
-0.404176
0.407054
-0.000564316
0.414223
-0.00163182
-0.412674
0.47188
5.23958e-05
0.290284
0.000181206
-0.285244
0.284532
0.00044601
-0.281676
0.280209
0.000527458
-0.278507
0.276036
0.000570446
-0.2765
0.00126809
0.00135757
0.00117762
0.000311422
0.00114507
0.299046
0.000445348
-0.288117
-0.000424967
0.00114466
0.00309549
0.0205317
-0.148426
0.0705416
0.092944
0.0179468
-0.128263
0.0109948
-0.123126
0.131377
-0.0017744
-0.00689674
0.000186192
0.00724884
0.0205045
0.0253373
-0.0474522
0.141377
0.00152757
0.000527595
0.000480577
9.64957e-05
0.117544
0.110905
3.60269e-05
-9.42863e-06
0.000615768
-0.0085009
-0.105515
-0.00118414
0.00077579
-0.0482199
-0.0344244
0.105342
-0.0136037
-0.000992727
0.000393819
-0.000250149
-0.00125975
-0.00132334
-0.341916
-0.313324
-0.325445
0.331934
0.323585
-0.318739
0.00571706
-0.00020236
-0.00166228
-0.332466
0.000702126
-0.000120786
0.000765402
0.00123493
0.00227761
0.000813157
0.00106125
-0.000118939
0.000266269
0.000194185
-0.000246772
8.38173e-05
0.0018553
-0.000390188
-0.000860559
-0.000521194
-0.000854041
-0.00167978
-0.0021749
-0.0020581
-0.0011797
-0.00245031
-0.00099017
0.000445563
0.000564137
0.000968562
0.00222753
-0.00589279
0.00860568
0.00248496
8.12098e-05
4.31071e-05
-0.000101099
-0.000252347
-5.23614e-05
-0.000773698
-0.00181175
-0.00613227
-0.0123964
-0.29283
-0.335117
-0.0118912
0.304333
-0.287267
-0.424555
0.440035
-0.418323
0.443764
-0.0129261
0.382887
-0.0369507
-0.33489
-0.00281571
0.354554
-0.0105074
-0.341352
-0.00127263
-0.00700577
0.249381
-0.00590527
-0.265556
0.279336
-0.0025913
0.439025
-0.00449153
-0.446835
0.377003
-0.00112374
0.368489
-0.00281614
-0.369551
3.99904e-05
0.368289
-0.000230418
-0.370594
0.00181855
0.00211496
0.000750231
0.000544266
0.000261106
-0.000353261
-0.000371598
-0.000375688
-0.000909107
-0.00188522
-0.000970738
-0.000816902
-0.000300754
-0.000544775
-0.000423326
-0.392296
0.389689
-0.349414
0.346897
-0.343995
0.34294
-0.00133549
0.38453
-0.386096
-0.000948682
-0.000416359
0.000370186
0.000987367
0.00144809
0.00612334
0.00309531
0.0275435
0.013212
-0.00917252
0.0229469
-0.134325
-0.107186
0.0456246
-0.0017439
-0.00164897
0.0472528
-0.00660086
0.0483524
-0.00088867
-0.117048
3.45991e-05
-1.473e-05
0.00103739
0.00267155
0.00273942
0.00206994
0.00895592
-0.012079
-0.238029
0.0066325
-0.00213986
-0.188044
-0.209447
-0.321726
-0.361158
-0.638886
-0.0624048
-0.000899269
0.0181272
0.0066376
0.000638376
0.00396512
0.0166466
0.0177748
0.0452507
0.0953142
0.214177
0.378417
0.276098
0.084808
0.0792033
-0.196263
-0.025384
0.0191594
0.0167613
-0.100836
-0.00661535
0.0734134
0.0720551
-0.0791821
-0.00168469
-0.0809206
-0.0712236
-0.00155844
-0.102913
-0.0984155
0.000405236
-0.128721
0.131426
0.000123872
0.0952158
-0.000878479
0.0974997
0.0641829
-0.000320392
-0.00335349
-0.00569749
-0.00351058
-0.0128842
-0.0204069
-0.0792959
-0.293338
0.0063404
-0.271246
0.0559799
0.0865585
0.0159932
0.0151623
0.00671503
0.00595752
0.00124702
-0.000330561
0.00071459
0.000208204
-0.000661833
0.00432816
0.00453065
0.0177731
0.00335123
0.00168033
0.00129592
-0.00037655
0.00143637
0.00856582
0.0261118
0.04087
0.0870251
0.203031
0.342043
0.260159
0.0613579
0.106065
-0.222257
-0.0261978
0.0450405
0.01067
-0.0947223
-0.00665461
-0.118502
-0.113671
0.00333518
-0.13545
0.125504
0.00369145
0.0593568
0.000398049
0.0078092
-0.0705268
-0.0485719
0.141833
0.12918
-0.0471031
0.127884
0.101414
0.268955
0.372988
-0.0489637
-0.0730276
-0.075429
0.0117987
-0.102599
0.00209142
-0.00623109
-0.00431202
-0.0019995
-0.000971242
-0.00029796
-0.00035165
0.00013292
-0.000120207
-0.00025919
-0.000427704
-0.000470801
-0.000282907
-0.000385045
-0.000465814
-0.000482387
-0.000763086
0.00253261
0.00540512
-0.00264403
-0.00105488
-0.00229675
-0.00830274
0.00642592
-0.0012819
-0.00198667
-0.00100409
-0.000350477
-0.00027812
-0.000471969
-0.000589488
-0.000562364
-0.000393744
-0.000581551
-0.000312418
-0.380691
0.381787
-0.341155
0.340186
0.00594682
-0.00155117
-0.000774147
0.00281864
0.00110301
0.00104439
-0.00115582
-0.0021408
0.000580575
-0.0031907
0.0685014
-0.00513688
0.381603
-0.375237
-0.00183963
-0.000100303
-0.000365201
-0.000242697
0.00147945
0.00037267
0.00125525
-0.000405737
-0.000889287
-0.0017518
0.350651
0.00760848
0.288859
-0.299379
0.00306934
0.290501
0.351805
-0.359753
-0.298637
0.00329938
0.289836
0.36155
-0.369843
0.359731
0.00798461
0.289815
-0.308937
-0.368025
-0.308921
-0.370778
0.00554287
0.290423
0.357279
-0.00179377
-0.362095
0.00203075
0.291687
0.355927
-0.00103974
-0.354539
-2.06858e-05
0.289842
0.352527
0.288936
0.349436
0.000426607
-0.291936
-0.352003
-0.00104196
-0.29146
0.000777709
0.287498
0.35941
-0.362244
-0.00108188
0.277356
0.432792
0.00279321
-0.284161
-0.00165802
0.279866
0.435108
0.0069497
-0.293584
-0.378131
0.345341
0.0105692
0.284
-0.0029407
0.339177
0.00941432
0.278941
-0.00310961
0.351078
0.00613465
0.27926
-0.307892
-0.457051
-0.00391508
0.445937
-0.00167335
-0.299269
-0.446775
-0.00302574
0.440735
-0.00108273
-0.438217
-0.00302864
0.435354
-0.000640348
-0.285451
-0.00168275
0.287965
0.349353
-0.347634
-0.000613573
-0.284834
-0.00188668
0.287053
0.346884
-0.344264
-0.000710042
-0.28554
-0.00109948
0.284712
0.357272
-0.354674
-0.000704938
0.273784
0.429545
0.000623834
-0.278238
-0.430559
-0.00163372
-0.00129263
-0.000573487
0.00161298
0.000149657
0.0024676
0.00733138
0.0220235
0.0505977
0.120137
0.0615205
0.15258
0.0679427
0.226357
0.270154
0.283651
-0.372235
-0.40837
-0.0186274
0.255837
0.286719
0.0117634
-0.387746
-0.32628
-0.376977
-0.323657
-0.381764
-0.321112
-0.469839
-0.00851727
0.445869
-0.00196269
-0.00226961
-0.00895338
-0.00849725
-0.00237021
-0.0018137
0.0018077
0.00146209
0.000661359
0.000453651
7.41228e-05
-4.84891e-05
-0.000273175
0.000268175
0.3047
-0.296182
-0.000659859
-0.000888706
-0.00249389
-0.00347927
-0.00556245
-0.0115701
-0.0303159
0.30622
-0.276084
-0.00555953
0.300555
0.0119291
0.0122654
0.0551669
-0.261231
0.070611
0.0699235
0.274441
0.292178
0.465991
-0.182386
-0.0570165
-0.241796
0.0650601
-0.14689
0.0594531
-0.0172472
-0.039313
0.0329046
-0.00406637
-0.00703013
-0.00846151
-0.0070844
-0.00299587
0.00306923
-0.00342732
-0.205493
0.204901
0.0038768
0.000659992
-0.000885979
0.00521623
0.00234397
-0.000863167
0.00909316
-0.049388
0.00330074
-0.00881237
-0.0048635
-0.0026134
-0.00105993
-0.00267866
-0.00426227
-0.00692781
-0.00763996
-0.0991209
0.00194835
0.011623
-0.000375503
-0.0755075
-0.000300202
-0.00359849
-0.00349702
-0.000206797
-0.0275874
-0.00138399
-0.00146709
-0.00703273
-0.00701469
0.0228103
-0.16916
0.236903
0.242326
-0.00643047
-0.00411824
-0.00259325
-0.00134104
-0.000576098
-0.00133839
-0.00336686
-0.00721889
-0.269159
0.281451
-0.00246705
0.414434
-0.00823312
-0.37459
-0.00920933
-0.00538319
-0.389066
-0.000608437
0.387579
-0.00212329
0.380177
-0.388899
-0.00244393
-0.000625057
-0.000397045
-0.00021604
-3.10364e-05
0.000276348
0.00121422
0.00158142
0.0137503
-0.0100016
0.212272
-0.0196337
-0.4384
0.402083
-0.00156088
0.40231
-0.000238621
0.404036
1.73197e-05
0.413779
-0.000594597
-0.411424
0.415651
-0.000152175
0.411773
-0.000957027
0.466626
3.00596e-05
-0.464427
0.46028
0.000116439
-0.45722
0.454438
0.00018979
-0.450292
0.000543705
-0.000137856
0.399607
2.77678e-05
-0.397195
5.90878e-05
-0.000189217
-0.000394581
-0.000884307
-0.00151672
-0.000519938
0.00863263
-0.40242
0.00158377
0.400545
-0.000354617
0.469511
0.00328202
-0.476553
-0.00170219
-0.00174643
-0.000398811
0.000843788
0.237927
5.04765e-05
-0.400352
0.398836
-0.238408
-0.238021
-6.21941e-05
0.000253913
-0.000961576
-0.398703
0.00010279
0.0014949
0.458749
0.000167513
-0.468937
0.407458
0.000605648
0.420452
0.000167943
0.41104
1.7449e-05
0.412212
-0.000561111
-0.408464
0.412954
3.24528e-05
0.405803
-0.00044746
-0.403001
3.6469e-05
-0.405147
0.407647
-0.403193
0.406138
-0.000455695
-0.411867
-0.000566969
-0.000601459
-0.418271
-0.000644965
-0.42078
0.000127312
6.35798e-05
6.17889e-05
0.00122486
0.475528
0.00127711
-0.471083
0.411964
0.000188026
0.417704
-5.27057e-05
0.407831
-3.77533e-05
-0.406675
-0.000208688
-0.000109467
-3.13388e-05
0.00080212
-0.000991173
-0.00109864
-0.00277047
0.00451614
0.0022721
0.00121626
0.000346568
-0.000244152
-0.00031891
-0.000842526
0.00138362
-0.000332528
-0.000149524
-6.13801e-05
-0.000582095
-0.00039302
-0.00164147
-0.000866735
-0.00074232
-0.000936387
-0.00102736
-0.00247548
-0.00150838
-0.000821495
-0.000739869
-0.000344429
-0.000339169
-0.000475092
-0.000630478
-0.000769851
-0.000822626
-0.00117707
-0.00296701
-0.00214694
-0.00389717
-0.00185553
-0.0023745
0.00472716
0.00136302
0.00050228
0.00135513
-0.00132352
-0.00056172
-0.000544499
-0.000203236
0.00157626
0.000552763
0.000462945
-0.000230621
-0.000186501
-0.000367637
-0.000340974
-0.000465232
-0.000923065
0.00132552
0.000683175
-0.000369418
-0.000330282
-0.000857612
-0.000479869
-0.000344717
-0.000297821
-6.92872e-06
-0.000132332
0.000216304
8.42251e-05
-0.000163323
-0.2923
-0.00112783
-0.00127473
-0.0106069
-0.0228693
0.000727633
0.186988
0.324698
0.238326
0.262802
0.23808
0.196936
0.324025
0.259705
0.243226
0.239511
0.179234
0.0865716
0.0999698
-0.140433
0.171264
-0.37698
-0.407016
-0.0201461
0.240343
0.293019
0.0094682
-0.0182372
0.000955253
0.199842
0.338774
0.161006
0.34154
0.000435748
-0.019142
0.00888506
0.278473
0.426373
-0.461375
-0.3166
-0.015131
-0.0307932
-0.00630689
-0.00222938
-0.00933328
-0.00173657
0.00110015
0.00142775
-0.0013104
-0.00153626
-0.00632938
0.429692
-0.000566109
0.269304
-0.27336
-0.343919
-0.00383676
0.282724
0.35731
0.00222543
-0.322179
-0.00401458
0.285333
0.361662
-0.00766219
0.0161151
-0.0029467
-0.0685763
-0.108793
-0.0305811
-0.0161579
0.00016806
0.00127584
0.000582619
-0.000615243
-0.00129457
-0.0028211
-0.0155202
-0.00387396
0.00124552
0.00465017
0.0112824
0.00395273
0.00452115
-0.263595
-0.315585
-0.00642508
0.290501
0.347
-0.00846238
-0.225822
-0.268864
0.0207992
0.322472
0.369436
-0.146885
0.13522
-0.0425569
0.018245
0.0113454
0.00616253
0.0142084
-0.185856
0.182971
-0.00477013
0.000222968
-0.0226492
0.00152439
-0.0150865
-0.0404155
0.0004477
-0.0208078
0.00123907
0.000560387
0.00139978
-0.00567832
-0.00631291
0.00157704
0.000241883
0.00214788
-0.00165376
-0.0119337
0.00791665
-0.0021364
-0.000960607
-0.000372564
0.000261355
5.67705e-05
-0.278037
-0.333913
-0.00552512
0.286432
0.345745
0.00155765
-0.256547
-0.325458
-0.00379518
0.292401
0.349294
-0.00766252
-0.285246
0.0278358
0.316009
0.380218
-0.147591
0.134021
-0.0441625
0.000126409
-0.000302945
-0.000720966
0.00193404
0.0022924
0.00245687
7.07892e-05
0.0200355
0.0176785
0.000758958
-0.0389552
0.0111813
0.014198
0.00974106
-0.150013
-0.15031
-0.0105264
0.00976421
0.00058628
0.00294991
0.00736663
0.0111786
-0.133358
0.114198
-0.146686
0.424439
-0.000239728
-0.366303
0.0186029
0.42985
0.0128441
-0.413197
0.00476265
0.428349
0.00395732
-0.424619
0.00133877
0.430997
-0.0010761
-0.431281
-0.000118332
-0.0003959
0.0030766
0.00210689
-0.00360575
-0.0156569
-0.0302397
-0.000368558
-0.0184361
0.314563
-0.0268628
0.228741
0.0121304
0.406753
0.0158887
-0.466538
-0.0668951
0.0610199
-0.319575
0.385124
0.142629
-0.194161
0.0150055
0.0273771
0.368415
-0.212316
0.000375629
0.0193917
0.0302
0.0099815
0.0319091
0.00928542
0.00221534
-0.00101006
-0.408605
-0.471981
-0.000592487
0.000786958
0.000300061
-0.000423465
-0.00204608
0.00193157
-1.44168e-05
-0.38912
0.000409661
0.396545
-0.391412
0.392721
-0.000174776
-0.398148
-0.000308753
-0.000476925
7.66314e-05
0.000176025
0.000188097
-0.000242361
0.000343341
-0.411874
-0.00189134
-0.00909041
-0.0134354
-0.0150556
0.193804
-0.00216674
0.288162
-0.00314278
-0.299956
-0.00109808
-0.0018909
-0.00546601
0.263782
-2.89439e-05
0.284948
-4.12405e-05
0.462381
-0.000237628
-0.459522
0.401506
-0.000279787
0.404014
-0.000757509
0.39624
-0.000115852
-0.393768
-0.0014013
-0.00253666
0.447892
-0.00216733
-0.451989
0.388348
-0.394802
-0.397403
-0.275287
-0.00145441
0.278818
-0.262295
0.254885
-0.00285694
-0.279559
-0.00103156
-0.00140887
-0.00372828
-0.00224832
-0.000603531
-0.000601041
-8.86688e-05
-0.266167
-0.290845
-0.00050727
-0.000583476
-0.00118833
-0.0025828
0.000301297
-0.00089072
-0.00615067
0.249214
-0.010204
-0.254311
0.261639
-0.0188295
-0.249834
0.0272698
0.0134
0.0269052
0.0495662
-0.310315
0.440018
-0.100669
0.00675249
-0.00082483
0.00608118
0.02184
0.0657831
-0.0202985
-0.0069753
-0.0081035
-0.00448425
-0.00155069
0.000392826
0.000120619
-1.92107e-06
-0.000824728
-0.00107515
-0.400058
-0.000291934
-0.405956
-0.000497988
-0.40264
-0.400304
-0.00348676
-0.00200596
-0.00799736
5.69561e-05
0.00357812
0.000998566
0.000402048
0.00412265
0.00378352
0.0163207
-0.00155628
-0.0179545
-0.0113605
-0.000139065
-0.00156419
-0.0120008
-0.0746256
0.00919717
-0.284532
-0.00636077
-0.297606
-0.314939
-0.0266009
0.319784
-0.384206
-0.142146
-0.0890389
-0.0853374
-0.0274252
-0.132446
-0.06013
-0.368175
-0.000345249
-0.0301592
-0.0317751
0.15712
-0.313587
-0.413074
-0.412553
-0.000102958
0.000629146
0.000479977
0.0024408
-0.000280018
-0.00100228
0.00800314
0.00168265
-0.00462332
0.00195742
0.00960983
0.00237542
0.000730758
0.00106851
0.287554
0.347753
-0.00424407
-0.275756
0.000182879
0.000600844
0.00661925
0.00692974
-0.000540429
-0.00122495
-0.00288563
-0.00680913
-0.00644468
-0.00471832
-0.00742303
0.363527
0.640011
0.0622489
-0.000783724
-0.00222666
-0.00250592
-0.00269063
-0.0011078
-0.000399262
0.00101954
0.000242215
-0.339496
-0.274829
0.000838861
0.0164303
0.0279403
0.0206755
-0.00936902
-0.0252151
-0.168829
-0.400957
-0.293791
-0.207228
-0.284866
-0.200977
0.0156125
0.0162249
0.00468389
0.0137843
0.0231714
-0.000476212
-0.000982772
-0.185075
-0.286945
-0.326836
-0.17134
0.00628785
0.00263541
-0.256723
0.00531621
0.00405856
0.00324156
0.00137794
0.00483592
0.00363909
0.000567539
0.00186592
-0.0583183
-0.600895
-0.0847487
-0.0233517
-0.00616417
-0.00976218
-0.202869
-0.0131798
-0.0131069
-0.212814
-0.00740812
0.000549507
0.00185671
-0.00108589
0.00787239
0.0237042
0.0897547
0.173074
-0.3484
-0.423422
0.171515
-0.36428
-0.11136
-0.0165977
-0.00362232
0.000732313
0.00126504
0.00119734
0.00247683
0.0138017
0.0857253
0.133041
0.013966
-0.105004
-0.459363
0.00861426
-0.158239
-0.0185344
-0.27482
-0.424056
-0.00242819
-0.00118064
0.000246646
-0.416692
-0.00455581
0.00164978
-0.00834875
-0.0065997
-0.00264927
-0.448552
-0.00493121
0.168805
-0.00040791
-0.385677
-0.413952
-0.415708
-0.414294
-0.407046
-0.400542
-0.394917
-0.407777
-0.241647
-0.00117003
0.000985732
-0.105574
0.0227165
-0.110228
-0.131554
-0.00167309
-0.438798
-0.00168538
-0.00103412
-0.000423523
0.212899
-0.214165
-0.195377
0.215101
0.00108638
0.111151
0.00403943
-0.00326391
0.00122171
0.0299291
0.0421401
-0.364016
-0.00434685
-0.218712
-0.0270622
)
;

boundaryField
{
    face
    {
        type            calculated;
        value           nonuniform List<scalar> 
217
(
0.0336594
-0.0100233
-0.00372373
0.0046268
-0.00501735
-0.0215026
-0.00527748
-0.0252441
-0.00469347
0.00399281
0.0773596
-0.00108165
0.0411955
0.0235099
0.000128294
-0.0108764
-0.00252118
-0.00458729
0.0232977
-0.108862
0.00199414
0.0734687
0.00558188
0.0823138
0.0291594
0.0259477
-0.00112466
0.0373249
-0.0223407
-0.00409589
-0.00897897
-0.00240544
0.0592649
0.00128011
-0.0038813
0.0485225
-0.000888965
0.0453686
-0.00310104
-0.00279929
-0.0191825
-0.00223619
-0.016816
-0.176565
-0.152513
0.0442603
-0.00277097
0.046902
-0.0014416
0.0447075
0.00184263
-0.00176545
-0.0154668
-0.00202165
-0.0143054
-0.154096
-0.16503
-0.00485636
-0.0194794
-0.169598
0.207118
0.149465
0.214288
0.0295354
-0.114773
0.129253
-0.00780382
-0.12572
0.127439
-0.0118373
-0.140601
0.174823
0.099922
0.0841623
0.194055
0.0952613
0.0982468
-0.332959
-0.332916
-0.00301961
-0.0307942
0.135491
-0.0106911
-0.150466
0.131868
-0.0127175
-0.117424
0.123018
-0.490417
-0.305694
-0.331368
0.185287
0.0867476
0.0996844
0.189829
0.0961049
0.126693
0.282563
-0.132771
-0.00660649
-0.00574455
-0.267156
-0.0794405
-0.131947
-0.104982
-0.076545
0.216725
-0.187088
0.200088
-0.105635
-0.11638
-0.0938145
-0.141583
-0.208215
0.196721
-0.223098
0.141421
-0.151362
-0.144006
-0.322414
0.00724884
-0.0344244
0.0205045
0.0020807
0.0253373
0.0106833
0.00495945
0.0339943
-0.0194259
-0.000343725
-0.00886172
-0.000992346
0.0344184
-0.00689674
0.000186192
-0.000924077
-0.00660086
-0.0194014
0.000480577
-0.0235784
0.000527595
0.0197137
0.00186048
0.00639704
-0.0344976
0.0483524
-0.00088867
0.0472528
-0.00164897
0.00077579
-0.0482199
0.00152757
-0.0474522
0.0456246
-0.0017439
0.0482369
0.000304596
0.00157112
-0.0474183
0.00103773
-0.0482419
0.134075
0.001833
-0.131178
0.123209
-0.0194289
-0.00589115
-0.190601
-0.243661
-0.0658503
-0.106115
-0.162945
-0.0871327
-0.0876901
-0.169774
0.0999698
0.0865716
0.179234
0.146525
0.211678
0.198794
-0.114979
0.0285312
0.128396
-0.121886
-0.00524742
0.125482
-0.130755
-0.00597185
0.00578703
0.19111
0.243929
0.0193917
-0.123126
0.131377
-0.0017744
-0.134133
0.134495
-2.31403e-05
-0.134498
0.0662193
0.107514
0.163348
0.0879186
0.0954818
0.17932
-0.105467
-0.0663241
-0.162454
0.130202
-0.130913
-0.00102555
0.122178
-0.190049
-0.0060464
-0.241831
-0.0201799
)
;
    }
    outlet
    {
        type            calculated;
        value           nonuniform List<scalar> 
217
(
-0.00848353
0.0111069
-0.0153703
-0.00972825
-0.0177667
-0.012733
0.00442999
-0.0117437
0.0145679
-0.000367162
0.0104527
-0.000177835
-0.0116142
0.0111294
0.00118415
0.00471423
0.0102352
0.0152138
0.000435431
0.0165402
-0.000351424
-0.0153477
-0.00539936
-0.0107477
0.0114427
-0.0382607
0.000317619
-0.0416629
0.000458447
-0.00108545
0.0379868
-0.000126007
0.0433059
-0.041576
0.000528948
-0.0380535
0.000633758
-0.000150165
0.0422236
-0.000310495
0.0383257
-0.123777
-0.00409739
0.112774
-0.134889
-0.0101014
-0.0311019
0.17201
0.209125
0.0478093
0.0869215
0.134504
0.0660856
0.0728783
0.144411
-0.0791993
-0.0638003
-0.147763
-0.124028
-0.191322
-0.169511
0.139317
-0.00835651
-0.105045
0.113088
0.00842453
-0.11183
0.11168
-0.000112182
-0.191011
-0.124212
-0.169016
-0.0080478
0.139694
-0.105534
0.0102607
0.115795
-0.115482
0.00487489
0.120684
-0.0635404
-0.0795999
-0.147903
-0.0721281
-0.0725068
-0.152789
0.0781899
0.063799
0.146925
-0.11293
0.104449
-0.00853144
-0.138785
0.123071
0.189332
0.167014
0.00814206
-0.0105264
0.00976421
0.00058628
0.0111813
0.014198
0.0176785
0.00193404
0.0200355
0.0022924
-0.0070844
-0.0730276
-0.00299587
-0.04533
-0.0489637
-0.0340793
0.00306923
-0.021201
-0.00406637
-0.039313
0.0329046
-0.00703013
-0.0705268
-0.00846151
-0.075429
-0.0485719
-0.0471031
0.00974106
-0.0150865
0.018245
0.00245687
0.0113454
0.00234397
0.00152439
0.00616253
0.00521623
-0.0389552
0.000758958
-0.0441625
0.000126409
-0.000720966
0.0078092
-0.000302945
0.0117987
0.141833
0.12918
-0.0425569
7.07892e-05
-0.0404155
0.0004477
-0.0226492
0.000222968
-0.000375503
0.011623
-0.000863167
0.00909316
0.127884
0.134833
-0.000885979
0.000659992
0.114282
-0.209099
-0.171722
0.0321741
0.0111786
0.135689
-0.114382
0.00736663
0.128905
-0.128721
0.00294991
0.131426
-0.133358
-0.0848982
-0.0490103
0.118195
-0.185856
0.182971
-0.190631
0.0792033
0.101414
0.0586699
0.164585
0.201418
-0.205493
0.204901
-0.204906
0.149828
0.194477
-0.0389316
-0.15031
-0.0715506
-0.0697558
0.268955
0.261739
-0.00342732
-0.0203834
-0.13545
-0.00117003
0.125504
-0.14689
-0.0172472
0.0594531
-0.182386
0.465991
0.260159
0.276098
-0.150013
-0.0621684
-0.0770956
-0.158239
-0.0768991
-0.104825
-0.282198
0.155402
0.0142084
0.00711701
0.242326
0.0613579
0.106065
0.084808
)
;
    }
    wall
    {
        type            calculated;
        value           nonuniform List<scalar> 
1558
(
0.00044131
0.000479296
-0.000726506
0.000284507
-0.000106675
0.000383193
-0.0110563
0.06245
0.000434915
-0.00170047
0.00198078
0.00139789
0.00161157
0.00127063
0.000924057
0.000529916
0.000335264
-0.000569839
0.000258879
0.000389141
0.000455812
0.000416038
-0.0043911
0.00163237
0.00027268
0.000437904
-0.000406966
0.000282308
0.241751
0.00931154
0.000346837
0.000398542
0.000248762
0.000213748
0.00133491
0.00042731
0.00554003
0.000917607
-0.00069973
-0.0645435
0.0109095
-0.00265834
0.0076048
0.00148556
-0.00236639
-0.00120019
-0.00175142
-0.000190463
-0.00884983
-0.236796
0.0182485
0.00458303
0.0072913
0.00226137
0.00288652
0.00166075
0.00155124
0.00106578
0.00122091
-0.0188625
0.00376871
-0.0035318
0.0021662
0.000206693
0.000845151
3.52759e-05
0.00111447
0.000703316
0.0015273
0.000722202
0.00263627
0.00130363
0.000548249
0.00247785
-0.0204098
0.00117438
7.11413e-05
-0.000445731
-0.000698589
-0.00104878
-0.00181693
-0.00214598
-0.00320059
0.000151862
-0.00152196
0.0205485
-0.161138
0.178753
0.0046179
-0.125836
0.186933
0.0224325
0.0087841
0.219911
0.0834247
0.133465
0.181089
0.297966
0.0701963
0.166732
0.0341059
-0.00517967
-0.00447317
0.0100516
-0.0159741
-0.00467705
-0.135702
0.0284222
0.217014
-0.18326
0.000365831
0.18628
-0.0129648
0.170751
0.280799
0.101581
-0.202794
0.199879
-0.197717
-0.185596
-0.00221546
0.177481
-0.178549
-0.0012546
0.173567
0.00649345
-0.0297924
-0.00404896
-0.0305676
-0.40448
-0.0831997
0.000109004
-0.326504
-0.236765
0.0868336
-0.034161
-0.18884
0.182406
0.00841621
-0.174351
0.192382
0.00870739
-0.17595
0.184242
0.00341259
-0.174225
-0.00109015
0.170649
-0.173376
-0.00237329
0.163089
-0.181529
-0.0142605
0.137404
-0.209157
-0.0778252
-0.0031841
-0.281176
-0.17408
0.0129547
-1.42549e-05
-0.168469
0.173669
0.00134383
0.19789
-0.199572
0.203003
-0.100334
0
0
0
0
0
0
0
0
0
0
0
0
0
0
0
0
0
0
0
0
0
0
0
0
0
0
0
0
0
0
0
0
0
0
0
0
0
0
0
0
0
0
0
0
0
0
0
0
0
0
0
0
0
0
0
0
0
0
0
0
0
0
0
0
0
0
0
0
0
0
0
0
0
0
0
0
0
0
0
0
0
0
0
0
0
0
0
0
0
0
0
0
0
0
0
0
0
0
0
0
0
0
0
0
0
0
0
0
0
0
0
0
0
0
0
0
0
0
0
0
0
0
0
0
0
0
0
0
0
0
0
0
0
0
0
0
0
0
0
0
0
0
0
0
0
0
0
0
0
0
0
0
0
0
0
0
0
0
0
0
0
0
0
0
0
0
0
0
0
0
0
0
0
0
0
0
0
0
0
0
0
0
0
0
0
0
0
0
-0.249019
0.00648146
-0.00720757
-0.00793044
0.00410918
-0.00184713
0.00772484
0.00258981
0.0006957
-0.00164138
-0.000226116
-0.000839123
0.0726492
-0.0157434
0.014642
0.0011505
0.000761234
-0.000254126
-0.000309987
-7.84259e-05
-6.16757e-05
-0.000356605
-0.0121627
-0.00130716
-0.0351716
-0.0830779
-0.00127196
-0.0099171
-0.000531854
9.74038e-05
-0.0180703
-0.000910402
-5.67045e-05
0.00125491
5.7122e-05
0.000886694
0.00153963
0.000585036
0.000295787
-0.000942874
4.67847e-05
-2.68146e-05
9.23614e-06
-0.000197944
-0.00457045
0.0013505
-0.000225245
-0.000308087
-0.000899765
-0.000143325
0.242097
0.00965427
0.00119686
-0.000102414
0.000730505
-0.00072517
0.00154109
-0.000163686
0.000808177
-0.00244025
0.00645718
-0.00462509
0.0212077
0.0104629
0.032125
-0.00294381
0.00255913
-0.00302931
-0.00198032
-0.00159508
-0.00116149
-0.00060709
-0.000184341
-6.8025e-05
-0.00480245
-0.00526341
0.00278271
-0.000238318
0.00393939
0.000656194
0.00359686
-0.0362046
-0.0102353
0.000510575
0.00178975
0.000300528
0.000646027
-0.00230888
-0.000582231
0.000368167
0.000361713
0.00145227
0.000975795
0.00271842
0.00217621
0.000701658
0.00396777
-0.019992
0.00339516
0.000167878
-3.09597e-05
9.18128e-05
-0.000711605
-0.000892489
-0.00142001
2.19247e-05
-0.00199834
3.74049e-05
-0.00399214
-0.000836943
0.010627
0.00141576
0.00250129
0.0182702
-0.242066
0.240582
-0.257286
0.224866
-0.269704
-0.266251
-0.386221
0.157485
-0.286755
0.269929
-0.264871
0.275674
-0.256937
0.26476
-0.254557
0.101947
-0.204637
0.204138
-0.203985
0.256785
-0.251861
0.252887
-0.248241
0.255057
-0.236877
0.267923
-0.177042
0.209604
-0.214722
0.210699
-0.210666
0.342984
0.322897
0.105371
0.302417
0.21334
0.00487964
0.087542
0.2373
-0.0137526
-0.0137785
-0.15276
0.0149872
0.203595
-0.176048
0.00316142
0.185509
0.127679
-0.00832349
-0.0192225
-0.182403
0.000658663
0.184972
-0.175637
0.000215738
0.17521
-0.00827747
-0.00565192
-0.211021
-0.0312746
0.00469546
0.00567963
0.00242662
-0.180026
-0.000493081
0.177578
-0.174749
-0.00352458
0.165198
-0.188432
-0.0146436
0.138618
-0.213926
-0.0790784
-0.00268274
-0.282281
-0.174565
0.014855
0.00552246
0.00142694
0.00383789
0.0256022
-0.0850174
0.238625
-0.226329
0.227526
0
0
0
0
0
0
0
0
0
0
0
0
0
0
0
0
0
0
0
0
0
0
0
0
0
0
0
0
0
0
0
0
0
0
0
0
0
0
0
0
0
0
0
0
0
0
0
0
0
0
0
0
0
0
0
0
0
0
0
0
0
0
0
0
0
0
0
0
0
0
0
0
0
0
0
0
0
0
0
0
0
0
0
0
0
0
0
0
0
0
0
0
0
0
0
0
0
0
0
0
0
0
0
0
0
0
0
0
0
0
0
0
0
0
0
0
0
0
0
0
0
0
0
0
0
0
0
0
0
0
0
0
0
0
0
0
0
0
0
0
0
0
0
0
0
0
0
0
0
0
0
0
0
0
0
0
0
0
0
0
0
0
0
0
0
0
0
0
0
0
0
0
0
0
0
0
0
0
0
0
0
0
0
0
0
0
0
0
0
0
0
0
0
0
0
0
0
0
0
0
0
0
0
0
0
0
0
0
0
0
0
0
0
0
0
0
0
0
0
0
0
0
0
0
0
0
0
0
0
0
0
0
0
0
0
0
0
0
0
0
0
0
0
0
0
0
0
0
0
0
0
0
0
0
0
0
0
0
0
0
0
0
0
0
0
0
0
0
0
0
0
0
0
0
0
0
0
0
0
0
0
0
0
0
0
0
0
0
0
0
0
0
0
0
0
0
0
0
0
0
0
0
0
0
0
0
0
0
0
0
0
0
0
0
0
0
0
0
0
0
0
0
0
0
0
0
0
0
0
0
0
0
0
0
0
0
0
0
0
0
0
0
0
0
0
0
0
0
0
0
0
0
0
0
0
0
0
0
0
0
0
0
0
0
0
0
0
0
0
0
0
0
0
0
0
0
0
0
0
0
0
0
0
0
0
0
0
0
0
0
0
0
0
0
0
0
0
0
0
0
0
0
0
0
0
0
0
0
0
0
0
0
0
0
0
0
0
0
0
0
0
-0.0162648
-0.0746256
-0.0231325
0.0163207
0.00357812
0.00378352
5.69561e-05
-0.0120008
-0.00756121
-0.00156419
-0.00204608
0.00187416
0.000392826
0.000379489
0.000120619
-0.0853374
0.0137503
-0.0301592
0.000732313
-0.000423465
0.00126504
0.000300061
0.000147549
-1.92107e-06
0.000287329
7.66314e-05
-0.00799736
-0.0069753
-0.00448425
0.02184
0.0657831
-0.00155069
0.00608118
-0.000625057
-0.00082483
0.0134
-0.00089072
-0.000397045
-0.00118833
-0.00021604
-0.000583476
-0.0025828
-0.00140887
0.00119734
0.000786958
0.00247683
0.00221534
0.000343481
0.000176025
8.11322e-05
0.000188097
0.0138017
0.00928542
0.0857253
0.0319091
-0.000959132
0.000127312
-0.00147551
6.35798e-05
0.0302
-0.0133286
0.000253913
-3.10364e-05
-0.00050727
0.000276348
-0.00189134
-0.000601041
-0.0018909
0.00121422
-0.00909041
0.00158142
-0.0317751
-0.0134354
-0.0179545
-0.00155628
0.000998566
-0.0113605
-0.000139065
0.00412265
0.000402048
0.00193157
-1.44168e-05
0.00126809
0.00135757
0.000543705
-0.000308753
-0.000137856
-0.000476925
-0.00200596
-0.0081035
-0.0202985
-0.00348676
-0.00920933
-0.00244393
-0.00538319
0.0272698
0.00675249
-0.0014013
-0.00253666
-0.000824728
-0.00107515
0.000301297
-0.00103156
0.00117762
0.000311422
-0.000592487
-0.000566969
-0.00101006
-0.000601459
0.00114507
0.0150055
-0.00170219
-0.000644965
-0.00174643
-0.000398811
0.0273771
0.0099815
0.000843788
-0.000497988
-0.000291934
-0.000242361
0.000343341
-0.000603531
-8.86688e-05
6.17889e-05
0.00122486
0.00010279
0.0014949
-0.00109808
-0.0150556
-0.000961576
-0.0100016
-0.0274252
-0.265556
0.249381
-0.262295
0.254885
0.264495
-0.26272
0.269036
-0.264852
0.278462
-0.258578
0.298695
-0.194161
0.385124
0.133041
0.368415
-0.212316
0.241915
-0.238408
0.237927
-0.262149
0.260072
-0.266167
0.263782
-0.276372
0.257678
-0.297606
0.193804
-0.238021
0.23819
-0.241647
0.212272
-0.384206
-0.368175
-0.132446
0.0202787
-0.130285
0.0121888
0.00456535
-0.0292951
-0.00592806
-0.142146
0.00691653
-0.000345249
9.02207e-05
0.00316592
-0.00258085
-0.0188627
0.19142
0.0269052
-0.00615067
-0.00700577
-0.00372828
0.00427135
0.00649869
0.0301736
0.142629
0.000375629
-0.00685068
-6.21941e-05
-0.00274282
-0.00546601
-0.0294954
-0.10551
-0.324867
-0.346722
0.212321
-0.213956
0.221978
-0.219634
0.179007
-0.27491
0.241166
-0.263275
0.254596
-0.259876
0.260587
-0.260288
0.22298
-0.229246
0.222289
-0.228246
0.214641
0.225317
0.347389
-0.149609
0.261639
-0.254311
0.249214
0
0
0
0
0
0
0
0
0
0
0
0
0
0
0
0
0
0
0
0
0
0
0
0
0
0
0
0
0
0
0
0
0
0
0
0
0
0
0
0
0
0
0
0
0
0
0
0
0
0
0
0
0
0
0
0
0
0
0
0
0
0
0
0
0
0
0
0
0
0
0
0
0
0
0
0
0
0
0
0
0
0
0
0
0
0
0
0
0
0
0
0
0
0
0
0
0
0
0
0
0
0
0
0
0
0
0
0
0
0
0
0
0
0
0
0
0
0
0
0
0
0
0
0
0
0
0
0
0
0
0
0
0
0
0
0
0
0
0
0
0
0
0
0
0
0
0
0
0
0
0
0
0
0
0
0
0
0
0
0
0
0
0
0
0
0
0
0
0
0
0
0
0
0
0
0
0.00110301
0.00104439
0.000376832
-0.00140562
-0.000469388
-0.00225001
0.00210028
0.0387178
-0.125861
0.00225281
-0.0237088
-0.000624576
-7.81132e-06
0.2728
-0.00442675
-0.00380495
-0.0083986
0.0280236
0.00126027
0.00252332
-0.00071149
-0.00198144
-0.000386574
-0.00121218
0.00798347
0.00647253
0.00102874
-0.000481605
0.00459871
-8.75075e-05
-0.248028
-0.00557884
-0.00205625
-0.00527836
-0.00101261
-0.00213667
-0.003087
-0.0035671
-0.00439568
0.000442946
-0.0086919
0.00145146
-0.0311588
-0.0145277
-0.085903
0.0685014
-0.00436439
0.00293967
-0.0031907
0.000580575
0.00411251
0.00175591
0.00200014
0.00030267
0.0119775
-0.0297789
-0.0103677
-0.00205126
-0.00513688
-0.00104738
-0.0021408
-0.00109728
-0.00115582
-0.000747837
-0.00220278
-0.00506774
-0.00235149
-0.00336399
0.10874
-0.00158242
-0.00110553
-0.00104878
0.000781746
-0.000728261
-0.000239279
-0.00103412
-0.000402913
-0.00163256
-0.00130282
0.00306646
-0.00248636
0.0325651
-0.00102927
0.000918873
0.00530047
0.00104165
0.00231508
-0.0458551
-0.00220426
0.000495636
0.00239538
-0.000490052
0.00146235
-0.00381341
-0.0169159
-0.00325559
-0.0114989
-0.029821
0.0675947
0.15467
-0.201247
-0.027144
0.0185552
-0.099102
0.177671
-0.179382
-0.00534739
-0.0869473
0.189991
0.181867
0.00127297
-0.178065
0.186955
0.00277159
-0.175351
0.201307
0.0163058
-0.15049
0.236938
0.0879177
0.00581187
0.300706
0.212008
-0.0109468
-0.00654682
-0.0131979
-0.00450725
-0.0294443
-0.140451
-0.124288
-0.164154
-0.268591
-0.0308746
-0.13773
-0.0175741
0.0141932
0.0128167
-0.00906787
0.0172329
0.00666515
0.127858
-0.0250991
-0.200057
0.174126
5.62615e-05
-0.176496
0.00389925
-0.000970248
0.0405395
0.123827
-0.0842802
0.236669
-0.220983
0.225327
-0.0898378
-0.199747
0.262474
-0.267138
0.263729
-0.271297
0.259146
-0.29529
0.190691
-0.231446
0.232665
-0.24065
0.209956
-0.383528
-0.367272
-0.129862
0.181125
0.0023794
-0.173312
0.180068
0.00139301
-0.175169
-0.0165223
0.00402922
-0.00230047
-0.0173266
0.00266056
-0.0131138
0.150389
0.572516
)
;
    }
}


// ************************************************************************* //
