/*--------------------------------*- C++ -*----------------------------------*\
| =========                 |                                                 |
| \\      /  F ield         | OpenFOAM: The Open Source CFD Toolbox           |
|  \\    /   O peration     | Version:  2306                                  |
|   \\  /    A nd           | Website:  www.openfoam.com                      |
|    \\/     M anipulation  |                                                 |
\*---------------------------------------------------------------------------*/
FoamFile
{
    version     2.0;
    format      ascii;
    arch        "LSB;label=32;scalar=64";
    class       volScalarField;
    location    "1.6";
    object      gradTy;
}
// * * * * * * * * * * * * * * * * * * * * * * * * * * * * * * * * * * * * * //

dimensions      [0 -1 0 1 0 0 0];

internalField   nonuniform List<scalar> 
5322
(
0.0455516
0.00565501
0.00164714
0.000872584
0.00141922
0.001451
0.00117425
0.000855508
0.000590345
0.000371909
0.000123918
-0.000350213
-0.000331896
-0.000308052
-0.000284787
0.000667827
0.000872706
-1.28302e-05
0.000724577
-0.0011578
0.00136239
-0.00193984
0.00235962
-0.00332632
0.00406891
-0.00533263
0.00637464
-0.00842073
0.00987769
-0.012222
0.014115
-0.0171303
0.0199122
-0.0200174
0.0207824
-0.0120859
0.0243876
0.02956
0.0149823
0.0169308
0.0218486
0.0183725
0.019788
0.0204257
0.0194838
0.0201753
0.019796
0.0211622
0.020542
0.0188176
0.023782
0.0104669
0.0123753
-0.037707
-0.00178674
-0.0216192
0.0120221
-0.0281207
-0.0012838
-0.0244283
0.0121988
-0.0276276
-0.00113989
-0.0242511
0.0122553
-0.0286713
-0.00158966
-0.0235464
0.0124465
-0.0320813
0.000928082
0.0243631
0.0135058
0.018955
0.0140802
0.0179098
0.0148901
0.0178632
0.0152082
0.0213931
0.0015025
0.00857728
0.012473
0.0196602
-0.00120568
-0.00687891
0.00266017
0.00501658
0.0110053
0.00164458
0.00296613
0.000519479
6.92548e-05
6.42538e-05
0.023344
-0.0136674
0.000450263
0.0138175
0.000434654
-0.000801573
0.00264653
0.0004614
0.0148044
-0.0226953
0.0203738
0.000524388
-0.000472887
-5.54427e-05
1.50362e-05
4.47489e-05
4.00163e-05
2.91316e-05
2.03916e-05
1.35004e-05
3.05627e-07
4.80401e-06
0.000245623
-8.8338e-05
-4.13215e-05
-0.000174623
0.000221517
-0.000102731
-0.000212027
-0.000299379
-0.000333763
-1.24521e-05
0.0002524
-0.000185929
1.87944e-05
0.000206255
-0.000204207
9.02424e-06
0.000213806
-0.000219655
-7.6035e-06
0.000198383
-0.000239514
-2.01849e-05
-6.44843e-05
0.000369398
0.000300105
-0.000215614
0.000139208
0.000107727
-0.000239513
3.44699e-05
-0.000226307
0.000175123
0.000185433
-0.000206179
-2.8553e-06
-0.000185386
0.000188078
0.000210452
-0.000183353
-1.02234e-07
-0.00016971
0.000223434
-7.76479e-06
-2.26776e-06
0.000751666
-0.00058039
0.000789946
-0.00107152
5.32644e-05
-0.000494545
1.59501e-05
4.76923e-05
-5.91069e-05
0.000191823
-0.000381233
0.000382285
-0.00071743
3.20334e-06
0.00073675
-0.000892512
0.000929915
-0.00120596
7.33503e-06
0.00119357
-0.00159775
0.00165952
-0.00216568
1.18008e-05
0.00212784
-0.00280974
0.00291017
-0.00374832
1.74597e-05
0.00368152
-0.00474256
0.00490697
-0.00617303
2.77462e-05
0.00606436
-0.0076244
0.00788545
-0.00964088
4.55726e-05
0.00946345
-0.0116545
0.0120469
-0.0142346
6.85987e-05
0.013927
-0.0168541
0.0173936
-0.0195491
9.96851e-05
0.0190045
-0.0227649
0.0229518
-0.0137135
-0.000100626
-0.0015971
0.000802913
-0.000479005
-2.28679e-05
0.00012397
0.00020316
1.70855e-05
0.023369
-0.0136563
6.13238e-05
0.0164268
-0.00256464
-0.00114824
0.000999427
-0.000944409
0.0137273
-0.0230192
0.000144613
0.000100794
0.000286932
0.000150171
5.81331e-05
1.46595e-05
-1.94009e-06
-7.59794e-06
-8.10778e-06
2.47333e-06
-4.00348e-06
-0.000195197
-0.000209939
-0.000210696
-0.000194913
5.12267e-05
5.92298e-05
3.18775e-05
-0.000251871
0.000113372
-0.000249366
5.87611e-05
5.13426e-05
3.25819e-05
-0.000246315
7.65311e-05
0.000231769
0.000142676
-0.000251957
0.000113835
0.000251849
0.000353139
0.000386762
-0.00072849
-0.000727758
-0.000780212
0.000702124
-0.00108247
0.00131882
-0.00183744
0.00235378
-0.00313359
0.00399917
-0.00516584
0.00642463
-0.00817436
0.00974654
-0.0123825
0.0139694
-0.0177211
0.0187068
-0.00328006
0.0119049
-0.00187489
0.000500077
0.0161997
-0.0163063
0.000967555
0.0126637
-0.0117039
0.000661557
0.00902712
-0.00777924
0.000455478
0.00600881
-0.00491121
0.000305625
0.00375014
-0.00297286
0.000193389
0.00219721
-0.00174015
0.000113822
0.00121144
-0.00102436
9.8652e-05
0.000616421
-6.14794e-05
0.000616621
-0.00102378
9.8751e-05
0.000704988
-0.000777129
0.00028995
0.000450782
0.00032252
0.000312692
-0.000682456
0.000558645
-0.000972198
0.00116088
-0.00164669
0.00212965
-0.00282053
0.00364663
-0.00467576
0.00586057
-0.00745855
0.00888452
-0.0113307
0.0126922
-0.0157351
0.016476
-0.00177425
0.00893427
-0.00679353
0.000850335
0.0228068
-0.0229568
0.00121409
0.0183865
-0.0159378
0.000761158
0.0129224
-0.0103354
0.000484796
0.00848775
-0.00647479
0.000315665
0.00530225
-0.00390535
0.00019681
0.00315099
-0.00226964
0.000117755
0.00178661
-0.00132511
0.000103777
0.000946098
-0.000860621
0.00028631
0.000630848
0.000548411
-0.000273438
0.000632581
-0.000142742
7.84817e-05
0.000705838
-0.000621697
0.000703567
-0.000855309
0.00137229
-0.00121751
-1.27777e-05
-0.00106806
0.000914101
-0.000763348
1.67769e-05
0.000791021
3.06634e-05
6.51002e-07
-0.000203152
1.82232e-05
-1.60001e-05
1.07042e-05
-6.60604e-06
-3.41288e-06
0.000732972
-0.000734443
0.000905555
-0.00119348
2.47244e-06
0.00162102
-0.00212952
0.00285283
-0.00368226
1.33246e-05
0.00482168
-0.00605921
0.00776438
-0.0094453
3.22672e-05
0.0118786
-0.0138938
0.0171336
-0.0190018
-3.42218e-05
3.39524e-05
5.44114e-05
0.000155393
7.62269e-05
8.1157e-05
0.0120098
-0.0138932
6.17266e-05
0.016522
-0.01958
0.0174867
-0.0188255
0.000173136
0.0229986
-0.0255362
0.0164296
-0.0125909
-0.0237887
-0.00186044
4.26154e-05
-0.00852811
-0.00230965
0.00031952
0.0120539
0.0146583
0.000927312
-0.0190404
0.0124566
-5.19541e-05
-0.0109043
0.00843814
-0.000167612
-0.00666427
0.00543966
-0.000112562
-0.00398064
0.00329956
-9.76011e-05
-0.00234963
0.00198767
-7.60938e-05
-0.00127768
0.00117111
-8.71052e-05
-0.000687342
0.000154272
0.000265573
-0.000452926
-3.70147e-05
0.000834911
-0.00103449
0.00116035
-0.00150946
0.00201345
-0.00260516
0.00421776
-0.00370871
-2.04201e-05
-0.00327579
0.00285156
-0.0021522
-1.89648e-05
0.00243666
1.25992e-05
-5.2793e-05
-2.83609e-05
-6.851e-05
-0.000211994
-1.00381e-05
4.09563e-05
2.15318e-06
5.85047e-05
5.84014e-05
2.70414e-05
-3.76232e-05
0.000596116
0.000189281
3.18957e-05
0.000152774
-2.01533e-05
-9.9146e-05
-7.14441e-05
7.59557e-05
0.000120443
-0.000121995
-0.00019211
-0.00188124
-0.000107789
0.00230816
-0.00321167
0.00338822
-0.00428585
0.0054877
-0.00669984
0.0109992
-0.00948073
2.08804e-06
-0.00884304
0.00780084
-0.00609241
-1.66487e-05
0.00697609
5.44434e-05
-8.30917e-05
-7.35193e-05
4.36128e-05
-0.000692508
-0.000340728
-0.000241046
-0.000420896
-0.000171754
-0.00012399
0.0013651
-6.20939e-05
-3.31724e-05
0.000198317
-0.000350864
-0.000115695
0.000354688
0.000657309
0.00118407
5.35329e-05
-7.79789e-06
9.70513e-05
4.51141e-05
-0.00107757
-6.31101e-05
0.0013268
0.00121088
-0.00173669
0.000114199
-0.00183472
-0.000120299
0.0023654
0.00219846
-0.0029644
0.000194528
-0.00314206
-0.000193856
0.00400664
0.00376059
-0.0048972
0.000308265
-0.00520257
-0.000213732
0.00640607
0.00604792
-0.00776718
0.000461929
-0.00827692
2.19518e-05
0.00961271
0.00915752
-0.011746
0.000675802
-0.0125743
0.00108963
0.013411
0.0130579
-0.0166151
0.000991023
-0.0177452
0.00452003
0.0171623
0.0171599
-0.00241585
0.000511134
-0.00295521
0.05627
-0.0277364
-0.0286717
0.04207
0.0111092
0.00389082
-0.0324707
-0.00767824
-0.00467268
0.0137329
-0.0144253
-0.000277609
0.000673334
-0.00277969
-0.00311191
-0.000651913
0.000831311
0.000442508
-0.000202947
-0.000514252
-0.000173258
0.000218572
5.97558e-05
2.91e-05
1.22671e-05
-3.60615e-07
-8.93159e-06
-3.36301e-05
-1.58714e-05
0.000393806
-0.000394116
2.71736e-06
2.77414e-06
-0.000401794
0.000395562
-1.07745e-06
1.41171e-06
-1.53948e-06
-2.96822e-05
-1.89437e-05
7.15874e-05
3.47071e-06
8.22442e-05
-2.90099e-05
-3.58299e-05
-1.76596e-06
0.000137004
-0.000162631
0.00016525
-0.000134437
-0.000136896
-0.000113422
6.01691e-06
0.000164515
0.000144333
-0.000142311
-4.01366e-06
-0.000163857
6.64943e-07
1.46215e-06
3.93251e-06
-7.44851e-06
-8.9566e-06
-7.72619e-05
-5.45193e-05
-0.000104751
-0.000157195
-0.00018843
-0.000122351
-5.02705e-05
0.000779273
-0.00193592
-0.000848615
-0.000244775
0.00636931
-0.00762813
0.00849324
-0.0101193
0.0124222
-0.000578988
-0.0116671
-0.00054589
0.0101535
-0.000297394
-0.00108268
0.000175635
0.000122376
0.000243518
0.000288255
-0.000263817
-0.00315844
0.0108707
-0.00523177
-0.017961
-0.00282764
-0.0035072
-0.0429455
-0.0121828
0.00158631
-0.018208
0.0131319
0.000662973
0.000576743
0.0158624
0.0132736
0.00168856
-0.0015333
0.0174239
0.0156783
0.00178624
-0.00182831
0.0158603
0.0178352
0.00166841
-0.00408826
0.0132364
0.0180557
-0.006464
0.0105239
-0.00913172
0.00977162
-0.0382793
-0.0206674
0.00328137
-0.00946622
0.0179356
-0.00113204
-0.0290399
0.0168534
-0.000313694
-0.0198753
-0.0197944
-0.0283989
0.00940549
-0.0148024
-0.00997836
0.0152737
-0.0263791
-0.00403588
0.0164874
-0.0164431
-0.00140571
0.012394
-0.0103096
-0.000741268
0.00838751
-0.0064937
-0.000519947
0.00535208
-0.0040001
-0.000356525
0.00326419
-0.00236598
-0.000208546
0.00191777
-0.00135147
-6.50704e-05
0.0011426
-0.000726148
0.000134831
0.000625878
-0.000284737
0.000544623
0.000629119
-0.000868385
0.000943875
-0.00133855
0.000104961
0.000556725
-0.000683215
0.000285623
0.000310751
0.000324805
0.000450336
0.000385847
0.000289619
0.000572749
0.000352853
-0.000124733
-0.000366235
-0.000576863
-0.00057352
-0.000892878
-0.00143805
-0.00111412
-0.000540037
-0.000315897
0.00387345
-0.00503461
-0.000223819
-0.000158415
-0.000298141
2.72815e-05
-0.00550872
0.00482846
2.10028e-05
0.00375108
-0.00484148
2.26871e-05
0.00619123
-0.00777505
4.93662e-05
0.0096868
-0.0118638
9.47772e-05
0.0142966
-0.0170935
0.000130772
0.0194764
0.000155779
0.000363521
9.68235e-06
-2.79531e-05
-7.18777e-05
1.15334e-05
2.80745e-05
2.06276e-05
1.17258e-05
5.17784e-06
1.73724e-06
7.78624e-07
3.47095e-06
1.07544e-05
-0.000384296
7.39026e-06
2.24166e-05
-2.67496e-06
-6.91429e-06
-1.21884e-05
-1.92582e-05
-3.38552e-05
-6.68026e-05
-0.0001314
-0.000176775
0.000734918
-0.000220692
-0.000576368
-0.000790229
0.0152981
-0.0163818
0.0191689
1.82497e-05
-0.00269392
0.0022416
0.00692637
2.28337e-05
-0.0062355
0.00582976
0.00594645
4.5324e-06
-0.00663796
0.00619161
0.00534958
-1.02028e-05
-0.00837992
0.00794476
0.00750421
-0.00016565
0.0106423
-0.0111945
0.0109187
-0.0117184
-0.0010969
-0.00582634
0.00825023
-0.000742168
-0.0079563
-0.00018835
-5.77872e-05
0.027401
-8.72953e-05
-0.0275784
0.0174932
-0.000627725
-0.0180964
0.0181443
-0.000403621
-0.019011
0.0277667
-0.000270614
-0.0277856
0.0240265
-0.0239482
0.0237839
-0.0243793
0.000116604
-0.0274778
0.0271766
-2.71442e-05
-0.018145
-0.00070049
0.0182908
-0.0156251
8.63627e-05
0.0278004
0.010082
0.02675
0.00993844
-0.0113625
0.0164994
0.00222903
-0.011781
0.0114964
0.000884327
-0.00878031
0.00781455
0.00058646
-0.00595722
0.00519731
0.000392769
-0.00381555
0.00321176
0.000268461
-0.00233316
0.00193817
0.000132254
-0.00137051
0.00105721
1.69919e-06
-0.000840156
0.000486644
-0.000251776
-0.000706861
-0.000190411
-0.00059564
0.000396843
3.78208e-05
2.02328e-05
0.000240125
6.57458e-05
-0.000371642
-0.000300212
-7.60154e-05
-0.000234642
-0.000144918
-0.000110434
-0.000260421
-0.000121527
-0.000129875
-0.000258303
-0.000380304
-0.000409074
-0.000287325
0.000775975
6.09252e-05
-0.00056323
-9.6216e-05
0.000961303
0.00113135
5.81855e-05
-0.00110534
-0.000112999
0.00159045
0.00231552
-6.81694e-06
-0.00317184
8.47683e-05
0.00395662
-3.95179e-05
-0.00533653
0.000140253
0.00648251
-6.86151e-05
-0.00853479
0.000151504
0.0100827
-0.000100953
-0.0129441
0.0002151
0.0148403
-0.000186511
-0.0186596
9.27018e-05
0.0204421
-0.000485567
-0.0256032
-0.000655411
0.000617873
-0.0154851
0.0252796
0.000142767
0.0140717
0.000392301
-0.0115765
0.0190095
-4.37565e-05
0.00989677
0.000318675
-0.00812437
0.0133288
-3.50244e-05
0.00669369
0.000238653
-0.00535493
0.00883253
-1.81998e-05
0.00429128
0.00018096
-0.00336148
0.0055431
-1.01304e-05
0.00262099
0.000116846
-0.00200051
0.00330761
-4.86242e-06
0.00151735
7.3063e-05
-0.00115998
0.00189825
-6.75468e-06
0.00086661
4.14891e-05
-0.000703806
0.00108065
-2.85403e-05
0.000625592
-7.65043e-05
0.000143998
-0.000630372
-0.000543479
0.000282098
-0.000630954
-0.000138652
-3.98424e-05
-0.00118518
-0.000658199
-0.000577133
-0.000373639
-0.000288322
0.000694201
0.000800183
7.46998e-05
-0.000533369
-0.000102251
0.00135456
2.79097e-05
-0.00179783
7.28203e-05
-0.000184545
-8.97961e-05
-4.29753e-05
-0.000737153
9.94109e-06
0.000247074
-2.80171e-05
-4.8728e-05
-6.36334e-05
0.000254106
-8.06639e-05
3.4181e-05
2.99088e-05
1.11506e-06
2.38844e-06
2.15426e-06
2.88529e-06
2.37807e-06
3.76984e-06
-3.37464e-06
-2.96296e-07
0.00161998
-0.00187701
1.02306e-05
-1.82771e-06
-1.2442e-05
1.5741e-06
-0.000924775
9.76149e-07
0.00120416
-0.00163983
3.56105e-06
0.0021629
-0.00287287
9.5179e-06
7.67713e-06
2.91019e-07
8.35878e-06
9.54482e-06
3.05901e-05
4.30561e-05
2.74417e-05
1.51803e-05
7.7962e-06
6.17645e-06
1.35756e-05
8.58917e-06
2.70422e-07
0.0011861
-0.00156576
0.0014137
-0.0018774
0.00247432
-0.00322172
5.93958e-05
-0.00113007
6.62952e-05
0.00105794
5.82245e-05
-0.000689227
3.78032e-05
0.000538589
-3.33848e-05
-1.8253e-06
0.000188972
-2.18933e-05
-0.000372726
0.00233267
7.55993e-05
-0.00195194
-0.000184028
0.00256297
0.00336688
0.000212111
-0.00342222
-0.00027898
0.00440643
0.00533644
0.000349308
-0.0055333
-0.00041345
0.00677624
0.00829609
0.000491923
-0.00853455
-0.000581065
0.00973155
-0.0123828
-0.00076418
0.0127837
-0.0172357
-0.000227162
-0.000613308
-0.00012126
-2.26715e-05
2.31093e-05
2.92679e-05
2.4263e-05
1.86139e-05
1.33079e-05
-1.48417e-07
4.77964e-06
0.000195991
0.000209856
0.000211826
-5.01217e-05
0.000252631
9.6543e-06
7.7672e-06
0.000260459
-4.25475e-05
0.000254186
-7.85104e-05
1.08365e-05
-1.96226e-05
2.11505e-05
-4.96809e-06
1.09037e-05
-1.65109e-07
-0.000884557
4.22022e-05
2.31991e-05
9.02892e-06
1.96651e-06
6.74598e-07
-0.000142635
0.000143595
6.08925e-06
-0.000115745
0.000191832
-4.77524e-05
1.35001e-05
5.19549e-05
1.7202e-05
-1.88032e-05
0.000256566
-0.00086801
6.07628e-05
-0.000590103
-0.00010178
0.000931453
0.0011568
4.61056e-05
-0.00112247
-0.000106995
0.00192741
0.000111065
-0.0020002
-0.00018148
0.00272031
0.00329278
0.000211144
-0.00346677
-0.000287755
0.00438528
-0.00559251
-0.000420915
0.00675237
0.000348631
0.000260529
0.000178825
0.000110684
5.61759e-05
1.36499e-05
-2.05511e-06
2.53649e-06
9.39476e-06
3.46217e-06
-3.59636e-06
-1.82168e-05
-1.07537e-05
-5.15564e-06
-7.14083e-06
-5.2436e-05
-5.01964e-05
-0.000106859
-0.00010964
-0.000165263
-0.00019248
-0.00087081
-0.00137438
-0.00229964
-0.00248651
-0.00458969
-0.00394165
-0.00225498
-0.00855226
-0.0256794
0.00152783
-0.041002
-0.0306175
-0.0232506
-0.0155225
-0.0136583
0.00514784
-0.0120521
-0.00066745
0.00308465
0.000347793
-0.000159193
0.0147829
-0.0171526
0.019517
0.000176757
-0.002419
0.00365796
0.00804029
0.000287063
-0.00561787
0.00752675
0.00751075
0.000299242
-0.00600419
0.00775326
0.00705899
0.000219117
-0.00804506
0.00883605
-0.000398789
0.000337453
0.000552367
0.00363514
-0.015377
-0.0221137
0.0010265
0.018373
0.000383922
0.000129974
0.0115794
0.00014082
-0.0189458
0.0223808
2.03709e-05
-0.0246673
0.0145713
-0.0144792
0.0126206
-0.0024332
-0.0163817
0.00050274
-0.0199532
0.0272422
-0.0238469
0.0217345
-4.10772e-05
-0.0217636
3.1729e-05
0.0215551
-6.56749e-05
-0.0216558
1.18549e-05
0.0217507
-7.95875e-05
-0.0218331
0.0242671
-0.0277973
0.00195072
-0.0219414
0.0302765
0.00159766
0.00090143
-0.00981993
0.010456
-0.0108309
3.61248e-05
-0.0079846
0.0073471
0.000524929
-0.00913406
0.00660824
-0.00777962
0.000667531
0.0152102
-0.00840185
0.00497232
0.00104834
-0.00932223
0.0073667
-0.000163878
-0.00013917
-8.99451e-06
0.000236299
0.000114044
3.77616e-05
5.04315e-06
-5.86633e-06
-8.89033e-06
-8.40148e-06
2.29465e-06
-3.74227e-06
0.000115679
0.000137119
3.78216e-07
-3.08928e-05
-1.91713e-05
0.000233356
7.65934e-05
-0.000215177
0.000107715
0.000138907
-0.000228655
2.72791e-06
-0.000240509
-1.99086e-05
-6.54732e-05
-0.000206782
0.000301069
0.00037339
1.87804e-05
7.1833e-05
-1.72366e-05
9.99127e-06
0.000176112
-0.000189985
-1.84242e-06
-0.000207694
0.000208742
0.000191503
-0.000174372
-7.50467e-08
-0.000221003
1.68649e-07
0.000221555
3.9062e-07
1.14606e-06
-7.37055e-06
4.70992e-07
1.99675e-05
3.39257e-05
0.001183
0.00065641
0.000348137
-0.000126324
-0.000370167
-0.000594453
-0.000901865
-0.00139992
-0.00228567
-0.00398605
-0.00405306
-0.00787529
-0.00858511
-0.0184917
-0.0301613
-0.0273021
-0.0274385
0.01138
-0.0160836
-0.00805811
-0.00870724
-0.0253132
-0.0307529
-0.0277755
-0.0277948
-0.0276617
-0.0276164
-0.0315702
0.0115309
-0.00151909
-0.0063372
0.0343535
-0.00959927
-0.0229717
-0.0213241
-0.00621809
-0.00757455
-0.0173407
-0.0179311
-0.00233599
-0.00423289
0.000436117
0.000854739
0.00073938
0.000523167
0.000341516
0.000263222
0.000140689
0.000136924
4.28561e-05
8.91848e-05
-0.000245179
-0.000450959
-0.000702972
-0.00107103
-0.00169133
-0.00297971
0.000829745
0.000611395
0.00053415
0.000658681
0.00057944
0.000417265
0.000412367
0.000258454
0.000326369
0.000185872
0.00115695
0.001774
-0.00228003
0.00312674
-0.00390048
0.000196696
0.00211793
-0.00165344
0.000118753
-4.57133e-06
-5.20478e-05
-5.17303e-05
-0.000976051
-7.53182e-06
-0.000247738
0.000143621
-7.06175e-05
-1.07676e-05
-1.8395e-05
3.40692e-05
-0.000240254
0.000184924
-1.10647e-06
-3.18273e-07
-2.90264e-07
3.08407e-07
0.000116122
-3.83354e-06
1.0958e-06
9.488e-07
1.1631e-06
-7.11717e-05
9.11099e-07
3.00791e-05
1.88687e-05
2.49226e-05
-1.82648e-05
1.71718e-05
-5.37121e-08
2.11473e-06
-7.1029e-05
0.000240803
0.000229698
-0.00013714
-3.26098e-05
-0.000108714
0.000216859
2.11476e-05
7.84132e-06
1.3752e-06
5.84939e-07
-5.33631e-06
-4.06631e-06
-3.99257e-06
-2.80311e-05
-1.26021e-05
-5.27377e-05
2.28663e-05
-0.000102322
-0.000106367
-0.000157558
-0.000184936
-0.00282538
0.00361928
0.00526495
-0.00643205
0.0084245
-0.0101666
0.000463482
0.00580101
-0.00466577
0.000309113
1.44731e-05
-7.45719e-05
6.23809e-05
-8.59033e-05
0.000135944
-0.0001981
-0.000227041
-0.000204148
-0.000227628
-0.000151382
-4.09734e-05
0.000147334
0.000208272
9.36634e-05
0.00344424
0.00013122
0.000133399
5.86176e-05
2.27668e-05
5.56807e-06
-3.09205e-06
1.00059e-06
-1.11965e-06
-8.25812e-06
1.29561e-05
4.01987e-06
-3.81599e-06
3.32204e-05
1.37256e-05
1.45187e-05
7.59094e-06
1.07785e-06
1.12215e-05
1.01982e-05
3.01564e-06
6.26614e-06
1.17386e-05
2.03796e-05
1.02434e-05
7.27337e-05
3.28916e-05
5.04359e-05
0.00015588
6.754e-05
0.00014204
0.000324768
0.000253301
0.000757882
-0.00243645
-0.00286873
-0.000467739
0.000381433
0.000526904
0.000292584
-0.00689897
-0.000162447
-8.98217e-05
-9.73873e-05
-0.000720755
-0.00024226
0.0160845
-0.000222849
-0.0198099
-0.000156826
-0.00084454
-0.0184297
-0.00085041
-0.0010292
-0.0123491
-0.00630965
-0.0102935
-0.0246421
0.00258547
0.00617128
0.000374396
-0.000339339
-0.000292954
-0.000529271
8.47454e-05
-0.0144313
0.0189617
0.00011746
-0.00425576
0.00194195
0.00641948
4.50093e-05
-0.00804394
0.0051299
0.00518124
-1.22441e-05
-0.00828992
0.00547394
0.0046015
-6.42162e-05
-0.00763343
0.00186205
-0.0113886
0.00559377
0.00864289
-0.0106337
0.0031179
0.00129673
-0.000629581
-0.000104419
-1.57012e-05
3.04814e-05
3.33377e-05
2.5983e-05
1.90344e-05
1.21364e-05
4.8911e-06
1.14195e-05
5.0186e-05
0.00209001
-0.00275065
6.83001e-05
0.00359959
-0.00464088
0.00416109
-0.00530145
0.00666837
-0.00830905
0.000112324
-0.00314972
0.000132805
0.0030073
8.08081e-05
-0.00191462
0.000100348
0.00184619
2.08165e-05
8.40239e-05
0.000608056
-7.02302e-05
-0.00100147
0.00651487
0.000248724
-0.00528714
-0.00041351
0.00652958
0.00847474
0.000500257
-0.00838232
-0.000574699
0.0118816
0.000789209
-0.0122694
-0.000830417
0.0127705
0.0162683
0.000799891
-0.0205678
-0.000443571
-0.017107
-0.0203339
0.000927462
0.0158039
0.0131203
-0.0168012
-0.00038157
-0.000621188
0.000578828
0.000471465
0.000376252
0.000275043
0.000184314
0.000110129
5.09053e-05
8.68439e-05
1.9717e-05
-3.22665e-07
2.84727e-05
-8.34382e-07
0.00591649
-0.00745887
0.000152581
0.00922918
-0.0114148
0.0101921
-0.012346
0.0149283
-0.0169783
-0.00046634
-0.00702106
4.17873e-05
0.00710707
7.10275e-05
-0.0049823
0.000136375
0.00467736
4.30048e-06
0.000236715
0.00170929
-8.31981e-06
-0.0020378
0.0149308
0.00046276
-0.011331
-0.00082607
0.0134034
0.0161792
0.000798181
-0.0211524
-0.000350088
-0.0151182
-0.0271868
0.000241501
0.0200481
-0.00170334
0.00899239
-0.000232322
0.00606741
0.00525554
0.00265121
0.00167865
0.0112872
-0.00671433
-0.000326146
0.00125209
0.00069624
0.000484836
0.000354882
0.000245754
0.000154818
7.84113e-05
4.04605e-05
0.00046878
-0.000315684
-0.000516931
-0.000124689
0.000100546
-0.000288537
0.000928941
-0.000373595
-0.000443766
-0.000443926
-0.000275265
0.000698657
0.000786789
5.99453e-05
-0.000599452
-9.72418e-05
0.00112389
4.96574e-05
-0.00110165
-0.000107726
0.00161315
0.00193471
0.000115659
-0.00202399
-0.000186763
0.00269516
-0.000317151
-0.000246836
-0.00247804
-0.000131768
-0.0013878
0.000382029
0.000384227
0.000125408
-0.000369859
-0.000603598
-0.000384319
-0.000300334
-0.000652785
-0.000193054
-0.000106871
5.99716e-05
1.07349e-05
0.00136982
3.43654e-05
-0.00110471
-0.000111258
0.00151903
0.00197774
0.000107913
-0.00200852
-0.000179253
0.00327832
0.000216056
-0.0034277
-0.000282993
0.00441091
0.00536816
0.000331756
-0.00675934
-0.000570172
-0.000394056
-0.00420663
0.00082168
0.000826117
0.000585321
-0.000147575
-0.00136206
-5.34053e-05
-0.000668205
0.000130313
-0.000216183
-0.000258017
0.000102046
0.000379071
-0.000197597
-0.0016689
0.000302884
4.22105e-05
0.000356622
-4.69455e-05
0.00398004
0.000153144
-0.00329953
-0.000285182
0.00418428
0.00548884
0.000341486
-0.00550724
-0.000405829
0.00822357
0.000523295
-0.00845164
-0.000587298
0.0097311
0.0120643
0.000726972
-0.0148992
0.000428381
-7.09885e-05
-2.4667e-05
2.01431e-05
1.54909e-05
9.65519e-06
5.40657e-06
2.79308e-06
-1.65951e-06
6.24991e-07
1.18393e-05
2.37714e-06
-1.7585e-06
3.67379e-06
1.56787e-05
4.09805e-05
6.70475e-05
3.05029e-05
1.02558e-05
2.55346e-06
3.09541e-06
-7.75123e-07
1.22381e-06
0.00163884
2.05125e-06
-0.00163188
0.00216125
3.83347e-06
-0.00286293
0.00287481
-0.0021516
0.00218089
5.38951e-06
-0.0029031
0.00286219
-0.00216097
0.00163245
-1.295e-06
-0.00166048
0.0012161
-0.00120754
0.00121258
-0.00121148
5.00385e-06
-0.00162632
0.00166741
6.39526e-06
-0.00217294
1.7606e-06
-0.00285297
0.00291627
8.65106e-06
-0.00375975
-4.69837e-07
-0.00480174
0.00489395
-0.00481251
0.0048315
6.56314e-06
0.00373266
-0.00371629
3.88568e-06
0.00377263
1.30222e-05
-0.00487256
0.00481607
-0.00372113
-2.29685e-05
-0.00328755
0.00200877
9.64789e-06
0.00244728
-1.89875e-05
-0.00188852
0.00116417
8.97694e-06
0.00138295
-0.00122354
0.000922351
-4.68604e-06
-0.000937898
1.83132e-07
0.00091854
1.08341e-06
-0.000915033
3.94267e-06
0.00094069
6.5606e-06
-0.000918686
0.00122849
-0.00138067
1.56907e-05
1.62651e-05
1.01672e-05
3.41497e-05
2.04625e-05
-0.000396845
0.000412248
-0.000405392
0.000406139
2.56865e-07
-7.12539e-07
-9.87533e-07
-0.000411856
0.000397711
-1.99962e-05
-1.13031e-05
0.000200188
-0.000225453
4.46743e-07
-1.789e-06
0.000744134
-0.000753343
0.000755444
-0.000742029
0.000771792
-0.000795878
-1.54425e-05
-2.53117e-06
-0.000199443
1.1782e-05
0.000225667
-9.36449e-06
9.28213e-06
8.38681e-06
2.42916e-06
4.58392e-06
7.79304e-06
9.73999e-06
9.6411e-06
-0.00610351
8.28096e-06
-0.00767999
0.00770661
-0.00776773
0.00770061
2.30061e-05
0.00620189
-0.00610385
-2.42579e-05
-0.00551042
0.00336796
2.0178e-05
0.00422168
-0.00261209
-0.000109313
-0.0018958
0.00231603
-0.000243416
-0.00318296
0.00382815
-0.000334604
-0.00505971
0.00609558
-0.000371814
-0.00761854
0.00928569
-0.000501173
-0.0111835
-0.00116686
-0.000390111
-0.000612557
-0.0002124
-0.000412623
-0.000173321
-0.000298244
-0.000129717
-0.000203911
-7.86635e-05
-0.000140675
0.00136499
-0.00151499
-6.90535e-05
-0.00105594
0.000832948
-3.50678e-06
-1.65428e-05
-0.000125
-3.88572e-05
-0.000487079
-3.98677e-05
0.00070692
2.9322e-05
-0.00107764
-1.2261e-05
-1.2502e-05
5.91553e-05
2.56488e-05
-3.76239e-05
-0.000396796
0.000596254
0.000191819
0.000705071
0.000248649
0.000141418
2.02457e-05
7.67912e-05
-0.000626443
0.000797559
-0.000769983
1.61305e-05
1.01444e-06
-3.59978e-05
-8.80469e-06
-3.38109e-07
5.93611e-05
7.74527e-05
0.000114974
0.00017453
4.21274e-05
-0.00878862
0.00538269
-0.00429567
0.00694834
1.85298e-05
5.81614e-06
-2.55305e-06
2.73073e-06
1.12408e-05
2.31015e-05
3.79117e-05
4.76744e-05
-1.50862e-05
-0.00948088
3.35527e-05
-0.0117132
0.0116604
-0.0132899
0.00815555
8.40616e-05
0.0108644
-0.0067272
-0.000163783
-0.000155048
0.000728332
0.000575655
0.000671873
0.000901322
0.00872945
0.0127894
-0.0154214
0.00163236
0.000103223
-5.20342e-05
0.000419765
-0.00016055
-8.15392e-05
-0.00738706
9.61365e-05
0.000687895
-0.0111127
0.000687039
9.88306e-05
4.34298e-05
9.61198e-05
0.000211464
0.000310881
0.000145859
5.5159e-05
2.58059e-05
2.19475e-05
2.11373e-05
3.0232e-05
4.0671e-05
2.60441e-05
2.02422e-05
2.59391e-05
1.67564e-05
1.44498e-05
-4.49467e-08
1.10196e-05
1.21767e-05
0.000100747
2.95642e-05
1.925e-05
1.29739e-05
1.34817e-05
9.51383e-06
5.33993e-06
1.04669e-05
1.11564e-05
8.99327e-06
-3.79294e-05
1.52732e-05
2.95281e-05
2.18732e-05
3.86444e-05
6.17817e-05
6.83311e-05
0.000118656
5.85396e-05
0.00011246
5.4292e-05
0.0136109
-0.0165906
0.000266399
0.0187145
0.000359513
7.00194e-05
0.000206207
0.0012702
-0.00364378
0.0124738
-0.0104232
0.0219706
0.00317486
0.0134705
-0.011762
0.0101541
-0.00989226
0.00709822
0.00805038
-0.0107291
0.00241848
-0.0116095
0.00750069
0.00775367
0.0145582
-0.000774051
-0.000307009
-0.00182578
-0.000132534
-0.007307
-0.000152872
-3.24745e-05
3.41678e-05
4.83262e-05
8.20451e-05
4.3758e-05
3.71293e-05
4.41422e-05
3.70203e-05
-4.23576e-06
3.8175e-05
-1.21649e-06
0.000280147
0.000189775
0.000132069
-0.00828058
0.0101447
0.000359425
-0.00799501
-0.000583943
0.00969958
0.0122539
0.000720627
-0.012103
-0.000804697
-0.0147786
0.000474178
0.000380554
-1.96685e-05
1.1245e-05
-4.02519e-06
0.000225806
4.01894e-05
2.06983e-05
2.74696e-05
2.12092e-05
-6.37147e-06
0.00018799
0.000113244
5.40518e-05
-0.00134074
-0.00012898
0.00161443
-4.23456e-05
0.000969816
-0.000686831
-0.000576719
0.000716457
-0.00041649
-0.000378083
-0.000365391
0.000127568
-0.000245166
-0.000273937
-0.00249246
0.000614897
-0.000275165
-0.000617837
0.000483521
0.000905466
-0.00040723
-0.00513016
0.00070647
0.000130024
0.000996851
-7.55715e-05
-0.00152181
-0.000557403
0.00104512
0.00173162
0.00127968
-0.000435899
-0.00427367
-0.000393923
-0.00415494
0.00112816
-0.000632119
-0.00689709
-0.000570716
0.00679879
0.00141815
-0.000879636
-0.0105383
-0.000563181
-0.0127559
0.00194321
0.000713917
0.00358886
0.000236085
-0.0189035
0.00053692
0.00221606
0.00263354
0.00377757
0.012914
0.0303012
0.015919
0.0234528
-0.00212257
-0.00124246
-0.0153051
0.00144353
0.000965276
0.00267584
0.0156577
0.0227689
-0.00204974
-0.00113816
-0.000793971
0.00985349
-0.0102104
0.00133795
0.00110817
0.00119565
0.000521543
0.00209282
0.0143968
0.0229682
-0.00210982
-0.00114804
-0.000796846
-0.0102948
-0.000975939
-0.00070721
-0.000497801
0.000672488
0.000439762
0.000237457
5.79746e-05
0.000202183
0.000946823
0.00122302
0.00138112
-0.00128281
-0.00166736
0.00202131
0.0131304
0.0256794
-0.00443209
0.00526616
0.00232829
0.00197646
0.000215004
-0.000143755
-7.33856e-05
-3.66116e-05
-1.8708e-05
-9.66343e-06
-3.66454e-06
3.76072e-06
1.77257e-06
7.93079e-07
-4.23207e-07
4.99266e-06
2.78288e-06
2.87781e-06
3.06669e-07
-2.73062e-05
-5.89732e-05
-5.74796e-05
9.34136e-06
2.53919e-05
-0.00244613
0.00217126
1.01318e-05
8.37753e-06
9.66579e-06
9.25498e-06
5.01556e-06
1.01153e-05
3.13509e-05
9.6868e-07
0.00020539
-0.000954099
7.72359e-05
5.95383e-05
7.4903e-06
1.05274e-05
1.29248e-05
-5.7186e-07
-8.16352e-06
1.7667e-05
1.31216e-05
1.10484e-05
9.64327e-06
1.17474e-05
1.37387e-05
4.26107e-05
4.00608e-05
0.0116204
3.16982e-06
-0.0115933
0.0139648
-2.01657e-05
-0.0164844
0.0164801
-0.0139424
0.0141856
2.77286e-05
-0.0166286
0.0166334
-0.0139089
2.23912e-05
0.0161169
-0.0100939
-9.6328e-05
-0.000115632
0.0001171
0.000258843
0.000301367
-0.000203298
-0.00143658
-0.00292891
-0.00558013
3.24376e-05
-0.00213202
-0.000859779
-0.000260395
0.000268666
0.000248447
4.79614e-05
5.19012e-05
5.16197e-05
2.72631e-05
0.00965065
-0.00948846
0.00951885
-0.00962362
-1.76366e-05
-0.0116021
0.0117443
-2.72555e-07
-0.0141718
-4.75603e-05
-0.0165469
0.0166455
-1.78282e-05
-0.0195872
0.019291
-0.0221594
-6.88037e-06
-0.000152747
-5.43289e-05
1.71289e-05
3.1688e-05
0.000115878
0.000279153
0.000672232
0.00391806
-0.0023311
0.0567489
-0.00151738
-0.000257625
-0.0010749
-0.0112389
0.00252192
0.00653589
0.000507273
-0.000120803
-0.00577248
-0.000147238
0.000134371
0.000290135
2.46802e-05
3.18908e-05
0.000554167
0.00032243
-0.0184099
0.0162201
-0.000777252
-0.000472116
-0.000150488
0.00323435
-0.000865143
0.00265276
0.00433765
0.00775097
0.0149162
0.00327123
-0.00834208
0.00337473
-0.0115779
0.00268618
0.00123873
-0.00797689
0.000566293
-0.000135154
1.10722e-05
-2.7713e-05
1.11685e-05
0.000118244
-8.24545e-05
-0.00019618
-6.04455e-05
-0.000215519
-4.90423e-05
7.3691e-06
-2.54211e-06
1.23384e-05
-8.53466e-06
-1.92453e-06
-4.116e-05
4.87286e-06
6.47996e-05
0.000141465
0.000325382
0.00568925
0.0244026
0.0012882
-0.00320131
0.0156048
0.000768034
-0.00229075
-0.00150481
-0.0025084
0.0563926
-0.00124693
-0.000277027
0.000489219
0.00010919
0.000251077
-0.00526228
-0.00016403
-0.000157787
-0.00113583
-0.0113408
-0.0104633
-0.0067425
-0.0238877
0.00255886
0.00582017
0.000258295
-0.000333417
-0.000355566
-0.000213852
-0.0063829
-0.000342229
0.00311697
-0.00205952
0.00334848
-0.000229928
-0.00586253
-0.000366281
-0.000161014
-4.78932e-06
0.00046686
0.00215213
0.00053025
0.000583323
0.00207056
0.00200329
0.000253737
-0.000103195
-2.7736e-05
4.74238e-05
0.000153017
-8.8082e-05
-8.56886e-06
0.00131515
0.0193306
0.00169779
0.000708296
-0.000183305
-0.000191758
-0.00014654
-0.00010213
-7.21875e-05
5.19965e-06
0.00373928
-0.00422145
3.32478e-05
8.86761e-05
4.45692e-06
4.11742e-05
-0.00693825
0.00613156
-4.79819e-06
-0.00767185
0.00779718
-0.00618158
1.03953e-05
0.00612788
5.41642e-06
6.84142e-06
3.79805e-06
7.06488e-06
5.33366e-06
5.2641e-06
1.40898e-05
8.49948e-06
1.53966e-06
-3.12935e-05
8.2304e-05
0.0194933
-0.0192154
0.0191914
-1.59632e-05
-3.17363e-06
3.47317e-06
8.91526e-06
-1.11371e-05
0.00952221
-0.0108168
4.47325e-05
0.000149216
0.000121793
-4.38392e-05
3.14748e-05
-0.0159624
0.0139824
-3.61539e-05
0.000551345
0.000408032
0.000319219
0.000204254
0.000127655
3.79725e-05
-2.12857e-05
-0.000143761
1.46118e-05
7.82662e-05
0.000144808
-5.56291e-08
0.000190041
0.000285003
0.000390501
-7.98159e-05
-3.807e-05
6.80573e-05
-2.60726e-05
-9.71593e-05
-6.64182e-07
-4.75406e-05
-2.67472e-05
-0.000129347
6.95717e-05
-0.000129252
-0.000477634
-4.61304e-05
-0.000161239
-0.00097787
0.00079254
0.00216012
0.000162834
5.76985e-05
-0.0191116
0.000100888
0.00116483
0.0060985
-0.000163201
-0.000201163
-0.00130149
-0.0132965
-0.00822315
0.0019246
-0.000237606
-0.000192348
-0.000168689
-0.00171828
-0.000340664
0.0128581
0.00349013
-0.000668042
0.0025738
0.0191456
0.00153717
-0.000312698
-0.000497528
-0.000565356
-0.00081736
-0.0184549
-0.0162241
9.72917e-05
0.00154177
0.000752442
0.00309133
-0.0057755
2.05806e-05
0.000186185
-0.000864463
0.000279313
-0.00669484
0.00114777
0.000788621
0.000547681
0.00037028
0.000110984
2.32438e-05
-0.00301411
0.00271457
-0.00243025
0.000584681
0.0144663
0.0122952
0.000513212
-0.00012353
-0.000149817
-0.000145308
-0.000866233
-7.60493e-05
-6.83885e-05
-8.8388e-05
5.96502e-06
-0.000162208
-5.5677e-07
-0.0193756
0.000503051
-0.0174948
-0.000113746
0.000822421
3.4052e-06
-0.000183924
8.23622e-05
-0.000459122
0.000945149
2.36257e-05
-0.000461598
0.00219293
0.00669694
2.81188e-05
2.11828e-05
0.000123375
2.54667e-05
0.000195278
0.000573615
-0.0135422
0.000104315
-0.000298269
0.000127886
0.000377118
0.000381838
0.000581525
0.000813289
0.00108439
0.00128014
0.00108627
0.000328932
0.00208046
0.0141975
0.0191952
0.0183023
0.0121289
-0.0267945
-0.0255449
-0.00104363
0.0227203
-0.000651076
-0.0245218
0.00400937
0.000955265
-0.00279229
0.00213649
0.000362315
-0.00206352
0.00140791
0.00023221
-0.00137415
0.000929707
0.000163764
-0.000892597
0.000562177
9.37421e-05
-0.000566601
0.000313184
3.85231e-05
-0.000355085
0.000155246
-8.44872e-06
-0.000250063
4.41072e-05
-0.0001092
-0.000283909
-0.000126555
-0.000373446
-0.000446073
-0.000450987
-0.000384383
-0.00039626
-0.000427702
-0.000408655
-0.000427224
-0.000420182
-0.000417724
-0.000420359
-0.000415485
-0.000444012
-0.000425685
-0.000410378
-0.000543536
-0.00028029
-0.000250628
0.00106015
8.77821e-05
0.000607399
-0.000278623
0.000794686
7.16439e-05
0.000707599
-0.000287088
0.000754857
6.28206e-05
0.000730232
-0.000287832
0.000744454
6.36512e-05
0.00076664
-0.000276146
0.000709559
6.49104e-05
0.000920418
9.96466e-05
-5.6067e-05
-0.00051652
4.61677e-05
-0.000500591
0.000533122
-0.000698012
0.00105425
-0.00113944
0.00185137
-0.00188223
0.00303746
-0.00304067
0.00467435
-0.00462359
0.00690605
-0.00645811
0.0100209
-0.00731057
0.014972
0.0015408
0.0226142
0.0160443
-0.00632749
0.0175184
-0.0163591
-0.000839868
-0.000447379
-0.00958593
0.010046
-0.0090044
0.0166854
0.0021565
0.00255271
-0.000686242
-0.00142352
-2.39661e-05
0.00144665
0.000137368
-0.0128821
-0.00552606
0.00806966
-0.0050164
-0.00663495
0.00886913
-0.000944724
0.00971003
-0.00146732
-0.000774563
0.00763996
-0.0151562
-0.01904
-0.0241521
-0.0293032
0.0317193
-0.0241819
0.0253879
0.00016822
-0.0136944
0.0234386
-0.0123944
-0.014839
-0.0166683
-0.0216493
0.0283468
-0.0186728
0.0203295
-0.0160622
0.0147177
-0.0118451
0.010144
-0.00804404
0.00664121
-0.00511675
0.00415779
-0.00307048
0.00250789
-0.00175123
0.00147267
-0.000982045
0.000246115
-0.000273646
0.000161534
9.72501e-05
-0.000816648
0.00129255
0.000114734
-0.00153809
0.00226956
0.000189981
-0.0027477
0.00377788
0.000291212
-0.00454195
0.00593067
0.000423675
-0.00696984
0.00882773
0.00059321
-0.00996062
0.0126009
0.000816875
-0.0130751
0.0174533
0.000385229
-0.0144533
0.0244393
-0.0122272
-0.018049
-0.0186153
-0.0197441
0.0271381
-0.0122242
-0.0196216
-0.0186733
-0.0182966
0.0272004
-0.0170102
0.0205195
-0.0157673
0.0148838
-0.0117639
0.0101529
-0.00777125
0.00637317
-0.00477705
0.00381335
-0.00278519
0.00232014
-0.00158652
0.00136279
-0.000915317
0.000181484
-0.000251621
0.000305642
8.97649e-05
-0.000806161
0.00187895
0.000116593
-0.00210809
0.00314934
0.000174253
-0.00373705
0.00512514
0.000217117
-0.00626362
0.00613322
0.000468224
-0.00772622
0.00844925
0.000617558
-0.0100699
0.0119118
0.000780436
-0.0132134
0.0170138
0.000221394
-0.0153712
0.0251796
-0.0121224
-0.0215682
-0.0212132
-0.0172272
0.0323216
-0.022769
0.0244886
0.000614479
0.00224351
-0.0104739
0.00349884
-0.0050172
-0.0224064
-0.00518002
-0.00170213
-0.0149204
0.000236244
-0.0193004
0.0209414
0.000195632
0.0201897
-0.0232147
0.0261407
-0.00150035
-0.0217129
-0.00131599
-0.00225906
0.00990178
0.00896091
-0.00217634
-0.0166292
-0.0156525
-0.0118104
0.0083022
-0.00809315
-0.00435763
0.00927653
-0.00146952
0.00851027
-0.00722013
-0.00744553
0.0082008
-2.75322e-05
0.00736818
-0.00733983
-0.00815004
0.00750416
4.69433e-05
0.00725826
-0.00849578
-0.00922512
0.00445079
0.00147625
0.00811446
-0.00828433
0.00717326
0.0118416
0.0156591
0.0166966
0.00217451
-0.00897088
0.0100526
-0.000209288
-0.00929911
0.00966394
9.0945e-06
-0.00963686
0.00930144
0.000229725
-0.00998988
-0.00150121
-0.00345871
-0.00254272
0.000645611
-0.000509771
-6.69315e-05
-0.000507283
-0.0258223
0.0257924
-0.0229021
0.0209921
-0.0209755
0.0214715
5.34688e-06
0.022924
-0.0236186
0.0258723
0.000144902
-0.0257776
4.7447e-06
3.3268e-06
2.28938e-06
1.86607e-05
-0.000609936
0.000519556
8.09499e-05
0.000515265
-0.0261516
0.0217821
-0.0202992
0.0193374
-9.12212e-05
0.014786
0.00134543
0.0016374
0.00529619
-0.00629066
0.0015028
0.017397
-0.0159207
0.0163281
-0.016311
-0.000138228
0.0159068
-0.0173392
0.0062789
-0.015813
0.0176085
-0.00106735
-0.00584617
-0.0043489
-0.00897881
-0.023415
-0.0116437
-0.00225659
-0.001539
-0.00271952
-0.00110249
-0.00426279
0.00253212
-0.019579
0.0176719
-0.0142424
0.0118485
0.000178305
0.00151486
-0.00234987
0.000235727
0.000206917
0.00632822
-0.00686959
0.000315069
-0.0100997
0.0111637
-6.23504e-05
0.0118951
-0.0132183
0.0158626
-2.43666e-05
-0.014315
-0.00023009
-0.000213378
-0.000478362
-0.000647223
-0.000442438
-0.0096551
-0.000925294
0.00688711
-0.00114175
-0.000683326
-0.000176812
-0.000633663
-0.00154708
0.000345692
-0.00219772
0.00180113
-0.00219311
-0.0141521
-0.023905
-0.0228414
0.0252921
0.00115664
-0.0154656
-0.0173556
0.0199709
0.00032227
0.0175724
-0.000887571
-0.0134232
-0.0154687
0.0145115
0.000799927
0.0126213
-0.000799135
-0.0101669
-0.0115223
0.00994595
0.000588988
0.00892441
-0.000684434
-0.007191
-0.0077757
0.00642514
0.000420977
0.00612889
-0.000551562
-0.00474933
-0.00488685
0.00397377
0.000282143
0.00395518
-0.000383275
-0.00290213
-0.00290854
0.00238782
0.000186814
0.00238466
-0.00029664
-0.0016262
-0.00165622
0.00139842
0.000116132
0.00136512
-0.000283911
-0.000856656
-0.000926307
0.00021616
9.77088e-05
0.000192405
-0.00159235
0.000645909
0.000605381
-0.00147554
0.000104393
-4.7189e-06
0.000297677
5.49262e-05
-0.000646813
0.000793172
-0.000803629
-5.86907e-05
0.00199064
-0.00230624
-6.99016e-05
0.00320726
-0.00350616
-0.000142227
0.00402005
-4.68579e-05
-0.0022435
0.00470825
-0.00567475
0.000513462
-0.000103623
-0.00106506
-0.00901011
0.000231258
-0.00158393
-0.0008751
-0.000505752
-0.00498634
0.000625306
0.00108132
0.00231624
-0.00392558
0.00339329
-0.00556449
0.00477179
-0.000131391
0.00649786
-0.00598554
0.00760054
-4.22731e-05
-0.00720946
-0.00186672
-0.000540144
-0.000378191
0.000138806
8.49576e-05
-1.58756e-05
-0.000284982
0.000283348
0.000632646
-0.00238519
-9.62658e-05
1.55963e-05
3.43577e-06
4.33774e-06
1.07716e-05
2.2939e-05
2.29452e-05
0.000155761
3.80187e-05
-8.34532e-06
-0.00019136
0.00015414
0.00377603
-6.33649e-05
-0.00314413
0.00110659
-0.000457471
-0.00322183
0.0021561
-0.00270879
0.00201632
-0.00163267
0.00113115
-0.00175823
0.0015059
1.16195e-05
0.00247247
-0.00218383
0.00280834
-2.73469e-05
-0.00327187
1.20792e-05
-7.2721e-05
-0.000109257
-0.000232645
-0.000407072
-0.000265559
-0.000399412
-0.00167476
-0.00163794
-0.000906556
0.000530038
-0.00187271
-0.000624905
0.00112037
-0.000640366
-0.00127159
-0.00123194
-0.000866016
-0.000584392
-0.000301906
-0.000337792
-0.00026658
-0.000340502
-0.00215769
0.00124094
0.000100891
-0.00054287
-0.000832434
-3.01776e-05
-0.000284186
0.000775752
0.00012568
3.17008e-06
2.01098e-05
-0.000244466
0.000503327
-5.97883e-05
0.00117927
-0.00125398
-2.66295e-06
-0.0015872
0.00154035
-0.00154772
0.00159796
-2.63685e-06
0.0021361
-0.00218524
0.00285385
7.08938e-08
-0.00277398
5.15678e-06
-0.00214952
-8.18925e-06
0.00217493
3.5719e-06
-0.00283819
0.00278921
-2.91711e-06
0.00375293
-0.00369902
0.00474308
-0.00470403
0.00482936
2.74315e-06
0.005992
-0.0061401
0.00770135
4.56514e-06
-0.00750411
8.43585e-06
-0.00600499
9.12469e-07
-0.00481581
1.81454e-05
-0.00376068
0.00420233
-2.39728e-05
1.72862e-06
-2.3277e-05
-2.46887e-05
0.00792851
-0.00893291
4.69666e-05
-0.0115533
0.0113286
-0.0112932
0.0115878
-2.45341e-06
0.0135357
-0.0139268
0.0164289
-1.78054e-05
-0.0160166
1.3676e-06
-0.0135085
2.40759e-05
0.0139103
2.90889e-05
-0.0163911
0.0160389
3.56564e-05
0.0191579
-0.0185723
3.52614e-07
0.0185968
-0.0191778
2.63876e-05
-0.0209486
0.0183975
-0.0166198
0.0143208
-0.0120439
0.00996953
7.50798e-05
0.00673644
0.000267127
-0.00635766
-4.53255e-05
0.00982238
0.000459162
-0.00715716
0.000969057
0.000952453
-0.00285488
-0.000270722
0.00216786
-0.0178802
0.000655417
0.00965519
-0.000587674
-0.00831437
-0.0102138
0.000551838
0.00712207
-0.000413175
-0.0058383
-0.00628922
0.000372903
0.00486789
-0.000282531
-0.00379334
-0.0037142
0.000217941
0.00320148
-0.000186014
-0.00236641
-0.00205804
8.25539e-05
0.00229901
-2.20388e-05
-0.00164168
0.00135085
1.04534e-05
-0.000855414
-0.0006178
-0.000637088
-0.00065029
-0.0006233
-0.000658441
-0.000621174
-0.000676417
-0.000601847
-0.000778093
-9.23292e-05
-0.000213199
-0.00033262
-0.000583148
0.000104005
0.000329538
-3.92138e-05
-5.93672e-05
-0.000195596
1.45058e-05
-2.26492e-05
1.58337e-05
1.91184e-06
-2.782e-07
-0.0012331
0.000553626
-1.10526e-05
-0.000548653
-5.94134e-06
1.97889e-05
-2.65091e-05
-3.19777e-06
-0.000564986
0.00122142
-0.00107263
1.27119e-05
1.81826e-05
1.01903e-05
1.43838e-05
1.8789e-05
2.34338e-05
2.151e-05
-8.37166e-06
-7.05528e-05
0.000501825
-5.86596e-05
0.00478734
0.00552355
0.00548905
0.00481102
-0.000184794
-0.00637751
-0.0056428
0.00572199
0.000195438
0.0063809
1.39064e-05
-0.00636703
-0.000179002
-0.00562392
1.00648e-05
0.00564292
0.00644622
0.000194669
-0.00477552
-0.00542503
0.00812167
0.00801165
0.00759324
-0.00141903
-0.00312834
-0.00199156
0.0102329
-0.00723635
0.0114552
-0.00269281
-0.00140484
0.00737846
8.81872e-05
-0.000476104
-0.00229365
0.0115974
-0.00706802
-0.0140214
-0.00816392
0.0101902
-0.00249365
-0.0032421
-0.000305457
0.0014526
-1.46633e-06
-0.00017975
0.000144647
0.00178633
0.000589437
-0.014087
-0.00779677
-0.00336219
-0.0034726
-0.00259862
0.00049349
-0.000667543
-0.0073655
0.00756231
9.19512e-05
0.00811549
-0.00817273
-0.00755002
0.00729258
0.000162469
0.0098786
-0.000459944
-0.0102838
-9.78371e-05
-2.53658e-05
-4.99062e-05
-0.000473522
0.000101738
-0.00471138
-0.00547972
6.97657e-05
-0.000553043
-0.00219578
0.00119312
-0.00202127
-0.013817
-0.0228873
-0.0130657
-0.00204829
-0.00096789
-0.00055849
-0.00116411
-0.00121763
-0.000913373
-0.000569194
-0.000266059
1.65282e-05
-4.34299e-06
2.57822e-05
0.000284794
0.000786442
-0.000945599
0.000506916
0.000855078
0.000549449
0.00124781
-0.000159266
0.000967005
0.000720279
0.000790633
0.000517536
0.000193288
0.000223013
-0.000460161
-5.6715e-05
-6.01759e-05
-0.000354892
-0.000377234
-5.31104e-05
2.14235e-05
-0.000400067
-0.000389508
-5.16264e-05
3.16148e-05
-0.000374783
-0.000432833
-5.346e-05
8.36317e-05
-0.000325316
-0.00047079
0.000124516
-0.000260297
0.000100713
-0.000332975
0.000823733
0.000426831
-0.000117188
0.000146153
-0.000502991
3.26418e-06
0.000768639
-0.000422885
-3.37653e-05
0.000401402
0.000415205
0.000658047
-0.000377451
0.000379589
0.000238725
-0.000466069
0.00135434
3.34785e-05
-0.00117189
0.00209287
-0.000188017
-0.00228538
0.0033631
-0.000392995
-0.00396802
0.00536481
-0.00059035
-0.00639141
0.00828994
-0.000814931
-0.0097491
0.0122058
-0.00116806
-0.0141356
0.0169103
-0.0022376
-0.0198534
0.0197895
-0.00672282
-0.0207184
0.0118403
0.0043386
-0.00536669
0.0215308
-0.00193464
0.0273828
-0.0191552
0.0109742
-0.0161621
-0.00227449
0.0114834
-0.0112303
-0.000883415
0.00854544
-0.00768136
-0.000615416
0.00578868
-0.00509087
-0.000462501
0.00368167
-0.00322934
-0.000346182
0.00220312
-0.00195225
-0.000212184
0.00126363
-0.00106147
-2.7207e-06
0.000748201
-8.77147e-05
0.000708562
-0.00104884
0.000897529
-2.06251e-06
0.000749425
-0.000781494
-2.29646e-06
0.000414421
-1.57485e-06
-0.000421393
0.000406511
1.84616e-05
-0.000389048
0.000386818
3.13318e-05
-0.000383102
0.000191177
-0.000314797
-1.18869e-05
0.000251528
-0.000186096
0.000208897
-0.000209969
0.000224873
-0.000234167
0.000220387
5.16675e-06
0.000110205
-0.00021883
6.954e-06
0.000183221
-0.000184664
2.44421e-06
0.000191403
-0.000169871
-5.52328e-06
0.000225007
-0.000173252
0.000255148
-0.000333076
-0.000211131
0.000225523
-9.08392e-05
-4.07933e-05
0.000248345
-0.000184763
-4.17417e-07
0.000213425
-0.000205413
-3.29587e-06
0.000196543
-0.000239494
5.01515e-06
-6.84686e-06
-0.000117376
-0.000293287
0.00125376
0.00189075
0.000105343
-0.00219878
-9.93822e-05
-0.00010226
-0.00147696
-4.07723e-07
0.00240977
-0.00188135
-1.33699e-06
0.00133017
-0.000788276
0.00116537
-6.2113e-05
-0.000311021
-0.00123497
0.000373233
-0.000271919
0.000146774
8.34425e-05
-0.000790308
0.000299847
-3.64751e-06
-0.000298879
-0.000638381
-0.00102912
-0.00138261
-0.00143909
0.000804621
0.000816211
0.000851878
0.000696694
0.00278735
-0.00160241
-0.000439984
0.000266221
0.000631182
0.000449585
0.000552998
0.000373676
0.000319887
0.000229529
0.000280631
0.000260228
0.000404083
0.00037658
0.00077346
0.000617071
0.000622379
-0.000266301
0.000470315
0.000132174
0.00013547
0.000504131
0.000760029
0.000633203
0.000619759
0.000671217
0.000638947
0.000711114
0.000546714
0.000325016
-0.000972545
2.16269e-05
2.24233e-05
-0.00159015
0.000340524
0.00036243
0.000239069
0.000241772
0.000229751
0.000325025
0.000447376
0.000607211
0.000731723
-0.00120916
-0.00141164
-0.00170712
-0.00566637
-0.0453154
-0.0255656
0.00158556
0.00201659
0.00194928
0.00108683
0.00110199
0.00124869
-0.0129733
-0.0203055
0.0185193
-0.0147061
0.0128635
0.000582647
-0.00986031
0.0125511
0.000747606
0.000138962
-0.000549096
-0.000760899
0.0173617
-0.00220211
0.0111862
-0.00873785
0.00159963
0.000601357
0.000588514
0.000588134
-0.000660292
-0.000490132
-0.000399538
-0.000315715
-0.000244569
-0.000167381
-0.000116823
-0.000174192
0.000392397
0.000103298
0.000779461
-0.000879234
-0.000174933
-0.000109404
-1.16624e-05
-7.02117e-06
-2.66005e-05
-5.46629e-06
-0.000148331
0.000585533
-3.82822e-05
-1.06352e-06
-0.000315593
0.000217373
0.000772917
0.000514581
0.000230947
-6.4719e-05
-8.76523e-05
-3.15089e-05
6.71722e-06
0.000357751
-0.000503096
-1.44103e-05
3.356e-05
-8.53197e-05
-0.000225398
-1.41823e-05
0.000133906
-0.000196363
-0.000204083
-1.3986e-05
0.000146855
-0.000207662
-0.000188556
-1.38592e-05
0.000123386
-0.000137584
-2.10747e-06
0.000143991
-0.0001145
2.8367e-06
0.000190393
-3.8321e-05
0.000260689
-0.000105287
-0.000128496
0.000261156
-5.6358e-05
-4.57698e-05
0.00021445
-0.000136736
7.31619e-06
0.000168257
-0.000160731
-1.26006e-06
-7.64466e-06
-1.78548e-05
-1.79751e-05
-2.00418e-05
-2.83002e-05
-3.03938e-05
-1.60559e-05
1.70435e-05
8.59545e-05
3.20256e-05
-3.0413e-05
-0.0183267
0.0165093
3.67116e-05
-0.000339898
9.87389e-05
0.0236022
1.46539e-05
-0.0214334
9.4233e-05
0.00013198
0.000102414
-0.000622525
-0.0008941
-0.000488376
-0.00081866
-0.000400182
-0.000624994
-0.00031846
-0.000486217
-0.000244723
-0.000378482
-0.000180395
-0.000312307
-0.000123852
-0.000297164
1.81765e-05
2.7512e-05
6.29316e-05
0.000427278
2.54192e-05
6.84272e-05
1.9568e-05
-3.00866e-05
9.02446e-06
-0.000558393
0.000536912
3.59789e-06
1.78573e-05
-1.53815e-05
5.23543e-06
-7.84002e-07
-1.51161e-05
-1.06741e-05
-1.14386e-05
-6.53651e-06
4.5671e-06
1.26892e-05
2.78876e-05
7.34078e-06
7.07632e-06
-1.92134e-05
-1.5935e-05
-3.37037e-05
-0.0158606
0.0133117
0.000100232
-0.0111241
0.00907529
-0.008181
0.0065983
-0.00526092
0.00414398
5.1948e-05
0.00301341
0.000161384
-0.00299304
7.04483e-05
0.0045909
0.000202363
-0.00458434
9.19811e-05
0.000198475
-0.00149682
-0.000135509
0.000935412
-0.00816821
0.000267418
0.00423885
-0.000292317
-0.00341105
-0.00417177
0.000230252
0.00282275
-0.000181289
-0.00228559
0.000115603
0.0017623
-0.000106476
-0.0012149
-0.0012188
4.99466e-05
0.00110805
-0.000100867
0.000964032
4.07769e-05
-0.00116283
-0.00129232
0.00188434
-0.000111297
0.0015901
5.02458e-05
8.31979e-05
1.04814e-05
2.02248e-05
2.41972e-05
2.10783e-05
-1.04834e-05
-7.46175e-05
0.000496513
-5.54346e-05
-0.00736236
0.00242053
0.00139498
0.00291566
-0.0101882
0.00832098
0.00777706
0.0146536
0.00777927
0.00832176
0.0142822
0.0191899
0.0200522
0.0122431
-0.0259907
-0.000996352
0.0161268
-0.000301261
-0.0189145
-0.0183587
0.00101252
0.0153277
-0.000775637
-0.0146023
-0.0122225
0.000638276
0.0145188
-0.000189427
-0.0123648
0.00993464
-0.000123491
-0.00812542
0.00640755
-8.09933e-05
-0.00505466
0.003922
-4.78593e-05
-0.00296839
-0.000279486
-0.00038755
-0.000521125
-0.000663598
-0.000493695
0.0195815
-0.000292103
-0.0178401
0.000234079
0.000506032
-2.74433e-05
5.34575e-05
0.000472379
-0.00862492
0.00809594
0.0014656
0.00442757
-0.00834127
0.0118422
0.00715926
0.014269
0.000375292
-0.000255311
0.000405202
-0.00135955
4.23117e-05
1.2517e-06
0.000206049
-0.000147615
4.31029e-05
-0.00165007
-2.46706e-05
-0.00800047
0.00292471
-0.0114965
0.00219952
0.00233037
-0.0115744
0.002428
-0.0101641
0.00322317
0.00347482
0.00257888
-0.00992653
0.00230462
0.000519172
0.000239948
0.000166788
2.86516e-06
-2.54263e-05
-0.00949765
0.00925352
-0.00923181
0.00754998
-0.00766956
0.0061309
3.95075e-05
5.13908e-06
2.92116e-05
0.00950056
1.25107e-05
-2.07403e-06
1.15987e-05
4.0277e-05
0.000124226
0.000203209
5.1991e-05
2.70111e-05
7.89615e-05
9.66504e-06
-1.64929e-05
3.78748e-05
1.07827e-05
-2.60902e-05
9.50339e-06
-2.63746e-05
-2.58347e-05
1.35937e-06
-8.35784e-06
-5.22451e-06
-8.64652e-06
6.40577e-06
8.42839e-06
6.38789e-06
-1.1862e-06
5.01864e-06
7.64034e-06
7.34098e-06
-7.68876e-05
-0.000113531
9.79459e-06
9.34256e-06
4.81013e-06
2.57411e-06
3.40363e-06
1.43242e-06
9.73761e-08
2.2898e-06
7.5708e-06
0.00367558
-0.00376146
-5.5285e-06
-0.00460983
0.0036003
-0.0032126
0.00246182
-0.00188142
0.00137837
9.40238e-05
0.00107615
0.000102895
-0.00108552
5.5531e-05
0.00188771
0.000128783
-0.00184124
6.07108e-05
7.41156e-05
-0.000669496
-9.01042e-05
0.000298786
-0.00299514
0.000101862
0.00147445
-0.000108001
-0.00116515
-0.00133624
6.32134e-05
0.000971203
-9.60983e-05
0.00107839
5.282e-05
0.00103377
-9.62025e-05
0.00103431
5.24045e-05
1.13586e-05
1.59995e-05
7.31649e-07
-2.04385e-05
-2.27029e-05
-2.29481e-05
-1.46557e-05
2.42296e-05
0.000107207
0.00021057
-0.000436412
-0.000728165
-0.000362061
-0.000545225
0.00874748
-0.00683319
-0.00994733
0.00849807
-0.00635326
0.00535865
0.000288785
-0.00440902
0.0058259
0.00042179
1.59945e-05
-0.000153591
9.01284e-05
-0.00016653
-0.000266276
0.000502884
-0.00133626
-0.000949458
0.000580253
-0.00111471
0.00907876
-0.0074178
9.66571e-05
0.000140268
-0.000143856
1.78704e-05
-7.45984e-05
0.00347472
0.00322452
-0.00800199
0.000588703
-8.01562e-05
-3.96245e-05
-2.79402e-05
3.98908e-05
-0.000124549
-0.000575103
-0.000173899
0.0232698
0.000340717
0.000290642
-0.00026363
-0.000618285
0.000117001
0.00240991
-0.017736
0.00108974
0.00113102
2.19102e-05
-6.16034e-05
-5.31355e-05
-3.13665e-05
-1.43821e-05
9.66111e-06
3.06482e-06
2.18396e-07
6.58471e-07
5.17762e-06
6.71744e-06
-0.000348192
0.000355313
-0.000486002
-2.77325e-06
5.08853e-05
-4.50076e-05
-0.000186621
-2.38186e-06
0.000154711
-0.000147676
-0.000157313
-2.30163e-06
0.000162433
-0.000133691
-2.09806e-08
0.000206097
-5.21452e-05
0.000256307
-0.000123679
-0.000115064
0.000264111
-4.59135e-05
-4.51164e-05
0.000204338
-0.000124259
6.99866e-06
7.38538e-06
-1.15001e-06
-3.38462e-07
-1.09853e-07
-1.53149e-06
1.56646e-06
-0.00121908
-7.90738e-06
0.00121276
-1.50837e-05
1.47545e-05
1.73341e-05
-6.16e-06
4.61683e-06
-3.076e-06
-6.35202e-06
-1.08326e-05
-2.27317e-05
4.64599e-05
-6.06614e-06
6.99451e-05
-4.83561e-05
-7.84532e-05
-3.85689e-05
3.50052e-05
0.000667703
0.000479597
0.000354575
0.000253487
0.000169626
-2.20043e-06
7.34819e-06
-8.61779e-06
2.43725e-05
2.41725e-05
-0.000345136
0.000336357
-0.000470155
3.40146e-06
9.97614e-05
-2.97501e-05
-0.000166761
2.50223e-07
0.000223961
-7.50772e-05
0.000254429
-0.000129229
-0.000100703
0.000250295
1.43559e-05
-4.77495e-05
-7.49572e-05
1.98364e-05
9.45714e-06
-4.13215e-05
7.75293e-07
3.9314e-06
-4.82255e-07
-0.000359535
-1.24087e-05
-1.21609e-05
1.24073e-06
-9.08405e-06
1.57375e-06
1.65804e-06
0.000190537
2.96965e-06
4.48062e-06
4.91829e-06
6.15147e-06
7.10567e-06
6.89935e-06
7.13294e-06
-2.87332e-06
-1.76127e-05
1.90131e-05
2.30065e-05
9.68233e-07
-4.7964e-06
-3.99137e-06
1.03516e-05
7.99463e-05
4.76355e-05
3.75721e-05
7.99531e-05
4.46656e-05
5.49017e-05
0.000137411
0.000104624
5.04199e-06
1.85468e-05
9.16193e-06
4.24384e-06
3.03362e-06
2.09099e-06
-7.50405e-06
1.40439e-05
-0.000288527
-0.000427191
-0.00022323
-0.000349621
0.00369494
-0.00265119
-0.00383708
0.00324348
-0.000179449
-8.69886e-05
-0.000108256
-5.31851e-05
-0.000576794
-0.000897449
0.000536518
0.000387635
-0.000285662
-2.93963e-06
0.00053843
0.000277489
-0.00148486
0.00221962
0.000183228
-2.76349e-06
2.95992e-06
-0.000132032
3.11116e-05
-3.41451e-06
7.79713e-06
1.10659e-06
1.26708e-05
6.12632e-06
-0.0137948
8.85046e-06
0.0136894
-0.0113905
4.09516e-06
0.00932229
-0.00939046
0.0114599
-0.0115816
2.04539e-05
0.0094991
-0.0094198
0.011485
-0.0138393
3.74974e-05
0.0139715
-0.016429
0.0162646
-0.0161861
0.0166038
-2.5071e-05
0.0134262
-0.0141115
-1.26905e-05
0.0116948
-2.18046e-05
0.00913069
-0.00958822
3.03674e-06
0.0077568
-1.34782e-05
0.00587702
-0.00616089
0.00599969
-0.00604153
2.80187e-06
-0.00754702
0.00759869
2.71684e-06
-0.00768386
1.27649e-05
0.00610736
-0.00606622
0.007603
-3.73974e-05
0.0106813
-0.00661023
2.50168e-05
-0.0131609
-3.00143e-05
0.0157516
-0.00979487
2.87571e-05
-0.0187715
0.0163563
-0.0191069
5.20311e-05
0.0192751
2.54388e-06
-0.0189908
1.74896e-05
0.0188324
-4.3631e-05
-0.019464
3.44323e-05
0.0185666
-0.0159868
0.0144892
0.000268003
-0.0121693
9.20651e-05
-0.0111981
0.0100901
0.000194769
-0.00825992
9.82559e-05
0.00667084
0.000143541
-0.00530994
8.19096e-05
-0.00463282
-7.91375e-06
0.00358535
-0.00374819
0.00486586
7.75051e-06
-0.00472762
2.78478e-06
0.00365542
-0.00367867
0.00476258
-6.47623e-07
-0.00482024
9.46151e-06
0.00371733
-0.00370147
0.00475886
-3.46047e-05
0.00685727
-0.00424456
1.15857e-05
-0.00872302
0.00532557
-0.000264527
-0.000164311
-0.000413922
-0.000290653
-0.000525958
-0.000427381
-0.000715516
-0.00117327
-0.00171047
-0.00605863
-0.00990646
-0.0263907
-0.010109
-0.0275188
-3.65828e-05
0.0156012
-0.0298178
0.0268579
-0.000192119
0.0239043
-0.0240397
-9.18518e-05
0.0215413
-0.0214813
0.0212869
-0.0212395
0.0217019
-0.0211353
0.019528
0.000461784
-0.0168003
1.34818e-05
-0.000128025
-0.00058545
-8.16915e-05
-0.000113546
-0.000577666
-0.000576041
0.000697286
0.000498946
-3.96725e-05
-7.52203e-05
0.000377199
-1.2366e-05
9.23481e-05
-0.00736587
0.00586666
6.46465e-05
-2.592e-06
7.4176e-06
-1.25714e-05
6.76167e-06
4.87037e-06
-3.13826e-06
-0.00272276
0.00210732
2.66306e-05
-0.00152547
-1.79833e-05
-3.11521e-06
-6.13106e-06
0.00121099
-1.80998e-05
9.23137e-05
0.000183006
-0.00025134
0.00027714
-0.000508223
3.23465e-06
-0.000316814
0.000273451
-0.000179179
-0.000129913
-0.000280706
-2.71574e-05
4.05629e-06
1.79923e-05
3.29823e-05
3.92798e-06
-1.23977e-05
-0.000131221
-8.53004e-05
0.000507458
0.000154644
0.000110051
0.000494559
0.00024768
0.00023666
-8.61453e-05
-0.000136407
2.13619e-05
1.56689e-05
6.00508e-05
1.50009e-05
-7.85402e-06
5.57584e-08
-3.71067e-06
-2.19884e-05
-7.84992e-06
-5.15762e-06
-8.32544e-06
-2.01849e-05
0.000174544
-6.41507e-07
-1.39477e-06
-7.03248e-07
0.000141553
-1.42832e-06
-8.09622e-06
-3.7875e-06
8.58943e-06
2.30975e-05
-1.99604e-05
-1.00667e-06
-1.379e-06
-3.63423e-06
2.51794e-06
0.000485289
-2.92214e-05
0.000222086
1.43205e-05
5.66681e-05
0.000112127
0.000183412
0.000272286
0.000117861
7.79187e-05
4.53584e-05
0.00237006
-0.00163268
6.62924e-05
0.000831821
-9.51629e-05
0.00114601
-5.13218e-05
-0.000158072
0.00193434
0.00012583
0.00165663
-0.000107214
-0.00126443
-0.00118304
-0.000131567
0.000543544
0.000783371
0.00106128
0.00126066
0.00106991
0.000318982
0.00207315
0.0141849
0.0240156
0.0215795
0.0121236
-0.0254457
-0.0268335
-0.00100314
0.0161492
-0.000297689
-0.0190276
0.00102473
0.0143711
-0.000801534
-0.0136868
-0.0131726
0.000827506
0.0116251
-0.000589658
-0.00843154
0.000395254
0.00676122
-0.00555279
0.000256043
0.00438434
-0.00347227
0.000158787
0.00269315
-0.000273946
-0.000436238
0.00521594
-0.000291688
-0.0040667
0.000181509
0.000270738
0.000375281
0.000495385
0.000691068
0.00231992
-0.0116035
0.0162405
-0.00101746
0.0165088
-0.000222038
-0.017463
0.000792148
0.0133277
-0.00120144
-0.00189051
-0.00200145
0.0230148
0.0193409
0.0122456
-0.0259236
-0.0259808
0.020099
0.0193753
0.0198278
0.0145354
0.0230128
-0.0258998
-0.00200046
-0.0018892
0.0155229
-0.000205782
-0.0173524
-0.0202222
0.00102422
0.0138773
-0.000800248
-0.0138357
0.000861943
0.0108385
-0.000582973
-0.00941477
-0.00908514
0.000541934
0.00804877
-0.000424587
-0.00658181
0.000356213
0.00475269
-0.0059677
-0.00614168
0.00750542
-0.000413135
0.00729072
-0.000583342
-0.000815868
0.0105016
-0.00115674
0.0140152
0.000200996
0.00198389
-0.00115705
-0.00120483
0.0131757
-0.0007718
-0.0121031
-0.0147333
0.000839728
0.0103346
-0.00058288
-0.00957675
0.000568658
0.00766793
0.00038835
0.000505253
0.000674276
-0.000198136
-0.00019898
-4.05925e-05
-3.31446e-05
3.63716e-06
2.86076e-06
3.1362e-06
2.81628e-06
-2.7407e-06
-7.97692e-06
-9.93376e-06
-7.02231e-06
-0.000168411
-0.000303005
-3.89865e-06
3.5199e-06
-7.9469e-06
-8.65306e-06
-9.13468e-06
4.8398e-08
-1.83437e-07
-4.96619e-07
5.81893e-06
6.50559e-06
7.79852e-06
-1.54675e-05
-3.29792e-05
0.000279845
0.000187047
1.89603e-05
1.48882e-05
9.88842e-06
-4.23509e-06
1.34661e-05
2.02427e-06
5.25276e-06
1.45004e-06
3.95415e-05
-7.35805e-06
-1.36863e-06
-2.17128e-06
-2.01869e-05
-5.50321e-06
0.000112979
5.47908e-05
1.44629e-05
1.31545e-05
2.7351e-06
6.38891e-06
7.07974e-06
1.25731e-06
8.14949e-06
7.27072e-06
-3.30879e-06
-2.15128e-06
-1.80547e-05
3.33517e-06
7.89806e-06
-9.13613e-06
-3.87704e-05
-7.52671e-05
-3.25169e-05
-1.46345e-05
1.33164e-06
9.1698e-06
9.89898e-06
0.00012144
0.000166582
-0.00740408
6.74421e-06
-5.60286e-05
-5.14646e-05
4.15224e-05
0.000314482
-0.000312396
-6.79401e-05
0.0166596
-0.0170968
-0.000476097
-9.32595e-05
-0.00023469
0.0172021
-0.0177521
0.000327881
-4.32553e-05
-0.0102656
0.0102576
-0.000133438
-5.04703e-05
-0.0266243
0.0264141
-1.74943e-05
0.0232564
-0.0234792
-3.92201e-05
-5.06402e-05
0.000119221
0.000842616
-0.000833221
-0.00214817
-0.00243519
-0.00189882
-0.000240942
-0.000165825
0.0218432
-0.0139262
0.015245
-0.0249807
1.78873e-05
9.81811e-05
7.4864e-05
-6.15958e-06
0.000158485
0.000178634
0.000136757
-0.000223211
-0.000302604
-0.000164298
-0.000193405
-0.00258077
3.69572e-06
0.00417192
-0.00327824
0.00282228
6.8638e-06
0.00214929
-0.00215048
-2.72078e-05
0.0015997
1.91399e-06
0.00119876
-0.00121193
-2.62957e-05
-2.23182e-05
6.12621e-05
-6.30493e-06
1.18097e-05
-9.22652e-05
-9.56057e-05
6.76005e-05
9.41637e-05
-2.49242e-06
6.17457e-06
1.90025e-05
4.08473e-05
5.42079e-05
3.44899e-05
2.39356e-05
1.74111e-05
1.23959e-05
-1.12231e-05
-3.26645e-06
-0.00163836
0.00161344
1.36085e-06
0.00119126
-0.00119522
-4.71383e-06
-0.000923637
0.000906446
2.29427e-06
0.000745081
-0.00074685
-3.29503e-06
1.1331e-06
-1.76924e-06
-1.14096e-05
-0.000127943
-9.02328e-05
0.000461463
8.99661e-05
0.000175027
0.00047058
0.000234624
0.000255483
5.59345e-05
-7.15558e-05
1.51974e-05
2.23057e-05
9.76818e-06
9.37216e-06
-2.87888e-06
-1.79183e-05
-1.91383e-05
-1.69335e-07
4.31878e-08
-7.54164e-06
-4.89363e-06
-9.80548e-06
-1.36433e-05
-5.9018e-06
1.19917e-06
1.77226e-06
2.28188e-06
-4.21251e-06
-2.77763e-06
-0.00286958
0.00283175
2.36778e-06
0.0021183
-0.00212984
-4.01924e-06
-0.00159998
0.00165698
-1.48128e-06
0.00118462
-0.00120822
5.09229e-06
0.000930945
-6.49288e-07
0.000754239
-0.000722921
2.5929e-06
1.58564e-06
7.09632e-07
1.43573e-06
1.29421e-06
-7.79059e-05
3.57427e-05
4.39981e-06
-1.44866e-05
-6.18717e-07
5.15514e-06
3.22554e-05
-7.86477e-05
-7.24275e-05
2.2369e-05
3.67023e-06
-6.17382e-06
1.37163e-06
1.42904e-05
-1.8758e-05
1.21195e-05
2.21273e-05
-0.000277858
-0.000261799
-0.000298583
2.14772e-05
-7.25702e-06
-2.39283e-06
-0.000583215
1.62093e-05
0.000791402
5.90436e-05
-0.00107887
3.8502e-05
0.00141806
6.50019e-05
-0.00189221
6.72735e-05
0.0024852
6.05e-05
-0.00324141
0.000101991
0.00417911
5.64944e-05
1.38161e-05
-4.11965e-05
-1.1876e-06
-1.76104e-06
4.82234e-06
1.53392e-05
1.91412e-05
-0.000156757
-0.0239919
0.000471625
0.0234529
-0.00020878
-0.0204956
0.00134193
0.0219287
0.00523826
-0.00359716
-0.0323643
0.0103244
0.0043634
-0.0024255
0.00201798
0.0234602
0.0171807
0.0216301
0.0212239
0.0156749
0.0112724
0.0240176
0.00205221
0.00123304
0.00162903
-0.000868204
-0.0100719
0.00983121
-0.000630305
0.00157873
0.00125874
0.000907191
0.00061482
-0.000147202
-0.000127931
0.00174106
0.000111452
-0.00218237
-0.00221042
0.00299102
-0.000180252
0.00293495
-0.000245963
-0.000399544
0.00105194
0.0012182
0.000967612
-0.000817021
-0.000873673
0.0117527
0.00159694
0.0012155
0.00242628
0.0020401
-0.00242521
-0.000617281
-0.0245364
0.000811034
0.0195762
-0.000500334
0.0012349
0.000336315
-0.00216738
-0.000182193
-0.0124088
0.000411012
0.00658982
-0.000424541
-0.005455
-0.00671297
0.000366575
0.0046075
-0.00028348
-0.00390607
0.000227311
0.00308895
-0.000249689
-0.000284037
0.00257205
-0.000185924
-0.00203845
-0.0024384
0.00327574
-0.00212705
0.00398305
0.000170998
-0.00509392
0.000575231
-0.000993306
-0.0001084
0.0064585
-0.000407353
0.00071034
0.000134152
6.88153e-05
-0.000552462
0.000954438
-0.000691363
0.00142448
0.0145375
0.00153719
0.00121557
0.000856761
0.000469655
-0.000311705
0.000219244
-3.93453e-06
-0.000514934
-7.23749e-05
7.03799e-05
-0.000467667
-1.68597e-05
0.00143841
-0.000372808
-6.53892e-05
-9.17358e-05
-6.13996e-05
-0.000691984
0.000484796
8.49629e-05
-0.000298447
0.00054672
0.000292552
5.33998e-05
-0.000324416
-0.000818241
-0.000415729
-0.000592981
9.2343e-05
0.000343825
0.000378824
0.000575451
0.000796968
-0.000401847
-0.000442419
0.00532072
-0.000634655
0.00817447
-0.000584873
-0.00362153
0.00500325
-4.46673e-05
-0.000579764
-0.000417185
0.000116988
-0.00040009
-0.000582678
-4.32739e-05
-5.44271e-05
0.000118965
-0.000379131
-0.000607238
-0.000654334
-0.000221319
-0.000207881
0.000301466
9.41736e-05
-0.000197617
2.79429e-05
0.00997097
0.000174313
0.00405307
0.0227024
-0.00101767
-0.0323234
0.0103566
0.0043808
0.00594835
0.00874324
0.0234569
0.00493734
-0.00353631
0.0171844
0.0211839
0.0112712
0.00204864
0.0225591
0.0159526
-0.00893815
0.0110003
-4.53249e-06
5.87986e-06
8.29112e-06
7.27045e-06
9.33214e-06
6.65252e-06
7.32183e-06
7.79199e-06
-1.41241e-06
9.56495e-06
2.24319e-05
9.20007e-06
0.000109436
4.99395e-05
0.00208522
-0.00216764
-4.44739e-06
-0.00275124
6.38818e-05
1.39615e-05
-2.70574e-05
8.91026e-07
3.65553e-06
7.01672e-06
8.59465e-06
-1.50573e-06
-8.19401e-05
-5.3075e-05
0.000308786
0.00234845
-0.0178068
0.00110065
0.00116443
0.000694734
-2.01661e-05
-3.28146e-05
-1.05925e-05
-1.39916e-06
2.74066e-06
8.54185e-06
0.00289852
-0.00280976
1.63939e-07
1.95933e-06
1.86683e-06
4.23489e-06
-7.4867e-06
5.80409e-05
0.000148802
-4.05726e-05
-1.35162e-05
-1.00211e-05
7.48573e-07
-1.57065e-05
-4.72831e-06
9.02302e-06
5.78527e-06
-1.70855e-05
-9.337e-06
-4.12477e-06
6.03081e-07
1.02223e-05
8.18448e-06
-3.74607e-05
2.33417e-05
8.95216e-06
1.37952e-05
-0.00156664
0.000151748
0.000244899
0.000359946
0.000497991
0.000115458
7.82989e-05
3.06374e-05
7.53833e-05
3.87926e-05
0.000466442
-0.000164605
-4.20347e-05
-9.54152e-07
4.26576e-05
-0.000885535
9.9115e-06
2.60349e-06
-0.000896417
-1.83333e-05
1.75219e-05
7.57063e-06
3.35368e-05
0.000188746
0.000978168
0.00594856
0.00147829
-0.0264659
0.0262252
0.000100746
-0.026459
0.00149672
-0.000144765
-9.47673e-05
0.000511827
0.000768827
0.00102478
0.00127803
0.00243167
0.00872362
0.00491068
0.00228432
-0.00995311
0.0156324
-3.28654e-05
-3.03593e-05
0.00051284
-0.00548175
0.00335032
-0.000205488
-0.000124561
-3.01979e-05
0.0020112
-0.000149287
-9.61952e-05
-0.000625842
0.000665238
-0.000401396
0.0114358
-0.000105733
-0.00153626
5.56496e-05
0.0018282
0.0145058
-0.0130381
0.0154324
-0.0182544
0.0165801
0.0162145
-0.0201216
0.0183294
-0.000269173
0.00140108
-0.00733512
6.39411e-05
0.00745385
-0.00925467
-0.00032407
0.00803458
-0.000192
0.000971682
3.50251e-05
3.12899e-06
0.000481563
0.000483154
-7.3672e-06
0.000197989
0.00152597
-0.00159407
-0.000177139
-0.000117109
-9.59673e-05
-0.00016321
0.00414744
-7.13766e-05
3.70389e-06
0.00116762
)
;

boundaryField
{
    face
    {
        type            calculated;
        value           nonuniform List<scalar> 
217
(
0.0025738
-0.000340664
-0.000774051
-0.000668042
-0.000192348
-0.00171828
-0.00205952
-0.000333417
-0.000355566
0.000374396
-9.73873e-05
0.00617128
0.00308465
-0.000720755
0.000347793
0.00258547
-0.00066745
-0.000307009
0.00265276
0.00433765
-0.00182578
-0.000865143
-0.000339339
-0.000292954
-0.000150488
-0.000529271
-0.000237606
0.0019246
0.000258295
0.000507273
0.00582017
0.00653589
-0.00822315
0.00255886
0.00252192
0.00349013
0.00334848
-0.000168689
-0.000229928
0.00311697
0.00327123
-0.000213852
-0.000132534
0.00323435
8.47454e-05
-0.000201163
-0.000157787
-0.00130149
-0.00113583
-0.0132965
-0.0113408
-0.000120803
-8.98217e-05
-0.0010749
-0.0010292
-0.000156826
-0.00084454
-0.0112389
-0.0123491
-0.0120521
0.00153717
-0.00981993
0.000667531
0.0191456
0.0152102
0.00559377
0.0128581
0.00864289
0.00750069
0.0145582
0.00775367
-0.000312698
-0.0108309
0.010456
-0.000497528
-0.0111945
0.0106423
-0.00024226
-0.000159193
-0.0246421
-0.0232506
0.00805038
0.0144663
0.00709822
0.0101541
0.0149162
0.00775097
0.0219706
-0.0104232
-0.000777252
-0.000790229
-0.000565356
-0.0117184
0.0109187
-0.00081736
-0.00913172
0.0105239
0.00977162
-0.0382793
-0.0238877
-0.0253132
-0.0057755
0.0162201
-0.0144313
0.0152981
-0.0206674
-0.0067425
-0.0104633
-0.00870724
-0.0163818
0.0160845
-0.0171526
0.0147829
-0.00805811
-0.0102935
-0.00630965
-0.0155225
-0.018208
-0.0136583
0.00158631
0.000405202
0.00257888
-0.00135955
-0.000609936
4.23117e-05
1.86607e-05
0.00049349
-0.00259862
0.00144665
0.00178633
0.000137368
0.000589437
0.00255271
0.000375292
-0.000255311
-0.000686242
-7.45984e-05
-0.00142352
-0.00165007
-2.39661e-05
4.31029e-05
0.0014526
0.000645611
-0.000305457
-0.00254272
0.00347472
0.00322452
1.78704e-05
-0.000143856
0.00322317
0.00347482
-0.000147615
1.2517e-06
9.66571e-05
0.000140268
-0.0034726
-0.00336219
0.000144647
-1.46633e-06
-0.0032421
-0.00345871
0.00832176
0.0142822
0.00717326
0.0118416
0.0156591
0.0166966
-0.00897088
0.00217451
0.0100526
-0.00929911
-0.000209288
0.00966394
-0.00963686
9.0945e-06
0.0102576
-0.0102656
-4.32553e-05
0.00971003
-0.000774563
-0.00146732
-0.0151562
-0.01904
-0.00552606
-0.00873785
-0.0128821
-0.00723635
-0.00779677
-0.014087
0.0166854
-0.0090044
0.0021565
0.0156749
0.0118422
0.00715926
0.014269
0.00832098
0.00777706
0.0146536
0.00777927
0.010046
-0.00958593
-0.000447379
0.0098786
-0.0102838
-0.000459944
0.00930144
-0.00998988
0.000229725
-0.00816392
-0.00706802
-0.0140214
-0.0118104
0.00896091
-0.0166292
-0.00217634
-0.0156525
)
;
    }
    outlet
    {
        type            calculated;
        value           nonuniform List<scalar> 
217
(
1.08365e-05
-1.96226e-05
2.99088e-05
2.11505e-05
1.11506e-06
2.38844e-06
-1.72366e-05
1.87804e-05
-3.08928e-05
-3.58299e-05
-1.91713e-05
-2.90099e-05
-1.82648e-05
1.88687e-05
2.49226e-05
1.71718e-05
-5.37121e-08
3.00791e-05
3.4181e-05
-3.18273e-07
-2.90264e-07
-2.96822e-05
-1.60001e-05
-1.89437e-05
1.82232e-05
-7.1029e-05
-8.06639e-05
2.11473e-06
9.11099e-07
-7.85104e-05
-7.11717e-05
1.0958e-06
9.488e-07
-1.10647e-06
3.78216e-07
7.1833e-05
8.23622e-05
3.08407e-07
-1.53948e-06
8.22442e-05
7.15874e-05
-0.000129875
-0.000258303
-0.000102731
-0.000212027
-0.000299379
-0.000333763
0.0002524
-1.24521e-05
-0.000185929
0.000206255
1.87944e-05
-0.000204207
0.000213806
9.02424e-06
-0.000225453
0.000200188
-1.13031e-05
-0.000240509
-6.54732e-05
-1.99086e-05
0.000301069
0.00037339
7.65934e-05
0.000143621
0.000233356
0.000113372
0.000113835
0.000251849
6.57458e-05
0.000240125
2.02328e-05
-0.000371642
-0.000300212
-7.60154e-05
-0.000234642
-0.000144918
-0.000110434
-0.000260421
-0.000121527
-0.000199443
0.000225667
1.1782e-05
-0.000221003
0.000221555
1.68649e-07
-0.000219655
0.000198383
-7.6035e-06
0.000142676
7.65311e-05
0.000231769
0.000300105
-0.000239514
-6.44843e-05
-2.01849e-05
0.000369398
-1.8758e-05
1.21195e-05
2.21273e-05
2.2369e-05
3.67023e-06
3.22554e-05
3.57427e-05
5.15514e-06
4.39981e-06
-1.23977e-05
-9.08405e-06
-0.000131221
-8.76523e-05
1.24073e-06
-3.15089e-05
-8.53004e-05
-6.4719e-05
1.79923e-05
-2.71574e-05
4.05629e-06
3.29823e-05
1.98364e-05
3.92798e-06
1.57375e-06
9.45714e-06
3.9314e-06
-6.17382e-06
-7.15558e-05
-1.14096e-05
-1.44866e-05
-0.000127943
-0.000136407
5.59345e-05
-9.02328e-05
-8.61453e-05
-7.24275e-05
-7.86477e-05
7.09632e-07
1.43573e-06
-7.79059e-05
-7.49572e-05
1.29421e-06
1.65804e-06
-4.13215e-05
7.75293e-07
-1.76924e-06
-6.18717e-07
1.51974e-05
2.23057e-05
0.000255483
0.000234624
-7.03248e-07
-1.39477e-06
2.13619e-05
1.56689e-05
-4.82255e-07
6.71722e-06
0.00023666
0.00024768
0.000230947
-1.18869e-05
0.000251528
-0.000333076
-0.000298583
-0.000211131
-0.000105287
-0.000261799
-0.000128496
-0.000123679
-0.000277858
-0.000115064
2.14772e-05
0.000208897
-0.000186096
0.000426831
8.99661e-05
0.000175027
0.00013547
0.000355313
-0.000359535
0.000357751
-0.000315593
0.000132174
0.000154644
0.000110051
0.000193288
0.000217373
0.000223013
0.000514581
1.42904e-05
0.000224873
-0.000209969
-1.24087e-05
-1.06352e-06
0.000507458
0.000517536
-0.000129229
-0.000269173
-0.000100703
-0.000179179
-0.000280706
-0.000129913
-0.000508223
0.00027714
2.41725e-05
6.71744e-06
1.37163e-06
0.000220387
-0.000234167
-3.03593e-05
0.000100713
-0.000260297
-0.000332975
0.000823733
0.000461463
0.000504131
0.000222086
-0.000345136
0.000336357
-0.000348192
)
;
    }
    wall
    {
        type            calculated;
        value           nonuniform List<scalar> 
1558
(
0
0
0
0
0
0
0
0
0
0
0
0
0
0
0
0
0
0
0
0
0
0
0
0
0
0
0
0
0
0
0
0
0
0
0
0
0
0
0
0
0
0
0
0
0
0
0
0
0
0
0
0
0
0
0
0
0
0
0
0
0
0
0
0
0
0
0
0
0
0
0
0
0
0
0
0
0
0
0
0
0
0
0
0
0
0
0
0
0
0
0
0
0
0
0
0
0
0
0
0
0
0
0
0
0
0
0
0
0
0
0
0
0
0
0
0
0
0
0
0
0
0
0
0
0
0
0
0
0
0
0
0
0
0
0
0
0
0
0
0
0
0
0
0
0
0
0
0
0
0
0
0
0
0
0
0
0
0
0
0
0
0
0
0
0
0
0
0
-0.000263817
-0.00315844
0.0108707
4.04605e-05
-6.91429e-06
1.73724e-06
-2.67496e-06
7.78624e-07
0.00046878
2.24166e-05
3.47095e-06
-0.00364378
0.000734918
-0.000220692
0.000288255
0.000673334
0.000243518
0.000831311
-0.00277969
-0.000651913
0.000122376
0.000442508
5.97558e-05
0.000218572
-0.000202947
-0.000173258
0.00125209
0.00069624
-0.000176775
-7.18777e-05
-0.0001314
1.15334e-05
0.000484836
0.000354882
-6.68026e-05
2.80745e-05
-3.38552e-05
2.06276e-05
2.91e-05
0.000120443
1.22671e-05
7.59557e-05
-0.000121995
-7.14441e-05
-3.60615e-07
5.85047e-05
-8.93159e-06
5.84014e-05
2.15318e-06
0.000152774
0.000245754
0.000154818
-1.92582e-05
1.17258e-05
-1.21884e-05
5.17784e-06
7.84113e-05
-3.36301e-05
2.70414e-05
0.0012702
0.000206207
0.000359513
7.00194e-05
0.00011246
5.85396e-05
5.4292e-05
3.86444e-05
-2.79531e-05
9.68235e-06
0.000155779
0.000363521
-0.00523177
-0.00311191
0.000118656
0.000175635
6.17817e-05
6.83311e-05
-0.00108268
-0.000514252
2.95642e-05
2.18732e-05
1.925e-05
1.29739e-05
1.52732e-05
1.04669e-05
8.99327e-06
1.11564e-05
-3.79294e-05
7.39026e-06
2.95281e-05
2.72815e-05
1.34817e-05
9.51383e-06
-0.000298141
-0.00019211
5.33993e-06
-1.82771e-06
1.5741e-06
-1.2442e-05
-9.9146e-05
-2.01533e-05
2.77414e-06
2.71736e-06
3.18957e-05
-0.000241046
-0.00012399
4.09563e-05
0.000265573
-0.00191462
0.00184619
2.08165e-05
-0.00113007
0.00105794
5.96502e-06
-0.000689227
0.000538589
-3.33848e-05
-1.58714e-05
-3.76232e-05
-0.0035072
-0.017961
0.0137329
-0.0116671
0.0101535
-0.00762813
0.00636931
-0.00503461
0.000191823
-0.000381233
0.000382285
-0.000384296
0.00387345
-0.00321167
0.00230816
-0.00188124
0.0013651
-0.00103449
0.000834911
-0.000452926
0.000395562
-0.000401794
0.000393806
-0.000394116
0.000705838
0.000596116
0.000189281
0.000999427
-0.00114824
-0.000113746
4.26154e-05
-0.00186044
-0.000459122
-0.0121828
-0.0429455
-0.000494545
4.76923e-05
-0.000162208
-0.000516931
-0.000315684
2.81188e-05
1.07544e-05
0.0110053
0.00501658
0.0196602
0.012473
0.0124738
0.00264653
-0.000801573
-0.000472116
0.000802913
-0.0015971
-0.000576368
-0.00467268
-0.00054589
-0.000244775
-0.000315897
-0.00671433
0.0112872
0.00167865
-0.00702106
0.00710707
0.000110984
-0.0049823
0.00467736
4.30048e-06
-0.00314972
0.0030073
2.32438e-05
0
0
0
0
0
0
0
0
0
0
0
0
0
0
0
0
0
0
0
0
0
0
0
0
0
0
0
0
0
0
0
0
0
0
0
0
0
0
0
0
0
0
0
0
0
0
0
0
0
0
0
0
0
0
0
0
0
0
0
0
0
0
0
0
0
0
0
0
0
0
0
0
0
0
0
0
0
0
0
0
0
0
0
0
0
0
0
0
0
0
0
0
0
0
0
0
0
0
0
0
0
0
0
0
0
0
0
0
0
0
0
0
0
0
0
0
0
0
0
0
0
0
0
0
0
0
0
0
0
0
0
0
0
0
0
0
0
0
0
0
0
0
0
0
0
0
0
0
0
0
0
0
0
0
0
0
0
0
0
0
0
0
0
0
0
0
0
0
0
0
0
0
0
0
0
0
0
0
0
0
0
0
0
0
0
0
0
0
0
0
0
0
0
0
0
0
0
0
0
0
0.00216012
0.0060985
0.00197646
-0.00097787
-0.000477634
-0.000161239
-0.000129252
0.00116483
0.000215004
0.000390501
-0.000183305
3.79117e-05
0.00017453
-0.0002124
-0.000173321
2.31015e-05
0.000114974
-0.000143755
-9.71593e-05
-7.33856e-05
-3.12935e-05
0.000285003
-0.000191758
0.000190041
-0.00014654
-3.66116e-05
1.53966e-06
-1.8708e-05
8.49948e-06
1.12408e-05
7.74527e-05
-0.000129717
-7.86635e-05
-3.38109e-07
5.93611e-05
-8.80469e-06
5.91553e-05
-1.65428e-05
0.000141418
-3.59978e-05
2.56488e-05
0.000144808
-0.00010213
7.82662e-05
-7.21875e-05
-9.66343e-06
6.84142e-06
-3.66454e-06
3.79805e-06
1.46118e-05
-5.74796e-05
-0.000143761
-5.89732e-05
3.76072e-06
1.77257e-06
1.01672e-05
7.93079e-07
-2.67472e-05
-0.000859779
-4.75406e-05
-0.00213202
-0.00558013
-6.64182e-07
-0.000203298
4.79614e-05
0.000301367
-0.00143658
-0.000390111
5.19012e-05
0.000258843
-2.73062e-05
3.41497e-05
-7.12539e-07
0.00232829
0.00079254
-4.61304e-05
0.00169779
0.000708296
-3.807e-05
-2.60726e-05
-7.98159e-05
-1.59632e-05
0.000551345
0.000408032
-3.61539e-05
-3.17363e-06
-1.11371e-05
3.47317e-06
-0.000129347
-0.000260395
3.24376e-05
6.95717e-05
0.000268666
8.2304e-05
0.000248447
-0.00292891
-0.00116686
5.16197e-05
0.0001171
2.72631e-05
4.76744e-05
-0.000612557
-0.000412623
0.000319219
0.000204254
-5.56291e-08
5.41642e-06
5.19965e-06
5.33366e-06
0.000127655
3.79725e-05
9.34136e-06
5.2641e-06
1.62651e-05
4.99266e-06
-2.12857e-05
3.06669e-07
2.78288e-06
1.40898e-05
1.85298e-05
7.06488e-06
5.81614e-06
-0.000298244
-0.000203911
2.73073e-06
-2.55305e-06
-4.23207e-07
-1.2502e-05
-0.000125
-3.88572e-05
-9.87533e-07
1.01444e-06
2.02457e-05
8.63627e-05
0.00993844
-0.00070049
-0.000627725
0.00222903
0.000884327
-0.000371814
-0.000334604
0.00058646
0.000392769
-0.000243416
-0.000140675
-3.50678e-06
0.000248649
-1.99962e-05
-3.76239e-05
0.000268461
0.000132254
-0.019011
0.0168534
-0.0198753
-0.0197944
-0.0283989
0.00940549
-0.0163817
0.0126206
-0.0111835
0.00928569
-0.00761854
0.00609558
-0.00505971
-0.00381555
0.00321176
-0.00233316
0.00193817
-0.00137051
0.00105721
-0.000840156
0.000486644
-0.000706861
-0.000190411
-0.00059564
0.000396843
-0.000396845
0.000412248
-0.000405392
0.00382815
-0.00318296
0.00231603
-0.0018958
0.00136499
-0.00105594
0.000832948
-0.000487079
0.000406139
-0.000411856
0.000397711
-0.000396796
0.000705071
0.000596254
0.000191819
1.69919e-06
-0.000251776
-0.000403621
-0.000313694
-0.0148024
-0.0024332
-0.000501173
3.78208e-05
2.04625e-05
2.56865e-07
0.010082
0.0278004
0.02675
-0.0156251
0.0182908
-0.018145
0.0174932
-0.0113625
0.0164994
-0.011781
0.0114964
-0.00878031
0.00781455
-0.00595722
0.00519731
-0.0180964
0.0181443
0.000466442
3.87926e-05
2.33417e-05
1.02223e-05
-4.12477e-06
6.03081e-07
7.53833e-05
0.000151748
2.39356e-05
0.000136757
-0.000164298
-0.000223211
3.44899e-05
0.000178634
-9.337e-06
1.86683e-06
-1.70855e-05
1.95933e-06
0.000244899
0.000359946
-2.70574e-05
8.91026e-07
-4.11965e-05
-1.1876e-06
5.42079e-05
0.000158485
-0.000290653
-0.000427381
9.81811e-05
-0.000240942
0.000119221
-0.00189882
-0.00117327
-0.00605863
0.000842616
-0.00214817
0.000497991
0.000694734
-5.60286e-05
-1.76104e-06
-5.14646e-05
4.82234e-06
0.00116443
0.00110065
4.15224e-05
1.53392e-05
0.000314482
1.91412e-05
-1.57065e-05
-1.00211e-05
-7.4867e-06
5.80409e-05
0.000148802
4.23489e-06
6.12621e-05
1.23959e-05
6.76005e-05
-6.30493e-06
-9.56057e-05
1.74111e-05
9.41637e-05
-0.0178068
-0.000312396
-9.32595e-05
-3.74607e-05
8.18448e-06
8.95216e-06
9.02302e-06
1.37952e-05
5.78527e-06
1.39615e-05
2.74066e-06
1.38161e-05
-1.39916e-06
7.48573e-07
-1.35162e-05
-4.05726e-05
-4.72831e-06
-2.23182e-05
-3.26645e-06
-1.12231e-05
1.18097e-05
-9.22652e-05
1.63939e-07
-2.49242e-06
3.65553e-06
6.17457e-06
-0.000193405
-0.000302604
6.74421e-06
-1.05925e-05
-2.01661e-05
-3.28146e-05
-5.3075e-05
-8.19401e-05
0.000308786
-0.000156757
0.00234845
-6.79401e-05
7.01672e-06
1.90025e-05
8.59465e-06
4.08473e-05
-0.000413922
-0.000525958
-1.50573e-06
7.4864e-05
-5.06402e-05
1.78873e-05
-0.000715516
-0.00171047
-0.00023469
-0.000833221
-0.00243519
-0.000377451
0.000748201
-0.00106147
0.00126363
-0.00195225
0.00220312
-0.00322934
0.00368167
-0.00632749
0.0175184
-0.0163591
0.0166596
-0.00509087
0.00578868
-0.00768136
0.00854544
-0.0112303
0.0114834
-0.0161621
0.0109742
-0.0170968
0.0172021
-0.0177521
0.0156012
-0.0263907
-0.0275188
-0.010109
0.000327881
-3.65828e-05
0.000115458
-0.00462359
0.00467435
0.000188746
-0.00645811
0.00690605
0.000978168
-0.00731057
0.0100209
0.00594856
0.0015408
0.014972
-1.57485e-06
-3.37653e-05
0.000379589
-2.7207e-06
-0.000212184
0.0226142
0.0160443
-0.000839868
-0.000476097
0.000191177
-0.000383102
0.000386818
-0.000389048
0.000406511
-0.000421393
0.000414421
-0.000422885
0.000401402
0.000415205
0.000658047
-0.00051652
-0.000314797
-0.000164605
-0.000500591
4.61677e-05
3.13318e-05
1.84616e-05
-4.20347e-05
-0.000698012
0.000533122
-9.54152e-07
-0.00113944
0.00105425
-0.000346182
-0.000462501
3.06374e-05
-0.00188223
0.00185137
7.82989e-05
-0.00304067
0.00303746
-0.000615416
-0.000883415
-0.00227449
-0.00990646
0
0
0
0
0
0
0
0
0
0
0
0
0
0
0
0
0
0
0
0
0
0
0
0
0
0
0
0
0
0
0
0
0
0
0
0
0
0
0
0
0
0
0
0
0
0
0
0
0
0
0
0
0
0
0
0
0
0
0
0
0
0
0
0
0
0
0
0
0
0
0
0
0
0
0
0
0
0
0
0
0
0
0
0
0
0
0
0
0
0
0
0
0
0
0
0
0
0
0
0
0
0
0
0
0
0
0
0
0
0
0
0
0
0
0
0
0
0
0
0
0
0
0
0
0
0
0
0
0
0
0
0
0
0
0
0
0
0
0
0
0
0
0
0
0
0
0
0
0
0
0
0
0
0
0
0
0
0
0
0
0
0
0
0
0
0
0
0
0
0
0
0
0
0
0
0
0
0
0
0
0
0
0
0
0
0
0
0
0
0
0
0
0
0
0
0
0
0
0
0
0
0
0
0
0
0
0
0
0
0
0
0
0
0
0
0
0
0
0
0
0
-5.46629e-06
-0.000148331
0.00108974
2.19102e-05
4.33774e-06
0.000290642
3.43577e-06
-0.017736
-0.00026363
1.55963e-05
0.000183006
-8.61779e-06
6.58471e-07
-2.66005e-05
0.000103298
-7.02117e-06
-1.16624e-05
-0.000109404
3.80187e-05
-8.34532e-06
0.000155761
-0.000540144
-0.00019136
0.00377603
9.23137e-05
0.000169626
7.34819e-06
2.18396e-07
-2.20043e-06
3.06482e-06
0.000253487
0.000354575
-1.43821e-05
9.66111e-06
-3.13665e-05
2.29452e-05
0.000138806
-0.000378191
8.49576e-05
-0.000683326
-1.58756e-05
-0.00114175
-0.000284982
-0.00106735
0.000479597
0.000667703
-5.31355e-05
2.2939e-05
-6.16034e-05
1.07716e-05
0.00113102
0.000283348
0.0176085
-1.80998e-05
-6.13106e-06
-1.79833e-05
-3.11521e-06
-7.35805e-06
-3.076e-06
-1.36863e-06
-6.35202e-06
-1.50837e-05
1.47545e-05
-6.16e-06
1.73341e-05
-0.000174933
4.61683e-06
1.72862e-06
5.13908e-06
-2.3277e-05
-0.000177139
0.00015414
-2.17128e-06
-1.08326e-05
-2.01869e-05
-2.27317e-05
-3.85689e-05
-4.83561e-05
0.000340717
-7.84532e-05
0.00240991
0.000117001
2.92116e-05
-2.46887e-05
4.64599e-05
-6.06614e-06
6.99451e-05
3.67116e-05
9.87389e-05
-0.000339898
-9.62658e-05
-0.00238519
-3.00866e-05
1.9568e-05
-1.21609e-05
3.17008e-06
0.00012568
0.000775752
-3.82822e-05
0.000585533
0.014786
0.0016374
0.00594835
0.0225591
0.0159526
-0.000618285
3.70389e-06
-0.000195596
-5.93672e-05
-0.000583148
-0.00033262
-0.00025134
-2.65091e-05
1.97889e-05
2.43725e-05
-0.00054287
0.00124094
-0.000879234
-0.00215769
0.0021561
-0.00322183
0.00110659
-0.00629066
0.017397
-0.0159207
0.0163281
-0.016311
0.0159068
-0.0173392
0.0062789
-1.53815e-05
1.78573e-05
5.17762e-06
-3.01776e-05
0.000779461
-0.000340502
0.00108132
-0.000399412
-0.00314413
-6.33649e-05
0.000484796
-0.000691984
-6.13996e-05
0.00107615
-0.00108552
2.79429e-05
0.00188771
-0.00184124
6.07108e-05
0.00301341
-0.00299304
6.88153e-05
-0.00498634
0.00414744
-0.000505752
-0.00686959
0.00632822
-0.000176812
-0.0096551
0.00688711
-0.000925294
-0.0149204
-0.00170213
-0.00584617
0.0045909
-0.00458434
9.19811e-05
0.00673644
-0.00635766
0.000174313
0.00982238
-0.00715716
0.000969057
0.000632646
-0.0224064
-0.015813
0
0
0
0
0
0
0
0
0
0
0
0
0
0
0
0
0
0
0
0
0
0
0
0
0
0
0
0
0
0
0
0
0
0
0
0
0
0
0
0
0
0
0
0
0
0
0
0
0
0
0
0
0
0
0
0
0
0
0
0
0
0
0
0
0
0
0
0
0
0
0
0
0
0
0
0
0
0
0
0
0
0
0
0
0
0
0
0
0
0
0
0
0
0
0
0
0
0
0
0
0
0
0
0
0
0
0
0
0
0
0
0
0
0
0
0
0
0
0
0
0
0
0
0
0
0
0
0
0
0
0
0
0
0
0
0
0
0
0
0
0
0
0
0
0
0
0
0
0
0
0
0
0
0
0
0
0
0
0
0
0
0
0
0
0
0
0
0
0
0
0
0
0
0
0
0
0
0
0
0
0
0
0
0
)
;
    }
}


// ************************************************************************* //
