/*--------------------------------*- C++ -*----------------------------------*\
| =========                 |                                                 |
| \\      /  F ield         | OpenFOAM: The Open Source CFD Toolbox           |
|  \\    /   O peration     | Version:  2306                                  |
|   \\  /    A nd           | Website:  www.openfoam.com                      |
|    \\/     M anipulation  |                                                 |
\*---------------------------------------------------------------------------*/
FoamFile
{
    version     2.0;
    format      ascii;
    arch        "LSB;label=32;scalar=64";
    class       volScalarField;
    location    "1.4";
    object      gradTx;
}
// * * * * * * * * * * * * * * * * * * * * * * * * * * * * * * * * * * * * * //

dimensions      [0 -1 0 1 0 0 0];

internalField   nonuniform List<scalar> 
5712
(
-7103.83
-9080.73
-16793.8
-24586.4
-25113.7
-43300.5
-19228
-48919.3
-15617.6
-34306.1
-23358.9
-35565.1
-20913.6
-27503.2
-9213.31
-10556
-16003.1
-18362.8
-20557.4
-20394.1
-16117.5
-19858.4
-23695.8
-21226.9
-5828.54
-4435.04
-7238.08
-4915.22
-13544.8
-10939.9
-23034.7
-16802.7
-17809.3
-18569.1
-19906
-19206.3
-7157.77
-5512.85
-41927.6
-56125.5
-27136.1
-33296
-56109.3
-72857.3
-29042
-33258.4
-31222.3
-44088.4
-27323.3
-36159
-16076.3
-25818.3
-3143.57
-1065.19
-3298.4
-1194.26
-9473.72
-3842.92
-12916.8
-4777.95
-9300.87
-3550.79
-9740.17
-3134.86
-16523.1
-5274.62
-21295.3
-7209.01
-25583.1
-12810
-23424.8
-13876
-23797.1
-15412
-20946.4
-15645.9
-18595.7
-11078.2
-18651.6
-9606.28
-24184.3
-15368
-24249
-15484.9
-22141.8
-16503.3
-22411.5
-16544.8
-20063.8
-12713.9
-20776.1
-13006.3
-19087.2
-8353.43
-8911.97
-10971
-19157.6
-9165.66
-7851.27
-11226.2
-20195.6
-8282.58
-10043.3
-10988
-21195.7
-8470.1
-10894.2
-11443.8
-4068.03
-4458.57
-1381.12
-2775.07
-11834.1
-12536.1
-4651.37
-8443.95
-15165.7
-16754.7
-7533.56
-12906.5
-12286.6
-672.586
-14120.5
-17839.2
-9918.49
-316.121
-7176.34
-12908.4
-21017.5
-15297.9
-10563.5
-12997.9
-11605.3
-10231.8
-16154.5
-3838.99
-3110.99
-2215.03
-2184.93
-10744.3
-8879.18
-6628.18
-6269.56
-13316.4
-10955.9
-8650.16
-7700.54
-5687.22
-7356.74
-11928.9
-12484.3
-14641.1
-13275.5
-16568.4
-14242.6
-11686.6
-9850.76
-9294.14
-9495.87
-12349.5
-9312.99
-11400.7
-7893.37
-10020.5
-6572.59
-12004.4
-7722.59
-10474.2
-4366.91
-9109.85
-9585.17
-12827.3
-16396.8
-14158
-20378.9
-7331.62
-7868.37
-9339.98
-2380.91
-8163.73
-15471.1
-7766.14
-16678
-14041.1
-25221.6
-14292
-26869.3
-6278.93
-13456.8
-5747.87
-14430.8
-8744.09
-6346.3
-12333.3
-4675.33
-8815.91
-1129.75
-10654
-218.645
-8467.48
-9747.76
-12950.9
-5882.86
-7056.58
-11573.1
-11513.1
-7775.77
-2403.58
-2073.63
-1781.25
-1739.62
-1563.68
-1356.35
-7039.56
-5541.56
-4627.32
-4627.71
-3553.23
-2971.24
-8392.51
-6968.76
-6315.56
-5529.93
-4291.17
-3957.86
-6268.27
-5287.61
-5064.29
-10709.5
-7700
-6293.91
-10385.3
-7252.95
-5658.92
-10836.8
-8154
-6905.28
-7152.63
-4466.37
-3353.92
-15383.3
-12730.2
-10633.4
-10152.1
-8060.23
-6373.69
-9317.86
-6861.77
-5164.92
-8070.82
-5515.61
-3966.24
-8705.51
-4655.8
-2444.73
-10766.4
-14492.2
-8592.1
-11004
-11809.5
-17228.6
-10616.6
-15303.4
-14.7586
-706.46
521.644
-112.823
-2991.59
-3322.08
-1277.19
-693.749
-758.539
-2451.69
-9602.82
-13914.4
-6670.13
-3787.93
-10309.4
-10238.2
-16090.1
-17730.8
596.366
4271.53
-7773.41
-7299.64
-7379.03
-5676.83
-1018.21
-532.575
-698.451
-303.96
-1966.37
-146.527
316.76
823.845
-9273.65
-2281.91
-6373.06
-1620.64
-9216.24
-2772.05
-11132.1
-3505.58
-9160.37
-12093.4
-8424.35
-11760.4
-14908.5
-15558.9
-14176.7
-14680.2
-5681.72
-9264.32
-6589.43
-9226.05
-8914.01
-11304.8
-9804.73
-11386.9
-14754.2
-14386.7
-15427.7
-14413.3
-5718.21
-8940.31
-6197.71
-9070.78
315.163
-1068.18
-7019.42
-4050.65
839.335
-673.214
-6504.04
-3562.47
-137.547
-1335.78
-7158.73
-4422.21
-559.547
-1583.95
-7161.09
-4552.09
704.759
803.476
-142.803
24.1996
2932.52
2927.58
279.278
475.943
700.177
2022.98
-1444.68
-754.821
10196.1
9835.03
5506.02
4278.61
604.578
10713.1
10711.8
4207.21
6222.73
1015.68
-10629.7
-8172.2
-6990.95
-6300.85
-3510.19
773.739
679.009
76.8378
7.73448
2462.58
2283.13
250.989
69.3215
2498.53
2846.85
-419.503
-612.428
5088.27
2109.94
7903.71
4705.2
3474.2
2494.43
3950.48
3273.31
-121.142
-878.587
-3899.11
-2440.92
-1119.88
882.538
-928.434
719.409
-1403.41
-157.267
-1539.42
-1700.54
-5158.98
-4634.16
-9799.58
-5864.9
-8217.58
-8109.1
-12441.8
-9985.26
-7448.77
-4277.66
-3661.67
-3555.86
-11557.5
-5060.51
-12697.6
-5669.59
-13873.7
-10197.4
-14795.7
-10958.5
-9073.82
-3458.27
-10156.2
-4013.77
-5514.23
-4163.59
-3814.8
-5583.19
-3469.79
-3792.35
-3219.25
-5165.69
-6402.86
-4071.43
-4323.79
-6421.75
-7861.93
-4417.73
-5579.14
-6613.33
639.222
647.818
713.409
47.3329
229.341
250.619
2318.49
2349.44
2302.34
241.859
656.018
643.897
2989
3163.84
3167.94
-361.787
647.985
844.8
1019.25
849.124
547.74
3208.29
3199.37
2927.16
2581.82
2819.27
2728.6
3211.47
3291.65
3144.19
-947.347
298.323
382.065
-3551.65
-2041.61
-1125.47
706.985
1633.06
2118.53
740.351
1869.56
2347.71
366.171
1548.31
1875.77
-1727.91
398.045
641.052
27.8057
29.1093
31.3854
45.7081
234.584
120.009
91.9863
80.0915
18.3772
54.8461
125.993
177.33
379.121
215.666
232.731
223.419
-178.98
12.463
183.097
323.664
135.6
163.899
196.558
205.937
18.6679
93.204
82.4861
75.7394
-193.708
-18.1435
78.4353
125.74
-805.194
-178.796
30.364
166.151
-1231.99
-294.187
-48.203
302.979
-541.049
-79.4976
103.825
274.738
-1004.01
-223.136
-60.6505
257.863
-865.143
-210.767
59.3205
228.05
-1385.87
-349.127
-53.0708
360.648
-962.53
-268.735
58.8912
280.147
-1492.92
-396.665
-69.973
376.111
14.4752
17.6836
28.6243
59.1981
42.6911
26.8415
14.8274
53.3483
82.0985
62.7989
95.5516
164.587
169.517
91.3537
50.9591
145.944
-317.44
-47.7068
92.064
274.083
-117.476
22.9796
58.4845
255.633
-26.5829
94.5531
152.414
281.294
24.6209
80.1311
46.7896
257.072
-848.871
-169.743
-28.2225
354.734
80.3192
38.1254
23.0087
42.69
142.321
55.7412
26.4634
21.0372
170.708
90.8182
46.0752
107.061
366.568
148.598
65.036
53.2806
121.541
101.051
60.7549
174.248
473.68
209.317
97.4742
83.0967
-33.2267
91.4971
75.2283
243.124
394.238
226.199
113.777
103.783
-410.945
10.7881
12.8712
222.562
154.365
193.423
98.1954
102.559
-980.623
-112.605
-11.0148
251.465
-299.564
40.0709
51.191
88.1192
-738.338
-35.8528
0.0683677
233.044
-149.142
109.014
77.3779
99.475
-1197.42
-199.74
-36.7224
273.374
-427.901
-23.3488
28.8275
81.0343
-1355.77
-281.061
-69.6351
268.004
-539.038
-86.5689
1.04313
69.0176
19.8741
7.96779
3.61445
1.84363
1.17792
26.0475
11.9495
5.80018
3.04291
1.9648
47.4451
18.393
8.27996
4.22195
2.69917
58.0355
26.4192
12.8313
6.74991
4.36662
62.8983
22.9586
10.1817
5.17682
3.30879
77.0278
34.6601
16.8294
8.86844
5.74375
39.5805
17.5205
8.47984
4.47722
2.90583
28.7729
10.4761
4.59945
2.34223
1.50333
61.5935
23.0751
10.421
5.35274
3.43683
29.6131
9.58915
4.08332
2.0557
1.31097
65.3309
26.6204
12.5743
6.5632
4.23516
28.174
9.55253
4.19309
2.13115
1.36303
47.7089
15.2537
6.36784
3.17988
2.02489
28.0543
8.50352
3.53131
1.76838
1.12809
42.5844
10.2746
3.45364
1.55359
0.953084
23.5988
4.93255
1.52354
0.660459
0.400069
16.8128
6.16153
2.70978
1.36521
0.867919
12.3334
4.90835
2.25417
1.15371
0.736917
41.2399
15.3194
6.87608
3.50367
2.2388
31.9349
12.8228
5.97501
3.08271
1.97698
57.7021
18.9791
8.18601
4.12117
2.62523
43.2251
17.5328
8.27638
4.29954
2.76727
51.0317
20.7182
9.86248
5.14953
3.32004
29.3046
13.1583
6.4217
3.3751
2.18125
26.0296
11.1711
5.42603
2.84856
1.83961
-238.202
-401.956
-468.057
-960.648
-325.616
-1155.72
340.238
-811.852
1044.89
262.196
-544.259
-1115.25
693.247
592.841
-1122.32
-1872.85
-1514.64
-2203.43
-734.039
-172.802
-39.2939
-8.75544
-2.21725
-212.255
-106.016
-14.5953
-4.00697
-1.82099
-2252.73
-527.451
-120.346
-26.6822
-6.76664
-495.112
-140.513
-35.2378
-7.51967
-2.08202
-3764.33
-882.957
-202.038
-44.9549
-11.3787
-801.371
-242.207
-60.1899
-14.2446
-3.6401
-5005.4
-1177.41
-270.611
-60.4226
-15.3191
-931.119
-305.138
-78.2334
-18.6988
-4.7611
-6183.47
-1469.02
-340.121
-76.3633
-19.4523
-1031.25
-372.733
-98.2477
-23.7556
-6.11678
-7180.18
-1757.83
-412.894
-93.5805
-23.9751
-1702.3
-531.751
-133.208
-31.0089
-7.87651
-6742.08
-1645.93
-384.864
-86.8312
-22.1632
-1273.77
-443.055
-115.069
-27.408
-6.97971
-7363.86
-1804.22
-424.566
-96.3964
-24.743
-1959.39
-588.453
-144.9
-33.2148
-8.40874
-7652.6
-1858.32
-437.831
-99.3653
-25.4936
-2046.31
-615.17
-152.668
-32.5276
-8.7032
-550.567
-7393.71
-6750.08
-2397.41
1717.92
2911.29
8085.38
11840.6
1780.44
8671.12
-1887.28
2529.91
2516.73
5096.33
9740.3
13833.2
14726.7
18527.8
6017.4
7802.52
-20086.7
-14380.3
-4206.34
-3111.78
-2213.06
-3104.9
-3029.54
-12130.9
-11077.4
-9625.76
-10004
-7981.84
-5778.77
-7743.1
-4892.57
-4147.01
-4948.5
-3394.98
-19752.8
-9944.89
-3281.67
-5680.14
-8025.1
-5495.49
-5842.41
-4289.97
-2500.98
-3513.58
-3862.67
-4202.69
-19699.9
-12734.3
-12007
-8567.47
-8337.15
-8918.17
-3531.88
-4571.04
-6087.28
-13933.3
-11664.8
-9381.06
-8187.27
-6595.47
-9219.71
-6206.93
-4640.1
-3378.43
-1644.41
-3685.45
-3026.95
-2244.47
-1385.37
-471.048
-2764.37
-2299.04
-1717.72
-1060.99
-359.109
-1955.7
-1615.55
-1198.14
-735.305
-247.891
-2764.47
-2302.82
-1720.91
-1061.66
-358.724
-2673.28
-2206.65
-1637.51
-1006.82
-340.113
-7613.73
-5636.55
-4220.35
-3674.64
-3711.65
-5915.21
-4208.13
-2869.67
-2268.78
-1525.4
-5985.42
-3591.94
-2426.08
-1614.86
-738.445
-5081.62
-3345.31
-2155.41
-1497.49
-844.981
-3703.43
-2277.13
-1383.27
-915.509
-431.253
-4536.61
-3353.2
-2286.15
-1347.54
-458.317
-5261.94
-3386
-2192.2
-1288.74
-469.725
-3205.72
-1929.53
-1156.68
-623.389
-207.808
-3392.73
-2594.76
-1807.4
-1069.98
-358.306
-3923.99
-2906.11
-1963.39
-1133.75
-374.162
-2809.32
-2168.5
-1517.17
-896.438
-297.944
-12787.3
-9456.3
-7314.42
-6122.67
-5442.5
-7232.71
-5163.53
-3684.02
-2415.22
-1042.38
-2708
-2096.27
-1482.61
-892.911
-304.733
-4764.41
-3759.81
-2713.57
-1664.93
-577.444
-6501.01
-5025.54
-3624.31
-2278.85
-843.191
-4627.83
-3677.64
-2680.78
-1663.37
-582.315
-5006.26
-4037.2
-2966.64
-1838.07
-635.3
-3701.62
-2993.75
-2193.46
-1346.52
-458.576
-2142.7
-1712.52
-1234.02
-743.364
-248.907
-3074.43
-2514.2
-1849.8
-1130.63
-381.037
-3261.27
-2573.93
-1841.58
-1109.7
-374.175
-3610.83
-2904.37
-2114.84
-1290.84
-437.971
-13370.2
-10720.4
-8570.99
-7198.53
-5848.5
-8714.63
-6127.63
-4560.01
-3227.15
-1562.98
-8693.7
-6729.71
-4947.6
-3491.6
-1620.98
-6647.02
-4955.12
-3631.34
-2391.88
-945.345
-6868.8
-5404
-3953.98
-2508.01
-922.737
-6865.21
-5083.59
-3702.82
-2427.73
-947.247
-3000.06
-2394.67
-1742.77
-1072.6
-369.769
-4000.11
-3275.7
-2417.73
-1484.27
-502.15
-5188.58
-4157.35
-3036.33
-1872.54
-645.007
-6032.92
-12334.3
-12749.6
-35138.7
-12478.6
-46730.9
-6845.66
-16659.9
-12486.9
-9600.51
-20899
-17357
-12348.4
-11498
-23301.6
-18302.9
-4455.71
-3324.77
-8676.66
-5996.4
-9971.23
-7526.19
-26920.8
-19984
-16372.1
-12339.8
-16866.9
-9996.32
-1235.71
-4073.11
-43530
-56797.4
-26236.2
-33154.8
-57225.4
-73332.1
-28039.3
-33019.8
-32565.3
-44785.7
-26506
-36121.5
-17757.4
-26629.8
-2152.4
-570.799
-3799.16
-1299.18
-7320.04
-3293.58
-14891.2
-5394.4
-3193.58
-1831.28
-8005.14
-2526.86
-16564.2
-5218.54
-21502.4
-7265.63
-17408.7
-9098.03
-20226
-11993.7
-15652
-11257.8
-17749.8
-13666.7
-16335.2
-9570.49
-12874.5
-6732.05
-22957.7
-14527.7
-23944.9
-15256.4
-20870.2
-15644.7
-22071.3
-16312.3
-19245.1
-12024.5
-20586.2
-12817
-18032.4
-8039.16
-7914.42
-10563.9
-16114.6
-8245.26
-5984.54
-10460.8
-19937
-8209.14
-9582.87
-10793.9
-21175
-8466.67
-10766.2
-11388.8
-1235.23
-1128.77
-308.161
-1387.82
-5025.06
-5247.48
-3197.32
-6445
-2900.43
-3613.89
-5028.68
-9554.81
-12408.8
-9651.36
-9903.69
-12557.2
-8474.85
-7527.77
-8244.63
-7455.36
-14604.7
-13160.2
-12156.1
-10424.6
-7449.92
-6540.37
-14316.6
-1226.42
-916.558
-697.049
-784.534
-4695.28
-3703.48
-4034.91
-3560.46
-767.658
454.771
-4792.86
-3773.28
-10155.8
-10792.7
-9547.3
-8778.7
-7435.2
-5402
-9836.08
-7800.64
-9161.7
-7174.85
-11791.9
-11797.9
-10240.8
-7748.03
-7714.27
-5027.75
-6947.14
-4231.47
-10649
-6377.33
-9496.58
-4844.54
-8520.1
-9551.52
-13242.7
-17458.1
-13997.2
-20391.1
-6646.5
-7736.74
-7998.41
-2621.97
-7909.6
-15355.9
-7696.34
-16627.9
-13892.2
-25318.8
-14239
-26849.3
-5991.45
-13328.4
-5671.55
-14386.2
-8272.96
-6316.07
-12175.1
-4782.46
-7868.41
-1556.93
-10453.9
-1020.36
-8268.56
-9683.3
-12877.1
-5900.71
-6999.1
-11547.6
-11490.4
-7771.15
-891.212
-824.574
-628.256
-724.082
-2817.94
-2067.05
-2599.29
-2369.95
1042.07
491.246
-3036.4
-3339.76
-10634.1
-9973.86
-7834.56
-6637.94
-4308.59
-3562.85
-6139.3
-5023.2
-6047.48
-4385.12
-18277.8
-15731.1
-8165.07
-6730.13
-6396.21
-4661.65
-5431.83
-3315.75
-5957.6
-2432.98
-5647.28
-9300.69
-4902.06
-9513.66
-8657.7
-10722.4
-9776.7
-13303
-956.982
-657.58
-689.629
-561.839
-3584.18
-2456.69
-2855.83
-1468.03
-1173.26
-1513.1
-8295.83
-8862.37
-4533.59
-4039.89
-9584.76
-10037
-15088.2
-17435.6
518.009
4159.03
-7342.08
-7205.76
-7143.07
-5658.35
-1002.58
-885.126
-1082.21
-875.066
-1567.08
-956.248
-405.669
-297.935
-7912.01
-3424.31
-6712.55
-2838.55
-9273.77
-3483.48
-11153.9
-3788.85
-5330.24
-10251.2
-7036.92
-10755.6
-8880.33
-11984.3
-11806.7
-13003.1
-5079.07
-8945.09
-4537.41
-8890.48
-8302.25
-10868.9
-9619.39
-11268.5
-13735.8
-13672.3
-15133.8
-14219.6
-5491.84
-8806.62
-6133.87
-9038.81
-103.72
-1723.57
-7315.32
-4579.45
-78.1916
-1775.46
-7238.72
-4376.04
-443.415
-1790.32
-7310.45
-4739.05
-683.412
-1765.15
-7204.35
-4659.68
-998.491
-1078.1
-911.208
-958.072
-1900.26
-1912.58
-1193.36
-1253.51
-8039.84
-7275.19
-3428.55
-3361.42
-3493.16
-4983.51
-3777.33
89.8369
-1354.66
-1052.82
-1218.77
-3512.78
2819.35
-440.118
-14189.8
-11744.5
-10245.1
-8552.98
-4912.51
-1069.24
-939.448
-1060.03
-1271.17
-1870.86
-1450.24
-1600.76
-2103.74
-7485.36
-7231.62
-3696.35
-4671.79
-4903.12
-6609.9
-2961.21
-4892.81
-4571.22
-4956.79
-816.303
-1215.97
-2226.64
-3381.5
-9674.59
-7833.06
-7407.14
-5351.84
-6203.4
-4360.2
-5195.62
-3659.9
-3419.47
-3671.37
-8012.64
-7836.79
-10888.2
-6972.38
-10356.2
-10992.8
-13020.9
-10898.1
-8779.44
-5330.48
-6373.22
-6286.76
-11944.4
-5726.75
-12789
-5824.14
-13978.8
-10760.4
-14803.4
-11071
-9654.88
-4101.32
-10313.1
-4178.92
-6763.93
-5085.68
-4886.67
-6581.13
-5721.81
-5931.03
-4817.8
-6858.05
-7034.57
-4662.17
-4917.98
-7044.32
-8054.45
-4598.3
-5768.42
-6787.61
-731.079
-636.492
-912.289
-694.994
-1263.43
-1526.09
-1305.11
-1013.06
-6961.08
-6096.94
-3069.61
-1399.2
-7732.25
-7265.35
-5889.13
-5246.68
-4766.22
-4092.9
-1596.93
-1692.1
-3217.46
-1511.24
-8522.73
-7223.02
-4720.77
-3792.95
-3537.39
-2375.77
-2442.6
-1224.11
-3312.72
-91.3784
-181.455
-79.2455
-27.4398
13.5325
-153.971
-91.0657
-21.8708
16.9426
-494.986
-209.133
-0.842743
115.181
-414.339
-225.91
1.64115
95.524
-827.658
-317.229
32.5408
265.27
-784.192
-360.482
-103.63
22.2559
-549.573
-244.294
-115.233
-35.6332
-439.273
-169.465
-10.5982
74.1029
-1268.71
-432.378
-120.529
68.4533
-1508.26
-427.026
-117.52
289.24
-1203.59
-407.736
-73.7329
167.99
-1363.82
-381.669
-138.857
254.751
-1196.85
-402.366
-48.6226
171.846
-1569.29
-443.212
-106.963
341.948
-1097.24
-349.229
12.9599
255.613
-1559.37
-432.215
-90.6101
369.049
-171.468
-66.754
-11.0825
43.5657
-147.095
-50.3992
-24.0196
39.9144
-440.701
-172.942
-12.5538
118.019
-368.057
-130.864
-59.392
104.991
-890.649
-301.966
-18.3328
242.762
-804.989
-259.243
-78.9988
215.535
-978.15
-341.529
-57.2325
189.364
-738.591
-239.634
-98.9324
239.495
-1367.67
-378.05
-124.04
374.433
-106.786
-37.1737
-10.8556
27.9963
-49.7572
-24.5822
-9.16633
1.13357
-321.843
-107.977
-49.6346
63.4606
-162.996
-73.5253
-36.2439
-2.92832
-573.766
-181.405
-77.112
113.196
-328.774
-129.765
-56.1969
-1.25152
-873.759
-261.986
-96.1092
174.31
-572.506
-192.657
-74.9987
1.98371
-1153
-318.137
-162.091
137.773
-767.601
-233.027
-105.027
-12.3042
-1537.74
-414.228
-177.401
169.642
-760.633
-220.869
-90.2325
4.16234
-1479
-402.631
-196.91
136.736
-839.896
-243.577
-102.639
-7.16013
-1527.43
-388.457
-143.362
222.266
-687.192
-182.508
-59.0995
30.8345
-1462.4
-343.981
-105.665
250.678
-618.465
-137.395
-27.4774
52.8209
-1.00343
-3.92173
-2.70803
-1.60895
-1.09096
-11.4691
-8.36082
-4.85255
-2.75436
-1.84227
-1.01932
-9.06934
-6.29166
-3.7312
-2.52714
-25.3318
-18.774
-10.899
-6.17343
-4.12353
3.54537
-10.8712
-7.75658
-4.61166
-3.12367
-34.0942
-25.0741
-14.4643
-8.16649
-5.44754
-17.179
-12.7755
-7.38632
-4.165
-2.77448
-0.208593
-5.04191
-3.5422
-2.09748
-1.41655
-4.18735
-12.4758
-8.23394
-4.80659
-3.23805
5.01685
-3.9143
-3.0257
-1.81952
-1.23604
-18.6646
-17.8992
-10.6106
-6.03087
-4.03269
1.89782
-4.65822
-3.24863
-1.91709
-1.29556
9.8757
-5.44223
-4.53815
-2.76965
-1.88689
6.68241
-3.10303
-2.56383
-1.55394
-1.05634
25.4185
0.848433
-1.52284
-1.16398
-0.834133
16.5029
1.0119
-0.546258
-0.469586
-0.342861
1.9438
-2.56987
-1.94224
-1.17352
-0.799541
-1.71716
-2.71875
-1.72128
-1.00141
-0.675729
0.412626
-7.7228
-5.26051
-3.09903
-2.09483
-7.32222
-7.99722
-4.80751
-2.75351
-1.84758
11.4605
-7.92001
-6.05458
-3.63778
-2.46997
-13.4234
-11.9593
-6.93501
-3.92969
-2.62617
-17.441
-14.8861
-8.54046
-4.82138
-3.22011
-17.5144
-10.4173
-5.65532
-3.14987
-2.09457
-13.6924
-8.90932
-4.90103
-2.74168
-1.82682
-22.4485
-194.53
10.1506
-486.522
153.657
-652.783
536.219
-534.303
862.021
115.111
-682.642
-1254.33
383.308
163.493
-1179.86
-1918.41
-1528.61
-2212.63
-686.831
-164.087
-37.529
-8.38973
-2.13002
-172.743
-98.4327
-13.6775
-3.83653
-1.75416
-2120.8
-502.346
-115.183
-25.6119
-6.51022
-409.649
-128.044
-33.3604
-7.26516
-2.03332
-3565.31
-843.935
-193.923
-43.2626
-10.9738
-713.592
-228.499
-58.0132
-13.8771
-3.56976
-4784.72
-1132.01
-260.967
-58.3883
-14.8303
-895.452
-298.086
-76.8816
-18.4243
-4.70374
-5992.09
-1425.27
-330.353
-74.249
-18.9369
-1070.09
-374.898
-98.0391
-23.6191
-6.07651
-7105.64
-1735.73
-407.271
-92.267
-23.6388
-1730.87
-535.554
-133.599
-31.0216
-7.86806
-6622.92
-1612.5
-376.785
-85.0132
-21.7111
-1337.13
-449.716
-115.642
-27.4112
-6.96729
-7324.33
-1792.15
-421.374
-95.6293
-24.5419
-1967.33
-589.414
-144.953
-33.2009
-8.40101
-7640.06
-1854.47
-436.791
-99.1109
-25.4263
-2047.02
-615.132
-152.625
-32.5196
-8.69967
-505.823
-7273.43
-6376.47
-2202.99
-1600.26
-889.037
-3741.75
-2620.97
-6717.71
-6245.96
-3224.71
-2396.02
-275.915
-434.324
-764.688
-1273.96
-1963.3
-2792.15
-202.85
-448.01
-950.142
-1692.9
-2620.56
-3624.98
-207.471
-95.4324
-365.101
-247.557
-687.919
-564.032
-1178.24
-1082.35
-1742.82
-1655.92
-2366.06
-2102.44
-3576.39
-4174.26
-4690.5
-7255.49
-8336.08
-9311.62
-4532.37
-5129.34
-5238.93
-4901.61
-4302.9
-3839.32
-248.875
-210.432
-159.498
-99.4063
-33.756
-391.398
-330.576
-250.285
-155.856
-52.9011
-688.337
-580.611
-439.034
-273.136
-92.6634
-1144.99
-964.092
-727.807
-452.262
-153.347
-1760.43
-1478.51
-1113.61
-690.974
-234.137
-2494.3
-2086.62
-1566.6
-970.28
-328.608
-182.876
-154.53
-117.052
-72.9167
-24.7543
-403.455
-340.486
-257.588
-160.312
-54.397
-854.683
-720.363
-544.323
-338.474
-114.803
-1520.34
-1279.09
-964.934
-599.364
-203.192
-2347.78
-1970.11
-1482.95
-919.871
-311.687
-3236.25
-2705.84
-2030.92
-1257.91
-426.086
-187.201
-158.35
-120.071
-74.8565
-25.4236
-86.1202
-72.8584
-55.2535
-34.4508
-11.7012
-329.183
-278.194
-210.748
-131.292
-44.5732
-223.272
-188.757
-143.045
-89.1381
-30.2662
-619.651
-523.08
-395.82
-246.379
-83.6073
-508.258
-429.239
-324.947
-202.325
-68.6681
-1059.77
-893.087
-674.702
-419.461
-142.254
-973.811
-820.903
-620.317
-385.698
-130.808
-1564.07
-1314.7
-990.859
-614.983
-208.396
-1486.47
-1249.72
-941.911
-584.524
-198.043
-2114.78
-1769.75
-1328.65
-822.589
-278.468
-1879.69
-1573.02
-1180.44
-730.281
-247.055
-3175.49
-2640.71
-1974.12
-1220.66
-413.562
-3668.05
-3022.17
-2246.95
-1388.96
-472.259
-4046.2
-3285.16
-2426.82
-1506.53
-519.052
-6046.16
-4799.38
-3531.06
-2234.03
-805.319
-6547.25
-5035.83
-3709.18
-2443.68
-975.074
-6996.93
-5269.69
-3889.34
-2642.06
-1132.71
-4025.94
-3349.59
-2505.41
-1549.84
-525.155
-4522.78
-3738.03
-2784.87
-1722.07
-584.721
-4567.94
-3740.74
-2774.85
-1718.99
-587.298
-4193.8
-3387.45
-2502.05
-1561.38
-542.768
-3551.3
-2803.55
-2064.03
-1314.25
-478.53
-3050
-2352.4
-1728.2
-1126.44
-431.858
-287.828
-472.281
-835.05
-1386.62
-2131.3
-3014.28
-218.896
-499.303
-1044.7
-1838.89
-2816.79
-3849.46
-218.313
-104.083
-400.409
-277.011
-755.81
-625.002
-1292.61
-1192.94
-1926.89
-1871.54
-2624.77
-2452.62
-3825.97
-4424.94
-4935.24
-7424
-8415.94
-9335.74
-4742.19
-5277.42
-5300.59
-4882.59
-4247.36
-3811.17
-259.701
-219.672
-166.57
-103.85
-35.2718
-425.915
-360.059
-272.872
-170.058
-57.7472
-752.407
-635.425
-481.099
-299.621
-101.709
-1247.8
-1052.28
-795.673
-495.089
-167.992
-1914.21
-1610.9
-1215.88
-755.714
-256.315
-2698.74
-2263.8
-1704.38
-1057.98
-358.747
-197.453
-166.968
-126.571
-78.8961
-26.7937
-450.096
-380.321
-288.104
-179.498
-60.9441
-940.802
-794.054
-600.886
-374.094
-126.97
-1653.6
-1393.44
-1052.97
-654.939
-222.201
-2527.52
-2124.99
-1602.7
-995.735
-337.688
-3443.02
-2885.19
-2170.55
-1346.86
-456.675
-197.048
-166.747
-126.492
-78.8883
-26.7983
-93.971
-79.5472
-60.3641
-37.6569
-12.7938
-361.269
-305.578
-231.708
-144.461
-49.0654
-250.024
-211.572
-160.496
-100.096
-34.0026
-681.432
-575.895
-436.318
-271.861
-92.3067
-563.727
-476.644
-361.285
-225.184
-76.4705
-1164.1
-982.546
-743.512
-462.867
-157.094
-1074.79
-907.572
-687.055
-427.833
-145.22
-1732.39
-1459.47
-1102.56
-685.626
-232.582
-1683.59
-1419.18
-1072.61
-667.154
-226.328
-2352.72
-1975.74
-1488.64
-924.316
-313.403
-2200.74
-1849.95
-1394.75
-866.146
-293.636
-3407.47
-2844.01
-2134
-1323.38
-449.065
-3905.06
-3233.74
-2416.34
-1499.44
-510.839
-4284.12
-3503.38
-2606.04
-1626.08
-561.573
-6229.05
-4982.35
-3693.32
-2350.15
-849.669
-6652.31
-5150.48
-3818.79
-2529.12
-1011.93
-7033.88
-5311.81
-3931.22
-2676.3
-1148.35
-4221.17
-3520.93
-2640.38
-1636.67
-555.196
-4663.76
-3864.89
-2887.27
-1789.3
-608.284
-4631.86
-3803.14
-2828.99
-1756.63
-601.014
-4185.38
-3388.61
-2509.83
-1570.51
-547.131
-3508.77
-2773.89
-2047.01
-1307.63
-477.852
-3027.72
-2335.92
-1717.83
-1121.68
-430.991
-20039.3
-14430.6
-4557.12
-3470.44
-2665.29
-3640.06
-3485.68
-12980.6
-14351.6
-11302.8
-13010.4
-7404.96
-10835.9
-5583.61
-5860.64
-4212.72
-20489.5
-11000.2
-4035.38
-6607.02
-8883.65
-6008.5
-6472.57
-4865.71
-2954.48
-4179.11
-4833.33
-4924.92
-19610.2
-12919.4
-12659.6
-8949.33
-8791.59
-9456.36
-4188.74
-5192.87
-6727.11
-13949.8
-11731
-9479.06
-8316.71
-6713.59
-9302.19
-6291.85
-4721.36
-3444.99
-1672.88
-4018.71
-3325.84
-2484.7
-1542.48
-526.003
-3096.78
-2589.34
-1945.18
-1206.63
-409.339
-2376.18
-1984.05
-1487.77
-921.179
-312.065
-3257.99
-2731.44
-2054.92
-1274.58
-431.957
-3099.93
-2582.88
-1934.85
-1198.4
-406.4
-9265.7
-7484.94
-5942.15
-5078.88
-4692.8
-10429.1
-8751.43
-6870.2
-5284.2
-2989.81
-8050.74
-5598.36
-4116.15
-2771.94
-1154.45
-9467.8
-7632.23
-5829.04
-4144.05
-1930.1
-6205.44
-4922.7
-3585.86
-2211.95
-762.975
-8423.1
-6224.25
-4475.72
-2789.63
-1001.46
-4800.4
-3880.12
-2849.63
-1754.34
-598.108
-5018.13
-4042.37
-2962.61
-1823.11
-622.065
-3656.02
-2976.86
-2193.77
-1349.41
-458.04
-14096.3
-10961.4
-8769.67
-7339.89
-6263.31
-8442.2
-6368.9
-4729.75
-3150.35
-1329.87
-3459.13
-2794.01
-2056.91
-1274.06
-439.251
-5681.53
-4610.19
-3414.66
-2132.24
-743.602
-7406.85
-5904.84
-4376.11
-2797.38
-1035.98
-5144.53
-4164.88
-3089.01
-1939.66
-681.963
-5615.41
-4592.29
-3419.21
-2137.86
-741.432
-4256.51
-3497.79
-2602.55
-1615.82
-553.152
-2595.06
-2135.92
-1585.3
-977.5
-331.436
-3702.56
-3073.37
-2295.62
-1419.89
-481.561
-4203.9
-3432.84
-2538.47
-1567.49
-534.53
-4308.24
-3538.37
-2629.2
-1628.98
-556.538
-13495.5
-10976.1
-8903.68
-7569.25
-6208.81
-8977.01
-6398.02
-4813.11
-3426.59
-1650.83
-9573.1
-7639.29
-5787.86
-4133.12
-1905.47
-7078.72
-5392.37
-4021.07
-2674.44
-1053.63
-7356.69
-5887.16
-4376.07
-2805.62
-1035.71
-7476.8
-5689.54
-4240.02
-2813.86
-1097.64
-3631.56
-2966.44
-2205.53
-1376.87
-476.787
-4588.34
-3800.63
-2837.26
-1757.03
-597.077
-5819.54
-4742.49
-3519.9
-2195.73
-759.95
-425.8
-1228.09
-1984.93
-2724.55
-3442.41
-4122.41
-2814.97
-7535.12
-7085.29
-2726.9
-9523.46
-8020.13
-9413.32
-10390.7
-2568.99
-1652.94
-5973.61
-3386.59
-11208.4
-8059.78
338.331
-2271.93
-6245.27
-5779.17
-2180.5
-8047.32
-6474.66
-7831.34
-8761.98
-2123.96
-954.094
-5143.19
-1706.6
-9176.76
-4803.86
1827.79
-1641.29
-4694.07
-4316.61
-1574.46
-6280.4
-3769.51
-6258.22
-6848.7
-1587.95
-872.597
-3606.33
-1796.24
-7211.34
-1758.91
1976.55
-1187.65
-3576.91
-3342.12
-1177.4
-4720.74
-2188.14
-5107
-5929.17
-1179.18
-925.41
-2613.27
-1836.99
-6255.1
-234.377
1489.17
-943.82
-2989.05
-2831.07
-975.197
-3718.87
-1773.8
-4512.51
-5697.48
-918.87
-1019.59
-1842.7
-1779.62
-5409.56
-26.613
219.626
-823.15
-2629.88
-2570.29
-872.394
-3406.04
-2068.08
-4134.05
-5418.23
-697.266
-800.535
-1485.82
-1734.18
-5332.58
-943.23
-499.266
-1400.51
-3411.53
-5133.48
-1991.63
-5511.36
-9677.61
-7480.91
-10753.8
-979.351
-657.991
-3824.25
-2249.97
-1034.1
-9090.31
-4638.75
-1297.7
-3167.24
-4485.13
-1721.14
-5069.33
-8698.3
-6711.58
-9086.86
-997.175
-567.95
-3941.57
-2097.33
-212.164
-8860.13
-3394.49
-1131.01
-2769.81
-3634.14
-1367.67
-4577.93
-7678.14
-5652.72
-7890.63
-873.791
-650.79
-3323.64
-2164.44
-452.612
-7040.21
-3194.67
-964.846
-2470.4
-2971.52
-1093.9
-4225.1
-6867.85
-4969.8
-7071.86
-789.488
-648.364
-3026.97
-2217.78
-308.83
-6440.71
-3166.29
-862.203
-2203.34
-2606.88
-944.517
-3792.75
-6227.77
-4486.18
-6662.62
-730.144
-700.795
-2712.82
-2388.36
-482.416
-6112.79
-3205.17
-794.712
-1952.14
-2398.22
-861.368
-3479.2
-6126.04
-4133.88
-6412.45
-754.651
-819.756
-2400.88
-2273.46
-751.47
-6242.91
-3561.74
6459.65
8156.84
16832.3
24668.4
25146.5
43284.8
19237.1
48922.4
15631.4
34312.2
23406.7
35567.6
20930.3
27591.5
7920.19
8999.97
16016.5
18365.9
20552.2
20391.5
16119.2
19856.3
23693
21223.9
5375.6
4127.18
6585.79
4487.07
13546.7
10911.1
23088.4
16828.1
17784.3
18573.8
19897.5
19207.1
7156.1
5490.05
41933.5
56132.9
27136.8
33298.2
56116.4
72865.7
29041.9
33259.5
31226.7
44094.9
27322.9
36162
16082.5
25824.1
2964.94
1021.83
3031.05
1109.83
9443.14
3827.98
12922.9
4779.37
9294.97
3547.29
9726.53
3129.53
16524.1
5274.64
21298.4
7210.04
25582.8
12808.9
23423.2
13874.7
23794.3
15409.7
20943.7
15643.8
18593
11076.9
18650.8
9605.15
24183.8
15367.1
24249
15484
22140.4
16501.7
22410.6
16543.5
20063.3
12713.2
20776.6
13005.7
19083.2
8352.12
8910.65
10970.9
19154.7
9164.37
7849.75
11225.9
20195.5
8282.61
10042.7
10988.2
21197
8470.66
10894
11444.1
3824.49
4144.62
1326.76
2608.04
11779.3
12489.9
4625.26
8405.44
15156.5
16744.8
7529.22
12899.2
12286.7
673.47
14119.5
17835.5
9916.82
317.084
7176.59
12907.6
21013.2
15295.3
10562.1
12996.8
11603.9
10229.5
16153.7
3497.95
2804.03
1992.88
1994.03
10776
8907.15
6692.8
6310.53
13308.5
10953.1
8646.97
7699.72
5687.39
7356.65
11928.7
12484
14639.9
13274.5
16564.5
14240.6
11685.3
9850.59
9293.46
9495.55
12348.8
9312.72
11399.6
7892.9
10019
6571.94
12004.1
7722.72
10473.6
4366.8
9108.96
9584.89
12826.1
16396
14156.6
20377.9
7330.95
7868.29
9339.33
2380.85
8162.91
15470.8
7765.35
16677.8
14039.8
25220.7
14290.8
26868.5
6278.38
13456.9
5747.36
14430.9
8743.82
6346.38
12333.8
4675.56
8815.34
1129.77
10654.3
218.921
8467.41
9747.95
12951.4
5883.1
7056.47
11573.4
11513.5
7776.08
2127.65
1853.67
1619.33
1585.2
1437.12
1260.58
7074.88
5555.41
4628.49
4663.92
3569.44
2974.77
8393.07
6970.1
6316.62
5531.02
4293.77
3960.39
6268.28
5287.78
5064.5
10709.3
7700.22
6294.21
10385
7253.24
5659.36
10836.6
8154.83
6906.25
7153.09
4467.56
3355.26
15383
12730.4
10633.7
10151.9
8060.3
6373.93
9317.68
6861.89
5165.23
8070.68
5515.83
3966.64
8705.62
4656.12
2445.19
10739.8
14475.4
8562.95
10989.3
11797.1
17219.2
10601.6
15295.1
57.5488
613.942
-435.057
70.2843
2990.59
3396.27
1277.35
773.711
732.442
2425.39
9585.94
13893.5
6652.52
3774.49
10301.9
10234.9
16085.7
17728.9
-602.451
-4273.49
7763.69
7295.12
7373.41
5674.68
889.269
483.805
593.224
264.861
2021.7
157.796
-256.308
-807.728
9262.48
2280.47
6366.23
1620.68
9209.29
2770.41
11128.5
3504.44
9150.14
12088.1
8416.29
11756.2
14901.4
15554.7
14171.2
14676.9
5674.42
9260.39
6580.48
9221.36
8909.08
11301.9
9802.02
11384.8
14750.8
14384.3
15425.6
14411.5
5713.65
8937.5
6195.3
9068.88
-319.047
1067.65
7016.6
4049.57
-843.795
672.54
6500.97
3561.39
134.567
1335.04
7156.52
4421.22
557.953
1583.42
7159.55
4551.31
-668.454
-756.755
129.955
-28.9637
-2907.61
-2902.33
-274.91
-466.173
-698.755
-2021.41
1444.38
754.759
-10196
-9834.16
-5506.28
-4278.73
-604.608
-10712
-10710.5
-4207.11
-6221.4
-1015.47
10627.6
8169.01
6987.79
6298.34
3509.19
-738.371
-643.869
-90.768
-25.1395
-2436.71
-2262.02
-231.639
-52.0933
-2496.9
-2844.66
419.467
612.155
-5088.03
-2109.95
-7903.39
-4705.13
-3474.47
-2494.49
-3949.87
-3272.53
120.997
878.293
3898.1
2440.54
1118.46
-882.94
927.193
-719.705
1402.6
157.113
1538.94
1700.15
5156.74
4633.09
9797.23
5863.67
8215.79
8108.15
12439.8
9984.11
7446.61
4276.57
3659.7
3554.89
11555.6
5059.44
12696.1
5668.7
13872.1
10196.3
14794.3
10957.6
9072.02
3457.35
10154.7
4013.01
5512.63
4162.66
3813.86
5582.26
3468.31
3791.48
3218.39
5164.8
6401.49
4070.56
4322.91
6420.8
7860.76
4416.99
5578.33
6612.48
-608.193
-604.079
-664.011
-63.6638
-225.954
-243.207
-2297.68
-2337.95
-2294.43
-222.956
-645.851
-636.962
-2986.64
-3161.8
-3166.52
361.021
-647.606
-844.525
-1019.22
-849.019
-547.637
-3208.24
-3199.2
-2927
-2581.65
-2818.97
-2728.32
-3210.57
-3290.66
-3143.36
946.9
-298.279
-381.935
3551.4
2041.65
1125.64
-707.146
-1632.93
-2118.33
-740.421
-1869.34
-2347.44
-366.118
-1548
-1875.42
1727.51
-398.057
-640.985
-23.254
-25.5524
-27.9582
-40.9006
-218.428
-111.218
-85.2916
-73.8417
-17.9211
-54.6577
-126.216
-178.084
-374.954
-214.137
-231.546
-222.619
179.103
-12.3313
-182.939
-323.471
-134.941
-163.599
-196.376
-205.789
-18.6683
-93.1539
-82.4392
-75.6937
193.663
18.1616
-78.4065
-125.709
805.184
178.892
-30.2664
-166.046
1231.8
294.201
48.2557
-302.886
540.997
79.5881
-103.708
-274.589
1003.84
223.164
60.7081
-257.762
865.036
210.813
-59.2517
-227.975
1385.67
349.129
53.1145
-360.56
962.444
268.773
-58.8309
-280.079
1492.75
396.674
70.0155
-376.029
-10.8986
-15.0874
-25.729
-53.5497
-39.083
-24.2276
-13.096
-48.2628
-81.8678
-62.5725
-95.3525
-165.105
-166.557
-90.1895
-50.6219
-146.36
317.522
47.854
-91.9006
-273.86
117.661
-22.7633
-58.3091
-255.369
26.6601
-94.4118
-152.277
-281.132
-24.4799
-79.9716
-46.6718
-256.919
848.749
169.802
28.302
-354.61
-77.8054
-35.8549
-21.2887
-38.7464
-134.498
-52.0576
-24.4737
-19.2024
-165.261
-89.1065
-45.302
-107.327
-363.192
-147.601
-64.6565
-53.2971
-121.283
-100.83
-60.6402
-174.038
-473.095
-208.98
-97.3053
-82.98
33.3502
-91.3423
-75.1141
-242.965
-393.958
-225.987
-113.652
-103.676
410.909
-10.7107
-12.7953
-222.444
-154.257
-193.3
-98.1092
-102.477
980.399
112.59
11.0415
-251.393
299.472
-40.0721
-51.1733
-88.0895
738.179
35.8802
-0.0172689
-232.951
149.112
-108.969
-77.331
-99.4213
1197.19
199.711
36.7374
-273.313
427.796
23.3301
-28.823
-81.0165
1355.59
281.045
69.6527
-267.947
538.958
86.5575
-1.03755
-69.0015
-18.0263
-7.24187
-3.29179
-1.6811
-1.0745
-23.6872
-10.8841
-5.29201
-2.7793
-1.79552
-47.4481
-18.3458
-8.24273
-4.19872
-2.6828
-57.9593
-26.3334
-12.772
-6.71372
-4.34148
-62.8629
-22.942
-10.1703
-5.16937
-3.30338
-76.9777
-34.6315
-16.8096
-8.85524
-5.73396
-39.5641
-17.5121
-8.47415
-4.47327
-2.90289
-28.7637
-10.472
-4.59685
-2.34042
-1.50194
-61.558
-23.0579
-10.4099
-5.3452
-3.43122
-29.5973
-9.58186
-4.07871
-2.05251
-1.30856
-65.2938
-26.6045
-12.5642
-6.55655
-4.23041
-28.1565
-9.54467
-4.18808
-2.12771
-1.36048
-47.6878
-15.2443
-6.36211
-3.17597
-2.02196
-28.0436
-8.49907
-3.52864
-1.76655
-1.12665
-42.5681
-10.2684
-3.45014
-1.55126
-0.951317
-23.5907
-4.92974
-1.52203
-0.659463
-0.399298
-15.1857
-5.56071
-2.44652
-1.23308
-0.783625
-11.0541
-4.39675
-2.02084
-1.03494
-0.661061
-41.2772
-15.2888
-6.84996
-3.48768
-2.2281
-31.991
-12.8039
-5.95666
-3.07154
-1.96977
-57.6669
-18.9639
-8.17578
-4.11457
-2.62067
-43.2001
-17.5173
-8.26494
-4.29212
-2.76201
-50.9968
-20.7036
-9.85323
-5.14339
-3.31547
-29.2813
-13.1476
-6.41459
-3.37039
-2.1777
-26.012
-11.1636
-5.42132
-2.84539
-1.83722
187.034
342.536
491.65
986.868
331.05
1159.61
-338.413
813.287
-1044.26
-261.621
544.381
1115.4
-692.998
-592.549
1122.41
1872.96
1514.73
2203.53
644.227
150.633
34.1534
7.59584
1.92163
180.526
93.2544
12.2782
3.39627
1.60999
2282.7
535.276
122.168
27.0918
6.86978
510.131
145.038
36.2966
7.79192
2.14644
3762.5
882.545
201.947
44.9346
11.3734
802.607
242.609
60.2983
14.2694
3.64632
5005.26
1177.34
270.594
60.4178
15.3176
931.629
305.298
78.2789
18.7099
4.76401
6183.66
1469.05
340.122
76.3627
19.4519
1031.53
372.817
98.2714
23.7615
6.11839
7180.53
1757.9
412.91
93.5835
23.9757
1702.43
531.789
133.218
31.0112
7.87711
6742.38
1645.99
384.875
86.8328
22.1634
1273.94
443.11
115.084
27.4118
6.98074
7364.24
1804.31
424.586
96.4005
24.7439
1959.51
588.487
144.908
33.2166
8.40919
7653.01
1858.42
437.853
99.37
25.4947
2046.42
615.203
152.676
32.5292
8.7036
548.384
7392.47
6746.41
2391.01
-1499.84
-2590.6
-8102.05
-11853.2
-1827.83
-8727.98
1869.27
-2553.64
-2532.58
-5114.66
-9777.04
-13876.2
-14646.7
-18435.7
-5177.9
-6722.01
20086
14379.7
4206.08
3111.58
2212.93
3104.7
3029.36
12130.4
11077.3
9625.44
10004
7982.06
5778.61
7742.95
4892.6
4146.89
4948.44
3394.89
19752
9944.46
3281.55
5679.86
8024.69
5495.19
5842.08
4289.73
2500.88
3513.4
3862.51
4202.48
19699.1
12733.7
12006.4
8567.04
8336.7
8917.74
3531.69
4570.77
6086.95
13932.4
11663.9
9380.2
8186.44
6594.77
9219.15
6206.42
4639.64
3378.07
1644.22
3685.21
3026.74
2244.29
1385.26
471.009
2764.19
2298.88
1717.6
1060.91
359.08
1955.58
1615.45
1198.06
735.255
247.874
2764.29
2302.67
1720.79
1061.58
358.698
2673.11
2206.5
1637.39
1006.74
340.088
7613.14
5635.93
4219.76
3674.1
3711.13
5915.09
4208
2869.55
2268.64
1525.22
5985.08
3591.64
2425.82
1614.65
738.335
5081.61
3345.28
2155.39
1497.48
844.934
3703.53
2277.21
1383.35
915.582
431.264
4536.45
3353.05
2286.03
1347.46
458.286
5261.77
3385.86
2192.08
1288.65
469.687
3205.74
1929.54
1156.7
623.401
207.811
3392.62
2594.65
1807.32
1069.92
358.285
3923.93
2906.05
1963.34
1133.72
374.15
2809.23
2168.42
1517.11
896.397
297.93
12786.4
9455.31
7313.47
6121.82
5441.76
7232.26
5163.1
3683.64
2414.93
1042.25
2707.88
2096.16
1482.52
892.85
304.711
4764.15
3759.56
2713.37
1664.79
577.393
6500.6
5025.16
3623.99
2278.62
843.099
4627.54
3677.38
2680.56
1663.22
582.259
5005.94
4036.92
2966.4
1837.91
635.243
3701.39
2993.55
2193.29
1346.42
458.538
2142.61
1712.44
1233.96
743.321
248.892
3074.26
2514.05
1849.68
1130.55
381.01
3261.12
2573.79
1841.47
1109.62
374.15
3610.63
2904.19
2114.69
1290.75
437.937
13369.3
10719.5
8570.08
7197.68
5847.79
8714.06
6127.1
4559.53
3226.77
1562.79
8693.1
6729.1
4947.05
3491.16
1620.76
6646.58
4954.72
3630.98
2391.61
945.232
6868.36
5403.6
3953.63
2507.76
922.64
6864.77
5083.18
3702.46
2427.46
947.131
2999.88
2394.51
1742.64
1072.51
369.737
3999.86
3275.49
2417.56
1484.15
502.11
5188.26
4157.06
3036.09
1872.38
644.95
5584.11
11227.4
12774.1
35274.7
12516.3
46909.5
6316.52
15037.9
12473.2
9591.94
20844.1
17337.3
12334.6
11491
23244.7
18286.7
4131.69
3121.66
7916.11
5476.22
9973.17
7484.46
27039.5
20050.8
16329
12330.7
16845.7
9986.97
1230.2
4038.38
43539.8
56806.6
26232.3
33156.2
57233.6
73341.2
28035.8
33020.3
32573.1
44794.2
26501.5
36123.9
17768
26637.9
2072.67
570.243
3491.94
1206.9
7266.64
3271.77
14908.4
5398.69
3183.49
1826.93
7984.17
2519.5
16564.5
5218.37
21505.7
7266.74
17403.1
9094.59
20217.9
11990.1
15647.5
11254.7
17743.4
13663.3
16327.8
9567.29
12869.9
6728.97
22954.5
14525.6
23944.3
15255.3
20867.2
15642.6
22070.1
16310.9
19242.6
12022.7
20586.2
12816.1
18026.3
8037.29
7912.09
10563.5
16110.8
8243.79
5982.17
10460.3
19936.2
8209.04
9581.73
10793.9
21176.3
8467.24
10765.8
11389.1
1245.13
1123.94
338.49
1336.03
4936.84
5161.27
3161.29
6393.71
2895.18
3610.44
5025.09
9548.98
12406.7
9650.08
9901.82
12555.9
8473.72
7527.56
8244.09
7454.56
14604.6
13158.5
12153.2
10421.3
7447.18
6538.16
14316.1
1150.87
869.614
611.006
721.782
4681.21
3677.74
4078.06
3572.96
763.935
-456.411
4790.08
3772.83
10155.8
10793
9547.45
8779.21
7435.06
5402.33
9835.05
7800.04
9160.76
7174.73
11790.7
11797.6
10239.5
7747.92
7713.32
5027.73
6946.36
4231.34
10648.9
6377.46
9495
4844.26
8518.42
9550.98
13241.1
17457.2
13995.5
20390
6645.18
7736.48
7997.19
2621.83
7908.36
15355.5
7695.43
16627.6
13890.7
25317.7
14237.8
26848.4
5990.5
13328.3
5670.92
14386.2
8272.37
6316.06
12175.4
4782.65
7867.72
1556.89
10454.1
1020.49
8268.27
9683.42
12877.6
5900.93
6998.91
11547.8
11490.8
7771.46
846.517
807.981
581.37
689.067
2790.82
2031.35
2606.8
2364.05
-1042.6
-491.344
3036.39
3340.41
10634.4
9974.22
7835
6638.5
4309.03
3563.42
6139.16
5023.34
6047.52
4385.39
18277.6
15731.3
8165.06
6730.33
6396.25
4661.86
5431.84
3315.86
5957.72
2433.11
5649.93
9300.41
4907.76
9513.52
8656.53
10719.5
9773.1
13297.9
852.53
541.375
598.12
452.382
3624.17
2535.08
2909.03
1555.38
1178.2
1515.29
8297.09
8862.82
4535.47
4044.34
9583.86
10035.7
15085.4
17434.3
-516.96
-4158.71
7342.39
7204.61
7143.07
5657.97
867.299
804.574
940.775
793.271
1620.14
967.874
457.956
309.131
7915.36
3425.7
6717.54
2841.26
9274.32
3484.28
11152.8
3788.75
5329.89
10250.1
7036.13
10754.4
8878.17
11982.2
11803.6
13000.8
5079.33
8944.44
4537.75
8889.99
8301.09
10867.5
9617.78
11266.9
13733.6
13670.5
15132.1
14218
5491.52
8805.7
6132.77
9037.48
105.601
1724.66
7315.14
4579.51
80.025
1776.47
7238.73
4376.23
444.255
1790.86
7309.9
4738.84
683.203
1765.15
7203.34
4659.18
867.752
932.128
832.14
867.857
1950.99
1973
1201.4
1266.49
8041.61
7275.94
3429.54
3361.94
3493.4
4983.24
3777.61
-88.627
1355.46
1053.21
1219.19
3512.69
-2818.5
440.668
14187.8
11743.3
10244.6
8552.94
4912.76
907.914
772.932
944.257
1135.99
1934.47
1519.52
1631.18
2144.23
7486.34
7232.57
3696.44
4670.96
4903.28
6610.05
2961.5
4892.87
4571.16
4956.59
816.754
1216.14
2226.94
3381.31
9673.82
7832.84
7406.76
5351.74
6203.27
4360.15
5195.73
3659.93
3419.68
3671.35
8012.08
7836.39
10887.3
6971.85
10355.1
10992.2
13019.5
10897.3
8778.88
5330.14
6373.02
6286.52
11943.3
5726.19
12787.8
5823.42
13977.5
10759.6
14802.1
11070.1
9654.06
4100.94
10312
4178.35
6763.66
5085.41
4886.6
6580.8
5721.81
5930.86
4817.9
6857.84
7034.04
4661.79
4917.69
7043.8
8053.56
4597.75
5767.82
6786.91
552.815
478.456
800.689
605.199
1341.36
1591.21
1353.13
1053.99
6963.1
6099.61
3068.17
1399.89
7732.36
7265.52
5889.05
5246.7
4766.02
4092.86
1597.2
1692.78
3216.95
1511.16
8522.6
7223.13
4720.7
3793.04
3537.34
2375.87
2442.63
1224.33
3312.51
91.3572
166.009
72.534
25.7897
-10.9031
140.412
83.8008
19.9118
-15.4652
495.644
209.515
0.319483
-116.575
416.818
226.759
-0.902565
-95.2541
828.265
317.559
-32.305
-265.061
785.382
361.018
103.884
-22.1174
550.051
244.531
115.358
35.7061
439.464
169.574
10.6657
-74.0564
1269.19
432.63
120.681
-68.3382
1508.39
427.133
117.602
-289.153
1204.05
407.995
73.9154
-167.817
1364.01
381.796
138.946
-254.659
1197.13
402.537
48.7343
-171.762
1569.32
443.284
107.03
-341.861
1097.32
349.321
-12.8799
-255.54
1559.29
432.25
90.6622
-368.967
156.719
60.9726
10.2583
-38.9896
131.859
45.297
22.1546
-35.8182
440.99
173.147
12.4706
-119.116
369.914
131.359
59.1358
-106.022
891.067
302.201
18.5317
-242.518
805.394
259.46
79.1559
-215.265
978.586
341.792
57.4145
-189.181
738.939
239.835
99.0562
-239.347
1367.91
378.206
124.149
-374.323
92.617
33.0027
9.81592
-25.0523
41.8255
22.02
8.46439
-0.731167
326.63
108.928
49.912
-64.2722
166.847
74.1446
36.3394
2.65906
574.274
181.626
77.1736
-113.014
329.517
130.058
56.2896
1.30485
874.108
262.194
96.2249
-174.161
572.899
192.892
75.1062
-1.90135
1153.23
318.306
162.202
-137.648
767.861
233.219
105.135
12.39
1537.86
414.357
177.494
-169.548
760.737
220.97
90.3004
-4.1072
1479.2
402.799
197.024
-136.623
840.065
243.721
102.73
7.23442
1527.45
388.53
143.424
-222.189
687.231
182.566
59.1414
-30.7981
1462.31
344.002
105.7
-250.616
618.436
137.411
27.4963
-52.7982
1.34741
3.74931
2.54441
1.50417
1.01831
10.9259
7.82638
4.51457
2.55591
1.70774
0.78014
9.02731
6.28922
3.73396
2.53025
25.0481
18.7016
10.8827
6.16973
4.12268
-3.50874
10.8927
7.77243
4.62196
3.13106
34.1324
25.1008
14.4851
8.1808
5.4582
17.2038
12.7886
7.39484
4.17064
2.77858
0.224889
5.04954
3.54665
2.10034
1.41864
4.22536
12.4958
8.24754
4.81579
3.24485
-4.99833
3.92344
3.0316
1.82352
1.23904
18.7143
17.9232
10.6261
6.04089
4.03974
-1.87698
4.6684
3.25527
1.92157
1.29884
-9.84963
5.45451
4.54575
2.77472
1.89063
-6.66709
3.10991
2.56786
1.55657
1.05833
-25.3986
-0.84032
1.52737
1.16691
0.836313
-16.4931
-1.00819
0.548246
0.470855
0.343816
-1.46736
2.46083
1.82063
1.09416
0.744579
1.82454
2.56633
1.60251
0.927924
0.625211
-0.624942
7.69741
5.26354
3.10332
2.09794
7.15196
7.98983
4.81691
2.76037
1.85196
-11.4242
7.94003
6.06915
3.64715
2.47642
13.4391
11.977
6.94984
3.93942
2.63304
17.4873
14.9081
8.55467
4.83057
3.22679
17.5415
10.432
5.66554
3.15656
2.09951
13.7178
8.92121
4.90844
2.74649
1.83034
0.539334
161.787
6.8112
504.243
-150.609
654.922
-535.277
535.059
-861.721
-114.825
682.701
1254.41
-383.199
-163.354
1179.92
1918.49
1528.69
2212.72
603.226
143.105
32.6349
7.28214
1.84696
146.337
86.7179
11.519
3.25792
1.55246
2149.68
509.91
116.941
26.0066
6.60952
423.461
132.376
34.3831
7.52808
2.09555
3563.55
843.572
193.846
43.2453
10.9693
714.399
228.845
58.1158
13.9015
3.57596
4784.65
1131.99
260.959
58.3859
14.8294
895.735
298.206
76.9216
18.4348
4.7066
5992.37
1425.33
330.363
74.2504
18.9369
1070.26
374.96
98.059
23.6245
6.07806
7106.05
1735.83
407.292
92.2712
23.6397
1730.98
535.589
133.609
31.0238
7.86864
6623.3
1612.58
376.802
85.0164
21.7117
1337.26
449.759
115.655
27.4146
6.96826
7324.75
1792.24
421.396
95.634
24.543
1967.44
589.448
144.962
33.2028
8.40146
7640.49
1854.57
436.814
99.1158
25.4275
2047.13
615.166
152.633
32.5212
8.70007
505.396
7272.8
6374.56
2203.16
1464.7
773.623
3768.97
2682.77
6752.05
6331.96
2965.38
2122.35
275.893
434.289
764.628
1273.86
1963.15
2791.96
202.834
447.975
950.069
1692.77
2620.38
3624.72
207.454
95.4245
365.072
247.537
687.865
563.987
1178.15
1082.27
1742.7
1655.8
2365.89
2102.3
3576.15
4174
4690.23
7255.09
8335.67
9311.2
4532.07
5129.02
5238.62
4901.33
4302.68
3839.14
248.855
210.416
159.485
99.3982
33.7532
391.367
330.549
250.265
155.844
52.8967
688.283
580.565
438.999
273.113
92.6558
1144.9
964.017
727.75
452.225
153.334
1760.3
1478.39
1113.53
690.919
234.118
2494.12
2086.47
1566.48
970.204
328.582
182.861
154.517
117.042
72.9107
24.7523
403.422
340.458
257.567
160.298
54.3924
854.616
720.306
544.279
338.446
114.794
1520.22
1278.99
964.858
599.316
203.175
2347.61
1969.96
1482.83
919.799
311.662
3236.02
2705.64
2030.77
1257.81
426.052
187.186
158.338
120.061
74.8504
25.4215
86.113
72.8523
55.2489
34.4479
11.7002
329.156
278.172
210.73
131.281
44.5695
223.254
188.741
143.033
89.1305
30.2636
619.602
523.037
395.787
246.359
83.6004
508.217
429.204
324.92
202.309
68.6624
1059.69
893.017
674.648
419.427
142.242
973.736
820.839
620.268
385.667
130.797
1563.95
1314.6
990.783
614.935
208.379
1486.36
1249.63
941.839
584.479
198.027
2114.63
1769.62
1328.55
822.526
278.446
1879.56
1572.91
1180.36
730.227
247.036
3175.27
2640.52
1973.97
1220.56
413.529
3667.8
3021.96
2246.78
1388.85
472.22
4045.94
3284.93
2426.63
1506.41
519.007
6045.78
4799.03
3530.77
2233.83
805.241
6546.84
5035.45
3708.85
2443.44
974.972
6996.52
5269.31
3889
2641.8
1132.6
4025.66
3349.34
2505.22
1549.72
525.114
4522.47
3737.77
2784.66
1721.93
584.675
4567.64
3740.48
2774.65
1718.85
587.25
4193.54
3387.22
2501.86
1561.25
542.721
3551.08
2803.36
2063.87
1314.14
478.486
3049.83
2352.23
1728.06
1126.34
431.817
287.806
472.248
834.992
1386.53
2131.16
3014.09
218.88
499.268
1044.63
1838.77
2816.61
3849.21
218.296
104.075
400.38
276.991
755.757
624.958
1292.52
1192.86
1926.76
1871.42
2624.61
2452.47
3825.74
4424.69
4934.98
7423.61
8415.54
9335.33
4741.9
5277.11
5300.28
4882.31
4247.13
3810.98
259.682
219.656
166.558
103.842
35.2691
425.885
360.033
272.852
170.045
57.743
752.355
635.38
481.065
299.6
101.702
1247.71
1052.21
795.618
495.054
167.98
1914.08
1610.79
1215.8
755.662
256.297
2698.57
2263.65
1704.26
1057.91
358.723
197.439
166.956
126.562
78.8903
26.7917
450.065
380.295
288.084
179.485
60.9398
940.738
793.999
600.844
374.067
126.961
1653.49
1393.35
1052.9
654.894
222.185
2527.36
2124.85
1602.59
995.667
337.665
3442.8
2885
2170.4
1346.77
456.644
197.033
166.735
126.483
78.8822
26.7962
93.964
79.5413
60.3596
37.6541
12.7929
361.243
305.556
231.691
144.451
49.0618
250.006
211.557
160.484
100.088
34.0001
681.384
575.854
436.287
271.842
92.3001
563.687
476.61
361.259
225.168
76.465
1164.02
982.478
743.461
462.835
157.083
1074.71
907.511
687.008
427.804
145.21
1732.28
1459.38
1102.49
685.58
232.566
1683.48
1419.08
1072.54
667.11
226.314
2352.57
1975.61
1488.55
924.257
313.383
2200.61
1849.84
1394.67
866.093
293.618
3407.26
2843.83
2133.86
1323.29
449.035
3904.83
3233.54
2416.18
1499.34
510.805
4283.88
3503.17
2605.88
1625.97
561.536
6228.7
4982.05
3693.08
2349.99
849.608
6651.94
5150.15
3818.52
2528.93
1011.85
7033.49
5311.45
3930.91
2676.07
1148.25
4220.91
3520.7
2640.2
1636.56
555.157
4663.47
3864.64
2887.08
1789.17
608.241
4631.58
3802.89
2828.8
1756.5
600.97
4185.13
3388.39
2509.65
1570.4
547.089
3508.56
2773.71
2046.86
1307.53
477.813
3027.55
2335.76
1717.69
1121.59
430.953
20038.6
14430.1
4556.87
3470.24
2665.15
3639.86
3485.5
12980
14351.4
11302.4
13010.3
7404.75
10835.7
5583.43
5860.45
4212.57
20488.6
10999.7
4035.23
6606.74
8883.26
6008.21
6472.25
4865.48
2954.36
4178.91
4833.14
4924.7
19609.4
12918.8
12659
8948.92
8791.17
9455.93
4188.56
5192.61
6726.79
13949
11730.2
9478.3
8315.98
6712.97
9301.65
6291.39
4720.96
3444.67
1672.72
4018.49
3325.64
2484.55
1542.39
525.97
3096.6
2589.19
1945.06
1206.55
409.313
2376.06
1983.94
1487.69
921.129
312.048
3257.81
2731.28
2054.8
1274.51
431.932
3099.76
2582.74
1934.74
1198.33
406.377
9265.25
7484.59
5941.88
5078.66
4692.59
10429
8751.24
6870.03
5284.06
2989.69
8050.47
5598.17
4116.01
2771.84
1154.41
9467.68
7632.09
5828.92
4143.96
1930.03
6205.26
4922.55
3585.75
2211.88
762.95
8422.88
6224.08
4475.59
2789.55
1001.43
4800.24
3879.98
2849.52
1754.28
598.085
5017.96
4042.23
2962.5
1823.05
622.041
3655.89
2976.74
2193.68
1349.36
458.022
14095.6
10960.8
8769.17
7339.47
6262.94
8441.82
6368.6
4729.52
3150.19
1329.8
3459
2793.9
2056.82
1274.01
439.232
5681.28
4609.98
3414.5
2132.14
743.565
7406.5
5904.55
4375.89
2797.23
1035.92
5144.27
4164.66
3088.84
1939.55
681.923
5615.12
4592.04
3419.02
2137.73
741.388
4256.3
3497.61
2602.42
1615.73
553.121
2594.95
2135.83
1585.23
977.456
331.421
3702.38
3073.22
2295.5
1419.82
481.536
4203.73
3432.69
2538.37
1567.42
534.507
4308.04
3538.2
2629.07
1628.9
556.51
13494.7
10975.4
8903.03
7568.67
6208.33
8976.51
6397.6
4812.76
3426.33
1650.7
9572.61
7638.87
5787.53
4132.88
1905.36
7078.35
5392.06
4020.82
2674.27
1053.56
7356.31
5886.82
4375.81
2805.45
1035.64
7476.42
5689.23
4239.77
2813.69
1097.58
3631.39
2966.3
2205.42
1376.8
476.763
4588.1
3800.43
2837.1
1756.93
597.043
5819.25
4742.25
3519.7
2195.61
759.906
425.784
1228.04
1984.86
2724.46
3442.3
4122.29
2603.61
7542.24
7092.73
2521.19
9520.11
8015.87
9409.89
10387.1
2384.57
1594.93
5951.59
3297.11
11208.2
8055.96
-333.722
2096.94
6252.82
5786.71
2012.17
8047.25
6472.6
7830.93
8760.17
1970.79
941.85
5115.63
1606.52
9180.48
4803.46
-1818.64
1511.57
4699.54
4321.95
1450.24
6282.69
3770.01
6259.88
6848.82
1469.24
851.48
3583.35
1724.39
7215.59
1761.02
-1970.62
1092.91
3579.93
3344.79
1084.37
4723
2189.35
5108.58
5929.89
1093.74
895.824
2591.66
1768.78
6258.52
236.573
-1485.33
868.406
2990.88
2832.35
898.584
3720.71
1775
4513.63
5698.2
853.977
962.085
1822.56
1738.67
5412.35
28.5791
-216.912
757.542
2631.02
2570.86
804.287
3407.51
2069.08
4134.82
5418.83
650.547
763.041
1466.11
1702.05
5335.03
944.97
501.687
1291.32
3416.08
5140.3
1837.64
5512.66
9677.21
7481.13
10752.1
878.323
549.679
3853.96
2319.86
1034.15
9090.02
4638.06
1196.48
3171.26
4491.19
1586.78
5070.45
8698.09
6712.57
9086.07
895.107
462.346
3968.88
2174.48
211.488
8859.49
3393.08
1042.77
2772.96
3638.36
1260.01
4578.79
7678.24
5654.23
7890.8
785.277
537.358
3344.64
2235.92
451.534
7039.59
3192.73
889.953
2472.42
2973.74
1008.14
4225.55
6867.98
4970.94
7072.31
709.279
543.494
3046.32
2274.04
307.635
6440.05
3164.3
795.788
2204.53
2607.96
871.069
3792.85
6227.82
4486.87
6663.02
655.84
602.429
2730.72
2426.89
481.017
6112.09
3203.08
733.657
1952.93
2398.73
794.774
3479.17
6126.02
4134.29
6412.75
676.532
716.82
2421.29
2306.14
750.415
6242.38
3560.58
)
;

boundaryField
{
    patch1
    {
        type            calculated;
        value           nonuniform List<scalar> 
2440
(
-7157.77
-6670.13
-8918.17
-3531.88
-4571.04
-6087.28
-9456.36
-4188.74
-5192.87
-6727.11
7156.1
6652.52
8917.74
3531.69
4570.77
6086.95
9455.93
4188.56
5192.61
6726.79
-7103.83
-16793.8
-25113.7
-19228
-15617.6
-23358.9
-20913.6
-9213.31
-182.384
1717.92
8085.38
1780.44
-1887.28
2516.73
9740.3
14726.7
6017.4
-20086.7
-14380.3
-4206.34
-3111.78
-2213.06
-3104.9
-3029.54
-12130.9
-11077.4
-9625.76
-10004
-7981.84
-5778.77
-7743.1
-4892.57
-4147.01
-4948.5
-3394.98
-19752.8
-9944.89
-3281.67
-5680.14
-8025.1
-5495.49
-5842.41
-4289.97
-2500.98
-3513.58
-3862.67
-4202.69
-19699.9
-12734.3
-12007
-8567.47
-8337.15
64.7866
-207.471
-95.4324
-365.101
-247.557
-687.919
-564.032
-1178.24
-1082.35
-1742.82
-1655.92
-2366.06
-2102.44
-218.313
-104.083
-400.409
-277.011
-755.81
-625.002
-1292.61
-1192.94
-1926.89
-1871.54
-2624.77
-2452.62
-20039.3
-14430.6
-4557.12
-3470.44
-2665.29
-3640.06
-3485.68
-12980.6
-14351.6
-11302.8
-13010.4
-7404.96
-10835.9
-5583.61
-5860.64
-4212.72
-20489.5
-11000.2
-4035.38
-6607.02
-8883.65
-6008.5
-6472.57
-4865.71
-2954.48
-4179.11
-4833.33
-4924.92
-19610.2
-12919.4
-12659.6
-8949.33
-8791.59
6459.65
16832.3
25146.5
19237.1
15631.4
23406.7
20930.3
7920.19
181.436
-1499.84
-8102.05
-1827.83
1869.27
-2532.58
-9777.04
-14646.7
-5177.9
20086
14379.7
4206.08
3111.58
2212.93
3104.7
3029.36
12130.4
11077.3
9625.44
10004
7982.06
5778.61
7742.95
4892.6
4146.89
4948.44
3394.89
19752
9944.46
3281.55
5679.86
8024.69
5495.19
5842.08
4289.73
2500.88
3513.4
3862.51
4202.48
19699.1
12733.7
12006.4
8567.04
8336.7
-65.0467
207.454
95.4245
365.072
247.537
687.865
563.987
1178.15
1082.27
1742.7
1655.8
2365.89
2102.3
218.296
104.075
400.38
276.991
755.757
624.958
1292.52
1192.86
1926.76
1871.42
2624.61
2452.47
20038.6
14430.1
4556.87
3470.24
2665.15
3639.86
3485.5
12980
14351.4
11302.4
13010.3
7404.75
10835.7
5583.43
5860.45
4212.57
20488.6
10999.7
4035.23
6606.74
8883.26
6008.21
6472.25
4865.48
2954.36
4178.91
4833.14
4924.7
19609.4
12918.8
12659
8948.92
8791.17
-19206.3
-13914.4
2.18125
1.83961
-2.09457
-1.82682
-4122.41
-943.23
-499.266
-6242.91
-3561.74
19207.1
13893.5
-2.1777
-1.83722
2.09951
1.83034
4122.29
944.97
501.687
6242.38
3560.58
-18569.1
1138.73
372.996
569.454
1916.94
-612.29
-681.62
-491.834
-551.879
338.79
275.303
2620.02
3243.78
-480.606
-331.454
-347.917
-246.559
-1781.25
-1356.35
-4627.32
-2971.24
-6315.56
-3957.86
-5064.29
-6293.91
-5658.92
-6905.28
-3353.92
-10633.4
-6373.69
-5164.92
-3966.24
-2444.73
-2451.69
713.409
250.619
2302.34
643.897
3167.94
844.8
547.74
2927.16
2728.6
3144.19
382.065
-1125.47
2118.53
2347.71
1875.77
641.052
42.69
21.0372
107.061
53.2806
174.248
83.0967
243.124
103.783
222.562
102.559
251.465
88.1192
233.044
99.475
273.374
81.0343
268.004
69.0176
1.17792
1.9648
2.69917
4.36662
3.30879
5.74375
2.90583
1.50333
3.43683
1.31097
4.23516
1.36303
2.02489
1.12809
0.953084
0.400069
0.867919
0.736917
2.2388
1.97698
2.62523
2.76727
3.32004
-2.24818
-1.71696
-6.85876
-1.78202
-11.5295
-3.16114
-15.5186
-4.12931
-19.6868
-5.37388
-24.0618
-7.45053
-22.3174
-6.21812
-24.7788
-8.24331
-25.5018
-8.67364
-16.7791
-41.3649
-1313.99
3137.4
10380.3
7298.4
3957.75
6091.27
12589.6
17074.4
7866.65
271.78
16.4253
393.088
1371.15
-751.374
-715.784
-562.314
-570.279
205.762
130.988
2076.92
2524.82
-525.707
-374.784
-358.982
-256.15
-824.616
-724.132
-2067.05
-2369.95
491.246
-3339.76
-9973.86
-6637.94
-3562.85
-5023.2
-4385.12
-15731.1
-6730.13
-4661.65
-3315.75
-2432.98
-636.509
-695.002
-1526.09
-1013.06
-6096.94
-1399.2
-7265.35
-5246.68
-4092.9
-1692.1
-1511.24
-7223.02
-3792.95
-2375.77
-1224.11
-91.3784
27.9963
1.13357
63.4606
-2.92832
113.196
-1.25152
174.31
1.98371
137.773
-12.3042
169.642
4.16234
136.736
-7.16013
222.266
30.8345
250.678
52.8209
-1.09096
-1.84227
-2.52714
-4.12353
-3.12367
-5.44754
-2.77448
-1.41655
-3.23805
-1.23604
-4.03269
-1.29556
-1.88689
-1.05634
-0.834133
-0.342861
-0.799541
-0.675729
-2.09483
-1.84758
-2.46997
-2.62617
-3.22011
-2.15965
-1.65451
-6.5985
-1.74592
-11.1184
-3.11081
-15.0221
-4.09684
-19.1637
-5.35953
-23.7241
-7.44995
-21.8616
-6.22667
-24.5774
-8.23726
-25.4345
-8.67021
73.4714
771.85
-982.921
-163.498
-429.988
-1486.3
-810.601
-823.11
-2629.85
-2570.21
-872.298
-3406.04
-2068.08
-4134.05
-5418.23
-697.266
-800.535
-1485.82
-1734.18
-5332.58
-794.686
-1952.12
-2398.15
-861.286
-3479.2
-6126.04
-4133.88
-6412.45
-754.651
-819.756
-2400.88
-2273.46
-751.47
18573.8
-1138.64
-373.041
-569.509
-1916.91
612.276
681.626
491.833
551.895
-338.812
-275.277
-2620.02
-3243.69
480.621
331.48
347.934
246.577
1619.33
1260.58
4628.49
2974.77
6316.62
3960.39
5064.5
6294.21
5659.36
6906.25
3355.26
10633.7
6373.93
5165.23
3966.64
2445.19
2425.39
-664.011
-243.207
-2294.43
-636.962
-3166.52
-844.525
-547.637
-2927
-2728.32
-3143.36
-381.935
1125.64
-2118.33
-2347.44
-1875.42
-640.985
-38.7464
-19.2024
-107.327
-53.2971
-174.038
-82.98
-242.965
-103.676
-222.444
-102.477
-251.393
-88.0895
-232.951
-99.4213
-273.313
-81.0165
-267.947
-69.0015
-1.0745
-1.79552
-2.6828
-4.34148
-3.30338
-5.73396
-2.90289
-1.50194
-3.43122
-1.30856
-4.23041
-1.36048
-2.02196
-1.12665
-0.951317
-0.399298
-0.783625
-0.661061
-2.2281
-1.96977
-2.62067
-2.76201
-3.31547
1.94984
1.51323
6.96192
1.84659
11.5242
3.16748
15.5171
4.13229
19.6863
5.37552
24.0623
7.45112
22.3176
6.21914
24.7797
8.24375
25.5029
8.67404
15.0362
36.2454
1305.27
-2820.32
-10391.2
-7339.13
-3973.97
-6105.47
-12626.1
-16993
-6804.88
-271.689
-16.524
-393.197
-1371.1
751.312
715.773
562.259
570.276
-205.83
-131.013
-2076.93
-2524.86
525.677
374.777
358.982
256.156
808.019
689.114
2031.35
2364.05
-491.344
3340.41
9974.22
6638.5
3563.42
5023.34
4385.39
15731.3
6730.33
4661.86
3315.86
2433.11
478.471
605.206
1591.21
1053.99
6099.61
1399.89
7265.52
5246.7
4092.86
1692.78
1511.16
7223.13
3793.04
2375.87
1224.33
91.3572
-25.0523
-0.731167
-64.2722
2.65906
-113.014
1.30485
-174.161
-1.90135
-137.648
12.39
-169.548
-4.1072
-136.623
7.23442
-222.189
-30.7981
-250.616
-52.7982
1.01831
1.70774
2.53025
4.12268
3.13106
5.4582
2.77858
1.41864
3.24485
1.23904
4.03974
1.29884
1.89063
1.05833
0.836313
0.343816
0.744579
0.625211
2.09794
1.85196
2.47642
2.63304
3.22679
1.87398
1.45977
6.69782
1.80828
11.1139
3.1171
15.0212
4.09973
19.1638
5.36108
23.725
7.45052
21.8622
6.22762
24.5785
8.2377
25.4356
8.67061
-72.8551
-774.826
983.642
111.861
473.529
1550.66
687.788
757.505
2630.99
2570.78
804.199
3407.51
2069.08
4134.82
5418.83
650.547
763.041
1466.11
1702.05
5335.03
733.633
1952.91
2398.66
794.698
3479.17
6126.02
4134.29
6412.75
676.532
716.82
2421.29
2306.14
750.415
-15456.4
5329.59
-4122.41
15455.6
-5329.49
4122.29
-16003.1
-18362.8
-16117.5
-19858.4
-5828.54
-4435.04
-13544.8
-10939.9
-4759.09
-5409.82
-12719.4
-13624.9
-13931.5
-15010.9
-10574.3
-3321.42
-15757.4
-4072.06
-3415.03
-10386.6
-9039.5
-10823.7
-8960.79
-2551.11
-2163.86
-1840.38
-7044.65
-5364.15
-4421.52
-6782.84
-5546.04
-5086.2
-10766.4
-14492.2
-11809.5
-17228.6
-14.7586
-706.46
-2991.59
-3322.08
1020.44
970.091
3482.14
3137.95
2066.63
2506.11
5986.6
2679.83
6506.7
857.9
722.912
2476.58
2215.92
2434.7
2455.66
768.712
758.833
810.731
2500.02
2513.39
2414.37
2870.53
3070.03
3079.78
-89.3914
17.7943
555.759
1515.01
1990.6
360.873
1123.87
92.4205
9.69084
124.15
472.083
957.426
1562.33
1717.97
280.528
912.219
61.856
1.97077
16016.5
18365.9
16119.2
19856.3
5375.6
4127.18
13546.7
10911.1
4459.52
5020.43
12674.6
13586.7
13927.1
15005.7
10574.3
3321.52
15756.9
3717.27
3085.59
10415.7
9065.68
10819.7
8959.54
2262.3
1936.62
1674.64
7078.65
5377.79
4423.07
6783.45
5547.25
5087.28
10739.8
14475.4
11797.1
17219.2
57.5488
613.942
2990.59
3396.27
-959.569
-909.747
-3460.93
-3116.57
-2065.27
-2504.99
-5986.82
-2679.97
-6506.59
-815.391
-682.644
-2454.61
-2197.31
-2433.74
-2454.47
-723.134
-702.912
-751.788
-2480.86
-2502.89
-2407.39
-2869.22
-3068.87
-3078.99
54.0106
4.85231
-550.896
-1513.54
-1990.19
-360.85
-1123.77
-92.4115
-9.68695
-131.527
-455.806
-954.735
-1561.61
-1717.81
-280.551
-912.215
-61.8737
-1.97599
2625.44
6278.61
27.4386
14.3471
7.26695
3.8693
2.50917
39.6327
18.8877
9.45816
5.03336
3.2672
-2381.67
-274.881
3321.17
9950.72
2007.49
44.8521
28.3468
12.9183
6.63049
3.63253
2.40684
31.0692
16.372
8.62469
4.75034
3.14959
425.784
1228.04
1984.86
2724.46
3442.3
-3333.92
-3286.04
-10022.9
-9820.25
-15382.4
-13756.2
-3091.71
-2686.16
-2424.99
-9152.41
-7923.21
-7135.42
-11328.6
-9425.75
-8424.34
0
0
0
0
0
0
0
0
-2452.59
-973.016
-588.347
-318.256
-325.808
-208.544
-199.028
-165.554
-153.342
-96.1095
-64.8745
-39.4986
-45.855
-23.1507
-11.9211
-6.47925
-4.26696
-18.5591
-9.92831
-5.21104
-2.84549
-1.87421
-21.453
-177.2
-500.638
-1049.72
-1702.92
-2163.25
-19.3816
-16.4202
-12.4713
-7.78552
-2.64617
-159.981
-135.423
-102.765
-64.1081
-21.7808
-451.669
-382.01
-289.639
-180.568
-61.3267
-945.962
-799.004
-605.019
-376.819
-127.916
-1532.2
-1291.85
-976.571
-607.501
-206.104
-1941.73
-1632.81
-1231.41
-764.845
-259.31
-3150.63
-2774.01
-2287.84
-1699.62
-1047.51
-354.687
0
0
0
0
0
0
0
0
0
0
0
0
1567.65
-176.371
234.882
-111.204
-2547.02
-2412.25
-5756.75
-4981
-5357.09
-4890.22
-2199.53
-1980.43
-1832.82
-4448.94
-4177.25
-3981.29
-4832.48
-4729.14
-4624.77
-474.449
-271.047
-89.8414
-8.48342
-164.092
-102.745
-54.8667
-31.6937
-42.2553
-23.2667
-12.2845
-6.69219
-4.3896
-19.2415
-10.1617
-5.30844
-2.88924
-1.89776
2464.94
2114.75
1691.41
1218.08
732.323
244.609
14.6377
153.24
448.509
949.588
1480.68
1806.2
13.2004
11.158
8.45396
5.26695
1.78811
138.231
116.886
88.5964
55.217
18.75
404.264
341.519
258.619
161.064
54.671
854.587
720.618
544.696
338.752
114.899
1329.45
1117.97
842.786
523.082
177.236
1615.4
1352.34
1015.12
628.097
212.494
-3321.1
-9950.76
-2014.25
-46.6113
-28.3157
-12.9017
-6.61931
-3.62523
-2.40134
-31.0273
-16.3523
-8.61268
-4.74261
-3.14404
-425.8
-1228.09
-1984.93
-2724.55
-3442.41
-2625.53
-6278.53
-27.4147
-14.3358
-7.25947
-3.8643
-2.50526
-39.6063
-18.8761
-9.45095
-5.02849
-3.26361
2383.32
275.896
-9194.42
-12498.8
-20668.7
-23215.7
-23000.6
-25897.1
-10643.5
-11355.9
-1739.62
-1563.68
-1356.35
-4627.71
-3553.23
-2971.24
-5529.93
-4291.17
-3957.86
-7152.63
-4466.37
-3353.92
-8705.51
-4655.8
-2444.73
621.754
97.6713
-484.35
346.777
-797.831
303.445
-140.066
23.9032
1769.11
1485.46
357.177
163.231
101.882
73.2515
640.923
297.108
229.489
183.564
184.278
66.7336
29.6466
18.4458
479.108
176.846
73.6132
45.4969
622.428
242.157
106.959
67.611
561.087
249.915
123.423
80.8999
365.352
211.598
115.229
77.3801
147.802
109.228
66.6473
46.7048
198.545
151.267
93.2734
65.2122
88.185
64.3676
39.4081
28.2892
28.9166
20.5976
13.3429
9.76127
24.6853
11.8971
5.90241
3.12133
2.02057
46.2175
22.5922
11.3324
6.03323
3.91855
21.4759
12.1938
6.47871
3.53881
2.32308
30.5309
15.3908
7.83559
4.21302
2.74763
17.5182
9.59584
5.08681
2.78236
1.82984
7.16099
3.75599
1.96532
1.07191
0.705075
11.2878
4.90022
2.31557
1.1964
0.766471
27.7185
12.3289
5.93176
3.09222
1.98944
36.6362
16.6138
8.10743
4.25802
2.74991
-78.9663
11.8185
428.169
1345.86
2441.61
228.941
1502.02
-199.237
-293.641
-13.5571
-51.9784
0.0266584
-0.62782
-1.05323
114.446
40.9292
9.99166
3.09658
0.670859
182.72
49.7003
12.1269
2.68025
0.742847
325.579
69.2116
14.6475
3.07092
0.8963
481.701
83.8977
14.9445
2.66341
0.718667
-54.0214
-28.0325
-8.52794
-2.19928
-0.368896
193.746
15.3828
0.0637363
-0.389063
0.0715761
-161.77
-47.6563
-12.3356
-2.9027
-0.507493
-189.34
-55.3905
-13.9577
-3.13386
-0.578717
9011
12491.5
17022
20621.3
21134.9
24590.4
8244.41
10194
-2005.42
-6441.74
-4357.99
-2913.15
-1773.86
-1466.61
-1088.25
-667.908
-225.128
-2936.32
-1790.24
-1047.9
-679.005
-321.838
-2820.55
-1660.26
-967.028
-503.544
-163.325
-2423.32
-1879.05
-1318.28
-779.298
-258.682
-628.256
-724.082
-2599.29
-2369.95
-3036.4
-3339.76
-6047.48
-4385.12
-5957.6
-2432.98
-283.08
-283.238
-1159.54
-223.796
-893.014
204.997
-849.432
-736.33
410.8
97.2689
-99.8736
-76.3224
-25.8325
2.0337
-194.799
-148.869
-2.39472
54.9531
-13.8723
-18.4579
-9.18387
-4.67011
-55.9221
-54.1175
-34.782
-19.0477
-150.976
-94.3974
-51.8171
-27.6229
-290.268
-130.927
-58.1984
-29.5486
-377.856
-147.721
-67.59
-40.7181
-194.839
-101.416
-60.805
-44.2548
-332.235
-137.51
-68.1705
-46.243
-96.6431
-60.432
-40.5781
-29.9744
-28.3674
-20.0095
-13.3131
-9.85791
-15.1295
-9.22079
-5.0976
-2.8519
-1.89956
-31.4465
-18.4983
-10.0679
-5.59214
-3.71354
-27.3373
-12.4894
-6.23673
-3.35507
-2.20293
-27.2826
-13.6732
-7.11167
-3.88277
-2.56453
-20.1336
-9.83703
-4.99228
-2.69616
-1.77042
-7.15594
-3.74366
-1.94752
-1.05992
-0.697239
-4.17022
-3.14792
-1.83979
-1.05062
-0.705428
-13.9625
-8.91312
-4.97135
-2.79561
-1.86662
-22.2086
-13.0189
-7.06865
-3.93814
-2.6198
70.0485
307.012
644.968
1258.94
1976.76
110.338
1121.62
-236.935
-301.92
15.9244
-46.6244
0.348933
-0.598583
-1.01874
167.697
45.4785
9.95177
2.90353
0.604613
215.663
50.1802
11.2306
2.34731
0.636233
294.284
59.8757
12.2477
2.50874
0.745752
385.45
66.1212
11.4631
1.96646
0.550131
-95.0419
-37.2323
-10.4527
-2.5929
-0.462943
107.388
-0.480159
-2.96946
-0.977737
-0.0680872
-177.028
-51.6428
-13.2546
-3.10599
-0.559262
-192.882
-56.3971
-14.2099
-3.19284
-0.59446
-25.6859
-272.714
-781.814
-1546.49
-2522.8
-3594.04
-4551.66
-5108.07
-4925.89
-3719.82
-1791.87
-253.229
-23.1097
-19.4793
-14.717
-9.14872
-3.10229
-245.564
-207.209
-156.737
-97.5345
-33.0932
-703.419
-593.022
-448.209
-278.757
-94.5572
-1389.25
-1169.19
-882.301
-548.155
-185.851
-2260.77
-1897.63
-1428.74
-886.388
-300.362
-3208.99
-2683.36
-2014.24
-1247.64
-422.614
-4042.57
-3363.03
-2515.27
-1555.9
-527.216
-4502.95
-3720.96
-2772
-1714.24
-582.127
-4298.15
-3522.45
-2614.56
-1620.11
-553.372
-3204.66
-2602.48
-1926.86
-1200.03
-414.413
-1526.87
-1231.62
-911.548
-571.392
-199.723
-216.381
-175.529
-130.888
-82.6654
-29.0815
-39.7071
-318.658
-869.74
-1688.14
-2719.98
-3822.6
-4751.02
-5205.41
-4878.8
-3558.88
-1623.43
-183.029
-35.8394
-30.3303
-23.0123
-14.3551
-4.87721
-287.312
-242.833
-184.002
-114.663
-38.9355
-783.446
-661.449
-500.691
-311.785
-105.834
-1518.49
-1280.02
-967.561
-601.947
-204.244
-2441.3
-2053.1
-1548.88
-962.463
-326.428
-3419.46
-2865.85
-2156.25
-1338.08
-453.708
-4228.25
-3526.17
-2643.92
-1638.75
-555.892
-4597.11
-3807.13
-2842.68
-1761.25
-598.733
-4260.08
-3494.62
-2597.09
-1611.39
-550.967
-3059.25
-2478.99
-1832.91
-1141.52
-394.685
-1370.88
-1095.48
-804.895
-503.069
-176.145
-150.572
-117.383
-84.7451
-52.7172
-18.623
-2517.82
-13010.4
-3906.92
-2247.05
-1878.17
-1409.44
-872.943
-295.719
-9467.8
-7632.23
-5829.04
-4144.05
-1930.1
-3400.46
-2775.38
-2047.69
-1259.23
-426.907
9205.17
12504.3
20707.8
23216.6
23016
25971.6
9121.72
9704.06
1585.2
1437.12
1260.58
4663.92
3569.44
2974.77
5531.02
4293.77
3960.39
7153.09
4467.56
3355.26
8705.62
4656.12
2445.19
-528.123
-117.336
482.401
-290.529
789.845
-305.31
88.9605
-32.3181
-1725.97
-1474.3
-331.194
-151.094
-94.7315
-68.0064
-638.118
-296.071
-228.65
-182.972
-173.915
-62.4099
-27.474
-16.7688
-475.713
-175.84
-73.2278
-45.525
-621.825
-241.824
-106.795
-67.5089
-560.796
-249.721
-123.31
-80.8106
-365.226
-211.496
-115.158
-77.3167
-147.825
-109.23
-66.6412
-46.6942
-198.524
-151.232
-93.2401
-65.1778
-88.2172
-64.3836
-39.415
-28.2916
-28.9317
-20.6069
-13.3481
-9.76462
-22.5514
-10.882
-5.40677
-2.86202
-1.85362
-46.1623
-22.5331
-11.2916
-6.00823
-3.90119
-21.4681
-12.1895
-6.47581
-3.5367
-2.32147
-30.513
-15.3821
-7.83004
-4.20915
-2.74477
-17.5168
-9.59479
-5.0859
-2.78161
-1.82922
-7.16247
-3.75662
-1.96557
-1.072
-0.705119
-10.0995
-4.39044
-2.0777
-1.07439
-0.688356
-27.772
-12.3105
-5.91389
-3.08128
-1.98228
-36.6122
-16.5992
-8.09679
-4.25107
-2.74485
41.6921
13.6131
-424.593
-1344.57
-2441.14
-228.89
-1501.85
199.265
293.661
-7.10719
42.2612
-1.50665
0.211822
0.886259
-98.8293
-36.2283
-8.88433
-2.81205
-0.602894
-181.247
-49.2165
-11.9948
-2.64915
-0.734811
-325.019
-69.0278
-14.5936
-3.05719
-0.892535
-481.465
-83.8184
-14.9203
-2.65682
-0.71674
54.0602
28.0463
8.53219
2.20047
0.369257
-193.644
-15.3482
-0.0530508
0.392047
-0.0706754
161.789
47.6625
12.3375
2.90318
0.507625
189.353
55.3941
13.9586
3.13407
0.578761
-9021.44
-12500.7
-17053.1
-20654.9
-21065.5
-24508.6
-6960.46
-8641.74
2005.31
6441.98
4358.06
2913.07
1773.76
1466.52
1088.18
667.863
225.113
2936.45
1790.35
1048
679.09
321.858
2820.6
1660.31
967.07
503.574
163.335
2423.24
1878.98
1318.23
779.264
258.67
581.37
689.067
2606.8
2364.05
3036.39
3340.41
6047.52
4385.39
5957.72
2433.11
232.244
204.238
1196.93
286.743
894.583
-204.023
736.402
671.787
-373.058
-89.5217
91.8914
70.7609
23.5187
-2.07508
196.501
149.483
2.96541
-54.6898
8.28632
16.2898
8.4869
4.72626
59.7513
54.7424
34.8863
18.7673
151.686
94.6815
51.9071
27.6627
290.612
131.134
58.2942
29.6182
378.067
147.876
67.6813
40.7901
194.942
101.495
60.8581
44.2966
332.379
137.623
68.2456
46.3035
96.703
60.4757
40.6068
29.9962
28.3856
20.0218
13.3208
9.86341
14.2844
8.63412
4.75273
2.65334
1.76567
31.2702
18.4566
10.0611
5.59211
3.71462
27.3596
12.5005
6.24317
3.35915
2.20586
27.3149
13.689
7.1212
3.88897
2.56896
20.1472
9.84377
4.99602
2.69846
1.77206
7.15947
3.74535
1.94839
1.06042
0.69759
4.07398
2.96056
1.71141
0.973138
0.652501
13.7999
8.90634
4.98071
2.80246
1.87112
22.2272
13.0364
7.08282
3.94743
2.62648
-85.0211
-289.813
-643.033
-1258.31
-1976.57
-110.337
-1121.57
236.936
301.932
-31.9069
37.8186
-1.70575
0.206433
0.859227
-153.377
-40.993
-8.88552
-2.62935
-0.539086
-214.695
-49.7746
-11.1096
-2.3178
-0.628481
-294.003
-59.7495
-12.2039
-2.49666
-0.742296
-385.352
-66.0769
-11.4461
-1.96122
-0.548487
95.0573
37.2391
10.4551
2.59368
0.463199
-107.347
0.497851
2.97618
0.979893
0.0687967
177.037
51.6461
13.2556
3.10629
0.559345
192.892
56.4
14.2106
3.193
0.59449
25.6833
272.692
781.752
1546.37
2522.62
3593.79
4551.36
5107.74
4925.6
3719.61
1791.78
253.219
23.1073
19.4773
14.7154
9.14774
3.10196
245.544
207.192
156.724
97.5261
33.0903
703.363
592.974
448.173
278.734
94.5494
1389.15
1169.1
882.231
548.111
185.836
2260.6
1897.48
1428.63
886.318
300.338
3208.76
2683.16
2014.09
1247.54
422.58
4042.29
3362.79
2515.08
1555.78
527.174
4502.65
3720.69
2771.79
1714.11
582.08
4297.88
3522.21
2614.36
1619.98
553.327
3204.46
2602.31
1926.72
1199.94
414.38
1526.78
1231.55
911.488
571.352
199.708
216.372
175.522
130.883
82.662
29.0803
39.7048
318.636
869.681
1688.03
2719.8
3822.36
4750.72
5205.09
4878.51
3558.67
1623.33
183.015
35.8373
30.3285
23.0109
14.3543
4.87692
287.292
242.817
183.989
114.655
38.9328
783.393
661.403
500.656
311.763
105.827
1518.39
1279.93
967.494
601.905
204.229
2441.14
2052.96
1548.77
962.397
326.406
3419.24
2865.66
2156.1
1337.99
453.677
4227.99
3525.94
2643.74
1638.64
555.854
4596.82
3806.88
2842.49
1761.13
598.69
4259.81
3494.38
2596.91
1611.27
550.925
3059.06
2478.82
1832.77
1141.43
394.653
1370.79
1095.39
804.826
503.023
176.128
150.559
117.37
84.7341
52.7096
18.6202
2517.69
13010.3
3906.78
2246.93
1878.07
1409.36
872.897
295.703
9467.68
7632.09
5828.92
4143.96
1930.03
3400.34
2775.28
2047.61
1259.18
426.89
0
0
0
0
0
0
0
0
0
0
0
0
-1572
175.606
-236.096
110.798
2546.99
2412.26
5756.89
4981.16
5357.2
4890.48
2199.54
1980.44
1832.82
4449.1
4177.4
3981.41
4832.84
4729.5
4625.06
474.43
271.065
89.8578
8.5065
163.987
102.707
54.8513
31.6896
42.2663
23.2736
12.2897
6.69595
4.39252
19.2399
10.1612
5.30842
2.8894
1.89794
-2465.03
-2114.84
-1691.48
-1218.14
-732.362
-244.623
-14.6392
-153.253
-448.545
-949.66
-1480.79
-1806.33
-13.2017
-11.1591
-8.45483
-5.26749
-1.7883
-138.243
-116.896
-88.6041
-55.2218
-18.7516
-404.296
-341.546
-258.64
-161.078
-54.6756
-854.653
-720.674
-544.74
-338.779
-114.908
-1329.54
-1118.06
-842.851
-523.122
-177.25
-1615.51
-1352.43
-1015.19
-628.144
-212.51
3333.93
3286.03
10022.8
9820.14
15381.6
13755.6
3091.71
2686.2
2425.05
9152.47
7923.45
7135.73
11328.7
9426.23
8424.94
0
0
0
0
0
0
0
0
2454.46
974.281
589.15
318.695
326.386
208.818
199.165
165.63
153.523
96.1907
64.914
39.5199
45.8854
23.1673
11.9316
6.48605
4.27192
18.5684
9.93301
5.2137
2.84711
1.87537
21.4516
177.187
500.603
1049.64
1702.81
2163.12
19.3804
16.4192
12.4705
7.78503
2.646
159.97
135.413
102.757
64.1035
21.7792
451.638
381.983
289.619
180.555
61.3223
945.898
798.949
604.978
376.793
127.907
1532.11
1291.77
976.507
607.462
206.091
1941.62
1632.71
1231.34
764.798
259.294
3150.51
2773.9
2287.75
1699.55
1047.46
354.671
)
;
    }
    patch2
    {
        type            calculated;
        value           nonuniform List<scalar> 
348
(
-425.8
425.784
-947.247
-369.769
-502.15
-645.007
-1097.64
-476.787
-597.077
-759.95
947.131
369.737
502.11
644.95
1097.58
476.763
597.043
759.906
-6595.47
-1644.41
-471.048
-359.109
-247.891
-358.724
-340.113
-3711.65
-1525.4
-738.445
-844.981
-431.253
-458.317
-469.725
-207.808
-358.306
-374.162
-297.944
-5442.5
-1042.38
-304.733
-577.444
-843.191
-582.315
-635.3
-458.576
-248.907
-381.037
-374.175
-437.971
-5848.5
-1562.98
-1620.98
-945.345
-922.737
-33.756
-52.9011
-92.6634
-153.347
-234.137
-328.608
-24.7543
-54.397
-114.803
-203.192
-311.687
-426.086
-25.4236
-11.7012
-44.5732
-30.2662
-83.6073
-68.6681
-142.254
-130.808
-208.396
-198.043
-278.468
-247.055
-413.562
-472.259
-519.052
-805.319
-975.074
-1132.71
-525.155
-584.721
-587.298
-542.768
-478.53
-431.858
-35.2718
-57.7472
-101.709
-167.992
-256.315
-358.747
-26.7937
-60.9441
-126.97
-222.201
-337.688
-456.675
-26.7983
-12.7938
-49.0654
-34.0026
-92.3067
-76.4705
-157.094
-145.22
-232.582
-226.328
-313.403
-293.636
-449.065
-510.839
-561.573
-849.669
-1011.93
-1148.35
-555.196
-608.284
-601.014
-547.131
-477.852
-430.991
-6713.59
-1672.88
-526.003
-409.339
-312.065
-431.957
-406.4
-4692.8
-2989.81
-1154.45
-1930.1
-762.975
-1001.46
-598.108
-622.065
-458.04
-6263.31
-1329.87
-439.251
-743.602
-1035.98
-681.963
-741.432
-553.152
-331.436
-481.561
-534.53
-556.538
-6208.81
-1650.83
-1905.47
-1053.63
-1035.71
6594.77
1644.22
471.009
359.08
247.874
358.698
340.088
3711.13
1525.22
738.335
844.934
431.264
458.286
469.687
207.811
358.285
374.15
297.93
5441.76
1042.25
304.711
577.393
843.099
582.259
635.243
458.538
248.892
381.01
374.15
437.937
5847.79
1562.79
1620.76
945.232
922.64
33.7532
52.8967
92.6558
153.334
234.118
328.582
24.7523
54.3924
114.794
203.175
311.662
426.052
25.4215
11.7002
44.5695
30.2636
83.6004
68.6624
142.242
130.797
208.379
198.027
278.446
247.036
413.529
472.22
519.007
805.241
974.972
1132.6
525.114
584.675
587.25
542.721
478.486
431.817
35.2691
57.743
101.702
167.98
256.297
358.723
26.7917
60.9398
126.961
222.185
337.665
456.644
26.7962
12.7929
49.0618
34.0001
92.3001
76.465
157.083
145.21
232.566
226.314
313.383
293.618
449.035
510.805
561.536
849.608
1011.85
1148.25
555.157
608.241
600.97
547.089
477.813
430.953
6712.97
1672.72
525.97
409.313
312.048
431.932
406.377
4692.59
2989.69
1154.41
1930.03
762.95
1001.43
598.085
622.041
458.022
6262.94
1329.8
439.232
743.565
1035.92
681.923
741.388
553.121
331.421
481.536
534.507
556.51
6208.33
1650.7
1905.36
1053.56
1035.64
47.3329
229.341
250.619
241.859
656.018
643.897
-361.787
647.985
844.8
-947.347
298.323
382.065
-1727.91
398.045
641.052
-912.289
-694.994
-1305.11
-1013.06
-3069.61
-1399.2
-3217.46
-1511.24
-3312.72
-91.3784
-63.6638
-225.954
-243.207
-222.956
-645.851
-636.962
361.021
-647.606
-844.525
946.9
-298.279
-381.935
1727.51
-398.057
-640.985
800.689
605.199
1353.13
1053.99
3068.17
1399.89
3216.95
1511.16
3312.51
91.3572
)
;
    }
    patch3
    {
        type            calculated;
        value           nonuniform List<scalar> 
96
(
-275.915
-434.324
-764.688
-1273.96
-1963.3
-2792.15
-202.85
-448.01
-950.142
-1692.9
-2620.56
-3624.98
-3576.39
-4174.26
-4690.5
-7255.49
-8336.08
-9311.62
-4532.37
-5129.34
-5238.93
-4901.61
-4302.9
-3839.32
-287.828
-472.281
-835.05
-1386.62
-2131.3
-3014.28
-218.896
-499.303
-1044.7
-1838.89
-2816.79
-3849.46
-3825.97
-4424.94
-4935.24
-7424
-8415.94
-9335.74
-4742.19
-5277.42
-5300.59
-4882.59
-4247.36
-3811.17
275.893
434.289
764.628
1273.86
1963.15
2791.96
202.834
447.975
950.069
1692.77
2620.38
3624.72
3576.15
4174
4690.23
7255.09
8335.67
9311.2
4532.07
5129.02
5238.62
4901.33
4302.68
3839.14
287.806
472.248
834.992
1386.53
2131.16
3014.09
218.88
499.268
1044.63
1838.77
2816.61
3849.21
3825.74
4424.69
4934.98
7423.61
8415.54
9335.33
4741.9
5277.11
5300.28
4882.31
4247.13
3810.98
)
;
    }
    patch4
    {
        type            calculated;
        value           nonuniform List<scalar> 
384
(
-10940.6
-30279.8
-51158.6
-70045.2
-56975.1
-44746.4
-32504.1
-12185
-14920.7
-42075.6
-61971.8
-22597.9
9778.95
30382.6
51168.3
70063.4
56994.9
44762.6
32602.8
10347.5
13510.9
42266.9
62204.2
20330.4
-47981.2
-69238.5
-77120.7
-105705
-50189
-70269.4
-78859.9
-106540
47989.7
69249.5
77132.7
105720
50205
70283.8
78875
106556
-21960
-35739.5
24065.5
36878
-18487.7
-6527.9
-23900.8
-8782.13
19341.6
6856.27
24437.4
8988.35
-24051.7
-36866.3
21967.6
35747.9
-8647.77
-5823.15
-26988.4
-19184.3
-33970.1
-49611.5
-3743.85
-1323.49
-13696.6
-4897.84
-10250.8
-6979.38
-31136.1
-22551.5
-36013.2
-50674.1
-4348.67
-1468.65
-15829.1
-5586.69
7828.39
5287.08
27074.8
19237.1
33977.4
49620.8
3420.47
1221.58
13720.5
4905.68
9291.85
6329.01
31299.1
22653
36027.3
50686.7
3966.56
1352.06
15868.9
5599.04
-19335.5
-6853.91
-24431
-8985.82
18492
6529.6
23906.1
8784.28
-15297.9
-16154.5
-13160.2
-14316.6
15295.3
16153.7
13158.5
14316.1
-1065.19
-1194.26
-3842.92
-4777.95
-3550.79
-3134.86
-5274.62
-7209.01
-8353.43
-10971
-9165.66
-11226.2
-8282.58
-10988
-8470.1
-11443.8
-570.799
-1299.18
-3293.58
-5394.4
-1831.28
-2526.86
-5218.54
-7265.63
-8039.16
-10563.9
-8245.26
-10460.8
-8209.14
-10793.9
-8466.67
-11388.8
1021.83
1109.83
3827.98
4779.37
3547.29
3129.53
5274.64
7210.04
8352.12
10970.9
9164.37
11225.9
8282.61
10988.2
8470.66
11444.1
570.243
1206.9
3271.77
5398.69
1826.93
2519.5
5218.37
7266.74
8037.29
10563.5
8243.79
10460.3
8209.04
10793.9
8467.24
11389.1
-1381.12
-2775.07
-4651.37
-8443.95
-7533.56
-12906.5
-9918.49
-308.161
-1387.82
-3197.32
-6445
-5028.68
-9554.81
-8474.85
1326.76
2608.04
4625.26
8405.44
7529.22
12899.2
9916.82
338.49
1336.03
3161.29
6393.71
5025.09
9548.98
8473.72
-1083.89
-3317.01
-5549.07
-7417.32
-9021.13
-10845.8
-10105.8
-11204.5
-11418.3
-1033.08
-3168.23
-5307.77
-7124.87
-8750.28
-10730.7
-9922.63
-11142.8
-11399
958.863
3348.14
5547.73
7417.31
9021.43
10846.3
10106.2
11205.1
11419
914.798
3198.35
5306.61
7125.04
8750.73
10731.3
9923.2
11143.4
11399.6
-229.243
-697.639
-1165.22
-1553
-1900.25
-2355.54
-2171.09
-2445.31
-2491.11
-218.78
-666.96
-1116.34
-1494.35
-1843.46
-2326.26
-2127.2
-2429.02
-2485.89
201.094
705.736
1164.94
1552.97
1900.29
2355.64
2171.17
2445.44
2491.24
192.015
674.798
1116.12
1494.38
1843.54
2326.39
2127.31
2429.16
2486.02
-51.4497
-156.567
-261.84
-349.82
-430.836
-542.077
-496.936
-563.943
-574.723
-49.2062
-149.972
-251.392
-337.246
-418.256
-534.767
-486.511
-559.735
-573.353
45.0081
158.445
261.776
349.808
430.839
542.098
496.95
563.969
574.752
43.0628
151.786
251.343
337.248
418.271
534.795
486.534
559.764
573.383
-11.4945
-35.024
-58.6911
-78.6115
-97.2661
-123.549
-112.814
-128.712
-131.115
-11.0149
-33.61
-56.4539
-75.9093
-94.5098
-121.826
-110.442
-127.694
-130.779
10.0422
35.4449
58.6756
78.6072
97.2654
123.553
112.816
128.718
131.122
9.62676
34.0158
56.4418
75.908
94.5117
121.831
110.446
127.7
130.786
-2.95635
-8.98466
-15.032
-20.1645
-25.0413
-32.1302
-29.1781
-33.5817
-34.2627
-2.83823
-8.63698
-14.4844
-19.5024
-24.3582
-31.6801
-28.5761
-33.3101
-34.1721
2.58228
9.09031
15.0277
20.1629
25.0407
32.1309
29.1783
33.5829
34.2641
2.47999
8.73876
14.4809
19.5015
24.3583
31.6813
28.5768
33.3115
34.1736
)
;
    }
}


// ************************************************************************* //
