/*--------------------------------*- C++ -*----------------------------------*\
| =========                 |                                                 |
| \\      /  F ield         | OpenFOAM: The Open Source CFD Toolbox           |
|  \\    /   O peration     | Version:  2306                                  |
|   \\  /    A nd           | Website:  www.openfoam.com                      |
|    \\/     M anipulation  |                                                 |
\*---------------------------------------------------------------------------*/
FoamFile
{
    version     2.0;
    format      ascii;
    arch        "LSB;label=32;scalar=64";
    class       volScalarField;
    location    "1";
    object      gradTy;
}
// * * * * * * * * * * * * * * * * * * * * * * * * * * * * * * * * * * * * * //

dimensions      [0 -1 0 1 0 0 0];

internalField   nonuniform List<scalar> 
5322
(
0.0438721
0.00582281
0.00198735
0.00142388
0.00165139
0.00136203
0.000899591
0.000520642
0.000275141
0.00013039
3.92183e-05
-5.0779e-05
-3.95491e-05
-3.84143e-05
-3.82267e-05
9.93531e-05
0.000125851
-2.18998e-06
0.000123095
-0.000248525
0.000333293
-0.000578345
0.000785657
-0.0013062
0.00176287
-0.00265774
0.00345073
-0.0051322
0.00646718
-0.00882086
0.0107871
-0.0141402
0.0171961
-0.0182773
0.0194951
-0.0118709
0.024141
0.0289726
0.0147465
0.0168601
0.0214218
0.018048
0.0196546
0.0200351
0.0191128
0.020041
0.0194207
0.0207641
0.0204196
0.0184923
0.0234205
0.0100208
0.0120376
-0.0358363
-0.00163036
-0.0204813
0.0115852
-0.0265773
-0.00112661
-0.0230767
0.0117546
-0.0260985
-0.000997682
-0.0229116
0.0118124
-0.0271058
-0.0014343
-0.0222771
0.0120202
-0.0304967
0.000817659
0.0220538
0.0122
0.0171547
0.0127147
0.0161992
0.0134503
0.016165
0.0137772
0.0194886
0.0012197
0.00827788
0.0118959
0.0184209
-0.00101056
-0.00605028
0.00258963
0.00482404
0.0111062
0.00174447
0.00300259
0.000500331
6.17727e-05
5.32654e-05
0.0203966
-0.0123414
0.000413814
0.0124752
0.000407396
-0.000891581
0.00264598
0.000441167
0.0134252
-0.0198208
0.0178004
0.000538089
-0.000445128
-4.7345e-05
1.48511e-05
3.80972e-05
3.16115e-05
2.06092e-05
1.18766e-05
5.83641e-06
2.31604e-06
1.40874e-06
3.58667e-05
-1.01607e-05
-6.5253e-06
-2.18148e-05
3.03149e-05
-1.03526e-05
-2.39025e-05
-3.55137e-05
-3.85407e-05
-1.12864e-06
3.09258e-05
-2.17735e-05
2.58358e-06
2.50234e-05
-2.44554e-05
1.13876e-06
2.56884e-05
-2.66298e-05
-1.2009e-06
2.34163e-05
-2.88594e-05
-2.76628e-06
-9.44163e-06
4.46955e-05
3.52802e-05
-2.91841e-05
1.72338e-05
1.34148e-05
-3.47492e-05
5.88477e-06
-3.0944e-05
2.27601e-05
2.56245e-05
-2.93473e-05
-6.06579e-07
-2.47076e-05
2.53403e-05
3.02368e-05
-2.49597e-05
2.62235e-07
-2.16821e-05
3.08678e-05
2.7388e-07
1.41201e-06
0.000111678
-8.38125e-05
0.000139908
-0.000225622
1.55381e-05
-7.89082e-05
7.26467e-06
1.5493e-05
-4.35627e-06
2.50108e-05
-4.86483e-05
4.96552e-05
-0.000105407
8.23161e-07
0.00010936
-0.00015904
0.000166452
-0.000256663
2.30016e-06
0.000256128
-0.000404442
0.000421845
-0.000638907
4.82516e-06
0.000631643
-0.000959403
0.00099727
-0.00145909
9.24523e-06
0.00143955
-0.00209291
0.00217103
-0.0030509
1.74254e-05
0.00300605
-0.00419752
0.0043479
-0.00584615
3.19927e-05
0.00574754
-0.00774147
0.00800712
-0.0102416
5.2638e-05
0.0100242
-0.0130625
0.0134805
-0.0161277
8.2872e-05
0.0156736
-0.01989
0.0200417
-0.0123942
-0.000103968
-0.00165044
0.000854868
-0.000460051
-2.31362e-05
0.000101176
0.000178097
1.7665e-05
0.0204176
-0.0123376
4.28802e-05
0.0148991
-0.00242975
-0.00120301
0.00107155
-0.000897905
0.0123848
-0.0201163
0.000127938
8.45928e-05
0.000249115
0.000118181
3.74425e-05
3.9465e-06
-5.36603e-06
-5.80071e-06
-3.59513e-06
-1.37048e-06
-1.05611e-06
-2.78736e-05
-3.05557e-05
-3.07629e-05
-2.7715e-05
8.65176e-06
6.18333e-06
1.89198e-06
-3.42912e-05
1.20946e-05
-3.07679e-05
6.02027e-06
8.67423e-06
2.08053e-06
-3.031e-05
7.63093e-06
2.76859e-05
1.58029e-05
-3.43338e-05
1.21815e-05
3.0179e-05
4.25361e-05
4.89208e-05
-0.000109147
-0.00010916
-0.000116169
0.000125374
-0.00023081
0.000331274
-0.000542623
0.000797961
-0.00121869
0.00175627
-0.00254823
0.00352927
-0.00494569
0.00647759
-0.0088884
0.0108635
-0.014584
0.016416
-0.00256026
0.0115151
-0.00128635
0.000773681
0.014219
-0.0134115
0.00103774
0.0098484
-0.00840173
0.00063722
0.005996
-0.00471048
0.000371674
0.00329676
-0.00242665
0.000201642
0.0016437
-0.00115921
9.9804e-05
0.0007429
-0.000515829
4.53678e-05
0.000303368
-0.000219532
2.75316e-05
0.000109837
-1.28806e-05
0.000109979
-0.000219135
2.75737e-05
0.000125824
-0.00011593
3.95434e-05
5.73396e-05
3.86103e-05
3.92732e-05
-0.000101669
9.92599e-05
-0.000206375
0.000291047
-0.000484935
0.000723057
-0.00109502
0.00160678
-0.00230313
0.00323341
-0.00450701
0.00593714
-0.00812725
0.00993532
-0.0129422
0.0145175
-0.00120954
0.0087338
-0.00572859
0.00108256
0.0201683
-0.0188578
0.00124355
0.0144482
-0.0113967
0.000711399
0.00868717
-0.00621388
0.000392613
0.00472249
-0.003166
0.000209556
0.00236245
-0.00150069
0.000103217
0.00108462
-0.00065896
4.75311e-05
0.000454833
-0.000275839
2.87908e-05
0.000168974
-0.000124466
3.87147e-05
8.02301e-05
6.76626e-05
-3.32644e-05
9.70619e-05
-2.09699e-05
6.14577e-06
0.000100001
-9.08538e-05
0.000121487
-0.000182505
0.000289438
-0.000261894
-4.37414e-06
-0.000190576
0.000161821
-0.00011376
1.29623e-06
0.000114471
2.89204e-06
-3.12178e-06
-2.65745e-05
1.944e-06
-2.15862e-06
1.21185e-06
-1.94506e-06
-1.45148e-06
0.000108054
-0.000108989
0.00016172
-0.000255863
7.87021e-07
0.000411237
-0.000631256
0.000976254
-0.00143762
6.93155e-06
0.00213235
-0.00299926
0.00428265
-0.00573071
2.42654e-05
0.00790094
-0.00999704
0.0132842
-0.0156787
-3.40409e-05
2.62891e-05
4.29622e-05
0.000126775
5.46773e-05
6.29026e-05
0.00799825
-0.0100049
3.9357e-05
0.0119174
-0.0152323
0.0135822
-0.0155377
0.000135758
0.0190192
-0.0223876
0.0144568
-0.0114471
-0.0228584
-0.00185224
0.000179048
-0.00816533
-0.00224274
0.00022677
0.010575
0.0125149
0.000739485
-0.0149064
0.00916718
-8.15588e-05
-0.00723223
0.00520191
-0.000139855
-0.00363822
0.00272552
-8.18043e-05
-0.00173042
0.00130195
-5.31722e-05
-0.00078481
0.000592692
-3.0393e-05
-0.00031174
0.000251275
-2.14905e-05
-0.000116754
1.7311e-05
3.56626e-05
-8.30281e-05
-1.39774e-05
0.00016698
-0.000264891
0.00028959
-0.000448605
0.000684887
-0.0010215
0.00163924
-0.00145254
-1.31372e-05
-0.00112494
0.000972724
-0.000640314
-8.8067e-06
0.000715631
3.60648e-06
-2.82663e-05
-1.27557e-05
-1.58746e-05
-8.24876e-05
-2.16603e-05
-4.50564e-06
-7.31472e-06
1.6891e-05
9.69083e-06
2.64597e-06
-5.09281e-06
7.48968e-05
2.34449e-05
2.18504e-06
2.0669e-05
-1.41424e-05
-4.66834e-05
-3.78639e-05
3.30986e-05
7.00597e-05
-7.66206e-05
-0.000107572
-0.000648394
-6.11934e-05
0.000871193
-0.00143708
0.00149638
-0.00212995
0.0030295
-0.0040813
0.00668072
-0.00576087
-5.7515e-06
-0.00488744
0.00430361
-0.00302263
-1.50415e-05
0.00344907
3.52891e-05
-7.20391e-05
-4.98662e-05
2.49492e-05
-0.000423981
-0.000216959
-0.00015284
-0.000203406
-9.42951e-05
-6.76927e-05
0.000386427
-2.88807e-05
-9.23399e-06
8.48399e-05
-0.000125618
-3.75857e-05
5.18166e-05
9.27693e-05
0.000163469
-4.52183e-06
-9.09227e-07
3.42497e-05
2.10038e-05
-0.000230139
-2.82542e-05
0.000333195
0.000303533
-0.000514254
4.55434e-05
-0.000542724
-6.64664e-05
0.000801852
0.00074424
-0.00115493
0.000100437
-0.00122414
-0.000131731
0.00175971
0.00165061
-0.00241829
0.000203385
-0.00257097
-0.00019633
0.00352004
0.0033232
-0.00470204
0.000376557
-0.0050162
-0.000108859
0.00639237
0.00609194
-0.00843368
0.000649537
-0.0090377
0.000675175
0.010438
0.010167
-0.0136737
0.00105951
-0.0146112
0.00378632
0.0150687
0.0150651
-0.00178569
0.000782169
-0.00226447
0.0532696
-0.0270632
-0.0280685
0.0399887
0.0105976
0.00353511
-0.0289607
-0.00713966
-0.00438824
0.0113718
-0.0120002
-0.000232807
0.000695018
-0.00266249
-0.00287944
-0.000642712
0.000746782
0.000355881
-0.000205197
-0.000415423
-0.000138065
0.000154249
3.85888e-05
1.43581e-05
4.10778e-06
-4.23335e-07
-2.01815e-06
-5.66942e-06
-2.41633e-06
5.05383e-05
-5.09916e-05
-5.62456e-07
1.43295e-07
-5.23421e-05
5.12632e-05
-3.38956e-07
2.24686e-08
-2.48852e-07
-3.98699e-06
-2.65547e-06
9.07015e-06
-5.10074e-07
1.04097e-05
-3.95246e-06
-4.84301e-06
-8.5782e-07
1.82087e-05
-2.28646e-05
2.35359e-05
-1.75219e-05
-1.79835e-05
-1.39964e-05
1.33695e-06
2.35294e-05
1.97772e-05
-1.92312e-05
-7.73691e-07
-2.31481e-05
1.92264e-07
4.58976e-07
-1.47715e-06
-8.78597e-06
-8.59889e-06
-1.5189e-05
-2.51093e-05
-5.74877e-05
-0.000107301
-0.00016301
-0.000162403
-6.88038e-05
0.000546429
-0.00165681
-0.000764653
-0.00031692
0.00381272
-0.00515214
0.00566318
-0.00732487
0.00967664
-0.000534161
-0.00928392
-0.000675755
0.00727834
-0.000282342
-0.000959814
0.000147003
9.48771e-05
0.000211949
0.000263149
-0.000258141
-0.00299058
0.0103505
-0.00507533
-0.0162654
-0.00271723
-0.00363506
-0.0414354
-0.0118507
0.00155543
-0.017825
0.0127779
0.000670147
0.000532013
0.0154141
0.0128944
0.00159625
-0.00148916
0.0168676
0.0151844
0.00167632
-0.00177712
0.015371
0.0172577
0.00156782
-0.00395115
0.0128556
0.0174275
-0.00629286
0.0104933
-0.00907415
0.00973514
-0.0380103
-0.0204826
0.00313511
-0.00939616
0.0171094
-0.0010854
-0.0275834
0.0164902
-0.00029257
-0.0193885
-0.0193531
-0.0276662
0.00846681
-0.0141871
-0.00971331
0.0142856
-0.02318
-0.00386888
0.0138545
-0.0127247
-0.00136823
0.00903636
-0.00679346
-0.000683539
0.005143
-0.00353004
-0.000402868
0.00267495
-0.00173616
-0.000222033
0.00128611
-0.000790448
-0.000104857
0.000573324
-0.000331713
-3.45414e-05
0.000246294
-0.000123847
1.40447e-05
9.64887e-05
-3.45476e-05
6.701e-05
7.98254e-05
-0.000125404
0.000168603
-0.000278497
2.90056e-05
9.88656e-05
-0.000101815
3.85646e-05
3.89618e-05
3.88217e-05
5.72217e-05
4.8781e-05
3.94778e-05
8.0705e-05
5.17642e-05
-3.91567e-05
-0.00012744
-0.000267585
-0.000271599
-0.000543724
-0.00106464
-0.000830914
-0.000418552
-0.00026332
0.00187917
-0.00280422
-0.000189282
-0.000112172
-0.000207021
1.45715e-05
-0.00244279
0.00213283
9.27548e-06
0.00146445
-0.00214077
1.2075e-05
0.00306841
-0.00428444
3.28759e-05
0.00588811
-0.00788162
7.27288e-05
0.010303
-0.0132444
0.000108445
0.0160724
0.000133277
0.000338552
8.95041e-07
-3.61818e-05
-6.98367e-05
8.08628e-06
2.02243e-05
1.27828e-05
5.98719e-06
2.1185e-06
5.20246e-07
1.41554e-07
3.69483e-07
1.3913e-06
-4.97614e-05
1.42034e-06
3.74386e-06
-1.80816e-07
-1.91558e-06
-5.03576e-06
-1.11325e-05
-2.51031e-05
-5.70173e-05
-0.000120402
-0.000165885
0.000702533
-0.000219949
-0.000566796
-0.000785982
0.0150192
-0.0161053
0.0183982
1.13898e-05
-0.00261691
0.00216679
0.00658722
1.35194e-05
-0.00595785
0.0055511
0.00565412
-3.39527e-06
-0.00633359
0.00589136
0.00509697
-1.41821e-05
-0.00800912
0.00758435
0.00718186
-0.000165328
0.0105833
-0.0111277
0.0108623
-0.0116316
-0.00108785
-0.00559726
0.00788566
-0.000724711
-0.00762779
-0.000184387
-5.39339e-05
0.0259717
-7.99208e-05
-0.0261434
0.0170579
-0.000616832
-0.017646
0.0177048
-0.000390689
-0.0185357
0.0263254
-0.000255156
-0.0263416
0.0218413
-0.0217779
0.0216194
-0.0221694
0.000123679
-0.0260408
0.0257669
-1.8309e-05
-0.0177104
-0.000698204
0.0178397
-0.0152712
6.20736e-05
0.0272414
0.00992552
0.0255104
0.00952001
-0.010133
0.0144574
0.00215892
-0.00954542
0.00894755
0.000866801
-0.00618651
0.00521139
0.000524746
-0.00353651
0.00288737
0.000296466
-0.00183146
0.00142637
0.000165802
-0.000880042
0.00066939
6.89061e-05
-0.000385994
0.000269622
1.47096e-05
-0.000168385
8.94042e-05
-3.33527e-05
-9.96835e-05
-2.3368e-05
-7.43215e-05
5.11611e-05
5.15588e-06
2.80511e-06
2.88056e-05
9.60643e-06
-4.46493e-05
-3.50191e-05
-7.4347e-06
-2.7863e-05
-1.59088e-05
-1.1556e-05
-3.10507e-05
-1.28741e-05
-1.39487e-05
-3.0674e-05
-4.54834e-05
-5.15113e-05
-3.8807e-05
0.000116495
1.32592e-05
-9.98729e-05
-2.65166e-05
0.000205825
0.0002413
2.77818e-05
-0.000275712
-4.53373e-05
0.000467874
0.000671
-1.84071e-06
-0.00108707
4.89379e-05
0.00151658
-1.90757e-05
-0.0023655
9.66247e-05
0.00315825
-4.73398e-05
-0.00471812
0.000135372
0.00603098
-9.03986e-05
-0.00862033
0.000215595
0.0105366
-0.000183866
-0.0144705
0.000157968
0.0166616
-0.000462218
-0.0223569
-0.00049291
0.000707335
-0.0134464
0.0219872
0.000119873
0.0115984
0.000437732
-0.00892432
0.0146754
-4.31817e-05
0.00711296
0.000314562
-0.0053744
0.00883555
-2.94023e-05
0.00406178
0.000202789
-0.00293686
0.00486406
-1.17348e-05
0.00212763
0.00012495
-0.00147596
0.00245162
-4.04214e-06
0.00102545
6.52812e-05
-0.000677088
0.00113359
-4.60922e-07
0.000450298
3.20398e-05
-0.00028827
0.000482377
-2.76931e-07
0.000184818
1.47521e-05
-0.000120915
0.000192482
-2.42644e-06
9.12922e-05
-5.75869e-06
2.10956e-05
-7.96817e-05
-6.66101e-05
3.41688e-05
-9.68036e-05
-1.45854e-05
7.21419e-06
-0.000162783
-9.2372e-05
-8.08904e-05
-4.69028e-05
-3.90028e-05
0.000104076
0.000119118
1.50617e-05
-9.42487e-05
-2.80544e-05
0.000281526
7.20436e-06
-0.000455888
2.95519e-05
-8.02204e-05
-3.2579e-05
-2.02799e-05
-0.000131053
9.04379e-06
3.03727e-05
-1.17372e-06
-8.0059e-06
-6.57973e-06
3.47112e-05
-1.00888e-05
4.72506e-06
4.12202e-06
1.95804e-07
3.29976e-07
2.86371e-07
6.48121e-07
5.01887e-07
1.26494e-06
-1.60746e-06
-7.61242e-07
0.000408526
-0.000477823
1.26116e-06
-1.64037e-06
-3.84176e-06
6.79634e-08
-0.000165651
-7.71458e-08
0.000257181
-0.000416829
6.81166e-07
0.000640039
-0.00098409
3.53154e-06
2.49916e-06
-1.31084e-06
2.03606e-06
2.83348e-06
1.7209e-05
2.66165e-05
1.74402e-05
8.10288e-06
3.35286e-06
2.55736e-06
7.66397e-06
3.73894e-06
8.22992e-07
0.000254441
-0.000394003
0.000357095
-0.000550729
0.000844002
-0.00125032
3.51219e-05
-0.000351983
3.4378e-05
0.000334297
2.42902e-05
-0.000156206
1.61987e-05
0.000127109
-3.55011e-06
6.23885e-06
4.48194e-05
-9.39903e-06
-0.000120134
0.000686248
4.9297e-05
-0.000659583
-9.51455e-05
0.000991238
0.00131228
0.000143451
-0.00149518
-0.000184694
0.00217015
0.00263162
0.000272949
-0.00302115
-0.00034026
0.00408366
0.00500272
0.000436985
-0.00564675
-0.000565397
0.00693215
-0.00955931
-0.000839154
0.010431
-0.015005
-0.000512361
-0.000576917
-0.00010627
-1.61951e-05
2.17377e-05
2.41694e-05
1.75276e-05
1.07692e-05
5.51918e-06
2.12257e-06
1.33051e-06
2.8069e-05
3.0844e-05
3.10658e-05
-4.5333e-06
3.12847e-05
9.49053e-06
9.06519e-06
3.23751e-05
-3.22678e-06
3.48445e-05
-9.79498e-06
1.81779e-06
-1.98886e-06
2.86456e-06
-4.17577e-07
3.07792e-06
1.12227e-06
-0.000155864
1.17969e-05
5.38549e-06
2.74228e-06
5.69983e-07
2.03012e-07
-1.93703e-05
1.98372e-05
1.35953e-06
-1.43743e-05
2.77019e-05
-7.75642e-06
3.15556e-06
2.59364e-05
1.20937e-05
1.68119e-06
3.34767e-05
-0.000150681
1.34392e-05
-0.000103697
-2.76176e-05
0.000196793
0.000247933
2.57155e-05
-0.0002803
-4.21904e-05
0.000571393
6.60329e-05
-0.000673638
-9.36892e-05
0.0010585
0.0012797
0.0001406
-0.00151887
-0.000192538
0.00215342
-0.00306393
-0.000346845
0.00406076
0.000319113
0.000206042
0.000118661
6.04891e-05
2.60488e-05
3.0806e-06
2.18975e-06
1.15749e-06
2.95468e-06
1.27652e-06
-9.78236e-07
-3.72322e-06
-2.08116e-06
-1.50143e-06
-3.62591e-06
-2.54662e-05
-2.57207e-05
-6.00687e-05
-6.41337e-05
-0.000114112
-0.000133246
-0.000524422
-0.00101245
-0.00194816
-0.00210541
-0.00422621
-0.00364661
-0.00206003
-0.0082294
-0.02472
0.00126285
-0.0398316
-0.0298873
-0.02306
-0.0154051
-0.0134645
0.00501
-0.011813
-0.00049963
0.00310879
0.000419677
-6.08282e-05
0.0146095
-0.0168387
0.0187401
0.00017121
-0.00235049
0.00351488
0.0076436
0.000258369
-0.00537759
0.00715362
0.00712867
0.000263943
-0.00574394
0.0073631
0.00670713
0.000191981
-0.00770345
0.00842024
-0.000370818
0.000346794
0.000363127
0.00300596
-0.0126272
-0.0181058
0.00107761
0.0143552
0.000260079
2.0444e-05
0.00896207
0.000129975
-0.0146408
0.0183878
4.00566e-05
-0.0214769
0.0127151
-0.0119682
0.0103214
-0.00236374
-0.0145467
0.00033218
-0.0182905
0.0248023
-0.0216986
0.0188768
-2.50596e-05
-0.0188911
2.53459e-05
0.0187049
-5.80349e-05
-0.0187981
8.84314e-06
0.0188782
-7.45768e-05
-0.0189494
0.0220888
-0.0252599
0.00188556
-0.0208272
0.0288037
0.00157334
0.000906211
-0.00980967
0.0103782
-0.0107718
4.36192e-05
-0.00764871
0.00703695
0.000500871
-0.00876029
0.00636029
-0.00757315
0.000736247
0.0151695
-0.00818175
0.0047778
0.000952092
-0.00890918
0.00704267
-0.000163589
-0.000128645
-1.14362e-05
0.000206345
8.92198e-05
2.22489e-05
-2.51416e-06
-7.69147e-06
-6.48166e-06
-3.74439e-06
-1.43044e-06
-1.03246e-06
1.45777e-05
1.83338e-05
-3.26476e-08
-4.13952e-06
-2.67112e-06
2.78417e-05
7.61023e-06
-2.90745e-05
1.347e-05
1.71267e-05
-3.11614e-05
-6.23545e-07
-2.88806e-05
-2.7374e-06
-9.55772e-06
-2.70045e-05
3.5319e-05
4.50824e-05
2.00181e-06
9.08382e-06
-2.30826e-06
1.13401e-06
2.2781e-05
-2.52556e-05
-4.03086e-07
-2.96442e-05
3.00256e-05
2.56773e-05
-2.23068e-05
2.73929e-07
-2.63824e-05
5.88197e-08
2.65378e-05
9.74853e-08
3.20737e-07
-2.09315e-06
-3.18858e-06
3.47254e-06
-8.36481e-06
0.00016331
9.25931e-05
5.08541e-05
-3.96873e-05
-0.000130431
-0.000277894
-0.000545431
-0.00103794
-0.00195591
-0.00372428
-0.00374972
-0.00761894
-0.00828162
-0.0181518
-0.0293272
-0.0266695
-0.0267767
0.0110164
-0.0150607
-0.008127
-0.00877679
-0.0251439
-0.029873
-0.0271163
-0.0271434
-0.0268754
-0.0269533
-0.0308782
0.0111617
-0.000983835
-0.00524406
0.0326482
-0.00876457
-0.0225655
-0.0206465
-0.00608821
-0.00738187
-0.0171176
-0.0176262
-0.00170658
-0.0034054
0.000817513
0.000921232
0.000631436
0.000360666
0.000186092
0.000142766
6.12513e-05
6.0141e-05
2.05636e-05
3.27913e-05
-9.08424e-05
-0.000212391
-0.000425826
-0.000800607
-0.00147339
-0.00283342
0.00110682
0.000859138
0.000800353
0.000716276
0.000496933
0.00028575
0.000282713
0.000140746
0.000179601
8.11781e-05
0.000289755
0.00045138
-0.000661324
0.00107459
-0.00149633
0.000102627
0.000717635
-0.000487152
4.76573e-05
-3.30429e-06
-2.45504e-05
-2.56955e-05
-0.000207374
-8.36784e-06
-3.0446e-05
1.59369e-05
-1.41058e-05
-2.1006e-06
-3.78697e-06
5.81828e-06
-3.48982e-05
2.55924e-05
-1.97053e-07
3.17332e-09
1.55187e-08
-3.7467e-08
1.47836e-05
-7.52627e-07
3.43555e-07
2.77818e-07
4.88651e-07
-8.87735e-06
3.05892e-07
4.11042e-06
2.70742e-06
3.54593e-06
-1.88568e-06
2.35358e-06
2.34146e-08
4.07821e-07
-8.89265e-06
3.51244e-05
3.14593e-05
-1.66965e-05
-5.40993e-06
-1.3403e-05
2.93656e-05
4.67522e-06
2.3286e-06
4.0943e-07
1.62375e-07
-1.56992e-06
-1.14769e-06
-1.85469e-06
-1.27373e-05
-3.42909e-06
-2.8469e-05
7.35569e-06
-5.68436e-05
-6.21929e-05
-0.000107885
-0.000128234
-0.0010968
0.00159045
0.00234021
-0.00313777
0.00467284
-0.00609454
0.000377058
0.00319005
-0.00229685
0.000205136
4.73642e-06
-5.09538e-05
2.95959e-05
-7.5157e-05
8.4267e-05
-0.000169217
-0.000203415
-0.000176573
-0.000207155
-0.000188223
-0.000154594
1.04418e-05
6.49489e-05
2.88545e-05
0.00270149
0.000128485
0.000112219
4.01354e-05
1.00443e-05
-4.27929e-07
-2.72363e-06
-1.39649e-06
-1.1311e-06
-6.54669e-06
2.6303e-06
3.08157e-07
-7.07119e-06
1.61555e-05
5.83331e-06
7.90791e-06
3.39012e-06
-1.20676e-07
5.03429e-06
4.89191e-06
1.11917e-06
2.81015e-06
6.36117e-06
1.28994e-05
4.24428e-07
5.16245e-05
2.05326e-05
3.16207e-05
0.000134845
5.11053e-05
0.000112974
0.000306449
0.000236091
0.000540273
-0.0024549
-0.00274992
-0.00042154
0.000385275
0.0005337
0.000244071
-0.00658624
-0.000169204
-9.28485e-05
-8.67092e-05
-0.000697128
-0.000219763
0.0158202
-0.000221257
-0.0190254
-0.000153509
-0.000785832
-0.0177192
-0.000823439
-0.000964635
-0.0121002
-0.00641012
-0.0103203
-0.0244769
0.00263361
0.00611001
0.000361716
-0.00034257
-0.000298355
-0.000532616
6.06681e-05
-0.0142087
0.018202
9.8969e-05
-0.00411324
0.00187736
0.00610983
4.00997e-05
-0.00768391
0.00489136
0.00493633
-9.56999e-06
-0.00790911
0.00521843
0.0043946
-5.80011e-05
-0.00729107
0.00180698
-0.0111996
0.00565451
0.00868376
-0.0103442
0.00299268
0.00117939
-0.000605023
-9.43085e-05
-1.20674e-05
2.70346e-05
2.74278e-05
1.92158e-05
1.15185e-05
5.57973e-06
4.02218e-06
6.40916e-06
2.09801e-05
0.000620978
-0.000936686
3.81914e-05
0.00140874
-0.0020459
0.0018342
-0.00261624
0.00366542
-0.00503566
9.25948e-05
-0.00163761
0.000108277
0.00155749
5.81514e-05
-0.00078544
6.5239e-05
0.000758846
1.79985e-05
5.52971e-05
0.000259674
-4.89225e-05
-0.000533307
0.00320812
0.000200528
-0.00289524
-0.000340627
0.0039301
0.00511748
0.000448921
-0.00552888
-0.000560135
0.00848486
0.000750728
-0.00944798
-0.000899154
0.0104213
0.0132982
0.000825971
-0.0178692
-0.00070784
-0.0148661
-0.0176562
0.000939964
0.0129157
0.0107125
-0.014596
-0.000649859
-0.000598747
0.00061876
0.00047718
0.000342889
0.000218201
0.000123809
6.19396e-05
3.10215e-05
6.08891e-05
1.33708e-05
7.91322e-07
2.12118e-05
-5.62543e-07
0.00293361
-0.00410544
0.000121576
0.00560431
-0.0075825
0.00675899
-0.0088835
0.0115589
-0.0140202
-0.000331803
-0.00524729
0.000113037
0.00531011
8.43935e-05
-0.00316841
0.00014573
0.00295502
2.43082e-05
0.000203932
0.00110378
-5.09484e-05
-0.00155547
0.0106993
0.000466991
-0.00875077
-0.000895
0.0109601
0.0132352
0.000832782
-0.0183958
-0.000625592
-0.0131753
-0.0237602
0.000305153
0.0164856
-0.00153283
0.00791563
-0.000311699
0.00519012
0.00495271
0.0024054
0.00151602
0.00962947
-0.00557944
-0.000181014
0.0013766
0.000737444
0.000449775
0.000274856
0.00015471
7.8103e-05
3.34686e-05
1.27386e-05
6.2617e-05
-3.83882e-05
-6.39574e-05
-1.64715e-05
1.32799e-05
-4.15133e-05
0.000136173
-4.60838e-05
-5.26961e-05
-5.52486e-05
-3.66288e-05
0.000102326
0.000118132
1.32775e-05
-0.000106408
-2.64999e-05
0.000241203
2.64255e-05
-0.000274618
-4.27559e-05
0.000477525
0.000571253
6.61712e-05
-0.00068361
-9.76386e-05
0.00104439
-0.000174639
-0.000134896
-0.000837685
-5.81177e-05
-0.000347531
0.000130521
0.000131157
3.95395e-05
-5.33536e-05
-8.41158e-05
-4.8051e-05
-4.23344e-05
-9.48498e-05
-2.12623e-05
-1.36388e-05
7.84414e-06
7.55728e-07
0.000290087
2.07289e-05
-0.00027603
-4.39629e-05
0.000445633
0.000586197
6.50427e-05
-0.000677339
-9.22366e-05
0.00127727
0.000145173
-0.00149653
-0.000187638
0.00217249
0.00264346
0.000259358
-0.00369547
-0.000474449
-0.000269211
-0.0018411
0.000495491
0.000498574
0.000268344
-6.44968e-05
-0.000339433
-2.27625e-05
-0.000118035
4.12543e-05
-5.35649e-05
-5.78111e-05
5.0807e-05
0.000135439
-7.8032e-05
-0.000414495
0.000150196
2.4718e-05
0.000117482
-2.49289e-05
0.00154465
0.000107817
-0.00144522
-0.000189355
0.0020535
0.00270831
0.000268821
-0.00300768
-0.000334369
0.00496219
0.000463016
-0.00557487
-0.00057048
0.00693982
0.00861434
0.000698169
-0.0114722
0.000438713
-6.49701e-05
-1.71828e-05
1.54646e-05
9.67316e-06
5.11933e-06
2.35766e-06
9.90775e-07
-1.37161e-06
-1.56523e-06
2.02167e-06
-2.17068e-06
-2.3568e-06
-6.46704e-07
7.20066e-06
2.69973e-05
4.73903e-05
1.44124e-05
3.68713e-06
-4.70984e-07
1.0387e-07
-8.87374e-07
-2.22706e-07
0.000414942
7.24925e-07
-0.000412406
0.000640637
1.64927e-06
-0.00097594
0.000981334
-0.000637057
0.000643998
7.51208e-07
-0.000992735
0.000973667
-0.000642068
0.000410816
-1.03013e-06
-0.000421336
0.000259332
-0.000258538
0.00026004
-0.00025764
2.38538e-06
-0.000408104
0.000423462
3.00917e-06
-0.000640355
2.38061e-06
-0.000968449
0.000997842
5.12186e-06
-0.00146163
1.77742e-06
-0.0021101
0.00216039
-0.00211956
0.00213
3.38649e-06
0.00145651
-0.00144895
6.60752e-07
0.00146887
4.89229e-06
-0.00214996
0.00211994
-0.00145507
-1.46554e-05
-0.00112706
0.000681807
2.66398e-06
0.00071736
-8.95109e-06
-0.000480135
0.00029041
1.17627e-06
0.000291348
-0.000262839
0.00016301
-1.62575e-06
-0.000167633
-3.04245e-07
0.000163793
3.05136e-07
-0.000162752
1.49601e-06
0.000168346
2.18071e-06
-0.00016177
0.000264015
-0.000289839
5.28597e-06
4.99797e-06
2.46753e-06
5.76791e-06
3.04775e-06
-5.06249e-05
5.3534e-05
-5.23493e-05
5.25588e-05
8.2665e-08
-2.90661e-08
-3.42953e-07
-5.34349e-05
5.0901e-05
-2.8911e-06
-1.63023e-06
2.35449e-05
-2.72076e-05
-1.22067e-07
-4.3228e-07
0.000109564
-0.000111587
0.000112108
-0.000108903
0.000114856
-0.000114503
-9.71589e-07
7.31513e-07
-2.33476e-05
1.76568e-06
2.72831e-05
-9.61044e-07
2.65437e-06
3.38426e-06
8.34807e-07
1.94664e-06
4.03963e-06
3.83751e-06
4.06821e-06
-0.00301535
5.1476e-06
-0.00421641
0.00423361
-0.00426779
0.00422962
1.36803e-05
0.00306305
-0.00302177
-2.01962e-05
-0.00243779
0.00148225
9.38972e-06
0.00163615
-0.00102251
-6.14707e-05
-0.00065438
0.000874167
-0.000153561
-0.00141862
0.00184604
-0.000268141
-0.00281079
0.00362649
-0.000387785
-0.00510392
0.00658708
-0.000598106
-0.00876696
-0.00118427
-0.000413454
-0.000595506
-0.000210237
-0.000349443
-0.000136492
-0.000206191
-8.01849e-05
-0.000111415
-3.90527e-05
-7.18869e-05
0.000386426
-0.000449905
-3.04154e-05
-0.000270393
0.000167739
-1.49747e-05
-1.18776e-05
-5.37665e-05
-1.80125e-05
-8.97946e-05
-1.41386e-05
0.000122012
2.7532e-06
-0.000192047
-4.26787e-06
-3.83583e-06
9.97237e-06
2.40341e-06
-5.09846e-06
-5.12381e-05
7.46696e-05
2.37023e-05
9.98237e-05
3.30092e-05
1.8702e-05
3.41561e-07
5.99617e-06
-9.15933e-05
0.000115187
-0.000114547
1.17834e-06
-7.94936e-07
-5.88353e-06
-1.93911e-06
-4.00246e-07
1.73279e-05
3.34541e-05
6.64363e-05
0.000127142
2.69177e-05
-0.00484119
0.00295872
-0.00213051
0.00342226
8.54118e-06
6.4817e-07
-2.11119e-06
3.47362e-07
3.48448e-06
1.08096e-05
2.44929e-05
3.20166e-05
-1.89145e-05
-0.00574307
2.76458e-05
-0.00774866
0.00772203
-0.0088153
0.00540961
6.64131e-05
0.00656668
-0.00408536
-0.000154295
-0.000135055
0.00061833
0.000492559
0.00072038
0.000934382
0.00580884
0.00856045
-0.0109886
0.00128498
3.326e-05
-7.27173e-05
0.000298675
-0.000189637
-0.000175741
-0.00445902
-2.47334e-05
0.000366059
-0.00795837
0.000652049
8.33493e-05
3.01987e-05
7.89785e-05
0.000198015
0.000294705
0.000126529
4.16224e-05
1.55598e-05
1.34275e-05
1.4846e-05
2.15008e-05
2.93058e-05
1.66465e-05
1.03479e-05
1.73358e-05
9.66867e-06
8.94029e-06
4.08727e-06
9.35507e-06
1.19036e-05
6.92145e-05
1.90934e-05
1.03574e-05
6.69472e-06
5.54189e-06
2.90845e-06
1.36442e-06
3.97796e-06
2.8181e-06
3.70435e-06
-4.50185e-06
6.16947e-06
1.63893e-05
1.32703e-05
2.61982e-05
4.22791e-05
4.79377e-05
9.39158e-05
4.35699e-05
8.82205e-05
3.89442e-05
0.00979522
-0.0128581
0.000265919
0.0154395
0.00031053
5.64714e-05
0.000184001
0.00122741
-0.00319688
0.0121996
-0.0103406
0.0217848
0.00312666
0.0129361
-0.0115794
0.0101687
-0.00964552
0.00714629
0.00809961
-0.0104362
0.00232905
-0.0114055
0.00755536
0.00779909
0.0144804
-0.000803812
-0.000347802
-0.00181725
-0.000150155
-0.00697023
-0.000162664
-3.1206e-05
2.54639e-05
3.74679e-05
6.29864e-05
2.88488e-05
2.72998e-05
3.19884e-05
2.91002e-05
-5.52974e-06
3.11087e-05
-7.29219e-06
0.000268845
0.000170551
0.000106281
-0.00453738
0.006126
0.000329055
-0.00528848
-0.000567534
0.00692318
0.00875883
0.000701167
-0.00931784
-0.000876847
-0.0113769
0.000478761
0.000346068
-1.3727e-05
1.04797e-05
-6.31176e-06
0.000201362
3.14388e-05
1.53881e-05
2.06436e-05
1.49308e-05
3.06445e-07
0.000126099
6.3379e-05
2.65382e-05
-0.000335247
-5.71019e-05
0.000477413
-1.99512e-05
0.000207365
-0.000122034
-8.09323e-05
0.000107097
-5.2542e-05
-4.54136e-05
-5.30166e-05
3.97781e-05
-0.000134037
-0.000149165
-0.000840264
0.000289842
-0.000148182
-0.000261789
0.000301575
0.000553898
-0.000278769
-0.00224715
0.000544032
0.000102035
0.000530793
-7.27234e-05
-0.000983455
-0.000470431
0.000941026
0.00158333
0.000977316
-0.000297333
-0.00186838
-0.000269082
-0.00181638
0.000859296
-0.000526277
-0.00377114
-0.000475339
0.00409875
0.00131791
-0.000855431
-0.00696211
-0.000611068
-0.0084481
0.00185028
0.000616495
0.00274952
0.000128194
-0.0146319
0.000152643
0.00232452
0.00300833
0.00412825
0.0123839
0.0290059
0.0152925
0.0225399
-0.00227892
-0.00132834
-0.0118051
0.00163891
0.00146382
0.00309604
0.0150023
0.0218685
-0.00217605
-0.00119787
-0.000768383
0.00703112
-0.00673593
0.00126027
0.000846173
0.00144079
0.00108006
0.00256619
0.0137757
0.0220715
-0.00223164
-0.0012034
-0.000768459
-0.00679379
-0.000945565
-0.000591417
-0.000341926
0.000409213
0.000207343
8.83493e-05
3.30508e-05
0.000103037
0.000722068
0.001133
0.0015201
-0.00137731
-0.00189318
0.00251514
0.0125603
0.0246694
-0.00414745
0.00539265
0.00237548
0.00180455
0.000111558
-0.000135162
-6.80971e-05
-3.0699e-05
-1.21546e-05
-3.69857e-06
-1.31732e-07
1.7533e-06
6.86013e-07
2.81609e-07
-3.50438e-07
1.68267e-06
8.03861e-07
7.26221e-07
1.15838e-06
-2.53572e-06
-9.64783e-06
-1.63928e-05
4.7059e-06
1.13814e-05
-0.000715037
0.000645288
5.94835e-06
3.82251e-06
4.60329e-06
2.86356e-06
3.89543e-06
5.50102e-06
1.3919e-05
3.62886e-06
2.68052e-05
-0.000169691
1.95205e-05
3.14162e-05
7.02419e-06
6.3932e-06
8.07392e-06
3.61188e-06
-9.76141e-07
1.26762e-05
9.30165e-06
8.38842e-06
8.67351e-06
7.21091e-06
9.53301e-06
3.23271e-05
2.9824e-05
0.00768917
2.58746e-06
-0.00766934
0.0100031
-1.56933e-05
-0.0127052
0.0127008
-0.00998875
0.0101684
3.27298e-05
-0.0128127
0.0128358
-0.00997363
6.36049e-06
0.011554
-0.0072678
-0.00014622
-0.000136992
9.5321e-05
0.000226363
0.000317556
-7.32521e-05
-0.00141437
-0.00291577
-0.00528498
-5.0728e-05
-0.00193173
-0.000827704
-0.000246656
0.000243335
0.000223729
5.35986e-05
4.3619e-05
4.04489e-05
1.7854e-05
0.00584021
-0.00573987
0.00575935
-0.00581957
-1.41111e-05
-0.00767391
0.0077701
-1.06197e-06
-0.010155
-4.33405e-05
-0.0127552
0.0128246
-1.76966e-05
-0.0160786
0.0158404
-0.0181683
1.2645e-05
-0.000140985
-4.90629e-05
1.24242e-05
2.39882e-05
9.72897e-05
0.000246281
0.000461543
0.00324524
-0.00236443
0.0537011
-0.00147339
-0.000231535
-0.00102259
-0.011025
0.00255688
0.00645301
0.000486031
-0.000126683
-0.00551978
-0.000157348
0.000114524
0.000239029
2.03878e-05
2.67941e-05
0.000554195
0.000326317
-0.0177012
0.0158895
-0.000807726
-0.000477524
-0.000191584
0.00313393
-0.000887767
0.00256149
0.00421677
0.00777104
0.0148347
0.00312826
-0.00796399
0.0032351
-0.0113728
0.00258083
0.00112155
-0.0076127
0.000569544
-0.000125204
5.45772e-06
-2.71988e-05
7.75533e-06
9.87774e-05
-8.25771e-05
-0.000192681
-5.7245e-05
-0.00020827
-4.51124e-05
5.08734e-06
-2.73479e-06
9.47471e-06
-3.60169e-06
-2.56784e-07
-3.4957e-05
2.96242e-06
5.47776e-05
0.000127117
0.00022488
0.0049685
0.0214705
0.00111013
-0.00243402
0.0137073
0.00102105
-0.00165555
-0.00145722
-0.00252281
0.0533887
-0.00121664
-0.000250881
0.000500046
9.23848e-05
0.000206696
-0.00503948
-0.000172107
-0.000161354
-0.00108415
-0.0111323
-0.0104826
-0.00686675
-0.0237469
0.0025902
0.00576132
0.000248376
-0.000331794
-0.000356692
-0.000225139
-0.00608996
-0.000338411
0.00298062
-0.00203942
0.00321362
-0.000237407
-0.00560141
-0.000358687
-0.00014782
-5.52733e-06
0.000475154
0.00229962
0.000572741
0.0006207
0.00222294
0.00214613
0.000280564
-9.39574e-05
-2.66695e-05
3.86184e-05
0.000133946
-8.26927e-05
9.12522e-06
0.00136926
0.0176785
0.00180605
0.000796246
-0.000210918
-0.000176015
-0.000109622
-5.96257e-05
-3.10509e-05
4.64447e-06
0.00146242
-0.00163259
1.9615e-05
5.82316e-05
6.53672e-06
3.03781e-05
-0.00341077
0.00303601
-1.86405e-06
-0.00420805
0.00428524
-0.00304961
7.15339e-06
0.00302896
3.96819e-06
3.53036e-06
1.66964e-06
2.22259e-06
3.46543e-06
2.56997e-06
6.90983e-06
5.24346e-06
1.35875e-06
-2.42596e-05
7.08569e-05
0.0160007
-0.0157705
0.0157442
-1.77056e-05
-4.55252e-06
2.26147e-06
6.67578e-06
-6.38666e-06
0.0057684
-0.00652582
4.01294e-05
0.000140277
9.6788e-05
-3.68591e-05
3.80692e-05
-0.0114189
0.0100255
-2.9312e-05
0.000548019
0.00034806
0.000217947
0.000112434
5.49899e-05
1.79962e-05
-4.21645e-07
-1.89582e-05
1.16216e-05
3.87129e-05
8.83904e-05
2.41032e-06
0.000143996
0.000259019
0.000399262
-7.06448e-05
-1.98343e-05
8.68406e-05
-2.83641e-05
-8.47859e-05
1.77743e-05
-3.29106e-05
-3.44003e-05
-0.000123563
6.20428e-05
-0.000121917
-0.000459912
-4.75039e-05
-0.000156122
-0.000924373
0.000769397
0.00209209
0.000178165
4.74344e-05
-0.0156973
7.0745e-05
0.00115947
0.00587578
-0.000167075
-0.000198792
-0.00124316
-0.0130658
-0.00809035
0.00191964
-0.000229025
-0.000190534
-0.000174461
-0.00170424
-0.000376728
0.0128044
0.00336299
-0.000671927
0.00251339
0.0190058
0.0014841
-0.000323284
-0.000492318
-0.000548391
-0.0007839
-0.0173591
-0.0151927
8.21658e-05
0.00140786
0.000733604
0.00303096
-0.00567174
1.25932e-05
0.000149559
-0.000841195
0.000221295
-0.00365766
0.00115075
0.000711848
0.000417057
0.000229299
0.000118561
2.62184e-05
-0.00101703
0.00105567
-0.00082026
0.000267538
0.0143855
0.00957598
0.000353779
-8.792e-05
-0.000108035
-2.12483e-05
-0.000184968
-1.91894e-05
-2.81697e-05
-4.994e-05
7.4422e-06
-2.28384e-05
7.75843e-07
-0.0186193
0.000479568
-0.0164078
-9.39165e-05
0.000463449
8.44441e-07
-2.51795e-05
1.04174e-05
-0.00036002
0.000200499
1.50312e-05
-5.84199e-05
0.00223048
0.00657248
3.90586e-06
1.78629e-05
0.000111414
1.22069e-05
0.000122367
8.08663e-05
-0.00902809
8.30919e-05
-4.1792e-05
4.07353e-05
0.00013471
0.000129954
0.000265949
0.000490983
0.000831451
0.00121921
0.00135374
0.000911483
0.00255823
0.0136008
0.0190785
0.017978
0.0117149
-0.0253199
-0.0242355
-0.000939771
0.0206271
-0.000645748
-0.0213089
0.00345423
0.000913295
-0.0024126
0.00160451
0.0003418
-0.00156864
0.000901688
0.000198604
-0.000894024
0.000494363
0.000120433
-0.000479449
0.000239719
5.96737e-05
-0.000241608
0.000102721
2.38622e-05
-0.000114448
3.62842e-05
4.70127e-06
-5.58472e-05
5.07771e-06
-1.39689e-05
-4.06134e-05
-1.6633e-05
-4.59244e-05
-5.28669e-05
-5.60002e-05
-4.78924e-05
-4.73516e-05
-5.37908e-05
-5.13107e-05
-5.1353e-05
-5.28287e-05
-5.25224e-05
-5.03489e-05
-5.19443e-05
-5.55329e-05
-5.06451e-05
-5.10388e-05
-6.71832e-05
-3.88256e-05
-3.16339e-05
0.000152924
1.74804e-05
8.90677e-05
-3.71707e-05
0.00011897
1.53864e-05
0.000105858
-3.85946e-05
0.000113437
1.40098e-05
0.000109746
-3.87077e-05
0.000111278
1.40957e-05
0.000114986
-3.66194e-05
0.000103783
1.43384e-05
0.000134612
1.31656e-05
-3.92224e-06
-6.37062e-05
1.52803e-05
-7.96958e-05
0.00012591
-0.000157719
0.000333019
-0.000353838
0.000760573
-0.000768153
0.00156843
-0.00157223
0.00293647
-0.00291437
0.00510272
-0.00477778
0.00842369
-0.00608404
0.013826
0.00183227
0.0221811
0.0157635
-0.00621827
0.0170906
-0.015983
-0.000839531
-0.000463244
-0.00954618
0.0099639
-0.00896787
0.0165987
0.00211201
0.00248812
-0.000694623
-0.00141596
-2.63188e-05
0.00143297
0.000174174
-0.0128303
-0.005586
0.00785643
-0.00482426
-0.00638745
0.00850228
-0.000949522
0.00969818
-0.00141535
-0.00083946
0.00743739
-0.0151155
-0.0189027
-0.0239071
-0.0287215
0.0301493
-0.0218892
0.0221643
0.000454098
-0.0123752
0.0221719
-0.0119743
-0.0146087
-0.0165995
-0.0212314
0.0267953
-0.0169016
0.0176583
-0.0131287
0.0113279
-0.00845408
0.00668849
-0.00484446
0.00362355
-0.0025119
0.0018115
-0.001185
0.000839485
-0.000509142
0.000361616
-0.000203034
5.05751e-05
-3.43741e-05
3.51757e-05
2.66978e-05
-0.000169233
0.000316603
4.51304e-05
-0.000447938
0.000758048
9.71916e-05
-0.00106142
0.00164338
0.000191682
-0.00223014
0.00323244
0.000345699
-0.00419567
0.00581762
0.000572596
-0.00710242
0.0096984
0.000884206
-0.0106736
0.0151623
0.000650127
-0.0130594
0.023088
-0.0117908
-0.0177333
-0.0185023
-0.0193759
0.0256331
-0.0117867
-0.0192541
-0.0185664
-0.0179716
0.0257042
-0.0153903
0.0178238
-0.0128917
0.0114626
-0.00840012
0.0067005
-0.00468251
0.00347565
-0.00234616
0.00165615
-0.00107415
0.000776192
-0.000460364
0.000334496
-0.000189171
3.82963e-05
-3.09149e-05
6.02594e-05
2.5442e-05
-0.000163713
0.000469223
4.63293e-05
-0.000602561
0.00106944
9.07799e-05
-0.00142558
0.00225225
0.000152105
-0.00304647
0.0033435
0.000374089
-0.00463814
0.00558498
0.000592613
-0.00717211
0.00918671
0.000854406
-0.0107849
0.0148054
0.000514962
-0.0139086
0.0238919
-0.0117101
-0.0211989
-0.0210913
-0.0169615
0.0306871
-0.0206771
0.0212894
0.000611199
0.00219616
-0.0099575
0.00341915
-0.00484987
-0.0219793
-0.00513783
-0.00197857
-0.0137764
0.00012423
-0.0167685
0.018192
0.000113693
0.0183755
-0.0211518
0.0247923
-0.00150867
-0.0206383
-0.00138237
-0.00226981
0.009649
0.00892349
-0.0021315
-0.0165425
-0.015583
-0.0118272
0.00808213
-0.00778034
-0.00420131
0.00886196
-0.00136076
0.00816016
-0.00692186
-0.00712268
0.00783135
-2.62185e-05
0.00705381
-0.00703305
-0.00778864
0.00717323
4.02319e-05
0.00695251
-0.00815103
-0.00881694
0.00428701
0.00136423
0.00779725
-0.00806815
0.00722037
0.011856
0.0155881
0.0166078
0.00212793
-0.00893674
0.00996714
-0.000231906
-0.00926494
0.00960229
6.28277e-06
-0.00958197
0.00926113
0.00024785
-0.00990938
-0.00150119
-0.00333167
-0.00247973
0.000652104
-0.00048331
-8.55889e-05
-0.000496786
-0.0244967
0.0244552
-0.0208305
0.018225
-0.0182143
0.0186486
6.48155e-06
0.0208448
-0.0214817
0.0245385
0.000142794
-0.024447
2.22632e-06
9.57242e-07
-1.84857e-08
1.58051e-05
-0.00062128
0.000489154
9.50552e-05
0.000500836
-0.0248056
0.0207002
-0.0184743
0.0167946
3.00241e-06
0.0136561
0.00140935
0.00192034
0.00524744
-0.00618348
0.00150856
0.0169699
-0.0155571
0.015925
-0.0159139
-0.000140815
0.0155385
-0.0169172
0.00617001
-0.0155366
0.0170426
-0.00120837
-0.0055365
-0.00418359
-0.00866487
-0.02228
-0.0111809
-0.00273699
-0.00203208
-0.00273343
-0.00103288
-0.00367459
0.00220006
-0.0160485
0.0136387
-0.010193
0.00787047
0.000174919
0.00117915
-0.00177156
0.000250538
0.000115662
0.00470301
-0.00507238
0.00018617
-0.00668468
0.00740034
-8.34038e-05
0.00853724
-0.00948236
0.0122448
-6.92504e-05
-0.0110322
-0.000249162
-0.00021308
-0.000467582
-0.000665986
-0.000479734
-0.00813271
-0.000824232
0.00571806
-0.00121937
-0.000692974
-0.000158789
-0.000544839
-0.00152137
0.000557879
-0.00165788
0.00196946
-0.0026582
-0.0135487
-0.0229669
-0.0219406
0.0238973
0.00100878
-0.0139845
-0.0156983
0.0173354
0.00059154
0.0152633
-0.000909292
-0.0109597
-0.0126398
0.0111644
0.000869622
0.00971233
-0.000758284
-0.00724894
-0.00822275
0.00655417
0.000569355
0.00588075
-0.000561174
-0.00432711
-0.00468387
0.00350134
0.0003435
0.00334068
-0.000372755
-0.00232971
-0.002401
0.00172744
0.000186321
0.00172126
-0.000210055
-0.00111949
-0.00112439
0.000796927
9.52578e-05
0.000797153
-0.000120032
-0.000472627
-0.000482754
0.000342463
4.52246e-05
0.000334888
-7.44513e-05
-0.000177063
-0.000192362
4.47533e-05
2.66193e-05
4.1078e-05
-0.000237909
8.44718e-05
7.49623e-05
-0.000215405
2.32003e-05
1.91799e-06
5.0563e-05
1.13174e-05
-0.000123724
0.000176407
-0.000199041
-2.541e-05
0.000575983
-0.000759168
-4.61944e-05
0.00124234
-0.00150386
-0.000107416
0.00188974
2.83781e-05
-0.00122068
0.0026434
-0.00302297
0.000235339
-0.000109932
-0.00077061
-0.00546637
0.000214844
-0.00102347
-0.000600873
-0.000331917
-0.00311843
0.000345437
0.000582379
0.00108034
-0.00192539
0.00147663
-0.00245767
0.00209487
-7.42652e-05
0.00317981
-0.00296399
0.00417958
-5.18477e-05
-0.00395802
-0.00098508
-0.000302248
-0.000369473
0.000100759
8.09665e-05
-3.14728e-06
-0.00026137
0.000263743
0.000636583
-0.00230252
-9.37816e-05
1.23493e-05
8.11241e-07
1.74338e-06
6.39848e-06
1.33219e-05
1.15957e-05
8.9102e-05
1.70028e-05
-1.28431e-06
-0.000105353
-3.90101e-06
0.00183531
-0.000101145
-0.00164386
0.000386067
-0.000271357
-0.00141604
0.000798054
-0.00105641
0.000679194
-0.000482864
0.000283918
-0.000438347
0.000371385
-9.78333e-07
0.000713365
-0.000641577
0.000947285
-1.8597e-05
-0.00111359
2.40851e-08
-3.66559e-05
-7.05703e-05
-9.78199e-05
-0.000294706
-0.000177172
-0.000207982
-0.0012171
-0.0015184
-0.000842851
0.000592499
-0.00203371
-0.000591059
0.00120702
-0.00118194
-0.00150728
-0.00120746
-0.000733998
-0.000405918
-0.000183527
-0.000180257
-0.000122587
-0.000133922
-0.000738521
0.000342451
1.35148e-05
-0.000150492
-0.00020619
-1.4102e-05
-5.83049e-05
0.000109469
1.37371e-05
3.41401e-07
-3.00303e-06
-4.57507e-05
8.84872e-05
-1.50727e-05
0.000241296
-0.000263231
-2.16896e-06
-0.000396835
0.000383778
-0.000385835
0.000399982
5.9444e-07
0.000627013
-0.000638133
0.000970004
2.21536e-06
-0.000939948
1.79207e-06
-0.000629912
-3.06635e-06
0.000634987
9.19704e-08
-0.000963883
0.000945177
-2.10382e-06
0.00145387
-0.0014361
0.00208583
-0.0020679
0.00212674
4.12047e-06
0.00295677
-0.00302538
0.00423016
5.08187e-06
-0.00411953
4.71581e-06
-0.00296355
-8.00579e-07
-0.00212073
7.18722e-06
-0.00146475
0.00161541
-1.93347e-05
-1.63593e-06
-1.06464e-05
-1.47857e-05
0.00480632
-0.00541494
3.42258e-05
-0.00764957
0.00749725
-0.00747433
0.00766789
-6.39469e-07
0.0096966
-0.00997971
0.0126648
-1.36882e-05
-0.0123504
-3.60099e-07
-0.00968189
1.42701e-05
0.00996862
2.97955e-05
-0.0126404
0.0123657
2.5419e-05
0.0157245
-0.0152469
-1.5627e-06
0.0152619
-0.0157422
1.67086e-05
-0.0181981
0.0151107
-0.0136505
0.0110288
-0.00863176
0.00658647
8.88938e-05
0.00498112
0.000278713
-0.00470209
1.39334e-05
0.00825995
0.000493327
-0.00595365
0.000868932
0.000911193
-0.00246273
-0.000276993
0.00162795
-0.0137767
0.0006143
0.00687484
-0.000568507
-0.00549104
-0.00673556
0.000483138
0.00429146
-0.000337212
-0.00318621
-0.00343131
0.000288485
0.00239922
-0.000185509
-0.00165527
-0.00162199
0.000147078
0.00124677
-9.5596e-05
-0.000796016
-0.000694665
5.25748e-05
0.000675419
-9.11886e-06
-0.000406342
0.000285566
8.51959e-07
-0.000147921
-0.000108304
-0.000112177
-0.000115237
-0.000110447
-0.000116565
-0.000110154
-0.000118661
-0.000105155
-0.00013192
-1.81975e-05
-2.77595e-05
-4.62315e-05
-8.69184e-05
2.48695e-05
6.18344e-05
-4.2881e-06
-7.71404e-06
-1.84423e-05
6.43177e-06
2.37011e-06
1.16808e-05
2.1221e-06
6.99856e-07
-0.000257236
0.000100245
-1.28416e-06
-9.8448e-05
-5.63651e-07
2.0159e-06
-1.8547e-06
2.20553e-07
-0.000100202
0.000257344
-0.000221626
5.8287e-06
4.43375e-06
4.99508e-06
9.72494e-06
1.57823e-05
2.20901e-05
2.2698e-05
-1.67479e-06
-5.79697e-05
0.000507257
-5.362e-05
0.00457596
0.00526951
0.00523876
0.00459756
-0.000179597
-0.00608318
-0.00538988
0.00546079
0.000184327
0.00608064
1.07806e-05
-0.00607133
-0.000173995
-0.00537478
7.11129e-06
0.00538699
0.00614122
0.000184165
-0.00457008
-0.0051812
0.00774221
0.00763827
0.00724644
-0.00130474
-0.00301005
-0.00193413
0.00995083
-0.00729199
0.0112557
-0.00259688
-0.00129169
0.00704314
7.76941e-05
-0.000487307
-0.00243701
0.0113909
-0.00711791
-0.0139535
-0.00821083
0.00990726
-0.00240945
-0.00311566
-0.000263261
0.00144047
4.51324e-06
-0.000181926
0.0001464
0.00176374
0.000618422
-0.0140189
-0.00784463
-0.00323459
-0.0033502
-0.0025392
0.000498259
-0.000643012
-0.00705709
0.00724028
8.53112e-05
0.00775151
-0.00781067
-0.00723137
0.00698717
0.000163995
0.00981877
-0.000454361
-0.0102257
-0.000100014
-2.33771e-05
-6.53732e-05
-0.000484936
9.02602e-05
-0.00450712
-0.00523512
5.74778e-05
-0.000563354
-0.00234783
0.00104452
-0.00250083
-0.0132122
-0.0219955
-0.0124932
-0.00253848
-0.00150791
-0.00111515
-0.00142374
-0.00119086
-0.000749531
-0.000393631
-0.000167137
-3.71693e-05
-4.40899e-05
-4.00261e-05
4.98403e-05
0.000155623
-0.000209296
0.000120112
0.000168712
0.000100986
0.000174274
-2.23095e-05
0.000121799
9.25454e-05
0.000102668
6.02639e-05
1.85393e-05
2.35367e-05
-6.26539e-05
-8.24625e-06
-1.24561e-05
-4.74688e-05
-5.18674e-05
-8.44212e-06
-2.47872e-07
-5.45976e-05
-5.34353e-05
-8.27328e-06
1.59628e-06
-5.11411e-05
-5.90557e-05
-8.34774e-06
9.48172e-06
-4.40673e-05
-6.40409e-05
1.59992e-05
-3.14991e-05
1.07901e-05
-4.13529e-05
9.68784e-05
4.93741e-05
-1.70069e-05
1.52904e-05
-7.08524e-05
-1.54488e-06
0.000111406
-5.42595e-05
-4.64975e-06
5.0943e-05
5.17062e-05
8.47181e-05
-6.62762e-05
5.16618e-05
3.00067e-05
-6.99539e-05
0.000275491
-1.28227e-05
-0.000272484
0.000609938
-9.94607e-05
-0.000749527
0.00131108
-0.000238139
-0.00171007
0.00266498
-0.000439685
-0.00345739
0.00504928
-0.000725453
-0.00637867
0.008803
-0.00116535
-0.0108051
0.0139574
-0.00226527
-0.0171465
0.0180667
-0.00659461
-0.0194383
0.0116298
0.00405632
-0.00549239
0.0204345
-0.00187122
0.0248748
-0.0175181
0.00978104
-0.0141645
-0.00219607
0.00929485
-0.0087362
-0.000869913
0.00602249
-0.00512777
-0.000539914
0.00342825
-0.00282178
-0.000335206
0.0017674
-0.00143403
-0.000196675
0.000824581
-0.000667385
-9.47918e-05
0.000349884
-0.000264556
-1.47371e-05
0.000142729
-2.38398e-05
0.000120233
-0.000185564
0.000158023
-1.15988e-06
0.000110265
-0.000115851
-1.02529e-06
5.31286e-05
-6.59336e-07
-5.47925e-05
5.25307e-05
2.29328e-06
-5.03428e-05
5.01028e-05
4.2848e-06
-4.87914e-05
2.48628e-05
-3.81883e-05
-1.05224e-06
3.07437e-05
-2.17379e-05
2.52588e-05
-2.51164e-05
2.69196e-05
-2.83343e-05
2.59825e-05
-1.00414e-07
1.26782e-05
-2.99822e-05
5.97846e-07
2.36928e-05
-2.46e-05
2.70321e-07
2.56688e-05
-2.16678e-05
-5.05981e-07
3.10243e-05
-2.15325e-05
3.32322e-05
-3.83401e-05
-2.3689e-05
3.0851e-05
-1.04966e-05
-6.45936e-06
3.62884e-05
-2.52102e-05
8.5771e-08
3.06363e-05
-2.93414e-05
-9.9641e-07
2.71541e-05
-3.50217e-05
7.04067e-07
-1.97495e-06
-3.99961e-05
-7.64341e-05
0.000307975
0.000472943
4.3662e-05
-0.000629382
-3.66577e-05
-3.93185e-05
-0.000435752
-1.3618e-06
0.000702804
-0.000475968
-1.92103e-06
0.000278067
-0.000165455
0.000287549
-2.05704e-05
-6.72272e-05
-0.000250474
7.51392e-05
-3.3727e-05
3.24256e-05
2.46344e-05
-0.000162639
7.07839e-05
-4.4169e-05
-0.000183364
-0.000433176
-0.000827823
-0.00132388
-0.00167194
0.000774497
0.000784132
0.000831201
0.00056519
0.0017463
-0.000850804
-0.000366547
0.000193391
0.000510852
0.000295152
0.000361891
0.000193372
0.000162015
8.62185e-05
0.000108506
6.24945e-05
4.79109e-05
4.37736e-05
0.000103213
7.97261e-05
8.11991e-05
-3.3384e-05
7.00805e-05
1.19789e-05
1.21501e-05
5.93239e-05
0.000102119
8.26876e-05
8.02043e-05
9.01969e-05
8.36356e-05
9.14164e-05
6.9693e-05
5.23852e-05
-0.000140851
1.22985e-06
-3.19154e-06
-0.000236733
3.69915e-05
4.1727e-05
5.70492e-05
5.7567e-05
8.63899e-05
0.000164966
0.000295553
0.000496933
0.000607023
-0.00112861
-0.00154791
-0.00204107
-0.00583198
-0.0436421
-0.0245607
0.001817
0.00214563
0.00208198
0.00115368
0.00116594
0.00134948
-0.0105882
-0.0165475
0.0143575
-0.0104374
0.00856295
0.000564096
-0.00702363
0.00968443
0.000821679
0.000125207
-0.00059439
-0.000795679
0.0151096
-0.00235061
0.0110024
-0.00877932
0.00143945
0.000573609
0.000562582
0.000548976
-0.000693411
-0.000491812
-0.000356205
-0.000239264
-0.000149142
-7.91933e-05
-4.00998e-05
-4.40604e-05
8.8764e-05
2.07988e-05
0.000168631
-0.000219998
-6.75388e-05
-5.33205e-05
1.39622e-07
-2.12519e-06
-6.51267e-06
-2.67887e-06
-2.56745e-05
7.70521e-05
-5.15104e-06
-2.13552e-07
-4.0197e-05
2.66133e-05
0.00010066
6.13624e-05
2.71244e-05
-8.60407e-06
-1.13324e-05
-4.26183e-06
6.11849e-07
4.52078e-05
-7.13997e-05
-2.50642e-06
1.69294e-06
-1.09462e-05
-3.33327e-05
-2.66813e-06
1.72237e-05
-2.83756e-05
-3.00093e-05
-2.66815e-06
1.96403e-05
-3.056e-05
-2.70396e-05
-2.52286e-06
1.56507e-05
-1.86354e-05
-2.02894e-07
1.97765e-05
-1.4141e-05
1.15953e-06
2.74788e-05
-2.50742e-06
3.2389e-05
-1.05635e-05
-1.36503e-05
3.58631e-05
-5.39364e-06
-7.41595e-06
3.158e-05
-1.79286e-05
1.40896e-06
2.40321e-05
-2.27441e-05
-7.82965e-07
-2.34771e-06
-6.81958e-06
-6.707e-06
-1.12577e-05
-1.94091e-05
-2.52129e-05
-1.89441e-05
7.43864e-06
6.89404e-05
2.43817e-05
-2.28049e-05
-0.0150586
0.0135649
1.98115e-05
-0.000350955
8.72334e-05
0.0214631
7.67958e-06
-0.0186207
8.03145e-05
0.000114269
8.58505e-05
-0.000661065
-0.000914491
-0.000492727
-0.000773167
-0.000359557
-0.000525521
-0.000241879
-0.000340748
-0.000149547
-0.000208404
-8.43483e-05
-0.000125376
-4.24736e-05
-7.7598e-05
-4.47354e-06
-2.62653e-06
4.2938e-06
5.79343e-05
2.41082e-06
8.48633e-06
7.49449e-07
-3.78016e-06
-1.80781e-07
-0.000101434
9.61777e-05
-1.26804e-09
9.74251e-07
-9.05943e-07
6.63658e-07
-1.22767e-07
-3.76389e-06
-4.08373e-06
-6.37213e-06
-6.58716e-06
-1.89932e-06
4.96635e-06
1.98319e-05
4.61059e-06
4.53309e-06
-1.57502e-05
-1.15318e-05
-3.47e-05
-0.0122387
0.009542
0.000110321
-0.00736625
0.00549331
-0.0049438
0.00361655
-0.00258871
0.00181995
4.48098e-05
0.00155251
0.000122948
-0.00154419
6.92796e-05
0.00288284
0.000186363
-0.00288927
7.81993e-05
0.000178238
-0.000966674
-0.00010671
0.000496755
-0.00446614
0.000210756
0.00207626
-0.000192523
-0.00149112
-0.00182011
0.000151796
0.00109695
-9.24255e-05
-0.000769451
6.85613e-05
0.000522306
-4.16885e-05
-0.000302845
-0.000304152
2.70058e-05
0.000237249
-2.72566e-05
0.000203475
2.27664e-05
-0.000290079
-0.000321101
0.000557996
-4.37194e-05
0.000466046
3.10032e-05
5.94668e-05
8.75107e-06
1.6276e-05
2.24094e-05
2.24926e-05
-3.0295e-06
-6.09521e-05
0.000503634
-4.93534e-05
-0.00702955
0.00233641
0.00127999
0.00280718
-0.00990749
0.00836388
0.00782266
0.0145737
0.0078255
0.00836331
0.0142085
0.0190729
0.0196713
0.0118033
-0.024543
-0.00085241
0.0145773
-0.000572544
-0.0164167
-0.015939
0.00101761
0.0125264
-0.000849932
-0.0112414
-0.00941998
0.000603254
0.010375
-0.000177897
-0.008168
0.00598988
-0.000100926
-0.00444503
0.00315221
-5.37427e-05
-0.0022104
0.00152064
-2.48489e-05
-0.000999149
-0.000149866
-0.000269751
-0.000449032
-0.000677265
-0.000675306
0.0160405
-0.000295969
-0.0137478
0.000232686
0.000491399
-2.17137e-05
7.14139e-05
0.000443709
-0.00827204
0.00778107
0.00135413
0.00426709
-0.00812201
0.0118584
0.00720684
0.0141959
0.000329412
-0.000292259
0.000358016
-0.00135413
3.86183e-05
-1.01655e-05
0.000203603
-0.000154882
3.92844e-05
-0.00163536
-1.86333e-05
-0.00763023
0.00281415
-0.0112907
0.00234635
0.00246804
-0.011369
0.00234421
-0.0098845
0.00309196
0.00334319
0.00251264
-0.00967417
0.0023102
0.000501734
0.000236679
0.000154761
5.25631e-06
-2.16858e-05
-0.00574219
0.0055959
-0.00558587
0.00414558
-0.00421435
0.00302196
2.33897e-05
3.73139e-06
1.77298e-05
0.00574472
5.26453e-06
-4.08336e-06
5.81158e-06
3.26805e-05
0.000114179
0.000194179
4.24825e-05
1.70187e-05
6.87207e-05
5.37438e-06
-1.88402e-05
2.42267e-05
5.10377e-06
-1.85204e-05
9.5274e-07
-2.33312e-05
-1.85965e-05
-3.65302e-06
-8.47146e-06
-3.81007e-06
-6.53633e-06
3.52191e-06
4.98555e-06
3.40516e-06
5.01544e-07
3.13041e-06
5.14126e-06
4.65634e-06
-6.86049e-05
-0.000101263
7.10455e-06
6.80193e-06
3.1712e-06
1.64492e-06
2.07098e-06
1.02064e-06
3.63704e-07
1.2898e-06
3.5494e-06
0.00142798
-0.00145669
-1.90645e-06
-0.00202566
0.00140249
-0.00124085
0.000833457
-0.00054644
0.000342458
3.32034e-05
0.000334138
4.53241e-05
-0.000329339
3.32368e-05
0.00076889
7.66601e-05
-0.00074677
3.50724e-05
5.18678e-05
-0.000281572
-4.02338e-05
9.7849e-05
-0.00100449
5.73778e-05
0.000430288
-4.29452e-05
-0.000289279
-0.00033116
2.98924e-05
0.000207498
-2.59887e-05
0.000231303
2.77662e-05
0.000221878
-2.60337e-05
0.000221143
2.61473e-05
5.23364e-06
1.01794e-05
3.94602e-07
-1.10305e-05
-1.64398e-05
-2.0804e-05
-1.77106e-05
1.34247e-05
8.81087e-05
0.000199218
-0.000448163
-0.000700075
-0.000329029
-0.000469935
0.00578324
-0.00410652
-0.00594461
0.00469347
-0.00308885
0.00237017
0.000193044
-0.00216022
0.00318749
0.000346469
7.07408e-06
-0.00014426
8.34802e-05
-0.000183436
-0.000295043
0.000473141
-0.00139016
-0.000840792
0.000542155
-0.00102288
0.00867313
-0.00709759
9.98682e-05
0.000142043
-0.00015078
7.37655e-06
-7.61411e-05
0.00334438
0.00309368
-0.00763334
0.000592303
-6.87033e-05
-3.40728e-05
-2.32147e-05
3.06124e-05
-0.000115452
-0.000539979
-9.6108e-05
0.0211966
0.000349288
0.00026299
-0.000248411
-0.000626522
0.000108649
0.00232315
-0.0171657
0.00122992
0.00121225
5.25453e-06
-6.55368e-05
-4.84259e-05
-2.44033e-05
-9.41334e-06
3.98209e-06
1.1848e-06
1.14573e-07
-1.26033e-07
6.89359e-07
8.16903e-07
-4.45441e-05
4.5288e-05
-6.84844e-05
-3.69591e-07
5.21042e-06
-4.42252e-06
-2.68242e-05
-2.7547e-07
2.14603e-05
-2.02852e-05
-2.21761e-05
-2.35488e-07
2.31199e-05
-1.74122e-05
8.5142e-07
3.0339e-05
-4.71902e-06
3.18775e-05
-1.29588e-05
-1.18958e-05
3.62999e-05
-3.67584e-06
-7.33113e-06
2.96041e-05
-1.56849e-05
1.37373e-06
2.45965e-06
-1.93176e-07
8.56663e-08
1.80492e-07
-2.95485e-07
2.78487e-07
-0.00025593
-2.36485e-06
0.000252434
-3.91617e-06
-3.84567e-07
4.05634e-06
-1.92753e-06
2.20374e-06
4.13935e-07
-1.34728e-06
-6.60474e-06
-1.93791e-05
3.27886e-05
-8.47527e-06
5.70738e-05
-4.38601e-05
-7.40768e-05
-2.2938e-05
7.73259e-05
0.00069072
0.000440091
0.000273378
0.000157791
8.31244e-05
-1.89952e-06
1.51375e-06
-6.80234e-07
3.72573e-06
3.15276e-06
-4.39297e-05
4.32258e-05
-6.53289e-05
9.65562e-07
1.30644e-05
-1.36926e-06
-2.27214e-05
8.08893e-07
3.29839e-05
-8.35661e-06
3.15726e-05
-1.36802e-05
-9.9625e-06
3.40994e-05
4.87907e-06
-7.70811e-06
-9.34002e-06
2.7156e-06
1.3451e-06
-5.03419e-06
1.64084e-07
4.56508e-07
-2.1073e-07
-4.62297e-05
-1.80174e-06
-2.02533e-06
-1.32602e-07
-1.43057e-06
1.91887e-07
3.60467e-07
2.74546e-05
6.16386e-07
1.7322e-06
2.96448e-06
5.03269e-06
6.95018e-06
7.25617e-06
7.67017e-06
-1.03339e-06
-1.06518e-05
2.05417e-05
2.19991e-05
7.33648e-07
-6.00716e-06
-5.45942e-06
5.94906e-06
6.86587e-05
3.68768e-05
2.88946e-05
6.92735e-05
3.69324e-05
4.50261e-05
0.000119356
9.25113e-05
3.89684e-06
1.59037e-05
7.13431e-06
3.03557e-06
2.07623e-06
1.36534e-06
-6.8724e-06
3.80127e-06
-0.000220845
-0.000306975
-0.000136781
-0.000194919
0.00161416
-0.0010212
-0.00146317
0.00110525
-5.39444e-05
-3.97468e-05
-6.61598e-05
-1.69811e-05
-0.000373675
-0.000701219
0.000362019
0.000202509
-0.000161278
-3.45421e-05
7.36682e-05
0.000107145
-0.000430433
0.000744503
9.66942e-05
-4.93138e-06
-2.94861e-06
-0.00010226
2.88037e-05
-5.50484e-06
2.66179e-06
-1.43217e-06
8.27773e-06
3.68989e-06
-0.00988251
5.046e-06
0.00980559
-0.00753697
1.59135e-06
0.00563865
-0.00568107
0.00757935
-0.00766451
1.4012e-05
0.00574145
-0.00570647
0.00759264
-0.00992414
3.1841e-05
0.0100055
-0.012662
0.0125313
-0.0124767
0.012797
-2.77352e-05
0.00962518
-0.0101098
-6.79396e-06
0.00773808
-1.93114e-05
0.00552882
-0.0057978
4.37672e-06
0.00426248
-8.89296e-06
0.0029079
-0.00303957
0.00296376
-0.00298512
8.14482e-07
-0.00414516
0.00417144
9.31964e-08
-0.00422348
5.55261e-06
0.00301194
-0.00300283
0.00416889
-3.65245e-05
0.00644042
-0.00401065
1.99126e-05
-0.0087248
-3.92441e-05
0.0112616
-0.00703956
2.69028e-05
-0.0144929
0.0126011
-0.0156915
4.59808e-05
0.0158127
1.73351e-06
-0.0155837
1.23328e-05
0.0154522
-3.31121e-05
-0.0159738
2.4155e-05
0.0152503
-0.0123345
0.0111586
0.000278814
-0.00872217
0.00010484
-0.00741528
0.00666708
0.000181248
-0.00499336
8.78944e-05
0.00365873
0.000113801
-0.00261596
5.95012e-05
-0.00203952
-3.19165e-06
0.00140071
-0.00145729
0.00214715
6.18466e-06
-0.00208337
7.57318e-07
0.00142499
-0.00143439
0.00209765
-2.05773e-06
-0.00212762
2.07303e-06
0.00144477
-0.00144648
0.00209081
-2.7068e-05
0.00336925
-0.00210307
7.15805e-06
-0.00480295
0.00291975
-0.000217807
-0.000143101
-0.000349843
-0.000262964
-0.000527851
-0.000435401
-0.000798968
-0.0011704
-0.00181389
-0.00584214
-0.00949055
-0.0251703
-0.00995212
-0.0269665
-1.20373e-05
0.0152491
-0.0283665
0.0254496
-0.000195645
0.0217288
-0.0218843
-0.000111949
0.0186871
-0.0186496
0.0184704
-0.0184388
0.0188454
-0.0183583
0.0169605
0.000495635
-0.0137982
6.08916e-05
-0.000117692
-0.000548269
-7.1422e-05
-0.000100871
-0.000554974
-0.000553816
0.000724063
0.000499935
-3.16818e-05
-6.63547e-05
0.000343836
-4.17513e-06
8.46877e-05
-0.00404417
0.00289979
5.1668e-05
4.36297e-06
8.82062e-06
-8.06902e-06
7.32462e-06
4.65121e-06
-2.41148e-07
-0.000921375
0.000620707
1.43707e-05
-0.00037897
-2.9228e-06
5.96795e-09
-7.42896e-07
0.000254436
-1.44879e-06
3.69763e-05
3.34676e-05
-3.08816e-05
3.3322e-05
-6.16472e-05
1.41219e-06
-4.35026e-05
3.38158e-05
-2.00426e-05
-1.40243e-05
-3.33067e-05
-3.02843e-06
9.70833e-07
2.76171e-06
4.53953e-06
5.32008e-07
-1.92769e-06
-1.7026e-05
-1.1281e-05
5.95673e-05
1.44105e-05
8.94797e-06
7.29983e-05
2.95195e-05
2.85022e-05
-1.14203e-05
-1.77088e-05
2.502e-06
1.74415e-06
6.2013e-06
2.18933e-06
-2.3796e-06
-2.68844e-06
-3.54517e-06
-1.21111e-05
-3.77e-06
-2.65329e-06
-2.46441e-06
-5.19268e-06
2.40197e-05
-6.82045e-07
-3.49857e-07
-2.48869e-07
1.87959e-05
-8.31683e-07
-2.47441e-06
-1.24995e-06
1.17773e-06
3.44207e-07
-5.3188e-06
1.31876e-09
-1.09005e-07
1.71921e-06
1.81612e-06
6.86696e-05
-2.6851e-06
2.87597e-05
1.001e-05
2.6973e-05
6.26297e-05
0.000123495
0.000216775
9.83787e-05
5.70358e-05
2.93099e-05
0.00069093
-0.000399644
2.75386e-05
0.000174313
-2.6088e-05
0.000244467
-2.25785e-05
-6.79632e-05
0.000571361
7.11645e-05
0.000489416
-4.18823e-05
-0.000315062
-0.000294995
-5.77759e-05
0.000253938
0.000479035
0.000819873
0.0012073
0.00134216
0.000903778
0.00255194
0.0135881
0.0230705
0.0212086
0.0117093
-0.0241424
-0.0253553
-0.000864044
0.0146038
-0.000569565
-0.0165135
0.00103094
0.0117359
-0.000869721
-0.0105279
-0.0101334
0.000783299
0.00830119
-0.000569882
-0.00556937
0.000354037
0.00406332
-0.00303783
0.000206457
0.00214952
-0.00151957
0.000111832
0.00104072
-0.000148778
-0.000296725
0.00257162
-0.000192172
-0.00177501
0.000122722
0.000216
0.000342722
0.000497517
0.000719194
0.00245922
-0.0113967
0.0146879
-0.000877043
0.01493
-0.000516852
-0.0151898
0.000790238
0.0108764
-0.0012706
-0.00204979
-0.00212858
0.0221023
0.0189819
0.0118059
-0.0244816
-0.0245438
0.0197168
0.0190148
0.0196924
0.0139182
0.0221002
-0.0244689
-0.00212781
-0.00204909
0.0140426
-0.000502693
-0.015094
-0.0175616
0.00102703
0.0113315
-0.000868801
-0.0106415
0.000811285
0.00773416
-0.000563166
-0.00620461
-0.00598843
0.000477401
0.00485606
-0.000346716
-0.00359367
0.000278232
0.00233997
-0.00325736
-0.00335094
0.00452589
-0.000337174
0.00439398
-0.000481807
-0.000781198
0.00749221
-0.00120837
0.0114455
0.000795707
0.00246811
-0.00120865
-0.00127385
0.0107501
-0.000847068
-0.00932766
-0.0113409
0.00079183
0.00737188
-0.00056315
-0.00631088
0.000496538
0.00462399
0.00035315
0.000506042
0.000704731
-0.00019125
-0.000191851
-3.47423e-05
-2.64424e-05
2.90549e-06
2.19511e-06
2.13794e-06
1.62711e-06
-3.67195e-06
-6.79942e-06
-5.61264e-06
-4.40058e-06
-7.83669e-05
-0.000121723
-3.38989e-06
-2.2693e-06
-5.48556e-06
-5.83732e-06
-7.7413e-06
2.66392e-07
1.01716e-07
-3.16263e-08
3.41453e-06
5.46247e-06
7.63192e-06
-4.08261e-06
-2.13638e-05
0.000222753
0.000126404
1.61713e-05
1.01441e-05
5.067e-06
1.8782e-06
3.19704e-06
3.23493e-06
4.59528e-06
5.56343e-06
2.74608e-05
6.29052e-07
4.38564e-06
3.98419e-06
-9.89828e-06
2.02944e-06
6.37127e-05
2.69499e-05
1.04218e-05
3.14211e-06
3.41673e-06
3.54365e-06
5.62305e-06
7.80346e-07
7.73592e-06
7.73018e-06
-1.27848e-06
4.92674e-07
-1.23757e-05
5.94035e-06
8.02232e-06
-2.30136e-06
-3.07954e-05
-6.639e-05
-2.11325e-05
-3.74627e-06
6.1232e-06
7.78391e-06
1.01102e-05
0.000100435
0.000154845
-0.00406726
8.46947e-06
-5.04851e-05
-5.82342e-05
2.11181e-05
0.000285142
-0.000297317
-6.64894e-05
0.0162457
-0.0166775
-0.000464645
-9.89486e-05
-0.000224559
0.0167863
-0.0173116
0.000333489
-2.73675e-05
-0.0101896
0.0102041
-0.000134959
-5.39802e-05
-0.0252475
0.0250365
-1.73057e-05
0.0211437
-0.0213486
-3.67727e-05
-4.56163e-05
0.000112271
0.000787959
-0.000807091
-0.00208323
-0.00247746
-0.00173545
-0.000141743
-0.000145812
0.0178987
-0.011479
0.013232
-0.0217287
9.17639e-08
8.94285e-05
6.36905e-05
-2.70812e-05
0.00018518
0.000163649
0.000102789
-0.0001655
-0.000209067
-9.63412e-05
-0.000108515
-0.00100787
9.89056e-07
0.00161183
-0.00112131
0.000957709
5.40292e-07
0.000633236
-0.00063804
-1.17293e-05
0.000401078
-7.14848e-07
0.000254935
-0.000259868
-7.36167e-06
-5.81128e-06
1.73387e-05
-9.45122e-06
-8.13474e-06
-4.54931e-05
-4.5563e-05
2.99504e-05
5.63326e-05
-2.57253e-06
1.30645e-06
1.09069e-05
3.1114e-05
4.85524e-05
2.6675e-05
1.40558e-05
6.97583e-06
3.21149e-06
-4.3743e-06
-1.67333e-06
-0.000415864
0.000407753
1.65941e-07
0.000254933
-0.000256012
-1.45883e-06
-0.00016529
0.000161285
3.98628e-07
0.000110325
-0.000110732
-6.5335e-07
-1.42845e-08
-3.38976e-07
-1.73253e-06
-1.64817e-05
-1.18539e-05
5.39452e-05
6.2212e-06
1.74085e-05
7.01523e-05
2.82648e-05
3.0751e-05
6.00746e-06
-9.25669e-06
1.81928e-06
2.65098e-06
-1.83219e-06
1.37697e-06
-1.01006e-06
-6.54473e-06
-4.86124e-06
1.38816e-07
9.22426e-08
-3.63086e-06
-2.54342e-06
-3.63562e-06
-3.08114e-06
-1.79387e-06
3.07998e-07
6.3443e-07
1.07949e-06
-3.45023e-06
-2.49511e-06
-0.000981473
0.000965379
5.00998e-07
0.000627004
-0.000630665
-2.10514e-06
-0.000404689
0.000420318
3.3373e-07
0.000253736
-0.000256907
1.733e-06
0.000166309
1.03242e-06
0.000111865
-0.000106118
7.08408e-07
5.30787e-07
2.30378e-07
3.81761e-07
3.63879e-07
-9.71178e-06
4.95147e-06
6.14569e-07
-2.1985e-06
-2.2186e-07
7.00793e-07
4.42335e-06
-9.79681e-06
-9.02731e-06
3.01214e-06
4.78683e-07
-9.57178e-07
-1.12608e-07
1.75457e-06
-1.87086e-06
2.0064e-06
3.28114e-06
-3.30806e-05
-3.10196e-05
-3.53399e-05
2.90259e-06
3.56436e-07
1.40923e-06
-8.40283e-05
7.38639e-06
0.000139977
1.68658e-05
-0.000226666
1.65701e-05
0.00035774
2.65761e-05
-0.000554031
3.50827e-05
0.000846682
3.63026e-05
-0.00125596
6.63301e-05
0.00183941
4.75344e-05
1.06302e-05
-2.99266e-05
-1.94581e-06
-3.27536e-06
4.00117e-07
7.82427e-06
1.17991e-05
-0.000142107
-0.0218178
0.000461501
0.021364
-0.00012572
-0.0186516
0.00140744
0.0208408
0.0051935
-0.00351601
-0.0307243
0.00981212
0.00419126
-0.00236383
0.00149515
0.022321
0.016917
0.0212588
0.0211028
0.0156047
0.0108283
0.0230736
0.00255448
0.00177445
0.00184754
-0.000837157
-0.00664314
0.00700228
-0.000522354
0.00147209
0.00096379
0.000554576
0.000289726
-6.4101e-05
-5.67057e-05
0.000514656
6.68901e-05
-0.000735611
-0.000744215
0.00116482
-9.20484e-05
0.001141
-0.000134167
-0.000271424
0.000809781
0.00117232
0.00125454
-0.000781996
-0.000841314
0.00839165
0.00182348
0.00175995
0.00248707
0.00151499
-0.00236244
-0.000614399
-0.0213203
0.00080474
0.0160339
-0.0006796
0.00128965
0.000322457
-0.00164162
-0.00017108
-0.00819449
0.0003623
0.00395837
-0.000346664
-0.00298298
-0.0036644
0.00028316
0.00226787
-0.000185957
-0.00170446
0.000151789
0.00120265
-0.000135645
-0.000153397
0.000991944
-9.57097e-05
-0.000686303
-0.000819347
0.00127425
-0.000716456
0.00153991
0.000115415
-0.00222502
0.00024546
-0.000528907
-6.61138e-05
0.00317372
-0.000278453
0.000545678
0.000104405
5.01722e-05
-0.000465868
0.000875029
-0.000695028
0.000911981
0.0103856
0.00144481
0.000940427
0.0005337
0.000297379
-0.000161179
0.000125301
1.1328e-05
-0.000160121
-2.27478e-05
1.48342e-05
-9.72524e-05
-5.23143e-06
0.000298452
-8.10205e-05
1.31418e-05
-1.27582e-05
-8.77592e-06
-0.000148862
0.000112776
2.6087e-05
-0.000104408
0.000268281
0.00011406
2.61019e-05
-4.1891e-05
-0.000115138
-5.777e-05
-8.21282e-05
3.30385e-05
0.000120488
0.000128761
0.00026262
0.000481465
-0.000272578
-0.000300253
0.00262211
-0.000525202
0.00493097
-0.000482715
-0.00158087
0.00246579
-2.02953e-05
-8.10868e-05
-5.94836e-05
3.77836e-05
-5.73758e-05
-8.1502e-05
-2.00256e-05
-2.27819e-05
3.82576e-05
-5.43293e-05
-8.43028e-05
-9.46292e-05
-5.43492e-05
-8.07191e-05
0.00015102
4.93902e-05
-2.18452e-05
1.52961e-05
0.00600851
0.000154486
0.00349165
0.0206093
-0.000916563
-0.0306846
0.00984198
0.00420772
0.00562272
0.00844875
0.0223161
0.00477121
-0.00345752
0.0169195
0.0210628
0.0108264
0.00255128
0.0221258
0.0156717
-0.00589137
0.00785003
2.34716e-06
7.16794e-06
5.66609e-06
3.53796e-06
5.96864e-06
3.16438e-06
2.26079e-06
2.53216e-06
2.03616e-06
9.46525e-06
5.23757e-06
5.70831e-06
6.18371e-05
2.09456e-05
0.00061856
-0.000638832
-7.54795e-07
-0.000935645
3.63892e-05
8.1972e-06
-1.50493e-05
-3.40783e-07
9.29021e-07
3.90882e-06
6.91274e-06
-2.1402e-07
-6.89639e-05
-3.27546e-05
0.000324161
0.00226706
-0.0172355
0.00124302
0.001244
0.000713315
-9.50596e-06
-2.50111e-05
-6.47685e-06
7.7728e-08
1.92637e-06
5.07129e-06
0.000991034
-0.000958474
-8.32713e-07
2.48639e-07
1.89189e-07
3.65178e-07
-1.78651e-06
9.22148e-06
2.29857e-05
-6.26467e-06
-2.62923e-06
-1.54517e-06
-2.39357e-07
-2.96814e-06
-1.51295e-06
2.24225e-06
2.29072e-06
-6.88894e-06
-2.59508e-06
-4.68369e-07
-4.33595e-08
1.21042e-06
1.46116e-06
-4.40339e-06
3.80723e-06
3.80168e-06
5.83902e-06
-0.000393627
7.74633e-05
0.000154999
0.000277591
0.000453482
9.11859e-05
5.57308e-05
2.23523e-05
3.27755e-05
1.24198e-05
6.21271e-05
-2.3074e-05
-5.48174e-06
5.7647e-06
1.19353e-05
-0.000155783
2.89753e-06
5.12399e-07
-0.000159642
1.85337e-06
1.23066e-05
3.27665e-06
5.9423e-05
0.000164619
0.000876083
0.00562287
0.00148665
-0.0251009
0.0248725
0.000102342
-0.0250881
0.00149602
-4.39411e-05
-2.58707e-05
0.000316105
0.000579112
0.000923056
0.00132424
0.00249299
0.00843216
0.00474589
0.00229297
-0.00969894
0.0141438
-2.57654e-05
-4.05233e-06
7.61216e-05
-0.00242293
0.00147035
-0.000135662
-8.91223e-05
-1.81367e-05
0.000679245
-7.62312e-05
-5.30559e-05
-0.000716939
0.000499695
-0.000446832
0.00881098
-0.000169722
-0.00151421
6.06782e-05
0.000541537
0.0118466
-0.0100303
0.0126116
-0.0158494
0.0149948
0.0146577
-0.0174759
0.0180037
-3.19466e-05
0.0012857
-0.00700617
5.55788e-05
0.007128
-0.00884534
-0.00031896
0.00531227
-0.000200065
0.000943363
2.2473e-05
5.06824e-09
6.67711e-05
6.79344e-05
-7.33576e-07
0.000189837
0.00152276
-0.000238144
-0.00010965
-7.01343e-05
-2.32603e-05
-0.000159993
0.0026228
-2.11889e-05
1.03158e-06
0.00105448
)
;

boundaryField
{
    face
    {
        type            calculated;
        value           nonuniform List<scalar> 
217
(
0.00251339
-0.000376728
-0.000803812
-0.000671927
-0.000190534
-0.00170424
-0.00203942
-0.000331794
-0.000356692
0.000361716
-8.67092e-05
0.00611001
0.00310879
-0.000697128
0.000419677
0.00263361
-0.00049963
-0.000347802
0.00256149
0.00421677
-0.00181725
-0.000887767
-0.00034257
-0.000298355
-0.000191584
-0.000532616
-0.000229025
0.00191964
0.000248376
0.000486031
0.00576132
0.00645301
-0.00809035
0.0025902
0.00255688
0.00336299
0.00321362
-0.000174461
-0.000237407
0.00298062
0.00312826
-0.000225139
-0.000150155
0.00313393
6.06681e-05
-0.000198792
-0.000161354
-0.00124316
-0.00108415
-0.0130658
-0.0111323
-0.000126683
-9.28485e-05
-0.00102259
-0.000964635
-0.000153509
-0.000785832
-0.011025
-0.0121002
-0.011813
0.0014841
-0.00980967
0.000736247
0.0190058
0.0151695
0.00565451
0.0128044
0.00868376
0.00755536
0.0144804
0.00779909
-0.000323284
-0.0107718
0.0103782
-0.000492318
-0.0111277
0.0105833
-0.000219763
-6.08282e-05
-0.0244769
-0.02306
0.00809961
0.0143855
0.00714629
0.0101687
0.0148347
0.00777104
0.0217848
-0.0103406
-0.000807726
-0.000785982
-0.000548391
-0.0116316
0.0108623
-0.0007839
-0.00907415
0.0104933
0.00973514
-0.0380103
-0.0237469
-0.0251439
-0.00567174
0.0158895
-0.0142087
0.0150192
-0.0204826
-0.00686675
-0.0104826
-0.00877679
-0.0161053
0.0158202
-0.0168387
0.0146095
-0.008127
-0.0103203
-0.00641012
-0.0154051
-0.017825
-0.0134645
0.00155543
0.000358016
0.00251264
-0.00135413
-0.00062128
3.86183e-05
1.58051e-05
0.000498259
-0.0025392
0.00143297
0.00176374
0.000174174
0.000618422
0.00248812
0.000329412
-0.000292259
-0.000694623
-7.61411e-05
-0.00141596
-0.00163536
-2.63188e-05
3.92844e-05
0.00144047
0.000652104
-0.000263261
-0.00247973
0.00334438
0.00309368
7.37655e-06
-0.00015078
0.00309196
0.00334319
-0.000154882
-1.01655e-05
9.98682e-05
0.000142043
-0.0033502
-0.00323459
0.0001464
4.51324e-06
-0.00311566
-0.00333167
0.00836331
0.0142085
0.00722037
0.011856
0.0155881
0.0166078
-0.00893674
0.00212793
0.00996714
-0.00926494
-0.000231906
0.00960229
-0.00958197
6.28277e-06
0.0102041
-0.0101896
-2.73675e-05
0.00969818
-0.00083946
-0.00141535
-0.0151155
-0.0189027
-0.005586
-0.00877932
-0.0128303
-0.00729199
-0.00784463
-0.0140189
0.0165987
-0.00896787
0.00211201
0.0156047
0.0118584
0.00720684
0.0141959
0.00836388
0.00782266
0.0145737
0.0078255
0.0099639
-0.00954618
-0.000463244
0.00981877
-0.0102257
-0.000454361
0.00926113
-0.00990938
0.00024785
-0.00821083
-0.00711791
-0.0139535
-0.0118272
0.00892349
-0.0165425
-0.0021315
-0.015583
)
;
    }
    outlet
    {
        type            calculated;
        value           nonuniform List<scalar> 
217
(
1.81779e-06
-1.98886e-06
4.12202e-06
2.86456e-06
1.95804e-07
3.29976e-07
-2.30826e-06
2.00181e-06
-4.13952e-06
-4.84301e-06
-2.67112e-06
-3.95246e-06
-1.88568e-06
2.70742e-06
3.54593e-06
2.35358e-06
2.34146e-08
4.11042e-06
4.72506e-06
3.17332e-09
1.55187e-08
-3.98699e-06
-2.15862e-06
-2.65547e-06
1.944e-06
-8.89265e-06
-1.00888e-05
4.07821e-07
3.05892e-07
-9.79498e-06
-8.87735e-06
3.43555e-07
2.77818e-07
-1.97053e-07
-3.26476e-08
9.08382e-06
1.04174e-05
-3.7467e-08
-2.48852e-07
1.04097e-05
9.07015e-06
-1.39487e-05
-3.0674e-05
-1.03526e-05
-2.39025e-05
-3.55137e-05
-3.85407e-05
3.09258e-05
-1.12864e-06
-2.17735e-05
2.50234e-05
2.58358e-06
-2.44554e-05
2.56884e-05
1.13876e-06
-2.72076e-05
2.35449e-05
-1.63023e-06
-2.88806e-05
-9.55772e-06
-2.7374e-06
3.5319e-05
4.50824e-05
7.61023e-06
1.59369e-05
2.78417e-05
1.20946e-05
1.21815e-05
3.0179e-05
9.60643e-06
2.88056e-05
2.80511e-06
-4.46493e-05
-3.50191e-05
-7.4347e-06
-2.7863e-05
-1.59088e-05
-1.1556e-05
-3.10507e-05
-1.28741e-05
-2.33476e-05
2.72831e-05
1.76568e-06
-2.63824e-05
2.65378e-05
5.88197e-08
-2.66298e-05
2.34163e-05
-1.2009e-06
1.58029e-05
7.63093e-06
2.76859e-05
3.52802e-05
-2.88594e-05
-9.44163e-06
-2.76628e-06
4.46955e-05
-1.87086e-06
2.0064e-06
3.28114e-06
3.01214e-06
4.78683e-07
4.42335e-06
4.95147e-06
7.00793e-07
6.14569e-07
-1.92769e-06
-1.43057e-06
-1.7026e-05
-1.13324e-05
-1.32602e-07
-4.26183e-06
-1.1281e-05
-8.60407e-06
2.76171e-06
-3.02843e-06
9.70833e-07
4.53953e-06
2.7156e-06
5.32008e-07
1.91887e-07
1.3451e-06
4.56508e-07
-9.57178e-07
-9.25669e-06
-1.73253e-06
-2.1985e-06
-1.64817e-05
-1.77088e-05
6.00746e-06
-1.18539e-05
-1.14203e-05
-9.02731e-06
-9.79681e-06
2.30378e-07
3.81761e-07
-9.71178e-06
-9.34002e-06
3.63879e-07
3.60467e-07
-5.03419e-06
1.64084e-07
-3.38976e-07
-2.2186e-07
1.81928e-06
2.65098e-06
3.0751e-05
2.82648e-05
-2.48869e-07
-3.49857e-07
2.502e-06
1.74415e-06
-2.1073e-07
6.11849e-07
2.85022e-05
2.95195e-05
2.71244e-05
-1.05224e-06
3.07437e-05
-3.83401e-05
-3.53399e-05
-2.3689e-05
-1.05635e-05
-3.10196e-05
-1.36503e-05
-1.29588e-05
-3.30806e-05
-1.18958e-05
2.90259e-06
2.52588e-05
-2.17379e-05
4.93741e-05
6.2212e-06
1.74085e-05
1.21501e-05
4.5288e-05
-4.62297e-05
4.52078e-05
-4.0197e-05
1.19789e-05
1.44105e-05
8.94797e-06
1.85393e-05
2.66133e-05
2.35367e-05
6.13624e-05
1.75457e-06
2.69196e-05
-2.51164e-05
-1.80174e-06
-2.13552e-07
5.95673e-05
6.02639e-05
-1.36802e-05
-3.19466e-05
-9.9625e-06
-2.00426e-05
-3.33067e-05
-1.40243e-05
-6.16472e-05
3.3322e-05
3.15276e-06
8.16903e-07
-1.12608e-07
2.59825e-05
-2.83343e-05
-4.05233e-06
1.07901e-05
-3.14991e-05
-4.13529e-05
9.68784e-05
5.39452e-05
5.93239e-05
2.87597e-05
-4.39297e-05
4.32258e-05
-4.45441e-05
)
;
    }
    wall
    {
        type            calculated;
        value           nonuniform List<scalar> 
1558
(
0
0
0
0
0
0
0
0
0
0
0
0
0
0
0
0
0
0
0
0
0
0
0
0
0
0
0
0
0
0
0
0
0
0
0
0
0
0
0
0
0
0
0
0
0
0
0
0
0
0
0
0
0
0
0
0
0
0
0
0
0
0
0
0
0
0
0
0
0
0
0
0
0
0
0
0
0
0
0
0
0
0
0
0
0
0
0
0
0
0
0
0
0
0
0
0
0
0
0
0
0
0
0
0
0
0
0
0
0
0
0
0
0
0
0
0
0
0
0
0
0
0
0
0
0
0
0
0
0
0
0
0
0
0
0
0
0
0
0
0
0
0
0
0
0
0
0
0
0
0
0
0
0
0
0
0
0
0
0
0
0
0
0
0
0
0
0
0
-0.000258141
-0.00299058
0.0103505
1.27386e-05
-1.91558e-06
5.20246e-07
-1.80816e-07
1.41554e-07
6.2617e-05
3.74386e-06
3.69483e-07
-0.00319688
0.000702533
-0.000219949
0.000263149
0.000695018
0.000211949
0.000746782
-0.00266249
-0.000642712
9.48771e-05
0.000355881
3.85888e-05
0.000154249
-0.000205197
-0.000138065
0.0013766
0.000737444
-0.000165885
-6.98367e-05
-0.000120402
8.08628e-06
0.000449775
0.000274856
-5.70173e-05
2.02243e-05
-2.51031e-05
1.27828e-05
1.43581e-05
7.00597e-05
4.10778e-06
3.30986e-05
-7.66206e-05
-3.78639e-05
-4.23335e-07
1.6891e-05
-2.01815e-06
9.69083e-06
-7.31472e-06
2.0669e-05
0.00015471
7.8103e-05
-1.11325e-05
5.98719e-06
-5.03576e-06
2.1185e-06
3.34686e-05
-5.66942e-06
2.64597e-06
0.00122741
0.000184001
0.00031053
5.64714e-05
8.82205e-05
4.35699e-05
3.89442e-05
2.61982e-05
-3.61818e-05
8.95041e-07
0.000133277
0.000338552
-0.00507533
-0.00287944
9.39158e-05
0.000147003
4.22791e-05
4.79377e-05
-0.000959814
-0.000415423
1.90934e-05
1.32703e-05
1.03574e-05
6.69472e-06
6.16947e-06
3.97796e-06
3.70435e-06
2.8181e-06
-4.50185e-06
1.42034e-06
1.63893e-05
1.45715e-05
5.54189e-06
2.90845e-06
-0.000207021
-0.000107572
1.36442e-06
-1.64037e-06
6.79634e-08
-3.84176e-06
-4.66834e-05
-1.41424e-05
1.43295e-07
-5.62456e-07
2.18504e-06
-0.00015284
-6.76927e-05
-4.50564e-06
3.56626e-05
-0.00078544
0.000758846
1.79985e-05
-0.000351983
0.000334297
7.4422e-06
-0.000156206
0.000127109
-3.55011e-06
-2.41633e-06
-5.09281e-06
-0.00363506
-0.0162654
0.0113718
-0.00928392
0.00727834
-0.00515214
0.00381272
-0.00280422
2.50108e-05
-4.86483e-05
4.96552e-05
-4.97614e-05
0.00187917
-0.00143708
0.000871193
-0.000648394
0.000386427
-0.000264891
0.00016698
-8.30281e-05
5.12632e-05
-5.23421e-05
5.05383e-05
-5.09916e-05
0.000100001
7.48968e-05
2.34449e-05
0.00107155
-0.00120301
-9.39165e-05
0.000179048
-0.00185224
-0.00036002
-0.0118507
-0.0414354
-7.89082e-05
1.5493e-05
-2.28384e-05
-6.39574e-05
-3.83882e-05
3.90586e-06
1.3913e-06
0.0111062
0.00482404
0.0184209
0.0118959
0.0121996
0.00264598
-0.000891581
-0.000477524
0.000854868
-0.00165044
-0.000566796
-0.00438824
-0.000675755
-0.00031692
-0.00026332
-0.00557944
0.00962947
0.00151602
-0.00524729
0.00531011
0.000118561
-0.00316841
0.00295502
2.43082e-05
-0.00163761
0.00155749
2.62184e-05
0
0
0
0
0
0
0
0
0
0
0
0
0
0
0
0
0
0
0
0
0
0
0
0
0
0
0
0
0
0
0
0
0
0
0
0
0
0
0
0
0
0
0
0
0
0
0
0
0
0
0
0
0
0
0
0
0
0
0
0
0
0
0
0
0
0
0
0
0
0
0
0
0
0
0
0
0
0
0
0
0
0
0
0
0
0
0
0
0
0
0
0
0
0
0
0
0
0
0
0
0
0
0
0
0
0
0
0
0
0
0
0
0
0
0
0
0
0
0
0
0
0
0
0
0
0
0
0
0
0
0
0
0
0
0
0
0
0
0
0
0
0
0
0
0
0
0
0
0
0
0
0
0
0
0
0
0
0
0
0
0
0
0
0
0
0
0
0
0
0
0
0
0
0
0
0
0
0
0
0
0
0
0
0
0
0
0
0
0
0
0
0
0
0
0
0
0
0
0
0
0.00209209
0.00587578
0.00180455
-0.000924373
-0.000459912
-0.000156122
-0.000121917
0.00115947
0.000111558
0.000399262
-0.000210918
2.44929e-05
0.000127142
-0.000210237
-0.000136492
1.08096e-05
6.64363e-05
-0.000135162
-8.47859e-05
-6.80971e-05
-2.42596e-05
0.000259019
-0.000176015
0.000143996
-0.000109622
-3.0699e-05
1.35875e-06
-1.21546e-05
5.24346e-06
3.48448e-06
3.34541e-05
-8.01849e-05
-3.90527e-05
-4.00246e-07
1.73279e-05
-1.93911e-06
9.97237e-06
-1.18776e-05
1.8702e-05
-5.88353e-06
2.40341e-06
8.83904e-05
-5.96257e-05
3.87129e-05
-3.10509e-05
-3.69857e-06
3.53036e-06
-1.31732e-07
1.66964e-06
1.16216e-05
-1.63928e-05
-1.89582e-05
-9.64783e-06
1.7533e-06
6.86013e-07
2.46753e-06
2.81609e-07
-3.44003e-05
-0.000827704
-3.29106e-05
-0.00193173
-0.00528498
1.77743e-05
-7.32521e-05
5.35986e-05
0.000317556
-0.00141437
-0.000413454
4.3619e-05
0.000226363
-2.53572e-06
5.76791e-06
-2.90661e-08
0.00237548
0.000769397
-4.75039e-05
0.00180605
0.000796246
-1.98343e-05
-2.83641e-05
-7.06448e-05
-1.77056e-05
0.000548019
0.00034806
-2.9312e-05
-4.55252e-06
-6.38666e-06
2.26147e-06
-0.000123563
-0.000246656
-5.0728e-05
6.20428e-05
0.000243335
7.08569e-05
0.000223729
-0.00291577
-0.00118427
4.04489e-05
9.5321e-05
1.7854e-05
3.20166e-05
-0.000595506
-0.000349443
0.000217947
0.000112434
2.41032e-06
3.96819e-06
4.64447e-06
3.46543e-06
5.49899e-05
1.79962e-05
4.7059e-06
2.56997e-06
4.99797e-06
1.68267e-06
-4.21645e-07
1.15838e-06
8.03861e-07
6.90983e-06
8.54118e-06
2.22259e-06
6.4817e-07
-0.000206191
-0.000111415
3.47362e-07
-2.11119e-06
-3.50438e-07
-3.83583e-06
-5.37665e-05
-1.80125e-05
-3.42953e-07
-7.94936e-07
3.41561e-07
6.20736e-05
0.00952001
-0.000698204
-0.000616832
0.00215892
0.000866801
-0.000387785
-0.000268141
0.000524746
0.000296466
-0.000153561
-7.18869e-05
-1.49747e-05
3.30092e-05
-2.8911e-06
-5.09846e-06
0.000165802
6.89061e-05
-0.0185357
0.0164902
-0.0193885
-0.0193531
-0.0276662
0.00846681
-0.0145467
0.0103214
-0.00876696
0.00658708
-0.00510392
0.00362649
-0.00281079
-0.00183146
0.00142637
-0.000880042
0.00066939
-0.000385994
0.000269622
-0.000168385
8.94042e-05
-9.96835e-05
-2.3368e-05
-7.43215e-05
5.11611e-05
-5.06249e-05
5.3534e-05
-5.23493e-05
0.00184604
-0.00141862
0.000874167
-0.00065438
0.000386426
-0.000270393
0.000167739
-8.97946e-05
5.25588e-05
-5.34349e-05
5.0901e-05
-5.12381e-05
9.98237e-05
7.46696e-05
2.37023e-05
1.47096e-05
-3.33527e-05
-0.000390689
-0.00029257
-0.0141871
-0.00236374
-0.000598106
5.15588e-06
3.04775e-06
8.2665e-08
0.00992552
0.0272414
0.0255104
-0.0152712
0.0178397
-0.0177104
0.0170579
-0.010133
0.0144574
-0.00954542
0.00894755
-0.00618651
0.00521139
-0.00353651
0.00288737
-0.017646
0.0177048
6.21271e-05
1.24198e-05
3.80723e-06
1.21042e-06
-4.68369e-07
-4.33595e-08
3.27755e-05
7.74633e-05
1.40558e-05
0.000102789
-9.63412e-05
-0.0001655
2.6675e-05
0.000163649
-2.59508e-06
1.89189e-07
-6.88894e-06
2.48639e-07
0.000154999
0.000277591
-1.50493e-05
-3.40783e-07
-2.99266e-05
-1.94581e-06
4.85524e-05
0.00018518
-0.000262964
-0.000435401
8.94285e-05
-0.000141743
0.000112271
-0.00173545
-0.0011704
-0.00584214
0.000787959
-0.00208323
0.000453482
0.000713315
-5.04851e-05
-3.27536e-06
-5.82342e-05
4.00117e-07
0.001244
0.00124302
2.11181e-05
7.82427e-06
0.000285142
1.17991e-05
-2.96814e-06
-1.54517e-06
-1.78651e-06
9.22148e-06
2.29857e-05
3.65178e-07
1.73387e-05
3.21149e-06
2.99504e-05
-9.45122e-06
-4.5563e-05
6.97583e-06
5.63326e-05
-0.0172355
-0.000297317
-9.89486e-05
-4.40339e-06
1.46116e-06
3.80168e-06
2.24225e-06
5.83902e-06
2.29072e-06
8.1972e-06
1.92637e-06
1.06302e-05
7.7728e-08
-2.39357e-07
-2.62923e-06
-6.26467e-06
-1.51295e-06
-5.81128e-06
-1.67333e-06
-4.3743e-06
-8.13474e-06
-4.54931e-05
-8.32713e-07
-2.57253e-06
9.29021e-07
1.30645e-06
-0.000108515
-0.000209067
8.46947e-06
-6.47685e-06
-9.50596e-06
-2.50111e-05
-3.27546e-05
-6.89639e-05
0.000324161
-0.000142107
0.00226706
-6.64894e-05
3.90882e-06
1.09069e-05
6.91274e-06
3.1114e-05
-0.000349843
-0.000527851
-2.1402e-07
6.36905e-05
-4.56163e-05
9.17639e-08
-0.000798968
-0.00181389
-0.000224559
-0.000807091
-0.00247746
-6.62762e-05
0.000142729
-0.000264556
0.000349884
-0.000667385
0.000824581
-0.00143403
0.0017674
-0.00621827
0.0170906
-0.015983
0.0162457
-0.00282178
0.00342825
-0.00512777
0.00602249
-0.0087362
0.00929485
-0.0141645
0.00978104
-0.0166775
0.0167863
-0.0173116
0.0152491
-0.0251703
-0.0269665
-0.00995212
0.000333489
-1.20373e-05
9.11859e-05
-0.00291437
0.00293647
0.000164619
-0.00477778
0.00510272
0.000876083
-0.00608404
0.00842369
0.00562287
0.00183227
0.013826
-6.59336e-07
-4.64975e-06
5.16618e-05
-1.47371e-05
-9.47918e-05
0.0221811
0.0157635
-0.000839531
-0.000464645
2.48628e-05
-4.87914e-05
5.01028e-05
-5.03428e-05
5.25307e-05
-5.47925e-05
5.31286e-05
-5.42595e-05
5.0943e-05
5.17062e-05
8.47181e-05
-6.37062e-05
-3.81883e-05
-2.3074e-05
-7.96958e-05
1.52803e-05
4.2848e-06
2.29328e-06
-5.48174e-06
-0.000157719
0.00012591
5.7647e-06
-0.000353838
0.000333019
-0.000196675
-0.000335206
2.23523e-05
-0.000768153
0.000760573
5.57308e-05
-0.00157223
0.00156843
-0.000539914
-0.000869913
-0.00219607
-0.00949055
0
0
0
0
0
0
0
0
0
0
0
0
0
0
0
0
0
0
0
0
0
0
0
0
0
0
0
0
0
0
0
0
0
0
0
0
0
0
0
0
0
0
0
0
0
0
0
0
0
0
0
0
0
0
0
0
0
0
0
0
0
0
0
0
0
0
0
0
0
0
0
0
0
0
0
0
0
0
0
0
0
0
0
0
0
0
0
0
0
0
0
0
0
0
0
0
0
0
0
0
0
0
0
0
0
0
0
0
0
0
0
0
0
0
0
0
0
0
0
0
0
0
0
0
0
0
0
0
0
0
0
0
0
0
0
0
0
0
0
0
0
0
0
0
0
0
0
0
0
0
0
0
0
0
0
0
0
0
0
0
0
0
0
0
0
0
0
0
0
0
0
0
0
0
0
0
0
0
0
0
0
0
0
0
0
0
0
0
0
0
0
0
0
0
0
0
0
0
0
0
0
0
0
0
0
0
0
0
0
0
0
0
0
0
0
0
0
0
0
0
0
-2.67887e-06
-2.56745e-05
0.00122992
5.25453e-06
1.74338e-06
0.00026299
8.11241e-07
-0.0171657
-0.000248411
1.23493e-05
3.34676e-05
-6.80234e-07
-1.26033e-07
-6.51267e-06
2.07988e-05
-2.12519e-06
1.39622e-07
-5.33205e-05
1.70028e-05
-1.28431e-06
8.9102e-05
-0.000302248
-0.000105353
0.00183531
3.69763e-05
8.31244e-05
1.51375e-06
1.14573e-07
-1.89952e-06
1.1848e-06
0.000157791
0.000273378
-9.41334e-06
3.98209e-06
-2.44033e-05
1.15957e-05
0.000100759
-0.000369473
8.09665e-05
-0.000692974
-3.14728e-06
-0.00121937
-0.00026137
-0.00120837
0.000440091
0.00069072
-4.84259e-05
1.33219e-05
-6.55368e-05
6.39848e-06
0.00121225
0.000263743
0.0170426
-1.44879e-06
-7.42896e-07
-2.9228e-06
5.96795e-09
6.29052e-07
4.13935e-07
4.38564e-06
-1.34728e-06
-3.91617e-06
-3.84567e-07
-1.92753e-06
4.05634e-06
-6.75388e-05
2.20374e-06
-1.63593e-06
3.73139e-06
-1.06464e-05
-0.00010965
-3.90101e-06
3.98419e-06
-6.60474e-06
-9.89828e-06
-1.93791e-05
-2.2938e-05
-4.38601e-05
0.000349288
-7.40768e-05
0.00232315
0.000108649
1.77298e-05
-1.47857e-05
3.27886e-05
-8.47527e-06
5.70738e-05
1.98115e-05
8.72334e-05
-0.000350955
-9.37816e-05
-0.00230252
-3.78016e-06
7.49449e-07
-2.02533e-06
3.41401e-07
1.37371e-05
0.000109469
-5.15104e-06
7.70521e-05
0.0136561
0.00192034
0.00562272
0.0221258
0.0156717
-0.000626522
1.03158e-06
-1.84423e-05
-7.71404e-06
-8.69184e-05
-4.62315e-05
-3.08816e-05
-1.8547e-06
2.0159e-06
3.72573e-06
-0.000150492
0.000342451
-0.000219998
-0.000738521
0.000798054
-0.00141604
0.000386067
-0.00618348
0.0169699
-0.0155571
0.015925
-0.0159139
0.0155385
-0.0169172
0.00617001
-9.05943e-07
9.74251e-07
6.89359e-07
-1.4102e-05
0.000168631
-0.000133922
0.000582379
-0.000207982
-0.00164386
-0.000101145
0.000112776
-0.000148862
-8.77592e-06
0.000334138
-0.000329339
1.52961e-05
0.00076889
-0.00074677
3.50724e-05
0.00155251
-0.00154419
5.01722e-05
-0.00311843
0.0026228
-0.000331917
-0.00507238
0.00470301
-0.000158789
-0.00813271
0.00571806
-0.000824232
-0.0137764
-0.00197857
-0.0055365
0.00288284
-0.00288927
7.81993e-05
0.00498112
-0.00470209
0.000154486
0.00825995
-0.00595365
0.000868932
0.000636583
-0.0219793
-0.0155366
0
0
0
0
0
0
0
0
0
0
0
0
0
0
0
0
0
0
0
0
0
0
0
0
0
0
0
0
0
0
0
0
0
0
0
0
0
0
0
0
0
0
0
0
0
0
0
0
0
0
0
0
0
0
0
0
0
0
0
0
0
0
0
0
0
0
0
0
0
0
0
0
0
0
0
0
0
0
0
0
0
0
0
0
0
0
0
0
0
0
0
0
0
0
0
0
0
0
0
0
0
0
0
0
0
0
0
0
0
0
0
0
0
0
0
0
0
0
0
0
0
0
0
0
0
0
0
0
0
0
0
0
0
0
0
0
0
0
0
0
0
0
0
0
0
0
0
0
0
0
0
0
0
0
0
0
0
0
0
0
0
0
0
0
0
0
0
0
0
0
0
0
0
0
0
0
0
0
0
0
0
0
0
0
)
;
    }
}


// ************************************************************************* //
