/*--------------------------------*- C++ -*----------------------------------*\
| =========                 |                                                 |
| \\      /  F ield         | OpenFOAM: The Open Source CFD Toolbox           |
|  \\    /   O peration     | Version:  2306                                  |
|   \\  /    A nd           | Website:  www.openfoam.com                      |
|    \\/     M anipulation  |                                                 |
\*---------------------------------------------------------------------------*/
FoamFile
{
    version     2.0;
    format      ascii;
    arch        "LSB;label=32;scalar=64";
    class       volScalarField;
    location    "2.2";
    object      gradTx;
}
// * * * * * * * * * * * * * * * * * * * * * * * * * * * * * * * * * * * * * //

dimensions      [0 -1 0 1 0 0 0];

internalField   nonuniform List<scalar> 
5712
(
-6602.18
-8438.42
-15688
-22901
-23357.2
-40324.3
-17964.7
-45771.3
-14637.9
-32162.5
-21887.5
-33289.7
-19647.6
-25751.4
-8637.91
-9873.6
-14708.2
-16845.4
-19026.8
-18867.5
-14981.9
-18519.9
-22088.1
-19823.5
-5362.98
-4023.7
-6672.07
-4480.8
-12425.5
-9921.57
-21230.3
-15359.5
-16455.4
-17094.4
-18250.6
-17379.6
-6380.64
-5008.78
-38978
-52182.9
-25175.8
-30911.5
-52453.3
-68056.9
-27131.8
-31060.4
-28879.4
-40800.5
-25194.1
-33400.9
-14729.1
-23758.5
-2819.92
-950.023
-2971.2
-1070.48
-8515.93
-3435.41
-11691.5
-4298.4
-8307.64
-3188.91
-8853.99
-2838.01
-15099.5
-4802.38
-19484.4
-6571.19
-23893.1
-11851.5
-21873.9
-12966.1
-22427.4
-14503
-19724.1
-14843.2
-17179.9
-10202.1
-17173.1
-8740.54
-22566.9
-14438.8
-22615.7
-14575.6
-20830.9
-15718.9
-21082.5
-15792.8
-18558.3
-11790.1
-19222.6
-12082.8
-17541.2
-7587.51
-8094.33
-9846.2
-17613.8
-8291.43
-7054.28
-9966.91
-18578.5
-7555.5
-9180.93
-9926.23
-19500.8
-7739.64
-9989.7
-10374.7
-3654.32
-3989.34
-1226.24
-2391.74
-10708.4
-11316.7
-4128.84
-7305.64
-13713.4
-15248.8
-6589.96
-11199
-12276
-1106.03
-13534.3
-16663.4
-9028.35
-767.124
-7468.07
-12151
-19562
-13521.2
-9840.06
-11931.6
-10408.9
-8964.98
-14053.1
-3517.43
-2904.86
-2007.55
-1992.42
-9923.38
-8386.54
-5961.91
-5673.3
-12400.5
-10525.9
-7788.35
-6990.82
-5863.31
-7454.36
-12091.4
-12521.1
-14004.9
-12747.4
-15788.9
-13759.6
-10641.4
-8953.77
-9045.63
-9551.78
-11933.9
-9463.21
-10862.4
-7949.65
-9393.1
-6510.85
-10916.9
-7170.75
-10230.6
-4830.76
-8774.88
-9535.51
-12550.7
-16399.8
-13804.3
-20113.2
-6976.21
-7773.5
-9057.58
-2957.75
-7816.76
-15084.9
-7413.89
-16164.8
-13665.2
-24822.9
-13902.8
-26334.8
-5901.2
-12947
-5359.27
-13789.4
-8146.29
-6185.56
-11317.1
-4505.81
-8401.32
-1732.97
-9877.43
-817.765
-7821.59
-9247.26
-11853.6
-5490.16
-6465.11
-10895.9
-10484.8
-7196.53
-2319
-2049.81
-1841.78
-1664.07
-1530.91
-1374.21
-6875.57
-5671.32
-4930.28
-4404.92
-3564.81
-3106.29
-8452.44
-7321.47
-6776.96
-5307.14
-4355.34
-4126.52
-6575.25
-5845.61
-5712.15
-10944.2
-8372.27
-7072.73
-10282
-7649.49
-6229.91
-10800.7
-8573.21
-7476.18
-6670.72
-4426.86
-3467.81
-15748.4
-13691.3
-11897.2
-10096.4
-8446.52
-7047.78
-8939
-6990.79
-5612.85
-7482.93
-5439.77
-4206.53
-7657.75
-4286.79
-2435.87
-10334.3
-14008.7
-8167.05
-10562.8
-11105.8
-16326.8
-9915.82
-14449.6
-41.4516
-730.726
504.642
-101.055
-2958.93
-3352.04
-1222.41
-655.998
-684.299
-2397.25
-9373.96
-13696.9
-6646.38
-3639.42
-9854.04
-9780.7
-15169.1
-16707.5
608.454
4116.61
-7544.25
-7112.93
-7150.56
-5516.5
-1024.85
-545.948
-661.456
-264.328
-1984.99
-206.403
358.446
860.954
-9219.68
-2404.09
-6224.68
-1627.35
-9000.91
-2750.23
-10898.7
-3520.72
-8786.53
-11898.7
-8131.67
-11612.1
-14101.5
-14950.9
-13465.9
-14166.8
-5641.17
-9436.46
-6508.39
-9370.43
-8631.31
-11191.3
-9524.43
-11312.7
-14032.3
-13920
-14695.9
-13984.1
-5696.76
-9137.81
-6201.58
-9313.47
101.172
-1397.73
-7484.32
-4763.72
671.059
-981.31
-6934.08
-4213.79
-356.337
-1653.3
-7657.47
-5190.17
-813.899
-1927.44
-7705.81
-5381.03
692.538
799.644
-170.757
-21.8555
2925.82
2967.89
208.474
367.367
592.296
1994.09
-1717.74
-1067.9
10262
9543.79
5580.32
4273.38
414.038
10470
10810.9
4336.84
6406.1
804.978
-10203.8
-8033.45
-7186.38
-6792.9
-4198.93
819.816
765.931
29.3945
-78.3553
2592.25
2568.93
86.5743
-168.886
2607.88
3187.83
-735.701
-1078.67
5138.11
2349.91
8195.72
5167.21
3667.04
2803.15
4139.6
3618.25
-501.02
-1473.98
-3755.25
-2372.56
-1030.04
1038.7
-1023.97
763.316
-1771.26
-420.868
-2216.11
-2543.85
-5238.33
-4800.87
-9963
-6019.72
-8106.67
-8181.52
-12310.4
-9985.51
-7912
-4681.47
-3961.47
-3948.07
-11743.9
-5196.22
-12919.6
-5827.32
-13730.5
-10190.9
-14654.2
-10921.3
-9591.56
-3819.86
-10745.2
-4426.2
-6329
-5067.52
-4986.7
-7401.54
-4117.8
-4662.65
-4271.92
-6864.22
-7294.98
-5020.02
-5630.67
-8494.18
-8847.73
-5457.2
-7018.81
-8774.77
790.008
850.813
959.811
19.1241
297.322
335.582
2882.45
3080.85
3087.14
212.022
852.598
860.163
3639.32
4089.84
4209.54
-626.331
826.406
1126.62
1273.15
1091.92
790.407
3835.59
3934.05
3677.5
3144.05
3572.71
3522.34
3890.97
4212.64
4122.75
-1408.03
364.334
502.076
-3445.46
-1955.87
-1027.36
1046.17
2199.21
2815.57
998.954
2483.34
3131.88
432.008
2048.47
2515.94
-2406.86
518.966
868.373
27.9892
40.8563
53.4366
81.106
271.579
155.676
131.024
128.418
8.78078
80.349
187.961
293.1
442.347
287.34
325.263
353.001
-229.148
32.4526
268.627
522.234
164.379
236.03
306.737
351.674
39.3494
142.507
148.593
146.9
-215.771
-5.06202
124.41
212.114
-961.135
-195.765
103.576
318.678
-1506.48
-349.474
6.70017
547.224
-669.025
-80.4007
187.616
468.157
-1238.49
-265.257
-12.3611
478.688
-1024.1
-235.168
130.531
402.32
-1689.66
-416.462
4.54211
643.463
-1144.49
-313.467
119.456
479.153
-1821.39
-477.647
-17.4721
672.974
8.13237
23.9621
46.5708
101.896
37.8513
32.7825
28.1147
93.2799
70.7637
81.9668
144.101
275.41
166.716
111.087
87.2598
252.395
-412.112
-48.5281
158.194
470.328
-188.11
31.0078
115.845
445.786
-83.8355
123.398
234.174
470.39
-22.3915
99.0743
99.1338
449.797
-1066.43
-202.282
28.1029
627.331
86.0228
46.0706
33.998
70.8086
165.034
67.3362
35.7821
33.0325
175.341
109.533
74.9711
182.248
420.67
179.003
90.1835
84.9237
99.7898
121.938
104.376
300.012
530.049
251.655
136.168
133.99
-101.615
111.128
131.773
417.349
411.879
271.975
162.161
170.529
-559.627
15.1871
69.1141
400.356
112.781
234.641
150.052
174.838
-1239.35
-122.754
55.9587
462.895
-400.576
59.5585
95.9736
163.082
-959.589
-34.8022
67.1431
431.331
-241.045
137.82
127.723
176.588
-1497.46
-231.522
19.9743
502.475
-544.948
-17.8901
62.8379
152.58
-1691.8
-340.052
-30.5615
495.968
-678.805
-102.425
18.9417
131.879
35.897
15.9344
8.25356
4.87228
3.53276
47.2962
24.4664
13.5691
8.23433
6.01828
85.7415
37.1047
19.1712
11.3789
8.31629
107.179
54.8678
30.4804
18.6005
13.6471
113.743
46.4912
23.7208
14.0673
10.311
144.278
72.8385
40.5739
24.908
18.3462
75.728
37.335
20.7108
12.7403
9.39167
53.7123
21.8828
11.1042
6.63505
4.84245
114.373
47.6161
24.7761
14.8818
10.8779
54.582
19.4865
9.54597
5.6086
4.06762
120.481
55.3678
30.1481
18.3909
13.5274
51.5316
19.3843
9.79012
5.79966
4.20213
88.0212
31.1128
14.9936
8.78235
6.37896
51.7249
17.4115
8.36285
4.91208
3.57137
76.4605
19.9936
7.75009
4.13921
2.89605
42.2359
9.4504
3.33857
1.71017
1.17399
29.9316
12.0233
5.99541
3.46403
2.48856
21.6048
9.52842
4.96871
2.91127
2.09883
73.1081
30.1879
15.4433
9.05595
6.56724
55.7903
25.1067
13.3243
7.88319
5.70693
102.594
37.239
18.2628
10.5536
7.63025
75.7709
34.616
18.5765
11.0317
8.04273
92.4002
42.5623
23.2935
14.1421
10.4108
51.5603
26.3625
14.6364
8.80492
6.48442
47.9447
23.409
13.1135
8.05162
5.93094
-332.169
-455.496
-744.071
-1113.81
-767.669
-1391.35
-240.466
-1124.4
408.047
-188.559
-719.265
-1211.69
211.889
133.084
-1134.34
-1798.52
-1438.21
-2054.88
-616.475
-143.103
-32.2213
-7.11363
-1.78329
-208.518
-93.0904
-13.1973
-3.48387
-1.50861
-1893.63
-437.575
-98.8621
-21.7181
-5.45151
-498.448
-133.694
-32.3646
-6.79762
-1.82422
-3182.69
-736.97
-166.937
-36.7901
-9.21408
-789.883
-226.082
-54.6165
-12.6231
-3.1629
-4273.04
-992.341
-225.68
-49.8821
-12.5067
-916.547
-283.738
-70.7721
-16.5475
-4.13847
-5341.86
-1252.8
-286.865
-63.7184
-16.0408
-1008.02
-343.623
-88.2843
-20.92
-5.29405
-6338.65
-1532.43
-355.735
-79.676
-20.1452
-1553.78
-476.125
-117.592
-26.9985
-6.75749
-5897.84
-1420.72
-328.358
-73.2423
-18.4612
-1209.9
-403.955
-102.79
-24.0665
-6.03105
-6541.19
-1583.9
-368.388
-82.6389
-20.9257
-1758.82
-521.702
-126.97
-28.7488
-7.17737
-6818.95
-1637.32
-381.35
-85.5082
-21.6396
-1823.7
-542.772
-133.291
-28.0415
-7.4078
-508.093
-6912.22
-6307.89
-2257.4
1639.43
2794.55
7789.06
11384.4
1758.32
8362.08
-1614.89
2596.11
2499.27
4930.39
9301.97
13162.4
14071.8
17659.5
5745.41
7440.33
-19821.4
-14341.1
-4786.68
-3756.97
-2701.7
-3862.02
-3591.61
-12213.9
-11720.5
-9993.82
-10848
-8976.73
-6429.11
-8364.76
-5563.37
-4711.78
-5734.24
-3937.43
-19778.3
-10316.8
-3667.72
-6248.96
-8457.77
-5913.47
-6465.57
-4814.66
-2936.18
-4153.74
-4404.29
-4759.77
-19499.6
-12808.4
-12182.2
-8811.02
-8766.05
-9198.21
-3976.76
-5249.7
-6641.39
-14176.4
-12328.9
-10435.7
-9738.33
-8459.04
-9330.58
-6410.84
-5008.73
-3878.89
-2013.94
-4225.48
-3503.3
-2624.83
-1635.28
-559.351
-3354.75
-2807.86
-2112.19
-1312.13
-445.597
-2399
-1993.69
-1488.13
-918.244
-310.534
-3452.79
-2891.01
-2172.35
-1346.31
-456.099
-3187.03
-2649.28
-1981
-1225.97
-415.741
-7869.34
-6053.85
-4784.16
-4486.67
-4897.5
-6417.96
-4739.74
-3403.13
-2851.26
-2005.81
-6241.12
-3750.32
-2611.17
-1834.88
-889.566
-5577.31
-3767.14
-2518.7
-1848.42
-1098.49
-4193.05
-2621.27
-1638.18
-1143.58
-563.867
-5088.22
-3800.16
-2625.92
-1570.93
-541.153
-5691.31
-3652.96
-2391.06
-1436.11
-539.473
-3651.02
-2179.24
-1305.69
-707.894
-239.484
-3881.86
-2995.4
-2108.89
-1261.85
-425.9
-4576.36
-3415.15
-2328.3
-1356.76
-450.815
-3278.51
-2550.42
-1800.46
-1072.86
-358.618
-13113.8
-10037.7
-8167.27
-7339.8
-7065.88
-7602.69
-5516.71
-4050.95
-2764.98
-1252.79
-3051.9
-2387.84
-1710.82
-1044.1
-360.126
-5292.34
-4228.47
-3097.81
-1930.12
-677.946
-6933.23
-5447.15
-4015.41
-2590.32
-983.635
-5032.38
-4054.84
-3006.59
-1899.04
-674.727
-5596.19
-4570.51
-3408
-2141.64
-748.087
-4188.5
-3423.12
-2538.16
-1575.65
-540.75
-2531.02
-2038.57
-1481.61
-899.35
-302.577
-3655.91
-3011.79
-2233.74
-1374.82
-465.278
-3745.79
-2983.85
-2157.82
-1313.55
-446.079
-4120.91
-3347.11
-2464.45
-1519.95
-519.401
-13601.3
-11320.7
-9519.69
-8563.46
-7543.53
-8905.84
-6392.85
-4948.44
-3696.53
-1900.17
-9002.56
-7150.34
-5472.33
-4073.94
-1995.15
-6935.14
-5269.78
-3978.38
-2719.82
-1114.77
-7314.88
-5853.97
-4379.49
-2848.58
-1073.59
-7182.18
-5414.3
-4060.96
-2763.96
-1119.31
-3413.12
-2759.81
-2038.31
-1272.31
-443.158
-4624.99
-3819.94
-2846.29
-1762.12
-599.278
-5714.64
-4635.73
-3436.04
-2150.37
-748.975
-5556.33
-11309.2
-11793.7
-32279.9
-11631
-43225.8
-6341.84
-15380.2
-11643.6
-8991.21
-19327.7
-16116.4
-11620.2
-10936.7
-21693
-17177.5
-4088.84
-3036.82
-7907.35
-5431.8
-9164.3
-6904.81
-24569.9
-18148.9
-15107
-11470.5
-15525.1
-9231.6
-1190.45
-3732.95
-40230.1
-52690.5
-24328.7
-30763.1
-53194.6
-68355.7
-26201.4
-30835.4
-29967.5
-41359.1
-24423.1
-33340.4
-16189.8
-24448.9
-1951.21
-514.351
-3425.14
-1168.38
-6637.35
-2961.6
-13459.1
-4858.73
-2921.67
-1656.69
-7308.24
-2296.83
-15120.2
-4748.81
-19659.7
-6619.79
-16444.1
-8513.07
-18941.1
-11256.7
-14992
-10720.8
-16818.6
-13031.5
-15117.4
-8844.22
-11965.8
-6175.39
-21431.6
-13667.4
-22331.3
-14364.3
-19674.2
-14931.4
-20773.3
-15578.3
-17796.7
-11161
-19041.9
-11908.8
-16545.1
-7301.44
-7201.37
-9497.27
-14806.9
-7462.79
-5393.73
-9330.64
-18308.2
-7482.13
-8764.02
-9754.42
-19467.4
-7733.07
-9871.87
-10324.5
-1122.72
-1009.39
-271.695
-1196.78
-4560.55
-4714.69
-2851.68
-5654.64
-2552.94
-3182.62
-4428.38
-8368.81
-12068.3
-9676.41
-9337.24
-11651.9
-7677.76
-7621.71
-8155.5
-6881.22
-13489
-11711.2
-11504.5
-9633.08
-6689.54
-5743.66
-12610.2
-1088.81
-816.942
-607.675
-681.658
-4239.19
-3367.23
-3588.32
-3162.39
-613.074
514.283
-4240.27
-3330.36
-10151.1
-10780.2
-9488.21
-8683.53
-7063.33
-5130.79
-9242.79
-7361.99
-8272.06
-6479.8
-11552.7
-11755.1
-9881.5
-7727.4
-7311.14
-4965.05
-6448.03
-4082.2
-9630.63
-5859.95
-9289.83
-5070.61
-8284.42
-9438.64
-13046.2
-17352.9
-13760.4
-20091.7
-6347.77
-7540.88
-7703.01
-2877.92
-7636
-14946.2
-7370.54
-16111.3
-13597
-24925
-13877.2
-26316.7
-5662.38
-12775.8
-5301.87
-13736.3
-7681.27
-6043.15
-11124.8
-4504.47
-7394.7
-1794.41
-9572.79
-1224.29
-7635.18
-9140.39
-11765.7
-5473.64
-6415.6
-10860.5
-10460.8
-7184.07
-804.835
-747.978
-547.044
-631.918
-2567.96
-1877.86
-2325.78
-2116.16
1076.9
588.742
-2725.24
-3025.76
-10667.8
-10120.2
-7691.35
-6640.32
-4078.71
-3437.59
-5774.73
-4765.05
-5448.29
-3978.45
-18282.2
-16008.4
-7973.5
-6788.69
-6052.53
-4608.78
-5003.78
-3217.05
-5335.98
-2321.26
-5599.66
-9212.53
-4907.7
-9329.79
-8316.99
-10393.3
-9336.15
-12718.4
-992.594
-722.622
-773.999
-659.826
-3637.51
-2602.33
-2980.82
-1680.9
-1401.72
-1676.08
-8337.45
-8956.19
-4692.81
-4242.01
-9333.46
-9662.13
-14339
-16475.6
359.002
3920.97
-7363.63
-7135.55
-7057.61
-5566.95
-1074.44
-973.227
-1168.08
-963.786
-1743.79
-1188.66
-615.111
-522.438
-8142.31
-3790.49
-6920.61
-3179.7
-9297.6
-3681.73
-11027.3
-3902.23
-5396.38
-10257.8
-6993.36
-10739.9
-8665.79
-11654.7
-11373.8
-12635.2
-5245.92
-9246.56
-4750.91
-9208.66
-8170.82
-10833.9
-9389.19
-11218.5
-13154.2
-13279.9
-14445.7
-13810.9
-5613.12
-9088.05
-6190.79
-9309.68
-514.651
-2240.13
-7917.11
-5431.9
-494.55
-2319.34
-7844.52
-5202.02
-817.212
-2246.94
-7899.31
-5600.11
-1004.27
-2166.79
-7778.45
-5522.38
-1076.21
-1181.09
-1011.15
-1095.16
-2097.19
-2145.74
-1442.17
-1565.91
-8398.14
-7727.38
-3934.67
-3969.38
-3745.05
-5214.48
-4052.83
-299.553
-1841.4
-1308.84
-1399.25
-3600.82
2658.49
-890.017
-13777.3
-11729.9
-10635.6
-9281.08
-5838.7
-1187.85
-1071.53
-1237.08
-1542.7
-2125.95
-1669.22
-2015.05
-2679.07
-8077.48
-7971.39
-4401.12
-5699.61
-5038.77
-6704.48
-3168.78
-5096.79
-4852.6
-5294.17
-1164.81
-1534.45
-2946.1
-4400.74
-9664.09
-7942.56
-7634.6
-5611.22
-6690.69
-4780.73
-5963.77
-4352.07
-4415.87
-4864.49
-8357.17
-8257.23
-11256.5
-7269.1
-10419.6
-11187.2
-13049.9
-10986.3
-9474.91
-5894.29
-6977.03
-6970.34
-12254
-5975.12
-13051.9
-6016.86
-13935
-10841.1
-14694.8
-11061.1
-10313.4
-4581.95
-10949
-4629.4
-7818.29
-6169.82
-6309.39
-8644.31
-6685.24
-7104.17
-6182.89
-8886.96
-8074.95
-5741.59
-6383.19
-9287.38
-9091.73
-5684.3
-7262.5
-9001.83
-864.515
-744.814
-1114.06
-817.73
-1423.68
-1692.54
-1639.19
-1199.2
-7791.83
-6822.17
-3813.49
-1698.48
-7874.65
-7474.25
-6136.97
-5519.9
-5132.66
-4401.18
-1861.49
-1915.4
-4194.04
-1891.9
-8640.58
-7406.87
-4894.78
-3882.21
-3810.22
-2402.59
-2821.88
-1237.9
-4367.55
-106.783
-236.725
-108.93
-37.5584
23.8037
-222.554
-139.526
-49.9485
13.2983
-639.718
-283.849
-11.6375
178.844
-577.9
-334.918
-46.7248
116.365
-1047.04
-420.369
30.1283
409.564
-1032.81
-507.777
-173.477
17.2245
-710.327
-342.368
-168.737
-54.2634
-544.826
-225.047
-20.5566
117.293
-1565
-550.566
-130.061
146.784
-1861.79
-530.865
-95.159
525.423
-1502.48
-529.317
-86.6198
275.605
-1690.92
-477.841
-123.561
478.316
-1462.65
-507.055
-40.0693
301.285
-1929.18
-546.841
-76.6688
611.037
-1324.5
-429.006
45.6964
434.198
-1909.02
-527.451
-48.9626
660.628
-219.735
-89.351
-13.603
73.9114
-189.197
-68.1181
-28.161
70.5469
-566.878
-233.617
-21.1349
191.48
-475.92
-179.586
-74.1985
182.469
-1119.51
-390.359
-9.45575
413.306
-1017.79
-340.158
-85.1291
377.796
-1244.3
-462.121
-87.4471
305.968
-940.189
-322.5
-114.799
421.324
-1704.14
-477.459
-107.896
664.236
-136.611
-51.067
-15.6072
46.033
-62.8722
-35.77
-16.3546
0.0320346
-411.548
-147.643
-64.2327
109.761
-207.817
-106.99
-57.8977
-8.26679
-730.725
-245.619
-97.6957
198.111
-423.023
-187.558
-90.8054
-7.12258
-1111.6
-353.856
-123.844
300.027
-740.7
-276.48
-120.737
-1.86233
-1464.58
-424.919
-193.367
255.656
-999.295
-334.18
-159.483
-22.4362
-1958.63
-550.734
-206.63
318.718
-990.657
-310.352
-130.824
13.2832
-1887.54
-540.572
-236.089
264.965
-1095.69
-345.877
-153.464
-10.0622
-1933.4
-504.548
-150.839
411.299
-887.74
-249.96
-81.2853
61.5575
-1834.87
-432.313
-88.9582
464.713
-786.256
-177.99
-28.5284
102.147
-6.31684
-10.6612
-7.70571
-5.1633
-3.91694
-28.1517
-20.8548
-13.2988
-8.6114
-6.4794
-12.2781
-24.3101
-17.6039
-11.7326
-8.83743
-60.9237
-46.17
-29.4561
-18.9944
-14.2511
-6.55348
-29.2303
-21.5907
-14.4043
-10.8218
-79.6043
-60.7303
-38.5012
-24.6728
-18.4468
-38.6612
-30.4431
-19.3782
-12.3962
-9.26395
-4.96002
-12.9534
-9.53671
-6.32755
-4.79654
-17.8007
-31.7966
-22.3189
-14.6586
-11.046
5.16026
-10.6534
-8.37483
-5.63701
-4.27912
-47.8786
-43.9236
-28.3686
-18.2477
-13.6503
-1.10727
-12.2957
-8.97189
-5.95983
-4.52233
11.8318
-15.1644
-12.5422
-8.51031
-6.46403
8.68239
-8.53576
-7.0259
-4.74385
-3.60075
41.5973
-1.27212
-4.95804
-3.88008
-3.09987
27.8083
0.587569
-1.96448
-1.64133
-1.33924
-0.137445
-7.48262
-5.73753
-3.91309
-2.98662
-6.28745
-7.38691
-5.03069
-3.34664
-2.54023
-8.99593
-21.1496
-15.1288
-10.1158
-7.65258
-22.045
-21.0246
-13.7812
-9.05401
-6.84428
9.06711
-22.8216
-17.6495
-11.9911
-9.09692
-36.5954
-30.7421
-19.6697
-12.8503
-9.6534
-44.1071
-36.5848
-23.071
-14.8341
-11.0701
-41.0618
-25.833
-15.7203
-10.1278
-7.54125
-31.0093
-21.208
-12.9098
-8.19944
-6.11568
-60.1729
-202.484
-106.587
-516.325
-47.4902
-711.914
243.731
-640.554
513.42
-91.315
-765.501
-1258.66
116.37
-55.8312
-1157.91
-1812.71
-1444.85
-2057.73
-591.541
-139.792
-31.65
-7.00229
-1.75663
-157.628
-86.153
-12.0348
-3.30643
-1.47774
-1828.12
-428.389
-97.2346
-21.3962
-5.37378
-378.729
-115.377
-29.5498
-6.3685
-1.7505
-3082.43
-721.832
-164.183
-36.244
-9.08322
-655.576
-204.729
-51.211
-12.0784
-3.06455
-4157.21
-972.957
-221.994
-49.1417
-12.3303
-824.826
-267.393
-67.9226
-16.052
-4.04336
-5239.79
-1232.69
-282.723
-62.8567
-15.8334
-985.863
-336.018
-86.5404
-20.562
-5.2175
-6294
-1520.43
-352.846
-79.0253
-19.982
-1560.83
-476.08
-117.346
-26.9152
-6.73348
-5832.25
-1404.03
-324.547
-72.4138
-18.2588
-1223.44
-402.409
-102.034
-23.8678
-5.98334
-6514.95
-1576.73
-366.612
-82.2307
-20.8216
-1760.42
-521.541
-126.848
-28.7116
-7.16676
-6810.21
-1634.94
-380.75
-85.3686
-21.6038
-1823.69
-542.648
-133.244
-28.0328
-7.40491
-524.166
-6834.72
-6047.93
-2204.11
-1567.95
-933.297
-3688.02
-2688.45
-6392.2
-5978.13
-3042.36
-2294.59
-394.342
-603.471
-1034.42
-1676.4
-2505.07
-3439.9
-284.465
-610.469
-1268.1
-2203.53
-3309.37
-4426.23
-300.012
-138.278
-514.741
-352.369
-946.897
-786.71
-1577.49
-1466.19
-2261.22
-2177.27
-2950.78
-2669.1
-4243.69
-4771.29
-5165.68
-7656.22
-8547.03
-9401.91
-5346.87
-5855.34
-5803.53
-5276.77
-4504.4
-3929.62
-356.262
-301.827
-229.253
-143.131
-48.6511
-544.843
-461.247
-350.085
-218.449
-74.2311
-933.221
-789.36
-598.645
-373.343
-126.833
-1510.77
-1276.37
-966.99
-602.661
-204.681
-2253.77
-1900.74
-1437.97
-895.495
-304.065
-3086.13
-2595.49
-1959.67
-1219.44
-414.099
-256.864
-217.516
-165.14
-103.064
-35.0227
-550.876
-466.097
-353.583
-220.549
-74.9294
-1143.49
-966.729
-732.85
-456.92
-155.209
-1984.8
-1676.01
-1269.31
-790.965
-268.632
-2975.77
-2508.44
-1897.26
-1181.55
-401.252
-3969.66
-3337.87
-2520.42
-1568.92
-532.956
-271.152
-229.785
-174.579
-109.021
-37.0664
-124.981
-105.919
-80.4735
-50.2543
-17.0865
-464.921
-393.736
-298.945
-186.588
-63.4173
-318.31
-269.62
-204.742
-127.803
-43.4392
-854.661
-723.252
-548.736
-342.312
-116.31
-710.217
-601.153
-456.185
-284.608
-96.7062
-1422.32
-1202.22
-911.138
-567.949
-192.901
-1322.11
-1117.6
-847.015
-527.942
-179.299
-2035.37
-1717.25
-1299.37
-809.103
-274.682
-1959.81
-1653.3
-1250.61
-778.427
-264.185
-2647.8
-2226.66
-1680.38
-1044.86
-354.584
-2394.68
-2012.76
-1517.47
-942.419
-319.524
-3789.12
-3172.96
-2389.71
-1486.96
-505.652
-4223.87
-3512.42
-2637.94
-1645.24
-562.546
-4500.22
-3699.56
-2772.09
-1744.28
-606.83
-6462.46
-5217.18
-3920.23
-2536.91
-932.884
-6818.09
-5358.39
-4065.65
-2775.01
-1148.22
-7179.52
-5539.44
-4236.56
-3007.77
-1349.29
-4776.49
-4002.24
-3016.36
-1877.93
-638.725
-5199.4
-4335.34
-3261.13
-2033.59
-694.073
-5104.45
-4226.45
-3174.22
-1988.81
-684.637
-4564.1
-3738.6
-2807.31
-1780.49
-626.57
-3768.43
-3029.33
-2281.72
-1489.11
-554.192
-3168.62
-2496.8
-1888.66
-1273.06
-503.625
-415.118
-667.295
-1145.58
-1841.04
-2732.01
-3718.27
-313.525
-699.708
-1421.57
-2422.21
-3581.29
-4714.93
-319.92
-155.28
-576.237
-406.09
-1055.68
-885.5
-1743.16
-1622.91
-2503.51
-2450
-3265.45
-3081.92
-4534.92
-5043.54
-5416.71
-7810.76
-8616.08
-9423.36
-5594.77
-6006.28
-5835.08
-5209.59
-4405.56
-3884.18
-375.141
-317.938
-241.583
-150.876
-51.2929
-602.886
-510.819
-388.058
-242.323
-82.3781
-1034.46
-875.979
-665.128
-415.207
-141.132
-1661.09
-1405.4
-1066.36
-665.412
-226.147
-2461.78
-2080.14
-1576.81
-983.52
-334.247
-3343.06
-2818.91
-2134.05
-1330.77
-452.424
-283.275
-240.046
-182.376
-113.889
-38.7153
-632.006
-535.366
-406.628
-253.89
-86.3046
-1283.24
-1086.29
-824.609
-514.697
-174.941
-2184.46
-1847.39
-1401.3
-874.311
-297.144
-3225.05
-2723.48
-2063.73
-1287.12
-437.457
-4236.11
-3569.59
-2701.29
-1684.42
-572.726
-289.22
-245.189
-186.356
-116.413
-39.5868
-140.408
-119.06
-90.5117
-56.5513
-19.2332
-520.807
-441.424
-335.444
-209.518
-71.2395
-367.097
-311.219
-236.553
-147.775
-50.2494
-953.669
-807.906
-613.66
-383.17
-130.26
-800.109
-677.992
-515.098
-321.673
-109.36
-1573.56
-1332.02
-1011.08
-631.049
-214.484
-1465.35
-1240.72
-941.955
-587.954
-199.84
-2257.39
-1908.66
-1447.44
-902.946
-306.851
-2209.88
-1869.05
-1417.65
-884.36
-300.513
-2938.22
-2479.21
-1877.46
-1170.64
-397.864
-2774.95
-2342.67
-1774.32
-1106.03
-375.763
-4061.27
-3412.99
-2579.74
-1609.71
-548.214
-4483.97
-3747.39
-2828.33
-1770.63
-606.583
-4748.9
-3932.22
-2966.84
-1876.19
-654.219
-6640.11
-5403.09
-4091.42
-2663.2
-982.267
-6920.6
-5477.25
-4184.67
-2871.5
-1191.39
-7217.37
-5584.97
-4283.75
-3047.79
-1368.21
-5008.24
-4206.79
-3178.45
-1982.73
-675.084
-5345.31
-4468.88
-3370.73
-2106.51
-719.834
-5143.48
-4270.18
-3216.29
-2020.19
-696.537
-4514.21
-3706.68
-2791.84
-1776.39
-626.84
-3688.32
-2969.22
-2242.95
-1470.06
-549.795
-3131.34
-2468.11
-1869.54
-1263.34
-501.316
-19760.6
-14397.3
-5167.66
-4168.3
-3175.25
-4456.41
-4085.43
-12989.4
-14622.7
-11570.5
-13353.7
-7945.71
-11316.6
-6083.08
-6348.14
-4641.58
-20463.2
-11328.7
-4380.39
-7166.92
-9324.12
-6427.16
-7131.95
-5402.83
-3329.6
-4825.31
-5340.71
-5480.36
-19385.1
-13007.6
-12839.5
-9208.02
-9215.07
-9734.11
-4658.52
-5900.18
-7283.97
-14193.2
-12406.9
-10554.6
-9900.33
-8611.99
-9426.11
-6510.23
-5105.48
-3959.98
-2049.53
-4591.57
-3835.86
-2895.53
-1814.12
-622.279
-3738.27
-3145.26
-2378.53
-1483.7
-504.965
-2844.8
-2389.99
-1804.02
-1123.21
-381.729
-4005.08
-3375.03
-2553
-1590.75
-540.511
-3653.81
-3065.89
-2314.16
-1442.62
-491.09
-9575.12
-8031.38
-6686.05
-6090.51
-6073.47
-10950.7
-9510.64
-7751.73
-6227.06
-3703.48
-8359.65
-5895.82
-4468.2
-3135.57
-1367.99
-9970.82
-8282.59
-6528.64
-4812.88
-2330.71
-6731.07
-5410.94
-4003.35
-2507.51
-875.177
-8896.46
-6647.69
-4872.28
-3103.83
-1138.63
-5277.88
-4315.3
-3210.87
-2000.91
-687.903
-5486.7
-4472.44
-3322.59
-2070.92
-712.929
-4061.65
-3341.75
-2491.51
-1548.78
-529.314
-14484.3
-11675.1
-9801.05
-8755.11
-8073.43
-8834.9
-6792.79
-5191.61
-3587.33
-1582.5
-3792.23
-3101.27
-2316.01
-1454.49
-506.715
-6227.81
-5120.58
-3851.49
-2441.82
-861.958
-7879.22
-6392.21
-4843.38
-3172.73
-1203.51
-5565.15
-4571.22
-3449.8
-2204.68
-786.341
-6250.69
-5177.09
-3910.64
-2478.99
-868.518
-4766.87
-3959.66
-2982.16
-1872.28
-645.823
-2945.48
-2446.18
-1833.53
-1140.38
-388.746
-4301.47
-3598.15
-2710.17
-1688.42
-575.125
-4684.6
-3866.15
-2893.11
-1806.05
-620.44
-4833.76
-4011.34
-3015.39
-1888.16
-649.718
-13742.2
-11619.4
-9918.37
-9021.71
-8005.66
-9200.27
-6701.97
-5243.84
-3935.09
-2008.6
-9938.65
-8148.76
-6419.16
-4816.25
-2334.67
-7399.3
-5751.66
-4417.75
-3045.36
-1242.1
-7816.63
-6367.42
-4840.82
-3181.44
-1202.27
-7818.98
-6065.15
-4653.91
-3200.59
-1292.91
-4080.25
-3375.24
-2545.23
-1610.24
-563.018
-5249.45
-4386.37
-3306.09
-2064.7
-705.293
-6364.91
-5254.36
-3959.04
-2506.07
-876.831
-485.725
-1382.32
-2196.76
-2965.16
-3694.87
-4376.46
-2620.39
-7040.92
-6692.69
-2566.31
-8953.62
-7507.87
-8957.83
-9916.72
-2375.03
-1533.78
-5516.33
-3194.57
-10501.2
-7441.59
226.959
-2126.54
-5870.55
-5502.65
-2067.69
-7621.23
-6128.62
-7517.01
-8464.2
-1966.43
-906.685
-4738.77
-1672.16
-8709.7
-4462.78
1537.51
-1554.75
-4468.44
-4176.52
-1516.77
-6026.59
-3689.02
-6103.73
-6761.84
-1484.1
-825.338
-3359.29
-1738.16
-6960.67
-1787.51
1675.33
-1146.39
-3462.36
-3304.03
-1159.61
-4618.46
-2253.71
-5076.91
-5975.22
-1117.99
-866.837
-2461.6
-1756.15
-6131.74
-376.192
1259.29
-927.573
-2939.24
-2850.49
-979.215
-3716.76
-1871.8
-4558.34
-5801.94
-886.013
-943.752
-1773.49
-1686.65
-5353.71
-158.711
135.672
-820.061
-2626.05
-2620.08
-887.89
-3444.75
-2130.05
-4225.94
-5548.5
-685.272
-740.584
-1468.28
-1651.96
-5267.09
-954.001
-469.942
-1389.56
-3399.63
-4950.58
-1913.96
-5508.57
-9622.8
-7261.67
-10466.9
-1016.11
-723.993
-3899.47
-2424.85
-1194.26
-9253.72
-4850.52
-1295.68
-3176.98
-4360.29
-1667.03
-5105.27
-8721.51
-6571.26
-8938.52
-1042
-644.412
-4048.09
-2303.87
-374.233
-9101.78
-3672.48
-1144.84
-2816.66
-3589.85
-1345.98
-4669.17
-7843
-5618.34
-7904.48
-930.753
-741.257
-3484.9
-2410.09
-588.144
-7402.41
-3528.8
-996.731
-2554.15
-2998.28
-1100.58
-4380.55
-7166.44
-5029.2
-7214.96
-860.592
-753.191
-3246.05
-2520.6
-385.227
-6904.46
-3578.96
-905.94
-2308.89
-2676.07
-968.035
-3997.76
-6610.91
-4609.07
-6881.91
-810.648
-810.981
-2968.1
-2734.7
-523.675
-6658.5
-3663.92
-844.359
-2068.11
-2489.37
-893.833
-3701.08
-6537.74
-4294.16
-6668.88
-843.563
-938.389
-2653.23
-2604.9
-774.353
-6822.16
-4058.48
6003.29
7579.92
15723.8
22976.8
23388
40309.8
17973.1
45774.2
14650.8
32168.4
21932.2
33292.1
19662
25832.6
7426.96
8419.45
14720.7
16848.3
19021.9
18865.1
14983.4
18517.8
22085.3
19820.5
4945.97
3745.5
6070.77
4091.27
12427.2
9894.12
21279.3
15381.5
16432.6
17099.1
18242.8
17380.5
6379.36
4988.04
38983.5
52189.7
25176.4
30913.5
52459.9
68064.7
27131.6
31061.4
28883.5
40806.4
25193.7
33403.6
14734.7
23763.7
2660.88
911.431
2731.41
995.202
8487.61
3422.08
11696
4299.37
8302.43
3185.81
8841.65
2833.22
15100.3
4802.4
19487.2
6572.11
23892.9
11850.5
21872.4
12964.9
22424.8
14500.8
19721.6
14841.3
17177.5
10200.9
17172.5
8739.53
22566.4
14437.9
22615.6
14574.8
20829.5
15717.5
21081.7
15791.6
18557.9
11789.4
19223.1
12082.3
17537.7
7586.34
8093.14
9846.08
17611.2
8290.29
7052.91
9966.62
18578.3
7555.53
9180.41
9926.36
19502
7740.15
9989.48
10375
3434.69
3708.32
1177.22
2247.84
10659.9
11275.2
4106.41
7272.89
13705.1
15240
6586.14
11192.7
12276.1
1106.89
13533.5
16660.2
9026.9
768.057
7468.35
12150.3
19558.2
13519
9838.73
11930.7
10407.7
8962.95
14052.4
3211.1
2624.53
1812.81
1823.1
9946.45
8406.9
6013.88
5705.75
12393.5
10523.2
7785.63
6990.2
5863.49
7454.28
12091.3
12520.8
14003.8
12746.5
15785.5
13757.8
10640.3
8953.66
9045.02
9551.5
11933.4
9462.99
10861.5
7949.25
9391.75
6510.29
10916.7
7170.87
10230
4830.69
8774.07
9535.28
12549.6
16399.2
13803
20112.4
6975.62
7773.45
9057.02
2957.73
7816.01
15084.7
7413.17
16164.6
13664.1
24822.1
13901.8
26334.1
5900.71
12947
5358.81
13789.5
8146.06
6185.64
11317.5
4506.02
8400.84
1733
9877.66
818.028
7821.53
9247.44
11854.1
5490.38
6465.01
10896.1
10485.3
7196.81
2062.28
1837.41
1676.51
1521.99
1410.26
1278.23
6902.27
5681.27
4930.43
4433.83
3577.94
3109.65
8452.54
7322.32
6777.7
5308.19
4357.69
4128.88
6575.26
5845.77
5712.35
10944.1
8372.46
7073
10281.7
7649.73
6230.29
10800.5
8573.84
7476.97
6671.19
4427.97
3469.05
15748.2
13691.5
11897.6
10096.3
8446.59
7048
8938.85
6990.91
5613.13
7482.8
5439.95
4206.88
7657.85
4287.09
2436.31
10308.9
13992.6
8139.29
10548.8
11093.9
16317.8
9901.53
14441.6
79.8876
636.175
-422.237
58.8336
2958.42
3425.22
1223.49
735.222
659.323
2371.88
9357.85
13676.9
6629.11
3626.52
9846.93
9777.57
15164.9
16705.6
-614.275
-4118.48
7534.98
7108.62
7145.21
5514.47
895.125
496.21
558.467
227.392
2040.23
217.601
-297.864
-844.182
9208.83
2402.55
6218.23
1627.41
8994.29
2748.66
10895.2
3519.64
8776.76
11893.7
8124
11608.1
14094.8
14947
13460.7
14163.7
5634.2
9432.73
6499.82
9365.97
8626.62
11188.5
9521.88
11310.9
14029
13917.8
14693.9
13982.5
5692.42
9135.15
6199.3
9311.69
-104.904
1397.22
7481.64
4762.69
-675.411
980.599
6931.14
4212.74
353.482
1652.59
7655.38
5189.22
812.38
1926.95
7704.37
5380.3
-657.111
-754.198
156.258
12.872
-2901.21
-2941.58
-204.461
-356.804
-590.973
-1992.68
1717.27
1067.59
-10262
-9542.98
-5580.62
-4273.56
-414.178
-10468.9
-10809.7
-4336.79
-6404.91
-804.923
10201.8
8030.41
7183.37
6790.5
4197.92
-784.849
-728.705
-50.9002
50.3427
-2562.65
-2543.15
-63.244
190.384
-2606.4
-3185.5
735.421
1078.07
-5137.91
-2349.93
-8195.43
-5167.15
-3667.34
-2803.23
-4139.09
-3617.48
500.736
1473.52
3754.3
2372.21
1028.67
-1039.09
1022.77
-763.609
1770.46
420.702
2215.58
2543.38
5236.21
4799.87
9960.78
6018.57
8104.99
8180.64
12308.6
9984.46
7909.95
4680.44
3959.59
3947.14
11742.1
5195.22
12918.2
5826.49
13729
10189.9
14652.9
10920.5
9589.87
3818.99
10743.8
4425.49
6327.47
5066.62
4985.79
7400.63
4116.37
4661.81
4271.05
6863.33
7293.68
5019.19
5629.82
8493.26
8846.63
5456.5
7018.05
8773.96
-753.922
-793.805
-893.573
-44.3015
-293.785
-326.065
-2855.09
-3065.52
-3076.43
-186.309
-838.673
-850.541
-3636.49
-4087.25
-4207.7
625.162
-825.937
-1126.27
-1273.11
-1091.8
-790.29
-3835.54
-3933.84
-3677.3
-3143.87
-3572.34
-3522
-3889.95
-4211.41
-4121.7
1407.41
-364.297
-501.914
3445.23
1955.94
1027.55
-1046.31
-2199.05
-2815.32
-999.005
-2483.08
-3131.55
-431.935
-2048.08
-2515.5
2406.39
-518.991
-868.299
-23.2815
-36.1768
-48.0238
-72.8207
-253.03
-144.243
-121.247
-118.183
-8.27628
-80.0628
-188.171
-294.414
-437.682
-285.561
-323.955
-352.143
229.123
-32.4451
-268.566
-522.07
-163.806
-235.842
-306.674
-351.597
-39.3776
-142.491
-148.574
-146.861
215.719
5.06751
-124.392
-212.083
961.101
195.826
-103.508
-318.568
1506.29
349.479
-6.64957
-547.106
668.936
80.4636
-187.501
-467.941
1238.31
265.275
12.4226
-478.545
1023.99
235.195
-130.477
-402.238
1689.46
416.461
-4.49862
-643.356
1144.41
313.498
-119.4
-479.075
1821.23
477.656
17.5178
-672.874
-4.82132
-20.5998
-41.9783
-92.2133
-34.8528
-29.5417
-24.9817
-84.2862
-70.5381
-81.6772
-143.847
-276.412
-163.184
-109.619
-86.7899
-253.272
412.048
48.5613
-158.099
-470.05
188.162
-30.8977
-115.742
-445.461
83.8541
-123.294
-234.046
-470.16
22.4748
-98.9515
-99.0288
-449.582
1066.29
202.326
-28.0166
-627.144
-84.1916
-43.2871
-31.1669
-63.8991
-156.371
-62.7711
-32.8496
-29.8405
-168.593
-107.407
-74.0599
-182.951
-416.383
-177.792
-89.7187
-85.0154
-99.5787
-121.774
-104.326
-299.812
-529.442
-251.368
-136.088
-133.996
101.703
-110.999
-131.678
-417.168
-411.624
-271.796
-162.081
-170.477
559.566
-15.1288
-69.0485
-400.219
-112.702
-234.545
-149.993
-174.782
1239.12
122.726
-55.9384
-462.811
400.474
-59.5714
-95.9648
-163.055
959.412
34.8117
-67.1008
-431.222
240.996
-137.794
-127.692
-176.545
1497.24
231.487
-19.9618
-502.402
544.84
17.8652
-62.8377
-152.561
1691.63
340.035
30.5813
-495.898
678.728
102.412
-18.9366
-131.86
-32.7113
-14.6603
-7.67773
-4.58707
-3.36121
-43.1074
-22.4154
-12.4958
-7.62277
-5.59005
-85.8735
-37.1108
-19.1815
-11.406
-8.34935
-107.185
-54.8054
-30.4512
-18.605
-13.6628
-113.777
-46.5344
-23.7638
-14.1114
-10.3532
-144.285
-72.8543
-40.5943
-24.9333
-18.3808
-75.7126
-37.3253
-20.7036
-12.7352
-9.3907
-53.702
-21.8768
-11.0997
-6.63144
-4.84039
-114.332
-47.5913
-24.7579
-14.8684
-10.872
-54.5602
-19.4733
-9.53582
-5.60041
-4.06162
-120.392
-55.305
-30.0963
-18.3471
-13.4882
-51.4974
-19.3614
-9.77149
-5.78392
-4.18825
-87.9964
-31.0992
-14.9837
-8.77476
-6.37474
-51.7106
-17.4034
-8.35664
-4.90701
-3.5675
-76.4407
-19.9841
-7.74344
-4.13413
-2.89272
-42.2256
-9.44577
-3.33534
-1.70765
-1.17211
-27.1549
-11.0033
-5.55473
-3.25731
-2.3678
-19.4104
-8.61749
-4.53448
-2.68517
-1.934
-73.2644
-30.1901
-15.4452
-9.0712
-6.5778
-55.9518
-25.1118
-13.326
-7.89406
-5.7188
-102.567
-37.23
-18.2589
-10.5544
-7.6318
-75.8199
-34.6639
-18.6214
-11.077
-8.09613
-92.3364
-42.5222
-23.2613
-14.1157
-10.3896
-51.5535
-26.3675
-14.643
-8.81327
-6.49925
-47.9158
-23.3912
-13.0994
-8.04009
-5.92222
278.926
397.978
763.414
1135.2
772.15
1394.61
241.994
1125.61
-407.508
189.058
719.378
1211.82
-211.664
-132.821
1134.42
1798.62
1438.29
2054.97
541.816
124.908
28.0412
6.17891
1.54731
180.193
82.242
11.2357
2.97743
1.33698
1917.89
443.874
100.32
22.0438
5.53289
510.67
137.352
33.2144
7.01487
1.87521
3181.2
736.636
166.863
36.7739
9.20996
790.9
226.406
54.7028
12.6427
3.16775
4272.93
992.293
225.667
49.8784
12.5055
916.973
283.868
70.8084
16.5563
4.14073
5342.03
1252.83
286.867
63.7181
16.0405
1008.25
343.693
88.3037
20.9248
5.29531
6338.95
1532.5
355.749
79.6787
20.1458
1553.89
476.158
117.601
27.0005
6.758
5898.1
1420.78
328.368
73.2438
18.4614
1210.05
404.002
102.803
24.0696
6.03187
6541.52
1583.98
368.405
82.6425
20.9265
1758.92
521.731
126.977
28.7504
7.17775
6819.31
1637.41
381.369
85.5124
21.6406
1823.79
542.801
133.298
28.043
7.40816
506.011
6911.03
6304.39
2251.29
-1431.72
-2487.88
-7804.65
-11395.8
-1803.59
-8416.24
1597.66
-2618.73
-2514.39
-4947.84
-9336.93
-13203.4
-13994.7
-17571.3
-4944.79
-6410.66
19820.8
14340.6
4786.45
3756.79
2701.6
3861.85
3591.46
12213.5
11720.5
9993.56
10848.1
8976.97
6429
8364.65
5563.43
4711.7
5734.22
3937.38
19777.6
10316.4
3667.62
6248.73
8457.42
5913.21
6465.29
4814.46
2936.1
4153.58
4404.17
4759.6
19498.9
12808
12181.7
8810.65
8765.66
9197.83
3976.61
5249.47
6641.11
14175.7
12328.1
10434.9
9737.55
8458.37
9330.08
6410.38
5008.32
3878.55
2013.76
4225.27
3503.11
2624.68
1635.18
559.316
3354.59
2807.72
2112.08
1312.05
445.572
2398.91
1993.6
1488.07
918.201
310.519
3452.64
2890.88
2172.24
1346.24
456.075
3186.89
2649.16
1980.9
1225.9
415.718
7868.8
6053.28
4783.62
4486.15
4896.98
6417.88
4739.64
3403.03
2851.13
2005.63
6240.83
3750.06
2610.94
1834.69
889.459
5577.33
3767.15
2518.72
1848.45
1098.45
4193.18
2621.39
1638.3
1143.69
563.892
5088.11
3800.06
2625.83
1570.87
541.128
5691.19
3652.85
2390.97
1436.05
539.441
3651.06
2179.28
1305.73
707.924
239.493
3881.77
2995.32
2108.83
1261.81
425.884
4576.34
3415.13
2328.28
1356.74
450.81
3278.45
2550.37
1800.41
1072.83
358.608
13112.9
10036.8
8166.38
7338.99
7065.15
7602.3
5516.33
4050.61
2764.72
1252.66
3051.81
2387.75
1710.75
1044.05
360.107
5292.12
4228.27
3097.64
1930
677.901
6932.88
5446.81
4015.12
2590.11
983.55
5032.14
4054.61
3006.4
1898.91
674.677
5595.92
4570.26
3407.8
2141.5
748.036
4188.31
3422.95
2538.02
1575.55
540.716
2530.95
2038.51
1481.56
899.316
302.565
3655.76
3011.66
2233.63
1374.75
465.255
3745.67
2983.75
2157.74
1313.49
446.058
4120.75
3346.96
2464.33
1519.86
519.372
13600.5
11319.8
9518.85
8562.66
7542.85
8905.34
6392.37
4948
3696.18
1899.99
9002.03
7149.79
5471.82
4073.52
1994.93
6934.75
5269.42
3978.06
2719.58
1114.67
7314.49
5853.61
4379.18
2848.35
1073.5
7181.78
5413.92
4060.63
2763.71
1119.21
3412.98
2759.68
2038.2
1272.23
443.13
4624.78
3819.76
2846.14
1762.02
599.243
5714.37
4635.48
3435.83
2150.23
748.924
5143.69
10295.2
11815.4
32403.1
11665.1
43389.1
5852.41
13883.5
11630.9
8983.36
19277.4
16098.3
11607.5
10930.3
21640.5
17162.5
3792.29
2852.04
7215.02
4961.5
9165.03
6865.85
24676.6
18208.1
15067.7
11462.1
15505.8
9223.05
1185.34
3701.5
40239
52699
24325.2
30764.3
53202
68364
26198.2
30835.8
29974.6
41366.8
24418.9
33342.6
16199.4
24456.2
1879.02
513.753
3148.85
1085.64
6588.93
2942.06
13474
4862.43
2912.46
1652.76
7289.25
2290.2
15120.4
4748.65
19662.7
6620.78
16439
8509.94
18933.8
11253.4
14987.9
10718
16812.7
13028.5
15110.6
8841.31
11961.6
6172.58
21428.6
13665.5
22330.8
14363.3
19671.4
14929.5
20772.2
15577
17794.4
11159.4
19041.9
11908.1
16539.6
7299.75
7199.25
9496.94
14803.4
7461.46
5391.58
9330.23
18307.6
7482.04
8762.99
9754.44
19468.6
7733.58
9871.51
10324.7
1130.89
1006.34
298.901
1153.58
4481.25
4636.51
2819.75
5609.35
2548.12
3179.48
4425.17
8363.71
12066.4
9675.23
9335.53
11650.8
7676.76
7621.51
8155
6880.48
13488.9
11709.8
11501.9
9630.12
6687.05
5741.66
12609.7
1025.68
778.987
534.549
628.866
4223.51
3341.15
3624.61
3171.92
609.72
-515.793
4237.8
3329.96
10151
10780.4
9488.35
8684
7063.2
5131.1
9241.88
7361.48
8271.23
6479.68
11551.6
11754.8
9880.33
7727.3
7310.28
4965.04
6447.33
4082.09
9630.61
5860.06
9288.4
5070.36
8282.91
9438.17
13044.8
17352.1
13758.8
20090.8
6346.58
7540.65
7701.91
2877.79
7634.87
14945.8
7369.71
16111
13595.7
24924.1
13876.1
26315.9
5661.52
12775.8
5301.3
13736.4
7680.74
6043.14
11125.1
4504.63
7394.07
1794.38
9573
1224.4
7634.91
9140.5
11766.2
5473.83
6415.43
10860.7
10461.2
7184.35
768.573
736.068
507.614
602.655
2540.62
1843.57
2331.27
2110.26
-1077.45
-588.925
2725.21
3026.3
10668
10120.5
7691.76
6640.84
4079.13
3438.12
5774.62
4765.18
5448.33
3978.68
18282
16008.6
7973.5
6788.88
6052.58
4608.97
5003.8
3217.15
5336.08
2321.37
5602.14
9212.31
4912.99
9329.72
8315.95
10390.7
9332.79
12713.7
886.215
601.961
677.354
543.733
3676.16
2679.52
3031.31
1765.89
1406.33
1678.09
8338.7
8956.67
4694.55
4246.2
9332.68
9660.89
14336.4
16474.4
-357.988
-3920.67
7363.97
7134.49
7057.63
5566.61
933.555
885.781
1020.11
874.989
1796.88
1200.61
666.969
534.15
8145.65
3791.88
6925.53
3182.46
9298.18
3682.56
11026.4
3902.16
5396.1
10256.9
6992.68
10738.8
8663.84
11652.8
11370.9
12633.2
5246.22
9246
4751.27
9208.25
8169.78
10832.7
9387.69
11217.1
13152.1
13278.2
14444.1
13809.4
5612.85
9087.23
6189.78
9308.46
516.505
2241.26
7917
5432
496.363
2320.37
7844.57
5202.25
818.052
2247.51
7898.83
5599.94
1004.09
2166.82
7777.52
5521.93
938.522
1024.01
924.341
992.724
2148.44
2208.6
1450.21
1579.96
8399.9
7728.01
3935.6
3969.73
3745.26
5214.23
4053.09
300.709
1842.16
1309.2
1399.61
3600.73
-2657.75
890.483
13775.4
11728.9
10635.1
9281.08
5838.98
1009.93
881.903
1102.06
1379.9
2195.3
1747.74
2050.7
2727.04
8078.34
7972.33
4401.01
5698.44
5038.9
6704.6
3169.01
5096.79
4852.5
5293.91
1165.15
1534.53
2946.31
4400.4
9663.39
7942.36
7634.25
5611.12
6690.56
4780.65
5963.86
4352.07
4416.06
4864.41
8356.67
8256.88
11255.6
7268.63
10418.6
11186.6
13048.7
10985.6
9474.43
5893.99
6976.86
6970.13
12253.1
5974.62
13050.8
6016.21
13933.8
10840.4
14693.6
11060.3
10312.7
4581.62
10948
4628.88
7818.06
6169.58
6309.35
8644.01
6685.25
7104.01
6183
8886.76
8074.48
5741.25
6382.92
9286.89
9090.92
5683.78
7261.95
9001.18
654.824
559.239
977.074
710.172
1514.85
1768.9
1698.52
1249.14
7794.13
6825.3
3811.54
1699.32
7874.74
7474.4
6136.85
5519.89
5132.4
4401.11
1861.74
1916.17
4193.35
1891.78
8640.46
7406.97
4894.71
3882.28
3810.16
2402.68
2821.89
1238.14
4367.3
106.736
216.395
99.5403
35.1612
-19.3819
203.517
128.65
46.122
-11.66
640.669
284.5
11.0695
-181.206
580.722
335.839
47.3181
-116.488
1047.63
420.669
-29.9261
-409.352
1034.04
508.285
173.645
-17.1688
710.827
342.614
168.862
54.3412
545.029
225.161
20.6257
-117.24
1565.51
550.827
130.208
-146.656
1861.94
530.984
95.252
-525.307
1502.98
529.608
86.8429
-275.334
1691.13
477.986
123.673
-478.173
1462.95
507.235
40.1834
-301.187
1929.23
546.923
76.7452
-610.927
1324.6
429.102
-45.614
-434.111
1908.96
527.492
49.0211
-660.526
200.754
81.556
12.6171
-66.112
169.707
61.3473
26.1322
-63.1439
567.287
233.957
21.035
-193.424
478.25
180.249
73.8558
-184.366
1119.88
390.537
9.63031
-412.963
1018.12
340.289
85.2273
-377.431
1244.75
462.397
87.6568
-305.688
940.537
322.692
114.929
-421.095
1704.4
477.632
108.034
-664.052
118.6
45.6114
14.4983
-40.684
52.8591
32.395
15.4358
0.875932
417.601
148.829
64.4205
-111.395
212.716
107.737
57.9683
7.77851
731.249
245.796
97.6867
-197.938
423.846
187.794
90.78
7.01851
1111.96
354.063
123.951
-299.847
741.109
276.697
120.796
1.87891
1464.82
425.094
193.485
-255.5
999.557
334.367
159.572
22.4972
1958.76
550.874
206.735
-318.6
990.768
310.458
130.897
-13.2219
1887.76
540.752
236.216
-264.823
1095.87
346.024
153.554
10.1346
1933.43
504.63
150.912
-411.203
887.785
250.023
81.3323
-61.514
1834.79
432.339
88.9993
-464.635
786.232
178.009
28.5501
-102.119
6.4606
9.92452
7.05326
4.6706
3.50935
26.5193
19.3426
12.2412
7.88205
5.91147
11.7083
24.1173
17.4968
11.6465
8.76071
60.2191
45.8878
29.2961
18.8734
14.1492
6.52929
29.202
21.5603
14.3687
10.7859
79.5736
60.7113
38.4836
24.6504
18.4144
38.6899
30.4621
19.3923
12.4062
9.26867
4.98134
12.9659
9.54556
6.33409
4.80087
17.8483
31.829
22.3441
14.6773
11.056
-5.13294
10.671
8.38844
5.64771
4.28706
47.9982
44.009
28.437
18.303
13.6983
1.14984
12.3251
8.9954
5.97904
4.53889
-11.7984
15.1843
12.5569
8.52133
6.47091
-8.66018
8.54877
7.03542
4.75122
3.6064
-41.5718
1.28527
4.96715
3.88689
3.10454
-27.7952
-0.581242
1.96881
1.64461
1.3417
0.589757
6.91657
5.20672
3.50423
2.64908
6.16371
6.82789
4.58049
3.01493
2.2906
8.53052
21.0378
15.0737
10.0685
7.6183
21.6937
20.9746
13.7617
9.03251
6.82435
-9.0251
22.848
17.6673
11.9996
9.10229
36.5394
30.7042
19.6348
12.8118
9.60484
44.199
36.6453
23.1179
14.8706
11.0989
41.0804
25.8392
15.7225
10.1256
7.53092
31.0546
21.2365
12.9315
8.21618
6.12839
38.3291
172.24
121.133
531.427
49.9892
713.672
-242.967
641.17
-513.181
91.5463
765.55
1258.73
-116.284
55.9452
1157.96
1812.79
1444.92
2057.81
519.856
121.989
27.5391
6.0816
1.52416
134.506
76.07
10.1939
2.81943
1.30996
1852.71
434.773
98.7045
21.7229
5.45503
390.492
119.038
30.4062
6.5868
1.80156
3080.93
721.528
164.119
36.23
9.07962
656.243
205.017
51.2961
12.0985
3.0696
4157.16
972.938
221.989
49.14
12.3296
825.058
267.492
67.9555
16.0606
4.04569
5240.04
1232.75
282.733
62.8582
15.8335
986.001
336.069
86.5568
20.5665
5.21876
6294.37
1520.52
352.865
79.0291
19.9828
1560.93
476.11
117.354
26.9171
6.73397
5832.58
1404.11
324.563
72.4168
18.2594
1223.55
402.446
102.045
23.8707
5.98414
6515.33
1576.82
366.631
82.2349
20.8226
1760.52
521.57
126.855
28.7132
7.16716
6810.59
1635.03
380.77
85.3729
21.6048
1823.79
542.678
133.251
28.0342
7.40527
523.774
6834.14
6046.19
2204.3
1436.03
817.373
3713.51
2745.84
6423.57
6056.79
2798.6
2035.17
394.321
603.438
1034.36
1676.32
2504.94
3439.73
284.449
610.435
1268.03
2203.41
3309.2
4426
299.996
138.27
514.713
352.349
946.845
786.667
1577.41
1466.11
2261.11
2177.16
2950.63
2668.97
4243.48
4771.06
5165.44
7655.88
8546.68
9401.55
5346.6
5855.06
5803.26
5276.53
4504.2
3929.46
356.242
301.811
229.241
143.123
48.6484
544.812
461.222
350.065
218.437
74.2269
933.17
789.316
598.612
373.322
126.826
1510.69
1276.3
966.936
602.628
204.67
2253.65
1900.64
1437.9
895.445
304.048
3085.97
2595.35
1959.57
1219.38
414.075
256.85
217.504
165.131
103.058
35.0207
550.845
466.071
353.563
220.537
74.925
1143.43
966.675
732.809
456.894
155.2
1984.69
1675.92
1269.24
790.92
268.616
2975.61
2508.3
1897.15
1181.48
401.23
3969.45
3337.69
2520.28
1568.83
532.926
271.137
229.773
174.569
109.015
37.0644
124.974
105.913
80.4689
50.2513
17.0855
464.895
393.713
298.928
186.577
63.4137
318.292
269.604
204.73
127.795
43.4366
854.614
723.212
548.705
342.292
116.303
710.178
601.12
456.16
284.592
96.7007
1422.24
1202.15
911.088
567.917
192.89
1322.04
1117.54
846.969
527.913
179.289
2035.26
1717.15
1299.3
809.059
274.666
1959.71
1653.22
1250.55
778.386
264.171
2647.67
2226.55
1680.29
1044.8
354.565
2394.56
2012.66
1517.4
942.37
319.508
3788.93
3172.79
2389.58
1486.88
505.623
4223.65
3512.23
2637.79
1645.14
562.512
4499.99
3699.35
2771.92
1744.17
606.79
6462.13
5216.87
3919.97
2536.72
932.813
6817.74
5358.06
4065.36
2774.79
1148.13
7179.16
5539.1
4236.26
3007.54
1349.19
4776.24
4002.02
3016.19
1877.82
638.687
5199.13
4335.1
3260.94
2033.47
694.031
5104.19
4226.22
3174.04
1988.69
684.594
4563.87
3738.39
2807.14
1780.37
626.528
3768.24
3029.16
2281.58
1489.01
554.152
3168.46
2496.65
1888.54
1272.97
503.588
415.097
667.263
1145.53
1840.95
2731.88
3718.1
313.51
699.675
1421.51
2422.09
3581.12
4714.71
319.904
155.273
576.209
406.071
1055.63
885.458
1743.07
1622.83
2503.39
2449.89
3265.3
3081.79
4534.71
5043.32
5416.48
7810.43
8615.74
9423
5594.51
6006
5834.81
5209.36
4405.37
3884.02
375.122
317.922
241.571
150.869
51.2903
602.856
510.795
388.039
242.311
82.3741
1034.41
875.937
665.095
415.187
141.125
1661.01
1405.33
1066.31
665.38
226.136
2461.67
2080.04
1576.74
983.473
334.231
3342.9
2818.78
2133.95
1330.71
452.402
283.262
240.034
182.367
113.884
38.7134
631.976
535.341
406.609
253.878
86.3005
1283.18
1086.24
824.57
514.672
174.933
2184.35
1847.31
1401.23
874.269
297.129
3224.89
2723.35
2063.63
1287.06
437.435
4235.91
3569.41
2701.16
1684.34
572.697
289.205
245.176
186.347
116.408
39.5848
140.401
119.054
90.5073
56.5485
19.2322
520.782
441.403
335.427
209.508
71.2361
367.079
311.204
236.542
147.768
50.247
953.624
807.867
613.631
383.151
130.254
800.071
677.959
515.073
321.658
109.354
1573.49
1331.96
1011.03
631.019
214.474
1465.29
1240.66
941.91
587.926
199.83
2257.28
1908.57
1447.37
902.903
306.836
2209.78
1868.97
1417.58
884.319
300.499
2938.09
2479.1
1877.38
1170.58
397.846
2774.83
2342.56
1774.24
1105.98
375.747
4061.08
3412.83
2579.62
1609.64
548.187
4483.77
3747.21
2828.19
1770.54
606.553
4748.69
3932.04
2966.7
1876.1
654.186
6639.8
5402.83
4091.21
2663.05
982.212
6920.28
5476.97
4184.42
2871.33
1191.31
7217.03
5584.65
4283.47
3047.58
1368.11
5008
4206.59
3178.29
1982.63
675.05
5345.05
4468.66
3370.56
2106.4
719.796
5143.23
4269.97
3216.12
2020.08
696.498
4513.98
3706.49
2791.69
1776.28
626.802
3688.14
2969.05
2242.81
1469.97
549.76
3131.19
2467.97
1869.42
1263.26
501.281
19759.9
14396.8
5167.44
4168.12
3175.13
4456.23
4085.27
12988.9
14622.6
11570.2
13353.6
7945.54
11316.4
6082.93
6347.98
4641.45
20462.5
11328.3
4380.26
7166.67
9323.79
6426.91
7131.67
5402.63
3329.5
4825.14
5340.55
5480.17
19384.4
13007.2
12839
9207.66
9214.7
9733.75
4658.36
5899.95
7283.69
14192.5
12406.1
10553.9
9899.64
8611.4
9425.64
6509.82
5105.12
3959.69
2049.38
4591.37
3835.69
2895.4
1814.03
622.25
3738.11
3145.12
2378.43
1483.63
504.942
2844.69
2389.9
1803.95
1123.16
381.714
4004.92
3374.89
2552.9
1590.68
540.489
3653.67
3065.77
2314.06
1442.56
491.069
9574.72
8031.06
6685.81
6090.31
6073.27
10950.5
9510.46
7751.57
6226.91
3703.34
8359.42
5895.65
4468.07
3135.48
1367.95
9970.71
8282.46
6528.53
4812.8
2330.64
6730.91
5410.81
4003.25
2507.45
875.154
8896.28
6647.55
4872.17
3103.76
1138.6
5277.74
4315.18
3210.77
2000.85
687.882
5486.56
4472.31
3322.5
2070.86
712.908
4061.54
3341.65
2491.43
1548.73
529.297
14483.6
11674.6
9800.6
8754.73
8073.08
8834.57
6792.53
5191.4
3587.19
1582.44
3792.12
3101.18
2315.94
1454.44
506.698
6227.59
5120.39
3851.34
2441.73
861.925
7878.92
6391.95
4843.18
3172.6
1203.46
5564.92
4571.03
3449.65
2204.58
786.306
6250.43
5176.88
3910.48
2478.88
868.479
4766.69
3959.51
2982.04
1872.2
645.796
2945.39
2446.11
1833.47
1140.35
388.733
4301.31
3598.01
2710.06
1688.36
575.103
4684.45
3866.03
2893.01
1805.99
620.419
4833.59
4011.19
3015.28
1888.09
649.693
13741.5
11618.8
9917.79
9021.17
8005.2
9199.84
6701.61
5243.53
3934.85
2008.48
9938.22
8148.39
6418.87
4816.03
2334.56
7398.97
5751.39
4417.54
3045.2
1242.04
7816.3
6367.13
4840.59
3181.29
1202.21
7818.65
6064.88
4653.7
3200.44
1292.85
4080.1
3375.12
2545.14
1610.18
562.996
5249.25
4386.19
3305.95
2064.61
705.263
6364.65
5254.14
3958.88
2505.96
876.793
485.711
1382.28
2196.7
2965.08
3694.78
4376.35
2423.59
7047.33
6699.4
2372.6
8950.49
7503.98
8954.64
9913.38
2204.75
1478.97
5495.62
3112.93
10501
7438.08
-222.964
1962.77
5877.38
5509.49
1908.06
7621.09
6126.73
7516.6
8462.54
1824.82
893.075
4713.01
1580.33
8713.04
4462.4
-1529.4
1432
4473.39
4181.34
1397.26
6028.61
3689.46
6105.22
6761.95
1373.4
805.238
3337.57
1670.67
6964.51
1789.42
-1670.02
1055.13
3465.1
3306.41
1068.19
4620.47
2254.8
5078.32
5975.87
1037.15
839.09
2440.95
1692.29
6134.85
378.207
-1255.82
853.631
2940.93
2851.6
902.479
3718.39
1872.89
4559.33
5802.58
823.586
891.45
1754.03
1647.77
5356.27
160.528
-133.182
754.878
2627.12
2620.53
818.743
3446.04
2130.96
4226.61
5549.04
639.724
707.27
1448.84
1621.1
5269.28
955.584
472.089
1281.11
3403.86
4956.8
1765.87
5509.76
9622.46
7261.88
10465.4
912.151
609.937
3928.6
2494.56
1194.21
9253.46
4849.74
1194.54
3180.77
4365.82
1536.87
5106.26
8721.32
6572.17
8937.8
935.98
531.088
4075.3
2382.03
373.394
9101.13
3670.88
1055.48
2819.71
3593.69
1240.16
4669.89
7843.07
5619.71
7904.63
837.003
617.456
3506.25
2484.36
586.843
7401.69
3526.55
919.367
2556.18
3000.26
1014.48
4380.86
7166.51
5030.22
7215.36
773.754
635.403
3266.24
2580.78
383.761
6903.65
3576.56
836.141
2310.16
2677
892.91
3997.73
6610.9
4609.67
6882.25
728.695
698.904
2987.2
2776.96
521.977
6657.65
3661.42
779.442
2069
2489.76
824.867
3700.93
6537.67
4294.49
6669.14
756.736
821.134
2675.37
2641.31
773.043
6821.5
4057.01
)
;

boundaryField
{
    patch1
    {
        type            calculated;
        value           nonuniform List<scalar> 
2440
(
-6380.64
-6646.38
-9198.21
-3976.76
-5249.7
-6641.39
-9734.11
-4658.52
-5900.18
-7283.97
6379.36
6629.11
9197.83
3976.61
5249.47
6641.11
9733.75
4658.36
5899.95
7283.69
-6602.18
-15688
-23357.2
-17964.7
-14637.9
-21887.5
-19647.6
-8637.91
-127.761
1639.43
7789.06
1758.32
-1614.89
2499.27
9301.97
14071.8
5745.41
-19821.4
-14341.1
-4786.68
-3756.97
-2701.7
-3862.02
-3591.61
-12213.9
-11720.5
-9993.82
-10848
-8976.73
-6429.11
-8364.76
-5563.37
-4711.78
-5734.24
-3937.43
-19778.3
-10316.8
-3667.72
-6248.96
-8457.77
-5913.47
-6465.57
-4814.66
-2936.18
-4153.74
-4404.29
-4759.77
-19499.6
-12808.4
-12182.2
-8811.02
-8766.05
-6.15343
-300.012
-138.278
-514.741
-352.369
-946.897
-786.71
-1577.49
-1466.19
-2261.22
-2177.27
-2950.78
-2669.1
-319.92
-155.28
-576.237
-406.09
-1055.68
-885.5
-1743.16
-1622.91
-2503.51
-2450
-3265.45
-3081.92
-19760.6
-14397.3
-5167.66
-4168.3
-3175.25
-4456.41
-4085.43
-12989.4
-14622.7
-11570.5
-13353.7
-7945.71
-11316.6
-6083.08
-6348.14
-4641.58
-20463.2
-11328.7
-4380.39
-7166.92
-9324.12
-6427.16
-7131.95
-5402.83
-3329.6
-4825.31
-5340.71
-5480.36
-19385.1
-13007.6
-12839.5
-9208.02
-9215.07
6003.29
15723.8
23388
17973.1
14650.8
21932.2
19662
7426.96
126.841
-1431.72
-7804.65
-1803.59
1597.66
-2514.39
-9336.93
-13994.7
-4944.79
19820.8
14340.6
4786.45
3756.79
2701.6
3861.85
3591.46
12213.5
11720.5
9993.56
10848.1
8976.97
6429
8364.65
5563.43
4711.7
5734.22
3937.38
19777.6
10316.4
3667.62
6248.73
8457.42
5913.21
6465.29
4814.46
2936.1
4153.58
4404.17
4759.6
19498.9
12808
12181.7
8810.65
8765.66
5.94309
299.996
138.27
514.713
352.349
946.845
786.667
1577.41
1466.11
2261.11
2177.16
2950.63
2668.97
319.904
155.273
576.209
406.071
1055.63
885.458
1743.07
1622.83
2503.39
2449.89
3265.3
3081.79
19759.9
14396.8
5167.44
4168.12
3175.13
4456.23
4085.27
12988.9
14622.6
11570.2
13353.6
7945.54
11316.4
6082.93
6347.98
4641.45
20462.5
11328.3
4380.26
7166.67
9323.79
6426.91
7131.67
5402.63
3329.5
4825.14
5340.55
5480.17
19384.4
13007.2
12839
9207.66
9214.7
-17379.6
-13696.9
6.48442
5.93094
-7.54125
-6.11568
-4376.46
-954.001
-469.942
-6822.16
-4058.48
17380.5
13676.9
-6.49925
-5.92222
7.53092
6.12839
4376.35
955.584
472.089
6821.5
4057.01
-17094.4
559.335
151.267
310.992
1202.58
-653.782
-661.386
-538.585
-531.364
99.3588
59.5849
1827.66
2406.75
-519.37
-365.962
-334.933
-233.753
-1841.78
-1374.21
-4930.28
-3106.29
-6776.96
-4126.52
-5712.15
-7072.73
-6229.91
-7476.18
-3467.81
-11897.2
-7047.78
-5612.85
-4206.53
-2435.87
-2397.25
959.811
335.582
3087.14
860.163
4209.54
1126.62
790.407
3677.5
3522.34
4122.75
502.076
-1027.36
2815.57
3131.88
2515.94
868.373
70.8086
33.0325
182.248
84.9237
300.012
133.99
417.349
170.529
400.356
174.838
462.895
163.082
431.331
176.588
502.475
152.58
495.968
131.879
3.53276
6.01828
8.31629
13.6471
10.311
18.3462
9.39167
4.84245
10.8779
4.06762
13.5274
4.20213
6.37896
3.57137
2.89605
1.17399
2.48856
2.09883
6.56724
5.70693
7.63025
8.04273
10.4108
-1.80793
-1.42583
-5.5252
-1.58447
-9.3358
-2.77694
-12.6697
-3.62366
-16.2356
-4.68084
-20.2192
-6.39538
-18.5913
-5.39287
-20.9565
-7.03523
-21.6467
-7.38226
43.8578
19.0785
-1175.89
3013.37
9984.34
7027.69
3869.28
5832.28
11972
16272.8
7501.74
-123.161
-188.263
184.31
914.521
-810.543
-705.956
-610.204
-555.121
38.7385
-2.79261
1586.16
2017.78
-552.918
-391.119
-347.204
-241.927
-748.014
-631.961
-1877.86
-2116.16
588.742
-3025.76
-10120.2
-6640.32
-3437.59
-4765.05
-3978.45
-16008.4
-6788.69
-4608.78
-3217.05
-2321.26
-744.834
-817.742
-1692.54
-1199.2
-6822.17
-1698.48
-7474.25
-5519.9
-4401.18
-1915.4
-1891.9
-7406.87
-3882.21
-2402.59
-1237.9
-106.783
46.033
0.0320346
109.761
-8.26679
198.111
-7.12258
300.027
-1.86233
255.656
-22.4362
318.718
13.2832
264.965
-10.0622
411.299
61.5575
464.713
102.147
-3.91694
-6.4794
-8.83743
-14.2511
-10.8218
-18.4468
-9.26395
-4.79654
-11.046
-4.27912
-13.6503
-4.52233
-6.46403
-3.60075
-3.09987
-1.33924
-2.98662
-2.54023
-7.65258
-6.84428
-9.09692
-9.6534
-11.0701
-1.78123
-1.3951
-5.44719
-1.51174
-9.20396
-2.68188
-12.4914
-3.5347
-16.0255
-4.6127
-20.0553
-6.37504
-18.3873
-5.3536
-20.8523
-7.0255
-21.6109
-7.37943
-10.8987
518.35
-1162.22
-267.982
-629.67
-1585.96
-847.153
-820.026
-2626.03
-2620
-887.805
-3444.75
-2130.05
-4225.94
-5548.5
-685.272
-740.584
-1468.28
-1651.96
-5267.09
-844.334
-2068.1
-2489.31
-893.758
-3701.08
-6537.74
-4294.16
-6668.88
-843.563
-938.389
-2653.23
-2604.9
-774.353
17099.1
-559.242
-151.3
-311.033
-1202.54
653.772
661.392
538.587
531.38
-99.3706
-59.5558
-1827.64
-2406.65
519.386
365.988
334.949
233.769
1676.51
1278.23
4930.43
3109.65
6777.7
4128.88
5712.35
7073
6230.29
7476.97
3469.05
11897.6
7048
5613.13
4206.88
2436.31
2371.88
-893.573
-326.065
-3076.43
-850.541
-4207.7
-1126.27
-790.29
-3677.3
-3522
-4121.7
-501.914
1027.55
-2815.32
-3131.55
-2515.5
-868.299
-63.8991
-29.8405
-182.951
-85.0154
-299.812
-133.996
-417.168
-170.477
-400.219
-174.782
-462.811
-163.055
-431.222
-176.545
-502.402
-152.561
-495.898
-131.86
-3.36121
-5.59005
-8.34935
-13.6628
-10.3532
-18.3808
-9.3907
-4.84039
-10.872
-4.06162
-13.4882
-4.18825
-6.37474
-3.5675
-2.89272
-1.17211
-2.3678
-1.934
-6.5778
-5.7188
-7.6318
-8.09613
-10.3896
1.56977
1.26
5.6066
1.63557
9.33166
2.78188
12.6686
3.62598
16.2352
4.68214
20.2198
6.39588
18.5915
5.39369
20.9573
7.03561
21.6476
7.38261
-45.5338
-23.969
1167.55
-2710.03
-9994.34
-7066.51
-3884.76
-5845.83
-12006.7
-16194.9
-6489.94
123.24
188.174
-184.409
-914.479
810.489
705.948
610.156
555.119
-38.801
2.76794
-1586.18
-2017.82
552.891
391.112
347.204
241.932
736.101
602.695
1843.57
2110.26
-588.925
3026.3
10120.5
6640.84
3438.12
4765.18
3978.68
16008.6
6788.88
4608.97
3217.15
2321.37
559.258
710.183
1768.9
1249.14
6825.3
1699.32
7474.4
5519.89
4401.11
1916.17
1891.78
7406.97
3882.28
2402.68
1238.14
106.736
-40.684
0.875932
-111.395
7.77851
-197.938
7.01851
-299.847
1.87891
-255.5
22.4972
-318.6
-13.2219
-264.823
10.1346
-411.203
-61.514
-464.635
-102.119
3.50935
5.91147
8.76071
14.1492
10.7859
18.4144
9.26867
4.80087
11.056
4.28706
13.6983
4.53889
6.47091
3.6064
3.10454
1.3417
2.64908
2.2906
7.6183
6.82435
9.10229
9.60484
11.0989
1.54658
1.2331
5.52847
1.5629
9.20036
2.687
12.4907
3.53705
16.0256
4.61396
20.0562
6.37552
18.3879
5.35438
20.8532
7.02589
21.6119
7.37978
11.508
-521.049
1162.94
211.056
670.103
1644.87
725.885
754.845
2627.1
2620.46
818.664
3446.04
2130.96
4226.61
5549.04
639.724
707.27
1448.84
1621.1
5269.28
779.42
2068.98
2489.69
824.797
3700.93
6537.67
4294.49
6669.14
756.736
821.134
2675.37
2641.31
773.043
-14589.5
5511.89
-4376.46
14588.8
-5511.83
4376.35
-14708.2
-16845.4
-14981.9
-18519.9
-5362.98
-4023.7
-12425.5
-9921.57
-4244.62
-4786.9
-11421.8
-12179.3
-12526.5
-13552.5
-10257.1
-3275.87
-14923.6
-3721.5
-3166.71
-9561.36
-8452.83
-10039.6
-8513.95
-2454.05
-2138.02
-1902.59
-6829.11
-5476.41
-4701.53
-6756
-5814.74
-5464.16
-10334.3
-14008.7
-11105.8
-16326.8
-41.4516
-730.726
-2958.93
-3352.04
1002.76
961.053
3465.32
3171.72
1997.9
2508.3
6071.2
2684.5
6612.18
897.54
805.69
2589.26
2472.23
2543.81
2753.53
964.047
1003.34
1095.42
3143.55
3315.59
3251.49
3570.01
4011.62
4122.23
-213.477
-347.64
-21.5878
802.661
1333.95
216.839
757.488
47.0903
4.55867
68.7106
300.468
665.874
1170.37
1330.2
184.497
683.985
30.2025
-0.958241
14720.7
16848.3
14983.4
18517.8
4945.97
3745.5
12427.2
9894.12
3977
4442.45
11382.2
12145.1
12522.4
13547.9
10257.1
3275.98
14923.1
3403.11
2866.99
9582.83
8472.12
10036.1
8512.72
2185.56
1918.46
1733.39
6854.98
5486.4
4702.18
6756.34
5815.64
5465.03
10308.9
13992.6
11093.9
16317.8
79.8876
636.175
2958.42
3425.22
-943.141
-902.249
-3444.43
-3149.48
-1996.66
-2507.33
-6071.43
-2684.64
-6612.12
-855.764
-763.336
-2564.11
-2449.52
-2542.99
-2752.33
-908.356
-929.583
-1015.87
-3118.36
-3301.57
-3242.02
-3568.49
-4010.18
-4121.23
172.992
366.219
25.6041
-801.421
-1333.59
-216.817
-757.398
-47.081
-4.55487
-77.8001
-286.5
-663.673
-1169.79
-1330.09
-184.521
-683.988
-30.2192
0.953327
2650.88
6421.07
49.2608
29.7818
17.3564
10.7599
7.99937
74.1793
40.2671
23.3044
14.5659
10.7727
-2520.82
-358.097
3294.99
9761.19
1831.14
-28.5831
60.7621
30.5073
17.5438
10.9818
8.09506
66.1446
38.0389
22.2555
13.8733
10.308
485.711
1382.28
2196.7
2965.08
3694.78
-3348.6
-3380.14
-9962.58
-9955.55
-14779.9
-13512.1
-3297.83
-2993.77
-2784.38
-9587.87
-8676.15
-8044.83
-11601.1
-10149.2
-9368.27
0
0
0
0
0
0
0
0
-2617.58
-1149.41
-658.435
-387.412
-470.815
-323.674
-303.313
-275.239
-211.809
-143.947
-104.735
-71.1883
-93.5839
-52.6124
-30.4573
-18.93
-14.0331
-37.9024
-22.4456
-13.2537
-8.29962
-6.16151
-33.9992
-264.713
-717.816
-1439.1
-2239.41
-2733.52
-30.7523
-26.0918
-19.8479
-12.4064
-4.21971
-239.319
-202.929
-154.272
-96.3854
-32.775
-648.674
-549.759
-417.738
-260.899
-88.7004
-1299.56
-1100.51
-835.623
-521.628
-177.301
-2020.18
-1708.83
-1296.26
-808.677
-274.798
-2461.8
-2078.76
-1574.67
-981.629
-333.495
-3590.06
-3182.19
-2646.53
-1984.01
-1232.43
-419.29
0
0
0
0
0
0
0
0
0
0
0
0
1395.99
-304.826
159.862
-171.595
-2612.6
-2548.62
-6011.68
-5415.55
-5681.59
-5455.16
-2429.38
-2285.8
-2175.47
-5108.21
-5020.46
-4912.08
-5749.87
-5899.14
-5906.87
-586.271
-369.476
-163.103
-40.2786
-215.82
-147.455
-91.4078
-59.7606
-84.1251
-51.2529
-30.7139
-19.3784
-14.3914
-38.6775
-22.6383
-13.3855
-8.41009
-6.24325
2949.77
2545.74
2051.16
1489.02
901.448
302.365
19.6298
218.57
630.552
1294.96
1957.17
2310.72
17.7237
15.0042
11.3866
7.10368
2.41354
197.44
167.247
127.008
79.2801
26.9446
569.314
481.972
365.804
228.244
77.5565
1167.9
987.436
748.493
466.588
158.469
1761.92
1486.57
1124.61
700.032
237.581
2073.61
1743.26
1314.45
816.336
276.763
-3294.91
-9761.19
-1837.61
26.891
-60.7429
-30.5023
-17.5433
-10.9859
-8.10798
-66.069
-37.9909
-22.2193
-13.8452
-10.2861
-485.725
-1382.32
-2196.76
-2965.16
-3694.87
-2650.98
-6421.01
-49.2581
-29.7901
-17.3659
-10.7708
-8.01735
-74.1344
-40.2383
-23.2813
-14.5468
-10.7576
2522.43
359.081
-8714.06
-11792.3
-19490.2
-21820.5
-21673.1
-24297.1
-9991.12
-10631.4
-1664.07
-1530.91
-1374.21
-4404.92
-3564.81
-3106.29
-5307.14
-4355.34
-4126.52
-6670.72
-4426.86
-3467.81
-7657.75
-4286.79
-2435.87
606.12
116.4
-437.898
393.395
-656.54
359.724
-82.4508
90.9421
1853.03
1592.71
411.735
206.703
141.083
114.733
742.687
379.277
309.472
280.873
217.518
80.6648
38.9021
27.1634
561.594
213.268
98.1569
67.3174
717.519
291.597
143.271
101.099
628.22
301.365
166.297
123.04
391.271
257.95
159.469
120.841
170.398
144.912
102.285
80.238
209.319
190.766
135.048
106.449
110.42
90.3726
64.03
50.8448
38.8423
30.4842
22.3135
18.0004
44.6869
24.4527
13.8725
8.489
6.22286
85.2124
47.2438
27.0954
16.7206
12.3069
42.4041
26.7348
16.1607
10.2432
7.5891
58.3707
33.0656
19.3522
12.1651
8.97929
34.9859
21.3214
12.8274
8.12588
6.03166
14.4158
8.40307
4.97257
3.12704
2.31672
19.6572
9.55637
5.13938
3.0447
2.20408
48.1792
24.3043
13.3475
7.99375
5.81673
64.2072
33.2077
18.4794
11.138
8.17542
-198.02
-328.467
-86.7681
688.744
1694.47
65.8628
1019.52
-227.35
-273.225
-48.8738
-49.8383
-1.54259
-0.806748
-0.905939
-5.38184
12.5034
3.8714
1.65171
0.349466
16.5358
11.8478
3.92712
0.976101
0.328221
130.392
26.1025
5.4996
1.17866
0.423692
283.345
42.3584
6.4503
0.966486
0.304929
-97.2344
-36.2789
-9.96405
-2.42185
-0.437751
73.6506
-8.15243
-4.52237
-1.26929
-0.156651
-162.52
-46.6105
-11.8082
-2.72838
-0.486011
-172.829
-49.9429
-12.4437
-2.76258
-0.507451
8569.01
11820.8
16238.8
19598.1
20226.5
23460.5
7888.53
9735.97
-2484.05
-7365.53
-5057.59
-3415.59
-2207.3
-1835.39
-1370.19
-845.238
-285.732
-3411.23
-2117.38
-1276.44
-869.876
-428.901
-3292.14
-1930.37
-1124.98
-588.165
-192.864
-2859.16
-2234.25
-1581.2
-942.206
-314.382
-547.044
-631.918
-2325.78
-2116.16
-2725.24
-3025.76
-5448.29
-3978.45
-5335.98
-2321.26
-393.7
-388.97
-1333.08
-429.982
-1075.47
109.718
-931.686
-810.883
238.922
-50.2458
-161.049
-125.585
-61.1223
-14.4474
-311.536
-243.063
-62.4391
43.7569
-17.2196
-28.6924
-18.0508
-11.4021
-72.2167
-84.174
-60.8996
-40.5523
-199.214
-144.679
-92.2746
-59.6579
-384.583
-198.13
-107.88
-66.1039
-504.731
-223.295
-122.506
-84.8015
-271.924
-157.417
-105.625
-84.736
-449.49
-208.691
-120.972
-91.5824
-137.828
-94.6194
-69.4995
-56.6703
-40.0174
-30.8172
-22.7874
-18.5644
-35.0511
-22.5697
-13.8447
-8.8608
-6.64329
-70.7039
-44.4025
-26.8973
-17.0807
-12.7639
-55.2519
-28.2895
-15.9305
-9.80713
-7.28313
-56.687
-31.5585
-18.3129
-11.356
-8.46039
-40.956
-22.1937
-12.6823
-7.84142
-5.82388
-14.622
-8.43271
-4.93551
-3.08055
-2.28681
-10.8232
-8.24576
-5.30184
-3.47734
-2.62858
-33.9672
-22.649
-14.035
-9.0861
-6.83479
-52.0293
-32.3521
-19.6523
-12.6396
-9.43789
26.2858
170.877
415.853
925.016
1553.57
13.6728
840.675
-247.802
-279.115
2.04653
-42.6768
-0.348913
-0.634387
-0.879109
110.922
30.7603
6.6141
2.04125
0.406746
136.069
31.0071
6.8558
1.3973
0.389687
195.402
37.3724
7.29846
1.44445
0.459981
276.394
43.2583
6.74758
1.01318
0.304424
-113.753
-39.6107
-10.6002
-2.54688
-0.467635
45.0038
-11.7719
-5.04092
-1.35638
-0.180525
-170.12
-48.489
-12.2171
-2.81714
-0.508474
-175.009
-50.5125
-12.5781
-2.79291
-0.515389
-32.3545
-368.725
-1049.14
-2027.21
-3202.87
-4397.29
-5358.59
-5799.55
-5424.6
-4010.21
-1915.03
-276.536
-29.1604
-24.6335
-18.6551
-11.6197
-3.9446
-332.693
-281.445
-213.467
-133.133
-45.228
-946.19
-800.048
-606.573
-378.222
-128.483
-1826.36
-1542.55
-1168.45
-728.196
-247.327
-2880.53
-2428.61
-1837.14
-1144.19
-388.571
-3944.03
-3316.58
-2504.46
-1559
-529.58
-4786.51
-4010.34
-3022.4
-1881.74
-640.053
-5148.94
-4292.91
-3229.52
-2014.36
-687.667
-4774.38
-3956.04
-2973.07
-1863.34
-641.291
-3490.26
-2871.9
-2158.99
-1364.45
-476.245
-1650.84
-1351.67
-1018.11
-649.327
-229.996
-239.43
-197.382
-149.848
-96.2544
-34.29
-59.5642
-453.095
-1197.05
-2243.43
-3478.06
-4691.64
-5593.49
-5889.57
-5327.74
-3774.34
-1678.84
-178.936
-53.8547
-45.674
-34.732
-21.7057
-7.38201
-409.338
-346.82
-263.478
-164.54
-55.9392
-1080.77
-915.086
-694.776
-433.718
-147.429
-2023.64
-1711.77
-1298.66
-810.363
-275.425
-3132.69
-2646
-2005.32
-1250.79
-425.116
-4215.6
-3552.65
-2688.66
-1676.58
-570.059
-5006.34
-4204.61
-3176.54
-1981.51
-674.686
-5238.38
-4377.12
-3300.45
-2062.52
-704.884
-4692.29
-3891.92
-2928.97
-1838.61
-633.613
-3276.63
-2690.01
-2020.25
-1277.85
-446.989
-1432.22
-1160.91
-868.68
-553.588
-196.952
-148.094
-116.786
-85.9441
-54.7987
-19.8173
-3030.09
-13353.7
-4333.72
-2716.87
-2284.1
-1724.72
-1073.78
-364.846
-9970.82
-8282.59
-6528.64
-4812.88
-2330.71
-3802
-3134.16
-2338.05
-1452.03
-495.365
8724.22
11797.6
19526.9
21821.5
21686.5
24365.6
8562.67
9085.22
1521.99
1410.26
1278.23
4433.83
3577.94
3109.65
5308.19
4357.69
4128.88
6671.19
4427.97
3469.05
7657.85
4287.09
2436.31
-516.351
-135.098
436.595
-337.743
648.896
-361.516
35.3058
-94.8585
-1809.89
-1581.17
-381.899
-191.337
-130.971
-106.316
-739.58
-378.087
-308.552
-280.225
-205.669
-75.3286
-35.7982
-24.3305
-557.291
-212.052
-97.6964
-67.4424
-716.893
-291.314
-143.199
-101.132
-627.951
-301.201
-166.231
-123.013
-391.169
-257.871
-159.424
-120.809
-170.431
-144.924
-102.288
-80.2359
-209.315
-190.746
-135.03
-106.43
-110.456
-90.394
-64.0419
-50.8516
-38.8586
-30.4951
-22.3203
-18.0051
-40.8958
-22.4737
-12.8035
-7.8679
-5.78262
-85.2159
-47.2036
-27.0774
-16.7257
-12.3158
-42.3898
-26.7229
-16.1503
-10.2341
-7.58095
-58.337
-33.0413
-19.3321
-12.1481
-8.96432
-34.983
-21.3177
-12.8236
-8.12237
-6.02847
-14.418
-8.40398
-4.97291
-3.12713
-2.31673
-17.6318
-8.64585
-4.69286
-2.80888
-2.03303
-48.351
-24.3262
-13.364
-8.01757
-5.84416
-64.2583
-33.2584
-18.5266
-11.185
-8.23123
158.337
349.233
89.7791
-687.645
-1694.05
-65.814
-1019.37
227.375
273.243
29.4886
41.4379
0.250814
0.455125
0.768988
18.0918
-8.70418
-2.98282
-1.42474
-0.295705
-15.3242
-11.4581
-3.82214
-0.951624
-0.321963
-129.925
-25.9533
-5.4567
-1.16788
-0.420772
-283.144
-42.2931
-6.43082
-0.961281
-0.303433
97.2691
36.2908
9.96762
2.42283
0.438039
-73.5626
8.18161
4.5311
1.27168
0.157357
162.537
46.6161
11.8097
2.72878
0.486121
172.84
49.9461
12.4445
2.76276
0.50749
-8578.93
-11829.6
-16268.5
-19630.1
-20159.6
-23382.1
-6659.98
-8253.37
2483.96
7365.78
5057.69
3415.55
2207.21
1835.32
1370.14
845.2
285.718
3411.39
2117.52
1276.58
869.997
428.933
3292.21
1930.45
1125.04
588.214
192.88
2859.12
2234.21
1581.16
942.184
314.374
507.614
602.655
2331.27
2110.26
2725.21
3026.3
5448.33
3978.68
5336.08
2321.37
335.845
303.085
1368.55
491.228
1076.99
-108.775
812.864
741.045
-201.499
58.321
148.568
116.557
56.4043
13.3875
313.461
243.73
62.9312
-43.7186
10.1853
25.7696
17.0327
11.6224
77.0849
84.9185
60.9664
40.0285
199.999
144.903
92.2416
59.5253
384.939
198.317
107.925
66.0996
504.94
223.444
122.579
84.8446
272.028
157.499
105.681
84.7799
449.634
208.805
121.044
91.6366
137.89
94.6665
69.5316
56.6953
40.0365
30.8309
22.7965
18.5712
32.8977
20.99
12.7999
8.15426
6.09777
70.2521
44.2245
26.7965
17.0028
12.7012
55.2904
28.3149
15.9493
9.82188
7.29566
56.7467
31.5984
18.3434
11.3802
8.48082
40.9781
22.2079
12.6924
7.84916
5.83034
14.6274
8.4359
4.93761
3.08205
2.28802
10.3226
7.61627
4.82905
3.13449
2.36987
33.6127
22.5834
14.0011
9.05183
6.79937
51.9758
32.3117
19.6148
12.5994
9.38681
-41.161
-156.208
-414.261
-924.499
-1553.42
-13.6741
-840.639
247.802
279.125
-16.3377
35.0376
-0.823244
0.301465
0.745715
-98.7314
-26.9721
-5.72172
-1.81376
-0.353025
-135.269
-30.6714
-6.75608
-1.37317
-0.383417
-195.177
-37.2703
-7.26294
-1.43471
-0.457218
-276.318
-43.2235
-6.73408
-1.00902
-0.303128
113.765
39.616
10.6021
2.54749
0.467833
-44.9721
11.7857
5.04619
1.35808
0.181078
170.127
48.4918
12.218
2.81738
0.508538
175.017
50.515
12.5787
2.79304
0.515414
32.3519
368.703
1049.08
2027.1
3202.71
4397.07
5358.32
5799.26
5424.34
4010.03
1914.95
276.527
29.1581
24.6315
18.6535
11.6187
3.94427
332.673
281.428
213.454
133.125
45.2252
946.137
800.002
606.539
378.201
128.476
1826.26
1542.47
1168.39
728.155
247.312
2880.38
2428.48
1837.04
1144.12
388.549
3943.82
3316.4
2504.32
1558.91
529.55
4786.26
4010.12
3022.23
1881.63
640.015
5148.67
4292.67
3229.33
2014.24
687.625
4774.13
3955.82
2972.89
1863.23
641.251
3490.09
2871.74
2158.87
1364.37
476.215
1650.77
1351.61
1018.06
649.291
229.983
239.423
197.376
149.843
96.2515
34.289
59.562
453.074
1196.99
2243.33
3477.9
4691.42
5593.23
5889.29
5327.48
3774.15
1678.75
178.924
53.8528
45.6723
34.7308
21.705
7.38175
409.319
346.804
263.466
164.532
55.9367
1080.72
915.043
694.743
433.697
147.422
2023.55
1711.69
1298.6
810.324
275.411
3132.54
2645.87
2005.22
1250.73
425.095
4215.4
3552.48
2688.53
1676.5
570.03
5006.1
4204.41
3176.38
1981.41
674.652
5238.12
4376.9
3300.28
2062.41
704.846
4692.05
3891.72
2928.81
1838.5
633.575
3276.45
2689.85
2020.13
1277.77
446.96
1432.13
1160.84
868.619
553.546
196.937
148.082
116.774
85.9341
54.7917
19.8147
3029.98
13353.6
4333.61
2716.77
2284.02
1724.65
1073.74
364.832
9970.71
8282.46
6528.53
4812.8
2330.64
3801.9
3134.07
2337.98
1451.99
495.35
0
0
0
0
0
0
0
0
0
0
0
0
-1400.16
304.066
-161.032
171.194
2612.56
2548.62
6011.79
5415.69
5681.65
5455.38
2429.4
2285.82
2175.48
5108.37
5020.62
4912.22
5750.23
5899.55
5907.21
586.213
369.453
163.086
40.2899
215.704
147.404
91.3829
59.7519
84.1352
51.2622
30.7221
19.385
14.3942
38.6741
22.6371
13.3853
8.41026
6.24318
-2949.83
-2545.8
-2051.22
-1489.06
-901.477
-302.375
-19.6313
-218.583
-630.587
-1295.03
-1957.27
-2310.83
-17.7251
-15.0054
-11.3875
-7.10425
-2.41374
-197.452
-167.257
-127.015
-79.2849
-26.9462
-569.346
-481.999
-365.824
-228.257
-77.5609
-1167.96
-987.489
-748.534
-466.613
-158.477
-1762.01
-1486.64
-1124.67
-700.07
-237.593
-2073.71
-1743.35
-1314.51
-816.378
-276.777
3348.62
3380.14
9962.5
9955.48
14779.2
13511.7
3297.83
2993.81
2784.43
9587.92
8676.37
8045.11
11601.2
10149.6
9368.81
0
0
0
0
0
0
0
0
2619.41
1150.68
659.218
387.849
471.414
323.961
303.454
275.325
211.999
144.037
104.781
71.2148
93.6245
52.6404
30.4779
18.9451
14.0425
37.916
22.454
13.2594
8.30378
6.16452
33.9979
264.701
717.783
1439.03
2239.31
2733.4
30.7512
26.0908
19.8471
12.406
4.21955
239.308
202.919
154.265
96.3809
32.7735
648.643
549.733
417.718
260.887
88.6961
1299.5
1100.46
835.584
521.604
177.292
2020.09
1708.75
1296.2
808.64
274.786
2461.69
2078.67
1574.6
981.586
333.481
3589.95
3182.09
2646.44
1983.95
1232.39
419.276
)
;
    }
    patch2
    {
        type            calculated;
        value           nonuniform List<scalar> 
348
(
-485.725
485.711
-1119.31
-443.158
-599.278
-748.975
-1292.91
-563.018
-705.293
-876.831
1119.21
443.13
599.243
748.924
1292.85
562.996
705.263
876.793
-8459.04
-2013.94
-559.351
-445.597
-310.534
-456.099
-415.741
-4897.5
-2005.81
-889.566
-1098.49
-563.867
-541.153
-539.473
-239.484
-425.9
-450.815
-358.618
-7065.88
-1252.79
-360.126
-677.946
-983.635
-674.727
-748.087
-540.75
-302.577
-465.278
-446.079
-519.401
-7543.53
-1900.17
-1995.15
-1114.77
-1073.59
-48.6511
-74.2311
-126.833
-204.681
-304.065
-414.099
-35.0227
-74.9294
-155.209
-268.632
-401.252
-532.956
-37.0664
-17.0865
-63.4173
-43.4392
-116.31
-96.7062
-192.901
-179.299
-274.682
-264.185
-354.584
-319.524
-505.652
-562.546
-606.83
-932.884
-1148.22
-1349.29
-638.725
-694.073
-684.637
-626.57
-554.192
-503.625
-51.2929
-82.3781
-141.132
-226.147
-334.247
-452.424
-38.7153
-86.3046
-174.941
-297.144
-437.457
-572.726
-39.5868
-19.2332
-71.2395
-50.2494
-130.26
-109.36
-214.484
-199.84
-306.851
-300.513
-397.864
-375.763
-548.214
-606.583
-654.219
-982.267
-1191.39
-1368.21
-675.084
-719.834
-696.537
-626.84
-549.795
-501.316
-8611.99
-2049.53
-622.279
-504.965
-381.729
-540.511
-491.09
-6073.47
-3703.48
-1367.99
-2330.71
-875.177
-1138.63
-687.903
-712.929
-529.314
-8073.43
-1582.5
-506.715
-861.958
-1203.51
-786.341
-868.518
-645.823
-388.746
-575.125
-620.44
-649.718
-8005.66
-2008.6
-2334.67
-1242.1
-1202.27
8458.37
2013.76
559.316
445.572
310.519
456.075
415.718
4896.98
2005.63
889.459
1098.45
563.892
541.128
539.441
239.493
425.884
450.81
358.608
7065.15
1252.66
360.107
677.901
983.55
674.677
748.036
540.716
302.565
465.255
446.058
519.372
7542.85
1899.99
1994.93
1114.67
1073.5
48.6484
74.2269
126.826
204.67
304.048
414.075
35.0207
74.925
155.2
268.616
401.23
532.926
37.0644
17.0855
63.4137
43.4366
116.303
96.7007
192.89
179.289
274.666
264.171
354.565
319.508
505.623
562.512
606.79
932.813
1148.13
1349.19
638.687
694.031
684.594
626.528
554.152
503.588
51.2903
82.3741
141.125
226.136
334.231
452.402
38.7134
86.3005
174.933
297.129
437.435
572.697
39.5848
19.2322
71.2361
50.247
130.254
109.354
214.474
199.83
306.836
300.499
397.846
375.747
548.187
606.553
654.186
982.212
1191.31
1368.11
675.05
719.796
696.498
626.802
549.76
501.281
8611.4
2049.38
622.25
504.942
381.714
540.489
491.069
6073.27
3703.34
1367.95
2330.64
875.154
1138.6
687.882
712.908
529.297
8073.08
1582.44
506.698
861.925
1203.46
786.306
868.479
645.796
388.733
575.103
620.419
649.693
8005.2
2008.48
2334.56
1242.04
1202.21
19.1241
297.322
335.582
212.022
852.598
860.163
-626.331
826.406
1126.62
-1408.03
364.334
502.076
-2406.86
518.966
868.373
-1114.06
-817.73
-1639.19
-1199.2
-3813.49
-1698.48
-4194.04
-1891.9
-4367.55
-106.783
-44.3015
-293.785
-326.065
-186.309
-838.673
-850.541
625.162
-825.937
-1126.27
1407.41
-364.297
-501.914
2406.39
-518.991
-868.299
977.074
710.172
1698.52
1249.14
3811.54
1699.32
4193.35
1891.78
4367.3
106.736
)
;
    }
    patch3
    {
        type            calculated;
        value           nonuniform List<scalar> 
96
(
-394.342
-603.471
-1034.42
-1676.4
-2505.07
-3439.9
-284.465
-610.469
-1268.1
-2203.53
-3309.37
-4426.23
-4243.69
-4771.29
-5165.68
-7656.22
-8547.03
-9401.91
-5346.87
-5855.34
-5803.53
-5276.77
-4504.4
-3929.62
-415.118
-667.295
-1145.58
-1841.04
-2732.01
-3718.27
-313.525
-699.708
-1421.57
-2422.21
-3581.29
-4714.93
-4534.92
-5043.54
-5416.71
-7810.76
-8616.08
-9423.36
-5594.77
-6006.28
-5835.08
-5209.59
-4405.56
-3884.18
394.321
603.438
1034.36
1676.32
2504.94
3439.73
284.449
610.435
1268.03
2203.41
3309.2
4426
4243.48
4771.06
5165.44
7655.88
8546.68
9401.55
5346.6
5855.06
5803.26
5276.53
4504.2
3929.46
415.097
667.263
1145.53
1840.95
2731.88
3718.1
313.51
699.675
1421.51
2422.09
3581.12
4714.71
4534.71
5043.32
5416.48
7810.43
8615.74
9423
5594.51
6006
5834.81
5209.36
4405.37
3884.02
)
;
    }
    patch4
    {
        type            calculated;
        value           nonuniform List<scalar> 
384
(
-10166.2
-28186.7
-47652.1
-65594
-53442.3
-41872.6
-30410.6
-11390.9
-13689.9
-38673.5
-57344.9
-20875.7
9086.78
28281.7
47661.2
65611.1
53460.9
41887.6
30501.6
9674.57
12397.6
38847.6
57558
18782
-44621.4
-64386.3
-72132.3
-98769.7
-46383.6
-65190.8
-73332.5
-99332.1
44629.2
64396.4
72143.5
98783.2
46398.3
65204.1
73346.3
99347
-20174.3
-32911.7
21989.1
33879.7
-16899.2
-5938.1
-21857.6
-7995.54
17633.5
6225.84
22322.7
8177.42
-21976.6
-33869.1
20181.2
32919.3
-7972.35
-5311.6
-24889.2
-17549.6
-31411.6
-45896.4
-3385.98
-1192.6
-12440.5
-4428.97
-9347.38
-6326.76
-28434.8
-20491.2
-33112.9
-46771.3
-3924.58
-1322.85
-14322.3
-5040.95
7216.88
4823.35
24968.3
17596.9
31418.3
45904.8
3094.52
1101.11
12461.4
4435.8
8473.93
5738.26
28582.2
20582.2
33125.7
46782.7
3580.48
1218.08
14357.8
5051.95
-17627.9
-6223.72
-22316.9
-8175.14
16903
5939.62
21862.4
7997.48
-13521.2
-14053.1
-11711.2
-12610.2
13519
14052.4
11709.8
12609.7
-950.023
-1070.48
-3435.41
-4298.4
-3188.91
-2838.01
-4802.38
-6571.19
-7587.51
-9846.2
-8291.43
-9966.91
-7555.5
-9926.23
-7739.64
-10374.7
-514.351
-1168.38
-2961.6
-4858.73
-1656.69
-2296.83
-4748.81
-6619.79
-7301.44
-9497.27
-7462.79
-9330.64
-7482.13
-9754.42
-7733.07
-10324.5
911.431
995.202
3422.08
4299.37
3185.81
2833.22
4802.4
6572.11
7586.34
9846.08
8290.29
9966.62
7555.53
9926.36
7740.15
10375
513.753
1085.64
2942.06
4862.43
1652.76
2290.2
4748.65
6620.78
7299.75
9496.94
7461.46
9330.23
7482.04
9754.44
7733.58
10324.7
-1226.24
-2391.74
-4128.84
-7305.64
-6589.96
-11199
-9028.35
-271.695
-1196.78
-2851.68
-5654.64
-4428.38
-8368.81
-7677.76
1177.22
2247.84
4106.41
7272.89
6586.14
11192.7
9026.9
298.901
1153.58
2819.75
5609.35
4425.17
8363.71
7676.76
-900.621
-2763.41
-4658.65
-6298.9
-7769.31
-9574.01
-8828.76
-9955.89
-10179.4
-887.345
-2724.76
-4580.1
-6180.73
-7644.22
-9507.93
-8735.99
-9916.33
-10166.1
797.311
2788.61
4657.56
6298.9
7769.57
9574.48
8829.15
9956.41
10179.9
786.027
2750.42
4579.12
6180.89
7644.63
9508.49
8736.5
9916.9
10166.7
-188.633
-575.569
-968.241
-1304.56
-1617.9
-2054.17
-1873.77
-2146.99
-2194.95
-185.995
-567.734
-953.365
-1282.84
-1593.43
-2038.41
-1852.42
-2137.45
-2191.75
165.608
582.09
968.015
1304.54
1617.93
2054.26
1873.84
2147.1
2195.06
163.305
574.351
953.187
1282.87
1593.51
2038.52
1852.52
2137.57
2191.87
-41.9529
-127.986
-215.47
-290.82
-362.758
-467.049
-423.837
-489.204
-500.391
-41.4007
-126.339
-212.455
-286.46
-357.643
-463.307
-418.988
-486.89
-499.608
36.7298
129.489
215.419
290.811
362.762
467.067
423.85
489.227
500.416
36.246
127.856
212.416
286.463
357.657
463.331
419.008
486.916
499.635
-9.28948
-28.3714
-47.8387
-64.6912
-81.0076
-105.172
-95.1059
-110.295
-112.767
-9.16948
-28.0129
-47.2001
-63.7808
-79.9229
-104.321
-94.0373
-109.758
-112.583
8.12194
28.7061
47.8264
64.6879
81.0073
105.176
95.1079
110.3
112.772
8.01704
28.3489
47.1905
63.7802
79.925
104.326
94.0412
109.763
112.589
-2.36552
-7.20501
-12.1246
-16.4101
-20.6083
-26.9885
-24.2863
-28.3858
-29.065
-2.33434
-7.11195
-11.9634
-16.1857
-20.3417
-26.7708
-24.0195
-28.2464
-29.0171
2.06767
7.28841
12.1212
16.4089
20.6079
26.9892
24.2865
28.3869
29.0663
2.04049
7.19525
11.9607
16.1851
20.3419
26.7719
24.0202
28.2477
29.0184
)
;
    }
}


// ************************************************************************* //
