/*--------------------------------*- C++ -*----------------------------------*\
| =========                 |                                                 |
| \\      /  F ield         | OpenFOAM: The Open Source CFD Toolbox           |
|  \\    /   O peration     | Version:  2306                                  |
|   \\  /    A nd           | Website:  www.openfoam.com                      |
|    \\/     M anipulation  |                                                 |
\*---------------------------------------------------------------------------*/
FoamFile
{
    version     2.0;
    format      ascii;
    arch        "LSB;label=32;scalar=64";
    class       volScalarField;
    location    "1";
    object      gradTx;
}
// * * * * * * * * * * * * * * * * * * * * * * * * * * * * * * * * * * * * * //

dimensions      [0 -1 0 1 0 0 0];

internalField   nonuniform List<scalar> 
5712
(
-7630.86
-9757.74
-17936.6
-26348.6
-26965.9
-46423.6
-20553.4
-52155.5
-16616.7
-36471.6
-24849.8
-37884
-22178.2
-29286.1
-9793.94
-11254
-17422.3
-20016.6
-22220.3
-22069.2
-17347.1
-21281.2
-25411
-22738.6
-6330.8
-4886.73
-7849.54
-5393.5
-14761.4
-12059.1
-24989.6
-18390
-19284.8
-20165.9
-21751.9
-21223.9
-8024.75
-6084.09
-45086.2
-60383.9
-29289.4
-35920.6
-59924.5
-77914.9
-31095.8
-35630.2
-33782.1
-47717
-29701.4
-39245.3
-17578.1
-28135.1
-3503.28
-1193.99
-3663.2
-1333.08
-10539.2
-4298.63
-14283.8
-5316.57
-10421.7
-3963.31
-10749.4
-3477.35
-18144.6
-5820.45
-23381.7
-7953.17
-27356.2
-13832.3
-25088.3
-14855.2
-25195.8
-16330.3
-22231.4
-16460.2
-20166
-12069.1
-20268.8
-10574.3
-25945.2
-16372.3
-26044
-16473.8
-23539.9
-17303.9
-23838.8
-17313
-21750.4
-13764.6
-22530.9
-14066.2
-20814.3
-9230.02
-9873.17
-12305
-20861.8
-10155.7
-8771.47
-12684.9
-22024.3
-9124.82
-11067.9
-12272.7
-23134.7
-9326.71
-11976.7
-12755.9
-4523.79
-4970.53
-1552.66
-3196.34
-13071.3
-13863.1
-5231.12
-9696.88
-16748.3
-18373.9
-8579.93
-14789.2
-12216.7
-199.813
-14721.3
-19122.7
-10923.4
188.293
-6791.5
-13666.3
-22553.7
-17254.2
-11262.6
-14083
-12889.2
-11636.9
-18513.3
-4183.37
-3320.83
-2440.46
-2387.97
-11617.4
-9371.42
-7353.88
-6901.55
-14276.7
-11360.5
-9596.78
-8456.65
-5437.43
-7157.55
-11649.6
-12308.3
-15256.4
-13742
-17370.5
-14683.4
-12846.1
-10811.2
-9480.3
-9317.69
-12719.9
-9065.44
-11962.7
-7795.73
-10732.9
-6642.02
-13257.3
-8337.55
-10713.6
-3857.74
-9475.49
-9574.71
-13032.7
-16184.1
-14446.4
-20399.4
-7772.95
-7957.87
-9675.2
-1791.95
-8546.66
-15747.6
-8148.22
-17065.1
-14353.8
-25335.6
-14605
-27092.2
-6747.32
-13935.2
-6223.84
-15032.4
-9487.52
-6552.52
-13570.8
-4919.41
-9343.78
-539.078
-11621.6
353.107
-9262.01
-10291.6
-14280.2
-6360.03
-7792.77
-12290.9
-12772.7
-8446
-2475.34
-2073.72
-1686.89
-1809.43
-1581.03
-1316.15
-7155.78
-5325.78
-4219.23
-4838.96
-3497.46
-2775.95
-8244.55
-6484.92
-5705.65
-5737.1
-4168
-3710.05
-5842.31
-4590.97
-4266.84
-10313.9
-6855.47
-5349.47
-10377.9
-6714.52
-4943.53
-10766.7
-7580.49
-6166.35
-7631.68
-4456.51
-3176.06
-14740.3
-11449.7
-9049.03
-10077.2
-7516.97
-5535.56
-9623.44
-6621.6
-4589.95
-8637.9
-5525.74
-3638.35
-9786.98
-5006.71
-2416.72
-11217
-14977.9
-9057.68
-11477.2
-12579
-18170.8
-11405.4
-16223
-9.87675
-698.595
507.169
-150.242
-3050.73
-3308.08
-1378.92
-783.145
-943.794
-2610.94
-9856.22
-14122.4
-6652.78
-3932.68
-10802
-10734.3
-17085.4
-18833.9
502.112
4305.37
-8033.36
-7502.39
-7481.24
-5730.82
-1027.54
-534.102
-749.076
-353.738
-2028.95
-172.662
166.052
690.145
-9299.36
-2211.61
-6522.49
-1673.78
-9302.21
-2764.96
-11164
-3418.94
-9639.04
-12264.7
-8810.3
-11895.5
-15777.5
-16134.7
-14949
-15173.6
-5825.01
-9102.06
-6775.71
-9083.17
-9274.58
-11416
-10140.3
-11454.1
-15539.2
-14843.7
-16216.6
-14830.3
-5828.25
-8762.69
-6259.95
-8842.96
321.838
-891.457
-6597.54
-3478.74
777.838
-529.585
-6114.28
-3050.74
-94.1214
-1141.85
-6705.69
-3792.22
-452.865
-1341.49
-6663.66
-3869.44
647.003
733.472
-141.412
34.2277
2730.3
2679.38
255.545
471.769
612.813
1823.93
-1287.36
-597.886
9929.93
10022
5221.08
4008.57
629.069
10853.1
10451.4
3915.53
5725.04
1021.21
-11004.9
-8310.46
-6834.47
-5871.56
-2981.89
667.714
550.754
86.1477
42.546
2152.8
1870.15
289.235
159.113
2195.23
2365.01
-256.813
-342.97
4960.48
1829.95
7452.83
4136.54
3104.21
2053.25
3504.3
2731.03
41.3877
-538.135
-4043.53
-2493.24
-1284.79
663.02
-959.846
564.162
-1213.69
-78.1925
-1108.68
-1152.6
-5122.07
-4474.37
-9623.5
-5702.94
-8306.43
-7951.85
-12514.7
-9879.53
-7042.29
-3963.88
-3475.53
-3257.41
-11324.8
-4941.75
-12400.3
-5516.22
-13938.3
-10108.1
-14835.4
-10881.8
-8575.18
-3217.93
-9557.88
-3714.53
-4885.23
-3494.69
-2957.55
-4214.61
-3022.19
-3145.73
-2466.57
-3885.17
-5679.26
-3384.34
-3347.67
-4847.33
-6988.52
-3657.35
-4436.35
-4966.45
472.973
447.323
479.125
45.6232
158.179
167.833
1721.74
1640.34
1559.94
200.932
455.296
435.097
2285.92
2257.04
2173.64
-227.409
455.219
572.022
759.956
623.353
334.396
2529.88
2449.55
2175.17
1957.38
2061.43
1950.7
2451.78
2371.3
2195.32
-666.309
202.534
259.465
-3584.86
-2031.32
-1126.51
349.34
1095.27
1465.72
425.28
1275.29
1610.04
205.832
1055.58
1272.07
-1265.04
257.906
425.725
16.4961
15.817
14.8644
21.4937
185.044
83.8265
57.8023
43.9637
-0.875583
25.2115
72.4484
92.364
287.448
142.86
147.849
124.274
-172.269
-14.807
106.34
173.465
64.6143
88.6996
107.679
103.42
-26.3488
43.493
34.9485
30.5222
-187.761
-32.3873
40.4885
63.3489
-703.578
-172.372
-16.3178
66.8976
-1025.31
-253.225
-72.887
136.032
-471.303
-89.7109
40.8942
136.838
-834.488
-194.7
-78.7157
110.131
-752.917
-195.33
8.35612
106.67
-1150.04
-296.317
-78.5821
165.597
-820.98
-232.909
12.7133
137.173
-1230.54
-330.362
-90.404
171.557
9.83878
9.45141
14.4892
28.9693
37.0139
18.9037
6.0174
25.6094
64.8436
38.4846
54.439
84.117
145.543
66.4143
25.2648
71.3429
-272.183
-56.4678
39.9245
134.138
-95.481
5.21471
19.2629
122.752
-24.617
55.3898
84.6371
144.097
26.0852
52.1923
12.8867
122.587
-701.296
-151.637
-55.3819
165.286
66.6568
28.5764
13.9337
22.1522
115.334
43.0387
17.9967
11.9393
143.25
67.3861
24.8978
53.689
299.399
114.75
43.3933
29.7051
106.038
72.5629
29.4709
85.6451
393.232
161.327
64.1708
45.5009
-16.9496
61.7317
34.1875
119.553
338.696
172.891
72.8357
55.2766
-325.202
-5.05701
-17.447
101.754
149.023
144.316
58.071
52.0071
-799.364
-113.398
-44.7659
109.873
-239.085
16.4869
19.9946
38.5308
-594.694
-49.2472
-34.1797
101.255
-105.025
73.6576
40.1012
47.1084
-973.211
-178.887
-62.2843
119.269
-346.642
-31.9608
5.5626
33.7213
-1091.98
-234.426
-81.7231
114.938
-431.561
-74.8914
-10.242
27.4515
9.40158
3.39459
1.32926
0.57056
0.310183
12.464
5.00206
2.09059
0.926499
0.511108
22.4548
7.78386
3.02265
1.29717
0.705859
27.0899
10.8727
4.56523
2.03346
1.12572
29.6302
9.66367
3.69744
1.5826
0.861232
35.2992
14.1282
5.94334
2.65561
1.47346
17.4423
6.96863
2.93708
1.3196
0.735886
12.89
4.22384
1.61057
0.694769
0.381896
27.9835
9.52724
3.72885
1.61806
0.887121
13.3815
3.97467
1.46843
0.62327
0.338727
30.4515
11.0155
4.4886
1.97986
1.09179
12.9794
3.99891
1.51644
0.649041
0.353552
21.5191
6.29547
2.28383
0.962001
0.522298
12.651
3.49126
1.2578
0.531615
0.289472
19.6386
4.41109
1.30197
0.490539
0.253732
10.8738
2.13417
0.581044
0.210615
0.107239
8.02634
2.67012
1.01234
0.427799
0.230755
6.10048
2.16068
0.848497
0.363535
0.196955
19.9201
6.601
2.54151
1.08627
0.58962
15.9091
5.59936
2.22248
0.960138
0.522832
27.4516
8.13356
3.01665
1.27393
0.689139
21.4083
7.54742
3.03558
1.32341
0.724754
24.4204
8.67874
3.54295
1.55913
0.857443
14.5888
5.59714
2.3278
1.02921
0.567119
12.2932
4.62066
1.9288
0.854795
0.471251
-137.948
-344.49
-175.094
-798.013
138.896
-909.836
941.971
-493.557
1692.72
714.64
-385.519
-1044.95
1170.6
1045.72
-1124.73
-1977.33
-1599.07
-2377.87
-866.561
-206.925
-47.62
-10.749
-2.7679
-219.453
-121.536
-16.5681
-4.72617
-2.22258
-2658.38
-630.996
-145.717
-32.7336
-8.44308
-500.755
-151.739
-39.6421
-8.68912
-2.49709
-4425.74
-1052.49
-243.873
-55.0131
-14.1719
-830.934
-266.43
-68.4353
-16.6738
-4.38728
-5848.86
-1395.46
-325.053
-73.6516
-19.0259
-972.885
-337.947
-89.3864
-21.9538
-5.74912
-7172.57
-1729.36
-406.204
-92.6562
-24.0819
-1092.7
-417.128
-113.076
-28.0356
-7.41772
-8222.21
-2044.88
-488.2
-112.669
-29.5328
-1911.34
-609.569
-155.6
-36.9703
-9.63143
-7761.28
-1924.56
-457.029
-104.887
-27.3555
-1386.64
-500.923
-133.205
-32.4634
-8.48951
-8405.53
-2092.17
-500.671
-115.841
-30.4494
-2226.86
-679.421
-170.159
-39.7696
-10.3189
-8726.67
-2153.08
-516.024
-119.394
-31.3867
-2338.6
-712.975
-179.762
-39.0983
-10.702
-645.47
-7934.02
-7248.45
-2582.37
1759.69
2977.5
8248.17
12130.8
1670.42
8805.84
-2276.64
2320.94
2449.39
5172.94
10063.5
14384.5
15238.8
19242.3
6227.46
8093.36
-20047.8
-14148.3
-3436.87
-2326.44
-1628.6
-2215.03
-2330.12
-11850.2
-10183.4
-9025.09
-8875.57
-6720.66
-4916.67
-6867.36
-4033.8
-3414.5
-3956.89
-2708.21
-19401.4
-9311.62
-2769.16
-4898.73
-7335.58
-4872.55
-4998.03
-3586.76
-1958.1
-2718.76
-3162.03
-3469.5
-19591.5
-12403.2
-11590.4
-8106.79
-7631.73
-8408.35
-2967.74
-3687.4
-5292.18
-13484.9
-10876.4
-8320.82
-6789.86
-5075.47
-8923.76
-5893.42
-4237.67
-2919.3
-1339.61
-2980.2
-2416.91
-1768.24
-1079.14
-364.489
-2050.4
-1688.78
-1249.04
-765.13
-257.776
-1428.25
-1168.74
-858.187
-522.379
-175.301
-1958.99
-1618.33
-1198.82
-734.263
-247.102
-2038.9
-1665.64
-1222.61
-744.957
-250.373
-7244.58
-5170.81
-3685.17
-2987.02
-2787.05
-5286.76
-3619.81
-2345.04
-1746.53
-1120.25
-5573.09
-3338.62
-2201.71
-1402.94
-612.581
-4438.23
-2842.01
-1764.58
-1158.44
-616.241
-3078.65
-1852.13
-1089.8
-680.874
-304.525
-3814.3
-2779.91
-1864.98
-1082.28
-363.935
-4644.25
-2986.11
-1912.26
-1104.43
-393.145
-2621.94
-1579.05
-941.51
-503.086
-165.58
-2764.12
-2087.15
-1433.52
-837.976
-278.357
-3103.23
-2269.22
-1512.09
-862.451
-282.402
-2218.87
-1692.3
-1168.76
-682.851
-225.419
-12258.4
-8773.27
-6477.52
-5066.8
-4160.99
-6663.81
-4675.02
-3248.02
-2056.29
-852.892
-2258.63
-1723.95
-1200.36
-712.589
-240.829
-4057.56
-3153.31
-2237.21
-1350.89
-463.258
-5859
-4449.41
-3138.8
-1927.1
-697.665
-4050.17
-3166.79
-2265.83
-1381
-477.141
-4227.03
-3355.29
-2423.53
-1478.68
-505.969
-3060.84
-2442.1
-1763.18
-1068.62
-361.071
-1661.85
-1312.92
-934.495
-557.122
-185.432
-2358.06
-1907.54
-1387.46
-840
-281.564
-2641.76
-2058.34
-1452.35
-864.59
-289.363
-2949.35
-2341.59
-1681.27
-1013.78
-341.414
-12936.6
-10005.5
-7622.06
-5984.81
-4490.96
-8339.22
-5745.98
-4126.75
-2782.28
-1277.62
-8215.17
-6202.34
-4392.63
-2950.48
-1306.58
-6186.94
-4520.22
-3219.91
-2050.42
-786.669
-6193.17
-4781.25
-3419.46
-2117.82
-763.277
-6367.36
-4626.15
-3276.99
-2077.42
-786.521
-2486.45
-1952.17
-1395.74
-845.709
-288.672
-3196.38
-2586.98
-1885.63
-1145.44
-385.148
-4456.97
-3518
-2526.59
-1534.29
-523.02
-6577.27
-13509.4
-13830.3
-38400.7
-13412.1
-50602.6
-7408.58
-18082.1
-13423.9
-10285.2
-22667.7
-18756.6
-13132.4
-12079.5
-25063.3
-19524.9
-4881.74
-3665.47
-9580.75
-6673.95
-10910
-8255.43
-29675.8
-22172.7
-17809.7
-13309.3
-18428.2
-10897.3
-1283.41
-4475.54
-47217.7
-61303.5
-28370.8
-35806.6
-61597.4
-78650.7
-30036.2
-35385.8
-35529
-48631
-28892.5
-39264.8
-19607.6
-29138
-2397.22
-641.687
-4254.93
-1460
-8151.63
-3706.8
-16628.3
-6051.38
-3538.59
-2054.61
-8842.59
-2808.93
-18274.5
-5782.43
-23658.7
-8031.13
-18409
-9765.92
-21627.5
-12816.7
-16276.3
-11818.5
-18723.6
-14321.7
-17733.1
-10435.8
-13906
-7418.1
-24641.4
-15472
-25727.5
-16231.1
-22150.1
-16375.1
-23467.8
-17062.9
-20903.3
-13029.7
-22343.9
-13866.3
-19777.9
-8938.61
-8805.67
-11921.8
-17645.5
-9209.97
-6743.17
-11916.1
-21837.4
-9083.85
-10587
-12102.7
-23150.2
-9338.14
-11847.7
-12710.9
-1374.58
-1283.49
-358.021
-1645.23
-5597.2
-5919.69
-3637.87
-7476.59
-3375.91
-4196.93
-5814.81
-11111.8
-12603.3
-9390.61
-10499.2
-13578.9
-9455.97
-7206.71
-8168.34
-8128.93
-15874.2
-15003.3
-12870.1
-11370.8
-8427.4
-7600.52
-16543.5
-1406.46
-1045.91
-818.836
-923.69
-5264.44
-4114
-4608.94
-4071.98
-1013.82
322.48
-5516.79
-4354.28
-9922.93
-10549.9
-9393.47
-8699.16
-7806.88
-5673.88
-10459.1
-8243.25
-10267.2
-8031.42
-11882.8
-11568.7
-10533.2
-7582.07
-8132.84
-4990.35
-7532.21
-4345.81
-11919
-6986.68
-9586.23
-4390.65
-8693.22
-9488.99
-13242.1
-17181.6
-14059.8
-20344.4
-6952.08
-7828.58
-8250.34
-2173.55
-8159.34
-15589.9
-8032.32
-16999.1
-14055.8
-25322
-14502.1
-27039.2
-6361.21
-13800.1
-6112.38
-14981.6
-8969.16
-6558.86
-13458.2
-5078.99
-8393.02
-1163.26
-11529.3
-693.098
-9025.07
-10235.7
-14228.2
-6387.69
-7718.01
-12265.8
-12754.1
-8446.25
-999.093
-919.213
-738.142
-847.491
-3120.59
-2299.8
-2946.48
-2693.27
935.614
310.439
-3429.56
-3723.24
-10311.4
-9476.32
-7849.47
-6457.76
-4543.06
-3655.02
-6516.84
-5271.41
-6782.91
-4874.32
-17769.2
-14853.7
-8228.23
-6450.56
-6726.42
-4597.3
-5917.91
-3360.58
-6724.55
-2522.34
-5668.63
-9312.6
-4846.67
-9648.43
-8997.3
-11016.9
-10217.8
-13897
-909.38
-581.3
-570.865
-430.436
-3485.89
-2261.12
-2652.76
-1185.48
-918.777
-1372.47
-8181.71
-8676.93
-4236.18
-3667.99
-9801.8
-10421
-15867
-18457.3
660.439
4305.55
-7255.51
-7247.96
-7029.91
-5612.75
-913.096
-782.463
-953.874
-751.965
-1413.68
-760.069
-216.816
-100.813
-7523.25
-3020.43
-6358.77
-2457.81
-9013.56
-3186.12
-11032.7
-3574.08
-5296.37
-10191.6
-7121.99
-10733.3
-9086.8
-12280
-12261.3
-13344.7
-4959.62
-8614.33
-4359.06
-8518.08
-8472.91
-10882.2
-9891.03
-11304.8
-14355.8
-14045.8
-15870.6
-14612.8
-5416.55
-8518.05
-6126.17
-8773.29
147.174
-1318.54
-6706.56
-3830.38
177.704
-1337
-6601.66
-3639.38
-202.676
-1424.83
-6735.22
-3991.09
-490.803
-1450.7
-6667.52
-3934.91
-907.654
-964.116
-797.945
-811.816
-1712.73
-1699.54
-970.697
-982.006
-7551.49
-6718.97
-2942.01
-2800.63
-3176.79
-4580.28
-3498.87
366.395
-947.23
-679.098
-982.666
-3450.66
2764.38
-150.267
-14571.9
-11723.4
-9801.53
-7777.48
-4078.41
-938.159
-799.432
-873.386
-1004.68
-1644.73
-1262.64
-1242.14
-1602.06
-6737.48
-6325.05
-3014.63
-3690.24
-4626.36
-6348.62
-2667.49
-4580.47
-4260.38
-4561
-570.067
-984.756
-1647.49
-2528.76
-9547.67
-7534.85
-7094.21
-4979.42
-5671.03
-3892.93
-4451.65
-3029.31
-2589.65
-2693.05
-7556.7
-7266.96
-10384.6
-6591.86
-10126.2
-10541
-12813.8
-10609.6
-8025.5
-4793.78
-5740.35
-5563.82
-11512.5
-5427.94
-12425.7
-5616.4
-13870.2
-10494.6
-14785.9
-10941.3
-8944.06
-3690.33
-9644.54
-3826.3
-5805.41
-4186.47
-3718.13
-4915.71
-4837.18
-4871.42
-3667.4
-5150.17
-6107.29
-3805.04
-3748.54
-5264.78
-7110.01
-3778.42
-4559.09
-5079.1
-600.958
-527.198
-718.699
-566.276
-1116.49
-1342.15
-1017.59
-832.297
-5962.39
-5208.63
-2390.58
-1116.06
-7367.89
-6780.6
-5502.32
-4786.26
-4313.28
-3664.11
-1371.66
-1458.74
-2402.97
-1170.31
-8150.58
-6715.55
-4419.59
-3513.56
-3216.94
-2232.12
-2100.63
-1158.35
-2453.14
-95.0369
-129.747
-52.8888
-18.1506
6.01005
-84.8489
-48.2179
-4.13582
14.6008
-360.532
-142.649
2.46857
63.4491
-252.857
-129.621
24.4061
66.0068
-627.855
-225.741
23.7494
147.684
-547.083
-230.657
-53.108
18.2914
-395.027
-157.854
-69.9028
-21.2581
-342.386
-120.822
-5.75867
39.8743
-1008.93
-328.791
-100.142
19.4019
-1210.43
-337.605
-113.626
127.77
-937.884
-300.795
-59.1389
86.0438
-1086.49
-298.552
-126.415
105.89
-965.476
-310.928
-50.0284
80.0351
-1269.35
-354.715
-109.337
155.816
-905.693
-280.664
-11.6361
125.818
-1273.01
-352.072
-101.993
167.903
-127.211
-46.621
-8.5441
21.3146
-108.482
-34.6038
-17.8408
18.4598
-323.878
-118.896
-7.89021
61.5772
-267.419
-87.4527
-41.9027
49.9099
-689.764
-224.15
-23.76
118.605
-615.813
-187.923
-64.1072
101.163
-732.86
-235.057
-35.7025
99.4409
-555.363
-166.567
-75.0956
111.978
-1081.24
-291.957
-114.427
172.59
-78.1884
-24.5944
-6.86998
14.3193
-34.2558
-14.19
-4.05394
1.26366
-237.388
-72.4442
-34.1133
30.2131
-112.965
-42.9285
-19.1868
-0.373783
-429.495
-124.458
-54.6033
52.9312
-231.007
-77.5196
-29.5623
0.946617
-658.106
-181.118
-67.9772
83.6033
-408.105
-117.794
-40.0505
2.49066
-877.093
-225.283
-120.197
58.1693
-548.928
-143.926
-60.3797
-6.10392
-1175.56
-297.806
-135.418
70.0646
-556.261
-144.096
-55.9307
-1.2279
-1121.1
-283.969
-145.569
52.9529
-606.777
-154.838
-60.8337
-5.13767
-1187.04
-290.53
-118.98
94.8481
-515.377
-125.406
-39.9086
10.6144
-1159.17
-270.854
-100.552
106.778
-481.177
-103.786
-24.6346
20.1337
0.772233
-0.99363
-0.723491
-0.394531
-0.239969
-3.08507
-2.50057
-1.36637
-0.692662
-0.411357
2.4602
-2.3426
-1.70428
-0.924471
-0.560859
-7.28907
-5.76547
-3.11827
-1.57089
-0.929732
5.21439
-2.79504
-2.11595
-1.14963
-0.696919
-10.5432
-7.84753
-4.18076
-2.09233
-1.2347
-5.86348
-4.12835
-2.17964
-1.08406
-0.636812
1.0772
-1.43487
-1.00766
-0.537944
-0.323039
0.708333
-3.56695
-2.30902
-1.21415
-0.728307
3.18884
-0.994148
-0.831013
-0.456681
-0.277601
-4.52064
-5.43929
-3.02937
-1.5341
-0.909806
2.00601
-1.25598
-0.897723
-0.48106
-0.290396
5.92477
-1.2949
-1.23624
-0.693798
-0.423456
3.85537
-0.762724
-0.708324
-0.392601
-0.238557
12.6193
0.969846
-0.299573
-0.264397
-0.177854
7.97285
0.70327
-0.0848883
-0.103239
-0.0721268
1.84844
-0.567416
-0.502727
-0.283195
-0.174016
0.100638
-0.702101
-0.453513
-0.24158
-0.146348
2.87888
-1.95733
-1.41142
-0.762039
-0.461833
-0.825245
-2.20591
-1.30455
-0.676805
-0.405873
8.28327
-1.82447
-1.6133
-0.895947
-0.546472
-2.64298
-3.4814
-1.9309
-0.981846
-0.58395
-4.34233
-4.55135
-2.44175
-1.22729
-0.727252
-5.29832
-3.21684
-1.61261
-0.797533
-0.470001
-4.43042
-2.83975
-1.42722
-0.70638
-0.416671
35.7868
-176.99
188.134
-427.556
456.03
-544.534
965.61
-358.699
1365.25
422.324
-534.209
-1214.75
776.501
487.596
-1172.39
-2023.94
-1607.45
-2384.6
-815.315
-197.596
-45.8402
-10.4097
-2.69586
-192.133
-115.049
-16.0192
-4.62083
-2.16552
-2515.24
-604.336
-140.563
-31.7548
-8.23482
-448.587
-145.356
-38.8471
-8.63318
-2.4879
-4215.21
-1012.29
-236.018
-53.5111
-13.8531
-787.835
-261.087
-67.7915
-16.5851
-4.37526
-5627.46
-1351.27
-316.22
-71.9389
-18.6601
-986.397
-340.314
-89.7836
-22.0006
-5.75916
-6999.54
-1690.62
-398.01
-91.0175
-23.7259
-1179.81
-428.54
-114.597
-28.2218
-7.4463
-8183.45
-2031.37
-484.684
-111.878
-29.3472
-1954.7
-617.001
-156.754
-37.1365
-9.65689
-7677.89
-1899.41
-451.082
-103.629
-27.0742
-1485.9
-514.767
-135.155
-32.7272
-8.53227
-8391.94
-2086.44
-499.008
-115.442
-30.3513
-2239.15
-681.763
-170.53
-39.8236
-10.3269
-8723.7
-2151.57
-515.545
-119.274
-31.3564
-2339.97
-713.24
-179.797
-39.1044
-10.7025
-517.204
-7757.25
-6724.01
-2191.8
-1630.09
-822.094
-3787.48
-2504.82
-7058.65
-6502.86
-3422.01
-2493.41
-155.127
-256.186
-472.742
-826.258
-1340.95
-2018.06
-117.485
-272.242
-600.33
-1118.35
-1820.73
-2656.27
-113.962
-51.8424
-209.44
-138.883
-412.397
-329.832
-742.1
-667.815
-1158.3
-1076.14
-1677.86
-1449.46
-2740.54
-3386.15
-4022.82
-6603.23
-7898.56
-9001.57
-3498.96
-4155.76
-4433.3
-4323.56
-3953.34
-3639.66
-139.469
-117.444
-88.6284
-55.037
-18.651
-230.018
-193.379
-145.692
-90.3554
-30.5984
-423.756
-355.564
-267.365
-165.571
-56.026
-739.015
-618.508
-463.943
-286.782
-96.9519
-1195.55
-997.008
-745.374
-459.675
-155.231
-1790.48
-1485.25
-1105.27
-679.627
-229.246
-105.545
-88.7935
-66.9435
-41.54
-14.0714
-244.188
-205.047
-154.301
-95.6093
-32.3621
-537.563
-450.516
-338.381
-209.376
-70.8193
-999.093
-835.093
-625.673
-386.451
-130.6
-1621.25
-1350.2
-1008.28
-621.39
-209.79
-2354.49
-1951.29
-1451.11
-892.022
-300.882
-102.518
-86.3899
-65.24
-40.5358
-13.741
-46.6499
-39.3241
-29.7069
-18.4629
-6.25951
-188.2
-158.376
-119.437
-74.1283
-25.1131
-124.866
-105.147
-79.3471
-49.2717
-16.6967
-370.05
-310.881
-234.046
-145.067
-49.1104
-296.156
-248.993
-187.594
-116.341
-39.3972
-664.525
-556.909
-418.258
-258.77
-87.5188
-598.335
-501.746
-377.035
-233.352
-78.935
-1034.07
-863.557
-646.373
-398.911
-134.749
-961.302
-803.269
-601.502
-371.283
-125.417
-1490.09
-1237.13
-921.056
-566.357
-190.996
-1288.28
-1070.23
-796.92
-489.877
-165.134
-2413.08
-1986.26
-1469.07
-900.441
-303.574
-2944.88
-2396.01
-1758
-1074.77
-363.094
-3426.08
-2738.72
-1989.43
-1216.84
-415.28
-5418.58
-4219.91
-3036.55
-1879.25
-665.699
-6095.13
-4583.4
-3279.46
-2090.68
-808.026
-6645.42
-4885.33
-3486.4
-2273.68
-935.104
-3082.03
-2537.97
-1877.96
-1151.44
-388.221
-3628.56
-2963.12
-2179.72
-1333.68
-450.093
-3821.27
-3085.43
-2254.42
-1378.55
-467.275
-3649.05
-2898.27
-2101.31
-1289.27
-443.056
-3210.27
-2483.4
-1785.34
-1109.98
-396.453
-2843.1
-2144.11
-1530.6
-966.707
-360.358
-159.8
-271.814
-504.158
-881.659
-1431.95
-2149.44
-123.552
-292.772
-641.662
-1188.44
-1923.39
-2783.15
-117.984
-54.7988
-223.444
-150.048
-442.389
-356.775
-799.34
-725.132
-1262.62
-1206.83
-1839.79
-1684.3
-2900.46
-3560.23
-4204.07
-6733.08
-7954.69
-9015.52
-3627.37
-4257.51
-4490.44
-4331.69
-3932.14
-3626.62
-143.719
-121.075
-91.4102
-56.7862
-19.248
-244.24
-205.538
-155.016
-96.2223
-32.6013
-452.383
-380.076
-286.191
-177.431
-60.078
-789.596
-661.919
-497.363
-307.879
-104.167
-1278.85
-1068.72
-800.757
-494.723
-167.235
-1911.37
-1589.95
-1186.62
-731.353
-247.011
-111.062
-93.5067
-70.5546
-43.8104
-14.8462
-262.875
-221.027
-166.558
-103.323
-34.9957
-575.244
-482.8
-363.19
-225.014
-76.1635
-1063.14
-890.118
-668.081
-413.244
-139.768
-1715.39
-1431.4
-1071.13
-661.231
-223.449
-2471.5
-2052.91
-1530.28
-942.481
-318.236
-106.173
-89.5093
-67.6277
-42.0359
-14.2527
-49.3346
-41.6131
-31.4572
-19.5615
-6.63405
-200.934
-169.253
-127.769
-79.3661
-26.9004
-135.012
-113.805
-85.9736
-53.4346
-18.1166
-397.354
-334.234
-251.96
-156.342
-52.9605
-320.671
-269.946
-203.657
-126.446
-42.8463
-716.738
-601.673
-452.682
-280.479
-94.9396
-650.638
-546.606
-411.549
-255.126
-86.3796
-1129.36
-945.382
-709.399
-438.71
-148.363
-1080.45
-905.334
-679.931
-420.717
-142.31
-1638.71
-1365.44
-1020.42
-629.37
-212.603
-1502.63
-1254.1
-938.4
-579.145
-195.659
-2561.62
-2116.26
-1571.1
-965.859
-326.156
-3109.15
-2542.17
-1874.51
-1150.44
-389.446
-3601.59
-2898.74
-2119.86
-1303.17
-445.811
-5559.08
-4359.44
-3158.79
-1965.45
-698.147
-6171.41
-4667.36
-3359.21
-2151.8
-833.763
-6669.81
-4914.27
-3515.43
-2297.16
-945.597
-3201.68
-2643.08
-1960.78
-1204.72
-406.645
-3725.38
-3050.09
-2249.71
-1379.48
-466.106
-3878.82
-3139.97
-2300.43
-1409.8
-478.492
-3663.1
-2916.34
-2119.93
-1303.79
-448.812
-3197.19
-2477.27
-1784.71
-1112.3
-398.25
-2833.85
-2138.18
-1527.68
-966.045
-360.608
-20001.2
-14171.5
-3686.64
-2568.85
-1981.64
-2599.98
-2667
-12637.9
-13543.6
-10603.9
-12112.5
-6435.45
-9819.67
-4740.79
-5017.4
-3514.98
-20027.5
-10249.1
-3453.52
-5683.07
-8043.6
-5290.67
-5473.2
-4046.06
-2385.2
-3261.12
-4024.44
-4070.51
-19483.3
-12514
-12109.7
-8390.6
-7996.72
-8844.6
-3488.18
-4167.35
-5812.14
-13488
-10916
-8384.27
-6873.77
-5150.43
-8974.31
-5949.31
-4292.28
-2963.89
-1358.49
-3216.75
-2628.09
-1937.01
-1188.92
-402.757
-2274.33
-1883.52
-1400.9
-861.972
-291.096
-1753.28
-1450.26
-1076.83
-661.361
-223.032
-2311.73
-1922.32
-1433.82
-883.096
-298.105
-2351.91
-1939.42
-1437.12
-882.188
-297.663
-8703.72
-6756.06
-5112.75
-4102.29
-3514.99
-9507.41
-7679.42
-5787.61
-4251.07
-2287.39
-7411.88
-5067.8
-3619.04
-2348.2
-942.981
-8552.14
-6664.39
-4917.37
-3361.6
-1502.15
-5314.27
-4144.44
-2963.34
-1797.4
-612.88
-7515.33
-5471.3
-3853.38
-2350.21
-827.566
-4025.45
-3205.28
-2316.34
-1406.1
-475.181
-4242.15
-3365.42
-2425.96
-1471.25
-497.383
-3015.9
-2421.75
-1758.39
-1067.96
-359.751
-13351.3
-10003.9
-7634.67
-5995.85
-4743.91
-7706.45
-5688.36
-4104.99
-2643.67
-1076.34
-2921.18
-2322.18
-1680.36
-1025
-349.825
-4819.75
-3846.45
-2797.95
-1718.86
-592.756
-6595.71
-5153.22
-3730.13
-2328.1
-844.555
-4465.75
-3552.75
-2584.06
-1593.29
-552.909
-4683.69
-3768.14
-2757.03
-1697.69
-583.041
-3498.45
-2834.33
-2077.23
-1273.02
-432.361
-2073.86
-1685.84
-1234.9
-753.103
-253.723
-2863.19
-2350.41
-1735.26
-1062.99
-358.546
-3459.84
-2785.64
-2029.14
-1236.91
-418.493
-3520.57
-2851.8
-2088.15
-1277.64
-433.198
-13002.8
-10173.2
-7848.14
-6233.89
-4725.68
-8515.62
-5934.27
-4304.04
-2920.53
-1337.15
-8918.09
-6919.58
-5043.5
-3434.79
-1514.27
-6511.74
-4849.61
-3510.96
-2258.34
-865.136
-6581.23
-5160.63
-3745.67
-2343.98
-847.81
-6859.09
-5107.82
-3696.69
-2373.09
-899.665
-2981.77
-2395.26
-1749.81
-1075.98
-369.099
-3646.33
-2984.19
-2199.57
-1347.69
-455.164
-4962.95
-3980.19
-2902.66
-1782.32
-610.464
-346.742
-1012.91
-1666.85
-2332.4
-2997.85
-3642.09
-3033.66
-8081.55
-7503.25
-2900.81
-10140.6
-8608.17
-9880.06
-10879.1
-2792.67
-1789.41
-6509.69
-3591.87
-11968.1
-8801.11
478.694
-2433.12
-6650.69
-6061.79
-2299.25
-8491.25
-6855.49
-8131.16
-9027.31
-2306.95
-1003.22
-5627.64
-1724.73
-9630.85
-5220.68
2196.8
-1732.62
-4920.38
-4436.54
-1628.27
-6515.33
-3820.88
-6361.18
-6841.41
-1706.02
-924.504
-3897.79
-1848.5
-7395.04
-1697.27
2358.9
-1222.92
-3665.93
-3333.02
-1181.51
-4766.87
-2050.85
-5049.02
-5731.53
-1243.92
-992.014
-2786.74
-1920.56
-6269.82
-35.1732
1780.3
-946.979
-2993.92
-2745.13
-950.574
-3635.38
-1588.93
-4348.75
-5405.23
-947.231
-1109.33
-1909.22
-1881.93
-5344.16
159.734
326.976
-808.545
-2571.56
-2441.28
-831.705
-3263.74
-1923.28
-3902.69
-5082.55
-699.868
-872.66
-1480.59
-1820.49
-5283.61
-912.177
-545.203
-1405.56
-3412.23
-5313.93
-2069.96
-5480.27
-9652.28
-7679.53
-10997.7
-934.322
-580.803
-3709.02
-2019.88
-911.801
-8831.58
-4280.86
-1292.73
-3142.77
-4597.37
-1772.26
-4991.46
-8577.62
-6812.36
-9161.43
-945.009
-477.56
-3799.15
-1827.78
-80.3799
-8486.26
-2965.95
-1107.28
-2699.39
-3648.92
-1380.23
-4430.33
-7366.97
-5622.12
-7745.62
-809.217
-544.889
-3122.52
-1858.68
-325.553
-6505.87
-2706.53
-917.515
-2348.66
-2893.75
-1070.31
-3984.38
-6377.42
-4811.6
-6744.21
-707.731
-536.583
-2759.42
-1869.38
-230.36
-5774.72
-2615.62
-797.867
-2047.33
-2469.3
-897.891
-3476.06
-5629.52
-4236.95
-6224.29
-635.409
-588.274
-2396.11
-2000.76
-421.8
-5351.32
-2642.71
-720.566
-1773.8
-2226.74
-801.429
-3130.56
-5490.78
-3826.75
-5914.39
-645.744
-691.309
-2077.91
-1898.67
-701.801
-5454.76
-2975.08
6939.11
8764.95
17977.9
26437.3
27000.6
46406.4
20563.2
52158.6
16631.4
36477.9
24900.7
37886.5
22197.5
29382.1
8417.32
9593.33
17436.6
20019.9
22214.7
22066.3
17349
21279
25408.1
22735.3
5839.17
4546.2
7142.25
4922.83
14763.6
12028.9
25048.5
18419.2
19257.5
20170.6
21742.5
21224.5
8022.58
6059
45092.5
60391.9
29290.1
35922.9
59932.1
77923.9
31095.7
35631.3
33786.9
47724.1
29700.9
39248.6
17584.9
28141.4
3302.84
1145.29
3365.13
1238.39
10506.2
4281.87
14291.7
5318.49
10415
3959.37
10734.3
3471.41
18145.6
5820.47
23385.1
7954.3
27355.7
13831.2
25086.5
14853.8
25192.9
16327.9
22228.5
16458
20163
12067.7
20267.8
10573
25944.6
16371.3
26044
16472.8
23538.4
17302.2
23837.9
17311.6
21749.9
13763.7
22531.3
14065.6
20809.9
9228.55
9871.69
12304.8
20858.4
10154.3
8769.75
12684.5
22024.1
9124.85
11067.3
12272.9
23136.1
9327.32
11976.4
12756.3
4253.88
4620.65
1492.38
3003.95
13009.6
13811.8
5200.93
9652.03
16738.1
18362.8
8575.03
14780.7
12216.7
200.695
14720.2
19118.5
10921.5
-187.323
6791.68
13665.4
22548.8
17251.1
11261.1
14081.9
12887.6
11634.3
18512.4
3804.91
2986.15
2188.52
2174.21
11658.8
9407.9
7432.41
6951.87
14267.8
11357.5
9593.04
8455.56
5437.56
7157.41
11649.3
12307.8
15255
13740.9
17366.1
14681.2
12844.6
10810.9
9479.55
9317.29
12719.1
9065.08
11961.4
7795.16
10731.1
6641.26
13257
8337.66
10712.8
3857.57
9474.5
9574.36
13031.4
16183.3
14444.8
20398.4
7772.2
7957.74
9674.43
1791.83
8545.75
15747.3
8147.34
17064.8
14352.4
25334.5
14603.7
27091.2
6746.72
13935.2
6223.27
15032.5
9487.2
6552.58
13571.3
4919.65
9343.1
539.045
11621.8
-352.843
9261.91
10291.8
14280.7
6360.29
7792.64
12291.2
12773.2
8446.33
2180.54
1848.09
1531.32
1642.77
1449.72
1222.5
7200.68
5344.17
4221.88
4883.13
3517.11
2779.79
8245.51
6486.67
5706.92
5738.14
4170.72
3712.56
5842.28
4591.11
4267.04
10313.7
6855.67
5349.76
10377.5
6714.81
4943.98
10766.5
7581.45
6167.42
7632.08
4457.72
3177.41
14740
11449.8
9049.35
10077
7517
5535.78
9623.23
6621.72
4590.26
8637.75
5525.97
3638.77
9787.08
5007.02
2417.17
11189.5
14960.4
9027.42
11462
12566.2
18161
11389.9
16214.4
54.9027
607.693
-419.344
106.091
3049.06
3381.73
1377.92
862.179
916.834
2583.97
9838.77
14100.9
6635
3918.85
10794.3
10730.9
17080.9
18831.8
-508.385
-4307.36
8023.3
7497.68
7475.42
5728.59
899.703
485.614
641.93
312.145
2082.9
183.671
-107.231
-674.885
9287.96
2210.23
6515.33
1673.76
9295.01
2763.26
11160.2
3417.74
9628.45
12259.2
8801.95
11891.1
15770.2
16130.4
14943.3
15170.2
5817.46
9097.97
6766.5
9078.31
9269.45
11412.9
10137.4
11452
15535.6
14841.2
16214.3
14828.4
5823.52
8759.74
6257.42
8840.95
-325.832
890.917
6594.61
3477.64
-782.358
528.951
6111.11
3049.65
91.0505
1141.08
6703.38
3791.19
451.216
1340.94
6662.05
3868.63
-614.297
-690.952
128.574
-37.4917
-2706.11
-2655.94
-251.127
-462.923
-611.436
-1822.35
1287.15
597.966
-9929.8
-10021.1
-5221.33
-4008.68
-629.02
-10851.8
-10450
-3915.41
-5723.66
-1020.9
11002.7
8307.15
6831.2
5868.97
2980.9
-636.91
-521.916
-95.7979
-53.4637
-2130.56
-1853.21
-273.308
-145.601
-2193.62
-2363.04
256.929
342.906
-4960.23
-1829.97
-7452.48
-4136.47
-3104.48
-2053.31
-3503.67
-2730.3
-41.4395
537.954
4042.47
2492.82
1283.31
-663.445
958.564
-564.476
1212.87
78.0292
1108.24
1152.26
5119.74
4473.24
9621.02
5701.64
8304.54
7950.82
12512.6
9878.29
7040.04
3962.74
3473.49
3256.39
11322.8
4940.61
12398.7
5515.25
13936.6
10106.9
14833.9
10880.7
8573.29
3216.95
9556.36
3713.72
4883.58
3493.73
2956.61
4213.7
3020.68
3144.85
2465.72
3884.3
5677.84
3383.44
3346.79
4846.39
6987.29
3656.59
4435.53
4965.61
-450.048
-417.442
-446.008
-56.48
-155.791
-162.774
-1706.28
-1632.14
-1554.54
-187.421
-448.301
-430.52
-2284.04
-2255.52
-2172.6
226.917
-454.929
-571.813
-759.932
-623.265
-334.314
-2529.86
-2449.42
-2175.05
-1957.25
-2061.2
-1950.48
-2451.03
-2370.54
-2194.71
665.983
-202.496
-259.37
3584.57
2031.33
1126.63
-349.532
-1095.2
-1465.57
-425.384
-1275.13
-1609.83
-205.815
-1055.34
-1271.81
1264.69
-257.915
-425.671
-13.173
-13.5808
-13.0435
-19.168
-172.287
-77.6767
-53.6711
-40.6132
1.43561
-24.9849
-72.5471
-92.6983
-283.708
-141.553
-146.88
-123.658
172.457
14.9567
-106.196
-173.324
-63.9537
-88.4065
-107.511
-103.303
26.356
-43.4399
-34.905
-30.4876
187.714
32.4037
-40.4636
-63.3257
703.566
172.462
16.4018
-66.8199
1025.11
253.232
72.9268
-135.963
471.275
89.8037
-40.7925
-136.73
834.323
194.724
78.7607
-110.059
752.802
195.368
-8.29936
-106.614
1149.82
296.311
78.6123
-165.534
820.88
232.934
-12.6664
-137.123
1230.36
330.357
90.4314
-171.499
-6.98189
-7.76545
-12.9325
-26.2008
-33.8404
-17.0542
-5.22217
-23.2072
-64.5344
-38.2527
-54.2348
-84.2854
-142.986
-65.4294
-24.9384
-71.4019
272.322
56.6211
-39.7852
-133.989
95.699
-5.01102
-19.1186
-122.584
24.7239
-55.2505
-84.521
-143.984
-25.9222
-52.0415
-12.7894
-122.485
701.188
151.693
55.4457
-165.197
-64.4069
-26.9318
-13.0061
-20.2176
-108.847
-40.2024
-16.6827
-10.9373
-138.784
-65.967
-24.2194
-53.6297
-296.696
-113.923
-43.0642
-29.6362
-105.784
-72.3637
-29.3732
-85.5053
-392.716
-161.034
-64.0268
-45.4044
17.0817
-61.5888
-34.0928
-119.442
-338.427
-172.7
-72.7296
-55.1952
325.174
5.12892
17.5077
-101.671
-148.911
-144.202
-57.9992
-51.9462
799.141
113.38
44.7832
-109.823
238.996
-16.4884
-19.9815
-38.5103
594.541
49.2715
34.2183
-101.189
105
-73.6155
-40.0633
-47.0699
972.982
178.855
62.291
-119.226
346.538
31.9422
-5.56062
-33.7095
1091.8
234.403
81.7312
-114.899
431.479
74.8785
10.2448
-27.4408
-8.51783
-3.07216
-1.20238
-0.515684
-0.279989
-11.3195
-4.53903
-1.89748
-0.840838
-0.463621
-22.4289
-7.7556
-3.00465
-1.28723
-0.699526
-27.026
-10.8289
-4.53924
-2.01935
-1.11688
-29.5989
-9.65047
-3.68997
-1.5783
-0.858368
-35.2585
-14.1086
-5.93202
-2.64901
-1.46904
-17.4294
-6.96269
-2.93376
-1.31763
-0.734568
-12.8831
-4.22102
-1.60911
-0.693916
-0.381315
-27.9557
-9.51521
-3.72234
-1.61429
-0.884603
-13.3696
-3.96969
-1.4658
-0.621739
-0.337696
-30.4214
-11.0032
-4.48201
-1.97609
-1.08932
-12.9659
-3.99331
-1.51346
-0.647308
-0.3524
-21.5033
-6.28915
-2.28059
-0.960139
-0.521053
-12.6431
-3.48825
-1.2563
-0.530751
-0.288877
-19.6268
-4.407
-1.30007
-0.489492
-0.253032
-10.8681
-2.13234
-0.580231
-0.210174
-0.106941
-7.24162
-2.3993
-0.907067
-0.382389
-0.205684
-5.46683
-1.92758
-0.754887
-0.322671
-0.174383
-19.912
-6.58019
-2.52779
-1.07875
-0.58498
-15.9117
-5.58404
-2.21178
-0.954239
-0.519229
-27.4206
-8.12114
-3.00977
-1.27001
-0.686606
-21.381
-7.53443
-3.02803
-1.31911
-0.721957
-24.3922
-8.66729
-3.53685
-1.55565
-0.855116
-14.5688
-5.58855
-2.32311
-1.02653
-0.565317
-12.2794
-4.61495
-1.92579
-0.853071
-0.470094
88.991
283.147
203.349
829.444
-132.486
914.363
-939.857
495.204
-1692.03
-714
385.641
1045.1
-1170.34
-1045.41
1124.82
1977.44
1599.16
2377.98
759.776
180.227
41.3609
9.31988
2.39779
183.807
106.571
13.8224
3.98692
1.96232
2694.75
640.551
147.959
33.2425
8.57296
518.891
157.246
40.9421
9.02623
2.57798
4423.53
1051.99
243.762
54.9879
14.1653
832.383
266.913
68.5676
16.7045
4.39509
5848.69
1395.38
325.032
73.6457
19.024
973.47
338.136
89.4412
21.9675
5.75273
7172.78
1729.39
406.205
92.6553
24.0812
1093
417.225
113.104
28.0428
7.4197
8222.6
2044.97
488.218
112.673
29.5334
1911.48
609.611
155.611
36.973
9.63213
7761.61
1924.62
457.041
104.888
27.3556
1386.84
500.985
133.223
32.4679
8.49074
8405.95
2092.27
500.693
115.845
30.4504
2226.98
679.458
170.168
39.7716
10.3194
8727.13
2153.19
516.048
119.4
31.3878
2338.73
713.011
179.77
39.1001
10.7025
643.213
7932.75
7244.65
2575.74
-1535.02
-2647.85
-8265.99
-12144.6
-1719.45
-8864.83
2258.08
-2345.53
-2465.83
-5191.95
-10101.7
-14429.1
-15156.7
-19147
-5357.99
-6972.39
20047
14147.6
3436.6
2326.24
1628.47
2214.84
2329.93
11849.7
10183.2
9024.7
8875.57
6720.83
4916.46
6867.14
4033.79
3414.34
3956.78
2708.09
19400.5
9311.11
2769.01
4898.42
7335.11
4872.22
4997.67
3586.5
1957.98
2718.56
3161.85
3469.26
19590.6
12402.6
11589.7
8106.31
7631.23
8407.86
2967.53
3687.11
5291.82
13484
10875.4
8319.92
6789.01
5074.77
8923.13
5892.86
4237.18
2918.92
1339.42
2979.95
2416.69
1768.07
1079.02
364.45
2050.21
1688.62
1248.92
765.051
257.749
1428.13
1168.64
858.108
522.329
175.284
1958.81
1618.18
1198.71
734.19
247.076
2038.73
1665.5
1222.49
744.882
250.347
7243.92
5170.15
3684.56
2986.47
2786.53
5286.59
3619.63
2344.87
1746.37
1120.09
5572.7
3338.27
2201.41
1402.72
612.468
4438.17
2841.93
1764.52
1158.4
616.188
3078.71
1852.16
1089.84
680.907
304.525
3814.11
2779.73
1864.84
1082.19
363.899
4644.04
2985.92
1912.11
1104.32
393.101
2621.91
1579.03
941.495
503.078
165.576
2763.98
2087.02
1433.41
837.907
278.333
3103.12
2269.12
1512.01
862.402
282.384
2218.76
1692.2
1168.68
682.8
225.401
12257.3
8772.2
6476.52
5065.93
4160.25
6663.3
4674.55
3247.61
2055.99
852.754
2258.49
1723.82
1200.26
712.52
240.804
4057.26
3153.04
2236.99
1350.74
463.203
5858.55
4448.99
3138.45
1926.85
697.569
4049.85
3166.51
2265.6
1380.84
477.083
4226.69
3354.98
2423.28
1478.52
505.91
3060.6
2441.88
1763.01
1068.51
361.031
1661.74
1312.83
934.421
557.073
185.415
2357.87
1907.38
1387.33
839.919
281.535
2641.59
2058.19
1452.23
864.51
289.335
2949.13
2341.39
1681.11
1013.67
341.377
12935.6
10004.5
7621.11
5983.94
4490.25
8338.59
5745.4
4126.24
2781.89
1277.42
8214.51
6201.69
4392.05
2950.02
1306.35
6186.46
4519.78
3219.53
2050.14
786.552
6192.68
4780.81
3419.09
2117.57
763.177
6366.87
4625.69
3276.59
2077.14
786.401
2486.26
1952
1395.6
845.616
288.638
3196.12
2586.75
1885.45
1145.32
385.107
4456.62
3517.69
2526.34
1534.13
522.96
6086.78
12295.8
13858.2
38552
13454.1
50799
6834.66
16320
13408.8
10275.8
22607.5
18735
13117.4
12071.8
25001.4
19507.2
4525.46
3440.28
8739.66
6093.55
10913.7
8210.78
29809.2
22249.1
17762
13299.3
18404.7
10887
1277.43
4436.85
47228.4
61313.5
28366.6
35808
61606.2
78660.5
30032.4
35386.2
35537.6
48640.2
28887.5
39267.4
19619.4
29146.9
2308.12
641.087
3909.79
1355.93
8092.23
3682.15
16648.4
6056.43
3527.44
2049.73
8819.23
2800.68
18274.8
5782.23
23662.4
8032.36
18402.8
9762.1
21618.6
12812.6
16271.3
11815.1
18716.5
14318.1
17724.8
10432.2
13900.9
7414.68
24637.7
15469.6
25726.8
16229.8
22146.8
16372.7
23466.5
17061.3
20900.5
13027.7
22343.9
13865.4
19771.1
8936.5
8803.06
11921.3
17641.2
9208.3
6740.53
11915.6
21836.6
9083.72
10585.7
12102.7
23151.6
9338.76
11847.2
12711.1
1386.38
1275.4
392
1581.33
5498.04
5823.93
3596.6
7417.59
3370.14
4193.07
5810.71
11105
12600.9
9389.19
10497.2
13577.5
9454.66
7206.48
8167.74
8128.05
15874
15001.3
12866.9
11367.2
8424.36
7598.05
16542.9
1313.18
985.7
714.885
846.967
5253.59
4089.85
4661.51
4088.82
1009.59
-324.321
5513.55
4353.71
9922.86
10550.1
9393.63
8699.72
7806.72
5674.23
10457.9
8242.52
10266.1
8031.26
11881.5
11568.3
10531.8
7581.94
8131.77
4990.32
7531.33
4345.66
11919
6986.82
9584.46
4390.33
8691.34
9488.38
13240.3
17180.6
14057.8
20343.2
6950.6
7828.27
8248.97
2173.39
8157.94
15589.4
8031.3
16998.8
14054.2
25320.8
14500.8
27038.1
6360.14
13799.9
6111.67
14981.6
8968.49
6558.85
13458.6
5079.19
8392.24
1163.22
11529.6
693.248
9024.73
10235.8
14228.7
6387.92
7717.79
12266
12754.6
8446.58
942.001
895.252
680.762
804.37
3094.95
2263.21
2956.99
2687.6
-936.145
-310.461
3429.52
3723.99
10311.7
9476.72
7849.94
6458.37
4543.52
3655.63
6516.64
5271.56
6782.93
4874.61
17769
14853.9
8228.2
6450.77
6726.44
4597.51
5917.91
3360.69
6724.66
2522.48
5671.39
9312.24
4852.81
9648.23
8995.96
11013.7
10214
13891.4
807.902
471.898
486.978
331.218
3526.8
2338.69
2708.71
1273.68
924.09
1374.81
8183.01
8677.39
4238.17
3672.72
9800.79
10419.6
15863.9
18455.8
-659.336
-4305.2
7255.78
7246.73
7029.9
5612.33
786.938
710.604
823.843
680.134
1464.67
770.801
268.023
111.366
7526.49
3021.72
6363.74
2460.35
9014.08
3186.87
11031.6
3573.93
5295.95
10190.4
7121.09
10731.9
9084.4
12277.7
12257.8
13342.2
4959.86
8613.6
4359.39
8517.51
8471.63
10880.7
9889.3
11303.2
14353.3
14043.8
15868.7
14611
5416.17
8517.04
6125
8771.86
-145.274
1319.57
6706.34
3830.4
-175.856
1337.95
6601.62
3639.54
203.519
1425.34
6734.6
3990.84
490.572
1450.68
6666.45
3934.37
787.337
832.317
728.347
735.003
1760.47
1755.11
978.115
993.516
7553.2
6719.76
2942.94
2801.19
3177.07
4580
3499.2
-365.126
948.014
679.56
983.163
3450.6
-2763.44
150.839
14569.6
11722.1
9800.9
7777.4
4078.64
796.247
658.592
777.853
897.341
1700.96
1321.05
1267.28
1634.59
6738.49
6325.93
3014.83
3689.69
4626.57
6348.82
2667.86
4580.61
4260.4
4560.88
570.617
985.006
1647.84
2528.68
9546.82
7534.62
7093.8
4979.35
5670.91
3892.92
4451.77
3029.38
2589.87
2693.08
7556.08
7266.53
10383.6
6591.26
10125
10540.3
12812.3
10608.7
8024.88
4793.39
5740.13
5563.57
11511.3
5427.32
12424.3
5615.61
13868.7
10493.7
14784.5
10940.4
8943.16
3689.91
9643.34
3825.68
5805.11
4186.18
3718.05
4915.38
4837.17
4871.24
3667.49
5149.97
6106.72
3804.64
3748.23
5264.27
7109.07
3777.84
4558.47
5078.41
455.563
398.992
631.793
495.129
1179.86
1394.52
1054.47
863.83
5964.05
5210.76
2389.54
1116.57
7368.04
6780.82
5502.3
4786.33
4313.15
3664.1
1371.92
1459.3
2402.61
1170.25
8150.44
6715.68
4419.54
3513.67
3216.91
2232.23
2100.67
1158.55
2452.98
95.0321
118.803
48.4996
17.0825
-4.7547
76.7593
44.2175
3.48439
-13.5152
361.033
142.918
-2.79423
-64.1239
255.092
130.409
-23.6989
-65.6389
628.356
225.987
-23.5834
-147.55
548.114
231.09
53.3112
-18.1817
395.451
158.047
69.9991
21.3099
342.553
120.912
5.81116
-39.8407
1009.33
328.989
100.255
-19.3212
1210.52
337.684
113.682
-127.71
938.272
300.994
59.2693
-85.9318
1086.63
298.647
126.476
-105.83
965.704
311.061
50.1118
-79.9757
1269.35
354.764
109.383
-155.756
905.739
280.732
11.6963
-125.765
1272.91
352.09
102.027
-167.846
116.37
42.664
7.90319
-19.0997
97.1364
31.0548
16.3958
-16.6274
324.104
119.045
7.88371
-62.0581
268.996
87.9111
41.8313
-50.2937
690.11
224.324
23.894
-118.464
616.158
188.093
64.2157
-101.012
733.236
235.264
35.8329
-99.328
555.661
166.724
75.1819
-111.89
1081.44
292.075
114.501
-172.521
67.5004
21.6446
6.05422
-12.9732
28.4442
12.5294
3.66221
-1.06456
241.238
73.28
34.4737
-30.4325
115.978
43.4574
19.3225
0.297613
429.909
124.633
54.6488
-52.8229
231.603
77.7591
29.644
-0.896013
658.402
181.283
68.0612
-83.5107
408.439
117.986
40.1356
-2.4305
877.293
225.417
120.276
-58.0896
549.156
144.085
60.4623
6.16339
1175.66
297.907
135.483
-70.0017
556.352
144.179
55.9815
1.26552
1121.27
284.104
145.65
-52.8787
606.927
154.957
60.9027
5.18836
1187.03
290.585
119.023
-94.796
515.405
125.452
39.9397
-10.5895
1159.07
270.863
100.573
-106.735
481.143
103.797
24.6479
-20.1183
-0.518272
0.98074
0.690792
0.37395
0.227094
3.01365
2.3677
1.28279
0.648384
0.384778
-2.54542
2.3334
1.70799
0.928214
0.563764
7.19514
5.74754
3.11874
1.57353
0.93214
-5.1868
2.80825
2.12417
1.15447
0.700133
10.5784
7.86581
4.19219
2.09917
1.23929
5.88167
4.13665
2.18412
1.0866
0.63846
-1.06583
1.43959
1.00996
0.539184
0.323837
-0.679814
3.57984
2.31625
1.21837
0.731106
-3.17574
0.999858
0.834079
0.458453
0.278779
4.55518
5.45419
3.03751
1.53873
0.912791
-1.99157
1.26228
0.901168
0.483064
0.291716
-5.90621
1.30261
1.2402
0.696033
0.424923
-3.84487
0.766943
0.710392
0.393736
0.23931
-12.6054
-0.964778
0.301922
0.265659
0.178676
-7.96607
-0.700973
0.085911
0.103778
0.0724806
-1.5503
0.571332
0.481073
0.268709
0.164947
0.0242673
0.68261
0.430368
0.22785
0.137896
-2.95834
1.95261
1.41605
0.765711
0.464364
0.761333
2.20698
1.31081
0.680929
0.408517
-8.25712
1.83658
1.62079
0.900336
0.549317
2.66072
3.49297
1.93871
0.986472
0.586989
4.37375
4.56485
2.44917
1.23151
0.730043
5.31803
3.22609
1.618
0.800648
0.472084
4.4475
2.84702
1.43107
0.70855
0.418098
-57.2277
141.355
-167.918
448.761
-452.281
547.149
-964.438
359.628
-1364.87
-421.97
534.28
1214.85
-776.362
-487.423
1172.45
2024.03
1607.54
2384.7
715.589
172.225
39.8401
9.03078
2.33652
161.355
101.111
13.4137
3.90944
1.91341
2549.97
613.536
142.729
32.2481
8.36126
465.184
150.617
40.1042
8.96043
2.56683
4213.07
1011.84
235.921
53.4889
13.8471
788.807
261.507
67.9171
16.6153
4.38307
5627.35
1351.23
316.208
71.9352
18.6587
986.738
340.459
89.8323
22.0136
5.76274
6999.83
1690.67
398.02
91.0185
23.7257
1180
428.613
114.621
28.2285
7.44821
8183.9
2031.48
484.707
111.883
29.3481
1954.83
617.041
156.764
37.139
9.65757
7678.3
1899.5
451.1
103.632
27.0747
1486.05
514.818
135.17
32.7312
8.53344
8392.4
2086.55
499.032
115.447
30.3525
2239.27
681.8
170.539
39.8257
10.3274
8724.17
2151.68
515.57
119.279
31.3576
2340.09
713.277
179.806
39.1062
10.7029
516.751
7756.57
6721.91
2191.96
1490.67
708.368
3816.61
2571.56
7096.48
6597.37
3145.32
2204.71
155.111
256.159
472.694
826.177
1340.82
2017.88
117.472
272.214
600.27
1118.24
1820.56
2656.03
113.95
51.8368
209.418
138.868
412.354
329.797
742.026
667.747
1158.19
1076.04
1677.71
1449.33
2740.31
3385.88
4022.53
6602.79
7898.1
9001.09
3498.67
4155.43
4432.97
4323.26
3953.09
3639.45
139.454
117.432
88.6187
55.0309
18.649
229.993
193.358
145.676
90.3455
30.595
423.712
355.527
267.337
165.553
56.0199
738.941
618.445
463.894
286.752
96.9415
1195.43
996.91
745.298
459.627
155.215
1790.31
1485.11
1105.16
679.557
229.222
105.534
88.7839
66.9362
41.5354
14.0699
244.162
205.025
154.285
95.5988
32.3586
537.508
450.47
338.345
209.353
70.8116
998.994
835.008
625.609
386.41
130.586
1621.1
1350.06
1008.18
621.326
209.768
2354.27
1951.1
1450.96
891.93
300.85
102.507
86.3804
65.2327
40.5313
13.7394
46.6448
39.3197
29.7036
18.4608
6.2588
188.179
158.359
119.424
74.12
25.1103
124.852
105.136
79.3383
49.2662
16.6948
370.011
310.848
234.02
145.051
49.105
296.125
248.966
187.574
116.328
39.3928
664.457
556.852
418.213
258.742
87.5093
598.274
501.694
376.995
233.327
78.9264
1033.97
863.47
646.306
398.869
134.735
961.208
803.188
601.44
371.243
125.404
1489.95
1237.01
920.964
566.298
190.976
1288.16
1070.12
796.841
489.827
165.117
2412.87
1986.08
1468.93
900.349
303.542
2944.63
2395.79
1757.82
1074.66
363.056
3425.8
2738.48
1989.23
1216.71
415.234
5418.17
4219.54
3036.24
1879.04
665.618
6094.69
4582.99
3279.11
2090.43
807.921
6644.96
4884.91
3486.05
2273.41
934.986
3081.76
2537.74
1877.78
1151.33
388.181
3628.25
2962.85
2179.51
1333.54
450.046
3820.96
3085.16
2254.2
1378.41
467.226
3648.77
2898.02
2101.11
1289.14
443.008
3210.04
2483.19
1785.17
1109.86
396.408
2842.9
2143.93
1530.46
966.602
360.316
159.784
271.787
504.11
881.578
1431.82
2149.27
123.54
292.743
641.601
1188.33
1923.23
2782.91
117.971
54.793
223.421
150.032
442.346
356.74
799.266
725.064
1262.51
1206.73
1839.64
1684.16
2900.23
3559.97
4203.79
6732.66
7954.24
9015.05
3627.08
4257.18
4490.12
4331.4
3931.89
3626.42
143.704
121.062
91.4005
56.7801
19.2459
244.215
205.517
155
96.2124
32.5979
452.34
380.038
286.163
177.414
60.0719
789.523
661.856
497.316
307.849
104.157
1278.74
1068.63
800.683
494.677
167.219
1911.21
1589.81
1186.51
731.288
246.989
111.051
93.497
70.5472
43.8058
14.8446
262.849
221.006
166.541
103.312
34.9922
575.19
482.753
363.155
224.992
76.1559
1063.04
890.035
668.018
413.204
139.754
1715.24
1431.28
1071.03
661.169
223.428
2471.29
2052.73
1530.14
942.395
318.206
106.162
89.4998
67.6204
42.0314
14.2511
49.3293
41.6086
31.4538
19.5594
6.63333
200.914
169.235
127.755
79.3578
26.8975
134.998
113.794
85.9646
53.429
18.1147
397.315
334.201
251.935
156.327
52.9551
320.639
269.919
203.637
126.433
42.8419
716.671
601.616
452.638
280.452
94.9304
650.577
546.555
411.51
255.102
86.3713
1129.26
945.297
709.334
438.67
148.35
1080.35
905.253
679.87
420.678
142.297
1638.58
1365.33
1020.33
629.315
212.585
1502.51
1254
938.322
579.096
195.642
2561.41
2116.09
1570.97
965.775
326.127
3108.91
2541.97
1874.36
1150.34
389.412
3601.34
2898.52
2119.69
1303.06
445.772
5558.7
4359.11
3158.53
1965.28
698.083
6171
4667
3358.92
2151.59
833.679
6669.37
4913.88
3515.1
2296.92
945.49
3201.42
2642.86
1960.61
1204.61
406.608
3725.09
3049.84
2249.52
1379.35
466.064
3878.52
3139.72
2300.23
1409.68
478.447
3662.83
2916.1
2119.75
1303.67
448.769
3196.97
2477.07
1784.55
1112.19
398.21
2833.66
2138.01
1527.54
965.945
360.569
20000.4
14170.8
3686.38
2568.65
1981.51
2599.78
2666.82
12637.2
13543.5
10603.5
12112.4
6435.22
9819.38
4740.59
5017.19
3514.82
20026.5
10248.5
3453.36
5682.76
8043.15
5290.35
5472.85
4045.81
2385.07
3260.91
4024.24
4070.28
19482.4
12513.4
12109
8390.13
7996.24
8844.11
3487.98
4167.08
5811.79
13487.1
10915.1
8383.46
6873.02
5149.82
8973.71
5948.79
4291.84
2963.55
1358.32
3216.52
2627.89
1936.86
1188.82
402.724
2274.16
1883.37
1400.79
861.9
291.072
1753.16
1450.16
1076.75
661.313
223.015
2311.56
1922.17
1433.7
883.025
298.081
2351.74
1939.28
1437.01
882.121
297.64
8703.21
6755.67
5112.47
4102.07
3514.78
9507.23
7679.23
5787.45
4250.95
2287.29
7411.58
5067.59
3618.89
2348.1
942.936
8552.02
6664.25
4917.26
3361.52
1502.09
5314.07
4144.27
2963.22
1797.33
612.853
7515.09
5471.11
3853.24
2350.12
827.533
4025.27
3205.13
2316.23
1406.03
475.157
4241.97
3365.27
2425.84
1471.18
497.359
3015.76
2421.63
1758.3
1067.91
359.732
13350.4
10003.2
7634.13
5995.42
4743.53
7706.02
5688.02
4104.74
2643.5
1076.27
2921.03
2322.06
1680.28
1024.95
349.805
4819.47
3846.22
2797.78
1718.75
592.717
6595.32
5152.9
3729.89
2327.94
844.497
4465.46
3552.51
2583.88
1593.17
552.868
4683.38
3767.87
2756.83
1697.57
582.996
3498.23
2834.14
2077.08
1272.93
432.329
2073.75
1685.75
1234.83
753.058
253.707
2863.01
2350.25
1735.14
1062.92
358.521
3459.66
2785.49
2029.03
1236.83
418.468
3520.36
2851.62
2088.02
1277.55
433.169
13001.9
10172.4
7847.45
6233.28
4725.2
8515.06
5933.81
4303.66
2920.25
1337.01
8917.54
6919.11
5043.14
3434.54
1514.16
6511.32
4849.27
3510.69
2258.15
865.062
6580.8
5160.27
3745.39
2343.8
847.741
6858.66
5107.47
3696.42
2372.91
899.593
2981.6
2395.11
1749.7
1075.91
369.074
3646.08
2983.98
2199.41
1347.59
455.13
4962.63
3979.92
2902.45
1782.19
610.419
346.726
1012.87
1666.77
2332.3
2997.73
3641.95
2805.9
8089.45
7511.45
2682.05
10137
8603.51
9876.32
10875.1
2591.72
1727.79
6486.29
3493.14
11968
8796.93
-473.312
2245.58
6659.06
6070.12
2121.63
8491.21
6853.24
8130.72
9025.33
2140.1
992.789
5598.14
1615.12
9635.01
5220.28
-2186.38
1595.35
4926.49
4442.45
1499.46
6517.88
3821.45
6363.03
6841.56
1577.95
901.729
3873.55
1772.28
7399.72
1699.62
-2352.29
1124.96
3669.32
3336.01
1087.73
4769.37
2052.19
5050.77
5732.34
1153.38
959.892
2764.26
1847.78
6273.53
37.586
-1776.12
870.904
2995.96
2746.58
875.503
3637.4
1590.26
4350
5406.04
879.974
1045.1
1888.56
1839
5347.15
-157.6
-324.121
743.693
2572.82
2441.92
766.436
3265.35
1924.39
3903.55
5083.22
652.329
829.509
1460.98
1787.29
5286.24
914.067
547.792
1296
3417.02
5321.32
1909.95
5481.68
9651.83
7679.75
10995.8
837.326
481.064
3738.46
2087.21
912.037
8831.34
4280.36
1191.84
3146.98
4603.95
1633.78
4992.71
8577.4
6813.44
9160.55
847.922
382.783
3825.7
1900.93
79.9561
8485.72
2964.88
1020.71
2702.65
3653.51
1271.3
4431.34
7367.13
5623.79
7745.83
726.92
444.987
3142.43
1924.81
324.758
6505.43
2704.98
846.091
2350.67
2896.15
986.077
3984.96
6377.64
4812.88
6744.73
635.436
447.132
2777.18
1919.3
229.465
5774.26
2614.06
736.232
2048.46
2470.44
827.78
3476.27
5629.66
4237.74
6224.76
570.34
505.077
2412.09
2034.02
420.702
5350.82
2641.01
665.083
1774.49
2227.26
739.243
3130.6
5490.84
3827.23
5914.75
578.437
604.665
2095.85
1926.32
700.972
5454.37
2974.14
)
;

boundaryField
{
    patch1
    {
        type            calculated;
        value           nonuniform List<scalar> 
2440
(
-8024.75
-6652.78
-8408.35
-2967.74
-3687.4
-5292.18
-8844.6
-3488.18
-4167.35
-5812.14
8022.58
6635
8407.86
2967.53
3687.11
5291.82
8844.11
3487.98
4167.08
5811.79
-7630.86
-17936.6
-26965.9
-20553.4
-16616.7
-24849.8
-22178.2
-9793.94
-261.82
1759.69
8248.17
1670.42
-2276.64
2449.39
10063.5
15238.8
6227.46
-20047.8
-14148.3
-3436.87
-2326.44
-1628.6
-2215.03
-2330.12
-11850.2
-10183.4
-9025.09
-8875.57
-6720.66
-4916.67
-6867.36
-4033.8
-3414.5
-3956.89
-2708.21
-19401.4
-9311.62
-2769.16
-4898.73
-7335.58
-4872.55
-4998.03
-3586.76
-1958.1
-2718.76
-3162.03
-3469.5
-19591.5
-12403.2
-11590.4
-8106.79
-7631.73
164.989
-113.962
-51.8424
-209.44
-138.883
-412.397
-329.832
-742.1
-667.815
-1158.3
-1076.14
-1677.86
-1449.46
-117.984
-54.7988
-223.444
-150.048
-442.389
-356.775
-799.34
-725.132
-1262.62
-1206.83
-1839.79
-1684.3
-20001.2
-14171.5
-3686.64
-2568.85
-1981.64
-2599.98
-2667
-12637.9
-13543.6
-10603.9
-12112.5
-6435.45
-9819.67
-4740.79
-5017.4
-3514.98
-20027.5
-10249.1
-3453.52
-5683.07
-8043.6
-5290.67
-5473.2
-4046.06
-2385.2
-3261.12
-4024.44
-4070.51
-19483.3
-12514
-12109.7
-8390.6
-7996.72
6939.11
17977.9
27000.6
20563.2
16631.4
24900.7
22197.5
8417.32
260.863
-1535.02
-8265.99
-1719.45
2258.08
-2465.83
-10101.7
-15156.7
-5357.99
20047
14147.6
3436.6
2326.24
1628.47
2214.84
2329.93
11849.7
10183.2
9024.7
8875.57
6720.83
4916.46
6867.14
4033.79
3414.34
3956.78
2708.09
19400.5
9311.11
2769.01
4898.42
7335.11
4872.22
4997.67
3586.5
1957.98
2718.56
3161.85
3469.26
19590.6
12402.6
11589.7
8106.31
7631.23
-165.315
113.95
51.8368
209.418
138.868
412.354
329.797
742.026
667.747
1158.19
1076.04
1677.71
1449.33
117.971
54.793
223.421
150.032
442.346
356.74
799.266
725.064
1262.51
1206.73
1839.64
1684.16
20000.4
14170.8
3686.38
2568.65
1981.51
2599.78
2666.82
12637.2
13543.5
10603.5
12112.4
6435.22
9819.38
4740.59
5017.19
3514.82
20026.5
10248.5
3453.36
5682.76
8043.15
5290.35
5472.85
4045.81
2385.07
3260.91
4024.24
4070.28
19482.4
12513.4
12109
8390.13
7996.24
-21223.9
-14122.4
0.567119
0.471251
-0.470001
-0.416671
-3642.09
-912.177
-545.203
-5454.76
-2975.08
21224.5
14100.9
-0.565317
-0.470094
0.472084
0.418098
3641.95
914.067
547.792
5454.37
2974.14
-20165.9
1725.12
580.737
814.99
2640.03
-579.616
-702.425
-456.025
-576.156
564.181
478.137
3424.41
4098.57
-455.138
-311.507
-366.36
-266.469
-1686.89
-1316.15
-4219.23
-2775.95
-5705.65
-3710.05
-4266.84
-5349.47
-4943.53
-6166.35
-3176.06
-9049.03
-5535.56
-4589.95
-3638.35
-2416.72
-2610.94
479.125
167.833
1559.94
435.097
2173.64
572.022
334.396
2175.17
1950.7
2195.32
259.465
-1126.51
1465.72
1610.04
1272.07
425.725
22.1522
11.9393
53.689
29.7051
85.6451
45.5009
119.553
55.2766
101.754
52.0071
109.873
38.5308
101.255
47.1084
119.269
33.7213
114.938
27.4515
0.310183
0.511108
0.705859
1.12572
0.861232
1.47346
0.735886
0.381896
0.887121
0.338727
1.09179
0.353552
0.522298
0.289472
0.253732
0.107239
0.230755
0.196955
0.58962
0.522832
0.689139
0.724754
0.857443
-2.80612
-2.09389
-8.55659
-2.12686
-14.3568
-3.79878
-19.2689
-4.97729
-24.3652
-6.51598
-29.6363
-9.12135
-27.5405
-7.57176
-30.4921
-10.1216
-31.3964
-10.6668
-107.52
-148.442
-1494.56
3208.91
10634.8
7439.82
3946.75
6278.68
13104.2
17736.3
8160.01
845.891
309.711
688.517
2013.06
-646.94
-710.312
-474.266
-574.014
448.701
328.026
2754.46
3217.1
-466.728
-335.802
-362.662
-266.342
-919.262
-847.55
-2299.8
-2693.27
310.439
-3723.24
-9476.32
-6457.76
-3655.02
-5271.41
-4874.32
-14853.7
-6450.56
-4597.3
-3360.58
-2522.34
-527.211
-566.282
-1342.15
-832.297
-5208.63
-1116.06
-6780.6
-4786.26
-3664.11
-1458.74
-1170.31
-6715.55
-3513.56
-2232.12
-1158.35
-95.0369
14.3193
1.26366
30.2131
-0.373783
52.9312
0.946617
83.6033
2.49066
58.1693
-6.10392
70.0646
-1.2279
52.9529
-5.13767
94.8481
10.6144
106.778
20.1337
-0.239969
-0.411357
-0.560859
-0.929732
-0.696919
-1.2347
-0.636812
-0.323039
-0.728307
-0.277601
-0.909806
-0.290396
-0.423456
-0.238557
-0.177854
-0.0721268
-0.174016
-0.146348
-0.461833
-0.405873
-0.546472
-0.58395
-0.727252
-2.73264
-2.0416
-8.34423
-2.13102
-14.0317
-3.80716
-18.8957
-5.0113
-24.0026
-6.56774
-29.4499
-9.15218
-27.2564
-7.63127
-30.3939
-10.1306
-31.3661
-10.6673
189.311
1112.29
-706.647
-20.1225
-148.939
-1314.68
-744.144
-808.498
-2571.53
-2441.18
-831.594
-3263.74
-1923.28
-3902.69
-5082.55
-699.868
-872.66
-1480.59
-1820.49
-5283.61
-720.539
-1773.78
-2226.66
-801.337
-3130.56
-5490.78
-3826.75
-5914.39
-645.744
-691.309
-2077.91
-1898.67
-701.801
20170.6
-1725.06
-580.798
-815.065
-2640.03
579.597
702.43
456.018
576.173
-564.22
-478.121
-3424.45
-4098.5
455.148
311.531
366.377
266.488
1531.32
1222.5
4221.88
2779.79
5706.92
3712.56
4267.04
5349.76
4943.98
6167.42
3177.41
9049.35
5535.78
4590.26
3638.77
2417.17
2583.97
-446.008
-162.774
-1554.54
-430.52
-2172.6
-571.813
-334.314
-2175.05
-1950.48
-2194.71
-259.37
1126.63
-1465.57
-1609.83
-1271.81
-425.671
-20.2176
-10.9373
-53.6297
-29.6362
-85.5053
-45.4044
-119.442
-55.1952
-101.671
-51.9462
-109.823
-38.5103
-101.189
-47.0699
-119.226
-33.7095
-114.899
-27.4408
-0.279989
-0.463621
-0.699526
-1.11688
-0.858368
-1.46904
-0.734568
-0.381315
-0.884603
-0.337696
-1.08932
-0.3524
-0.521053
-0.288877
-0.253032
-0.106941
-0.205684
-0.174383
-0.58498
-0.519229
-0.686606
-0.721957
-0.855116
2.43263
1.84262
8.68649
2.20793
14.3502
3.80672
19.267
4.98099
24.3645
6.51799
29.6369
9.12204
27.5406
7.57298
30.4931
10.1221
31.3976
10.6672
105.735
143.157
1485.54
-2882.93
-10646.7
-7482.03
-3963.52
-6293.36
-13142
-17652.1
-7058.37
-845.784
-309.821
-688.638
-2012.99
646.867
710.298
474.203
574.009
-448.776
-328.051
-2754.47
-3217.12
466.694
335.794
362.661
266.348
895.297
804.425
2263.21
2687.6
-310.461
3723.99
9476.72
6458.37
3655.63
5271.56
4874.61
14853.9
6450.77
4597.51
3360.69
2522.48
399.004
495.134
1394.52
863.83
5210.76
1116.57
6780.82
4786.33
3664.1
1459.3
1170.25
6715.68
3513.67
2232.23
1158.55
95.0321
-12.9732
-1.06456
-30.4325
0.297613
-52.8229
-0.896013
-83.5107
-2.4305
-58.0896
6.16339
-70.0017
1.26552
-52.8787
5.18836
-94.796
-10.5895
-106.735
-20.1183
0.227094
0.384778
0.563764
0.93214
0.700133
1.23929
0.63846
0.323837
0.731106
0.278779
0.912791
0.291716
0.424923
0.23931
0.178676
0.0724806
0.164947
0.137896
0.464364
0.408517
0.549317
0.586989
0.730043
2.37006
1.79814
8.47069
2.21011
14.0257
3.81508
18.8944
5.01492
24.0024
6.56967
29.4508
9.15284
27.2569
7.63242
30.395
10.1311
31.3674
10.6677
-188.699
-1115.59
707.356
-23.7076
195.93
1385.36
621.372
743.649
2572.79
2441.83
766.334
3265.35
1924.39
3903.55
5083.22
652.329
829.509
1460.98
1787.29
5286.24
665.057
1774.47
2227.18
739.158
3130.6
5490.84
3827.23
5914.75
578.437
604.665
2095.85
1926.32
700.972
-16318.9
4953.51
-3642.09
16317.9
-4953.38
3641.95
-17422.3
-20016.6
-17347.1
-21281.2
-6330.8
-4886.73
-14761.4
-12059.1
-5326.12
-6090.95
-14146.7
-15202
-15467
-16587.2
-10835.9
-3333.88
-16599
-4447.73
-3669.95
-11265.3
-9634.36
-11647.6
-9396.14
-2635.47
-2165.06
-1743.25
-7218.12
-5170.01
-4042.09
-6746.29
-5173.94
-4587.74
-11217
-14977.9
-12579
-18170.8
-9.87675
-698.595
-3050.73
-3308.08
950.762
890.906
3265.98
2881.06
1929.8
2287.7
5772.44
2636.61
6182.3
745.553
588.277
2171.86
1816.19
2144.58
2028.44
563.13
521.777
542.507
1838.18
1746.23
1628.56
2155.14
2169.13
2097.27
42.8892
405.421
1162.42
2253.53
2659.96
493.408
1485.52
128.126
10.8491
204.843
719.395
1372.63
2111.06
2253.53
418.369
1228.97
112.062
9.76818
17436.6
20019.9
17349
21279
5839.17
4546.2
14763.6
12028.9
4991.29
5652.39
14096.2
15159.4
15462
16581.4
10835.8
3333.97
16598.3
4053.7
3309.48
11302.9
9668.27
11643
9394.82
2326.66
1932.11
1584.02
7261.16
5187.89
4044.94
6747.12
5175.38
4588.92
11189.5
14960.4
12566.2
18161
54.9027
607.693
3049.06
3381.73
-894.433
-835.576
-3245.35
-2861.18
-1928.43
-2286.54
-5772.64
-2636.74
-6182.15
-708.229
-555.186
-2152.96
-1801.24
-2143.59
-2027.34
-530.079
-483.723
-503.177
-1823.95
-1738.73
-1623.78
-2154.07
-2168.25
-2096.67
-72.8367
-378.315
-1156.7
-2251.83
-2659.51
-493.389
-1485.43
-128.119
-10.8452
-209.486
-700.005
-1369.31
-2110.15
-2253.32
-418.392
-1228.96
-112.081
-9.7737
2560.74
6009.01
13.7881
6.04455
2.61235
1.17323
0.64992
18.6723
7.76214
3.34855
1.50906
0.838552
-2112.73
-155.552
3312.21
10071.5
2189.59
143.446
9.9444
4.15159
1.92161
0.927044
0.542832
11.1029
5.33738
2.52731
1.2233
0.715811
346.726
1012.87
1666.77
2332.3
2997.73
-3279.26
-3145.15
-9994.55
-9565.35
-15939.8
-13900
-2832.11
-2322.62
-2009.39
-8561.21
-6991.39
-6040.23
-10895.6
-8497.2
-7257.52
0
0
0
0
0
0
0
0
-2174.81
-745.095
-482.915
-229.907
-174.816
-106.865
-111.666
-85.6364
-91.4022
-53.2498
-33.8699
-18.3449
-18.0243
-8.03912
-3.65878
-1.72711
-0.995258
-7.386
-3.53336
-1.64054
-0.776221
-0.44599
-10.5124
-93.3475
-280.358
-630.149
-1089.81
-1471.9
-9.47198
-7.99769
-6.05245
-3.7671
-1.27821
-84.0297
-70.8685
-53.5663
-33.3072
-11.2952
-252.087
-212.312
-160.253
-99.5348
-33.7343
-565.61
-475.369
-358.058
-222.035
-75.1877
-975.955
-818.049
-614.571
-380.36
-128.674
-1313.74
-1097.01
-821.233
-506.99
-171.305
-2498.86
-2178.76
-1775.61
-1302.66
-794.553
-267.438
0
0
0
0
0
0
0
0
0
0
0
0
1761.09
-13.3226
327.485
-36.3547
-2441.75
-2237.8
-5384.15
-4454.84
-4845.8
-4191.92
-1935.38
-1644.17
-1461.04
-3732.79
-3300.87
-3026.24
-3862.92
-3558.69
-3359.93
-344.605
-177.129
-40.1566
5.42109
-106.854
-61.5511
-27.6605
-13.78
-18.0242
-8.93314
-4.13716
-1.93255
-1.09511
-7.95315
-3.77489
-1.73721
-0.814506
-0.464116
1875.22
1593.59
1259.87
896.29
533.417
177.148
8.40412
84.8398
258.06
578.936
953.72
1230.17
7.55873
6.36776
4.8072
2.98595
1.01199
76.3027
64.2788
48.5264
30.1428
10.2162
231.806
194.987
146.978
91.1876
30.8858
518.898
435.326
327.269
202.619
68.5511
852.205
712.354
533.597
329.443
111.296
1093.88
909.183
677.298
416.458
140.401
-3312.15
-10071.6
-2196.55
-145.252
-9.92231
-4.14125
-1.91574
-0.923685
-0.540557
-11.0749
-5.32542
-2.52109
-1.21983
-0.713565
-346.742
-1012.91
-1666.85
-2332.4
-2997.85
-2560.82
-6008.9
-13.7679
-6.03559
-2.60745
-1.17043
-0.647995
-18.6517
-7.75336
-3.34393
-1.5064
-0.836791
2114.45
156.592
-9639.99
-13178.5
-21815.9
-24602.5
-24304.5
-27508.5
-11298.2
-12094.1
-1809.43
-1581.03
-1316.15
-4838.96
-3497.46
-2775.95
-5737.1
-4168
-3710.05
-7631.68
-4456.51
-3176.06
-9786.98
-5006.71
-2416.72
605.36
51.0998
-573.743
246.485
-992.869
212.55
-217.797
-53.4829
1580.07
1302.28
291.042
119.591
66.766
41.6747
518.535
215.19
153.38
106.66
148.867
51.9667
20.9223
11.3747
389.772
137.87
51.4922
27.9702
513.317
188.694
74.164
40.9963
472.03
193.719
84.4397
47.9812
314.64
161.171
76.501
44.6142
115.45
74.4041
38.8884
23.8047
168.546
109.933
58.6041
35.6453
62.2547
40.3629
21.0369
13.3482
18.3535
11.8156
6.69715
4.3555
11.9835
4.9901
2.12573
0.949572
0.525372
21.9179
9.28747
4.01755
1.81251
1.00846
9.39535
4.76056
2.2131
1.03498
0.586339
13.9379
6.22328
2.74733
1.2565
0.703992
7.44584
3.6419
1.69736
0.798208
0.454512
2.95
1.38372
0.63856
0.300552
0.17176
5.69112
2.16162
0.870228
0.376346
0.204606
14.0864
5.38691
2.20052
0.960822
0.525262
18.4214
7.12552
2.95783
1.3052
0.718086
48.9071
374.956
971.865
2029.93
3209.85
378.722
1985.21
-185.015
-322.832
22.728
-55.3133
1.45689
-0.522976
-1.25279
238.8
69.578
15.9418
4.48199
0.963553
352.634
87.0509
19.9072
4.22274
1.10236
522.206
111.118
23.1793
4.75117
1.30252
679.746
123.844
22.719
4.11594
1.05446
-20.7575
-23.4349
-8.23028
-2.30295
-0.390787
306.423
35.5672
3.52922
0.159882
0.203958
-169.821
-51.7327
-13.7873
-3.33599
-0.594666
-212
-63.0461
-16.1491
-3.6911
-0.692869
9402.44
13116.2
17668.3
21514.4
21843
25518.5
8512.73
10555.1
-1443.39
-5293.37
-3485.13
-2286.54
-1267.2
-1038.07
-762.828
-464.472
-155.863
-2347.04
-1392.99
-784.349
-479.743
-218.013
-2221.38
-1296.93
-747.042
-384.446
-123.19
-1882.78
-1442.14
-998.637
-583.799
-192.517
-738.142
-847.491
-2946.48
-2693.27
-3429.56
-3723.24
-6782.91
-4874.32
-6724.55
-2522.34
-125.918
-134.45
-894.653
58.0764
-625.931
327.58
-717.349
-620.206
584.701
245.869
-34.9446
-32.6787
-3.30505
8.34406
-71.1783
-65.5762
28.3287
47.8114
-5.87057
-8.79694
-3.07781
-0.904543
-28.0996
-26.2306
-15.3159
-6.16707
-90.1705
-48.4177
-22.3244
-8.62787
-187.752
-70.3294
-23.3941
-8.31519
-248.51
-80.6059
-28.6095
-13.9005
-117.612
-52.9378
-27.8721
-18.0512
-215.71
-75.2055
-30.1839
-17.639
-55.1473
-31.0075
-19.1254
-12.59
-16.381
-10.629
-6.34516
-4.20247
-4.60956
-2.83424
-1.44883
-0.719677
-0.424676
-10.2797
-5.88497
-2.92051
-1.43135
-0.839485
-10.7926
-4.3161
-1.89327
-0.882964
-0.507343
-10.2369
-4.5268
-2.09641
-1.0004
-0.581159
-7.91794
-3.45182
-1.54441
-0.722553
-0.414414
-2.83066
-1.3373
-0.6157
-0.290149
-0.166391
-0.960943
-0.869431
-0.492528
-0.254876
-0.153144
-3.79872
-2.59972
-1.36992
-0.691206
-0.411167
-6.6549
-3.97264
-1.99913
-0.990819
-0.584743
134.575
505.249
974.8
1729.29
2559.8
252.402
1511.88
-210.903
-324.884
36.1593
-51.6633
1.31185
-0.564981
-1.22453
248.488
66.1097
14.5578
4.07863
0.868707
328.965
77.0666
17.2511
3.62467
0.960042
433.843
91.3136
19.049
3.93911
1.12277
537.744
97.997
17.9577
3.24786
0.871468
-65.2295
-33.1369
-10.1512
-2.66605
-0.466827
196.332
15.6294
-0.0993542
-0.489653
0.068553
-181.77
-54.9
-14.4878
-3.48141
-0.627431
-213.608
-63.5925
-16.2911
-3.72341
-0.700791
-16.5298
-166.338
-488.492
-1009.73
-1738.62
-2626.03
-3523.49
-4165.82
-4192.32
-3260.09
-1589.3
-217.775
-14.8196
-12.4363
-9.35145
-5.79045
-1.95916
-149.186
-125.262
-94.2527
-58.397
-19.7656
-437.555
-366.84
-275.634
-170.599
-57.7123
-902.406
-754.616
-565.625
-349.476
-118.124
-1548.63
-1290.19
-963.795
-594.117
-200.605
-2327.99
-1929.61
-1435.17
-882.298
-297.612
-3103.21
-2555.05
-1890.39
-1159
-390.762
-3636.52
-2969.01
-2183.79
-1336.15
-450.941
-3616.82
-2922.96
-2137.23
-1307.27
-443
-2772.28
-2215.56
-1611.92
-988.297
-337.813
-1334.42
-1057.16
-767.088
-472.253
-163.046
-182.81
-145.257
-106.005
-65.7187
-22.8455
-21.4086
-183.635
-525.584
-1076.71
-1841.42
-2755.35
-3645.15
-4234.06
-4177.07
-3176.82
-1500.73
-181.306
-19.253
-16.2196
-12.247
-7.60947
-2.5796
-164.919
-138.704
-104.553
-64.8744
-21.9762
-471.35
-395.773
-297.852
-184.595
-62.4935
-963.571
-807.125
-606.062
-375.008
-126.858
-1642.84
-1371.39
-1026.59
-633.904
-214.241
-2447.2
-2033.08
-1515.74
-933.625
-315.26
-3216.73
-2654.92
-1969.19
-1209.75
-408.326
-3702.52
-3029.3
-2233.08
-1368.79
-462.437
-3606.52
-2917.58
-2135.82
-1307.92
-443.594
-2697.48
-2152.41
-1564.13
-958.685
-327.868
-1251.95
-984.753
-710.076
-435.597
-150.371
-148.218
-114.344
-81.2345
-49.5291
-17.1689
-1841.61
-12112.5
-3225.64
-1631.53
-1351.41
-1004.56
-617.365
-208.232
-8552.14
-6664.39
-4917.37
-3361.6
-1502.15
-2776.49
-2235.69
-1626
-987.824
-332.489
9651.26
13184.1
21857.3
24603.2
24322.2
27589.3
9682.65
10334.4
1642.77
1449.72
1222.5
4883.13
3517.11
2779.79
5738.14
4170.72
3712.56
7632.08
4457.72
3177.41
9787.08
5007.02
2417.17
-510.691
-73.1216
570.984
-190.831
984.641
-214.464
162.573
40.305
-1538.01
-1291.65
-269.745
-110.622
-62.115
-38.7485
-515.992
-214.294
-152.694
-106.21
-140.353
-48.6096
-19.4381
-10.4081
-387.052
-137.036
-51.158
-27.9076
-512.784
-188.405
-74.0232
-40.9085
-471.752
-193.544
-84.3439
-47.9114
-314.511
-161.077
-76.4412
-44.5665
-115.469
-74.405
-38.8834
-23.7975
-168.521
-109.899
-58.5762
-35.6201
-62.2845
-40.3768
-21.0426
-13.3504
-18.3676
-11.8237
-6.70142
-4.35805
-10.9336
-4.54807
-1.9377
-0.865486
-0.478628
-21.8707
-9.2562
-3.99906
-1.80244
-1.00212
-9.38951
-4.75746
-2.21135
-1.03392
-0.585614
-13.9242
-6.21696
-2.74393
-1.25451
-0.702666
-7.4447
-3.64106
-1.69679
-0.797822
-0.45423
-2.95095
-1.38406
-0.638674
-0.300584
-0.171767
-5.09393
-1.92913
-0.775093
-0.334543
-0.181468
-14.0887
-5.37197
-2.1901
-0.955068
-0.521721
-18.396
-7.11337
-2.95081
-1.30121
-0.715451
-83.4791
-344.502
-967.732
-2028.48
-3209.34
-378.673
-1985.03
185.042
322.853
-44.9401
44.0674
-3.17313
0.0254464
1.04808
-219.95
-63.8582
-14.5827
-4.12969
-0.878215
-350.903
-86.4698
-19.7462
-4.18432
-1.09228
-521.562
-110.901
-23.1143
-4.73433
-1.29781
-679.48
-123.753
-22.6902
-4.10792
-1.05207
20.7984
23.4501
8.23511
2.30434
0.391221
-306.313
-35.5279
-3.51675
-0.156309
-0.202853
169.841
51.7395
13.7893
3.33654
0.59482
212.013
63.05
16.1501
3.69133
0.692918
-9413.31
-13125.7
-17700.7
-21549.2
-21771.6
-25433.9
-7187.26
-8948.47
1443.27
5293.56
3485.16
2286.44
1267.1
1037.98
762.758
464.427
155.848
2347.15
1393.06
784.412
479.794
218.022
2221.39
1296.94
747.055
384.458
123.193
1882.69
1442.06
998.572
583.757
192.503
680.762
804.37
2956.99
2687.6
3429.52
3723.99
6782.93
4874.61
6724.66
2522.48
85.4505
66.5709
933.967
5.4664
627.556
-326.583
615.387
564.42
-547.76
-238.559
31.7632
30.283
2.68824
-7.93841
72.7145
66.1401
-27.8014
-47.5158
1.90966
7.47948
2.74899
0.97481
31.0947
26.765
15.4598
6.0859
90.7419
48.651
22.4058
8.67206
188.046
70.5001
23.4716
8.36832
248.7
80.7352
28.6806
13.9517
117.706
53.0046
27.9132
18.0806
215.842
75.3005
30.2417
17.6813
55.2028
31.0452
19.148
12.6056
16.3979
10.6398
6.35131
4.20651
4.40536
2.67787
1.36168
0.67494
0.398065
10.2249
5.8767
2.92282
1.4342
0.841772
10.8072
4.3227
1.89654
0.884719
0.508458
10.2584
4.53631
2.10129
1.00312
0.582905
7.92686
3.4558
1.54629
0.723523
0.415018
2.83297
1.33829
0.616137
0.290357
0.166514
0.997602
0.836183
0.466158
0.240036
0.144123
3.73805
2.60105
1.37613
0.695282
0.413805
6.67343
3.98405
2.00659
0.995208
0.587654
-149.29
-484.683
-972.437
-1728.5
-2559.56
-252.396
-1511.81
210.906
324.897
-54.3369
41.2813
-2.92797
0.0868782
1.02636
-231.278
-60.6616
-13.2466
-3.7372
-0.785551
-327.791
-76.5717
-17.1021
-3.58786
-0.950194
-433.495
-91.1576
-18.9946
-3.92394
-1.11836
-537.619
-97.9411
-17.9363
-3.24121
-0.869347
65.2488
33.1454
10.1543
2.66704
0.467162
-196.279
-15.607
0.107876
0.492411
-0.0676299
181.781
54.904
14.4891
3.48178
0.627539
213.618
63.5957
16.2919
3.7236
0.700826
16.528
166.321
488.443
1009.63
1738.46
2625.79
3523.19
4165.48
4192.01
3259.86
1589.2
217.763
14.8179
12.4349
9.35037
5.78977
1.95893
149.17
125.249
94.2424
58.3906
19.7633
437.51
366.801
275.604
170.581
57.706
902.317
754.539
565.566
349.438
118.111
1548.48
1290.06
963.697
594.055
200.584
2327.78
1929.43
1435.03
882.208
297.581
3102.94
2554.82
1890.2
1158.88
390.722
3636.22
2968.74
2183.58
1336.02
450.894
3616.54
2922.71
2137.03
1307.14
442.955
2772.07
2215.38
1611.77
988.201
337.779
1334.33
1057.08
767.024
472.211
163.031
182.8
145.249
105.999
65.7149
22.8441
21.4065
183.617
525.534
1076.61
1841.26
2755.12
3644.86
4233.73
4176.77
3176.59
1500.62
181.291
19.2511
16.218
12.2458
7.60872
2.57934
164.903
138.69
104.543
64.8679
21.9739
471.305
395.734
297.823
184.577
62.4873
963.482
807.05
606.005
374.971
126.845
1642.69
1371.27
1026.5
633.845
214.221
2446.99
2032.9
1515.6
933.54
315.231
3216.46
2654.7
1969.02
1209.64
408.288
3702.22
3029.04
2232.88
1368.67
462.395
3606.24
2917.34
2135.63
1307.8
443.552
2697.28
2152.22
1563.98
958.591
327.834
1251.85
984.665
710.004
435.55
150.354
148.204
114.331
81.2235
49.5215
17.1661
1841.49
12112.4
3225.49
1631.41
1351.31
1004.49
617.32
208.217
8552.02
6664.25
4917.26
3361.52
1502.09
2776.36
2235.58
1625.92
987.773
332.472
0
0
0
0
0
0
0
0
0
0
0
0
-1765.56
12.5515
-328.729
35.9477
2441.73
2237.82
5384.3
4455.01
4845.93
4192.18
1935.41
1644.18
1461.03
3732.94
3301
3026.34
3863.25
3558.99
3360.17
344.605
177.158
40.1763
-5.40368
106.759
61.5207
27.6498
13.7774
18.0335
8.93821
4.14028
1.93448
1.09646
7.95239
3.77473
1.73728
0.814627
0.464228
-1875.33
-1593.69
-1259.96
-896.358
-533.461
-177.163
-8.40506
-84.8491
-258.087
-578.995
-953.812
-1230.28
-7.55958
-6.36849
-4.80776
-2.9863
-1.01211
-76.311
-64.2859
-48.5318
-30.1462
-10.2174
-231.831
-195.008
-146.995
-91.1978
-30.8892
-518.952
-435.372
-327.304
-202.641
-68.5586
-852.289
-712.426
-533.652
-329.478
-111.308
-1093.98
-909.271
-677.365
-416.501
-140.415
3279.26
3145.12
9994.34
9565.17
15938.8
13899.4
2832.1
2322.66
2009.44
8561.23
6991.61
6040.53
10895.6
8497.68
7258.13
0
0
0
0
0
0
0
0
2176.7
746.325
483.731
230.339
175.339
107.094
111.772
85.6897
91.5689
53.3179
33.9001
18.3598
18.0458
8.0494
3.66425
1.73013
0.997222
7.39226
3.53615
1.64188
0.776907
0.446414
10.5113
93.3378
280.33
630.09
1089.71
1471.78
9.47097
7.99684
6.0518
3.76669
1.27807
84.0209
70.861
53.5606
33.3036
11.294
252.062
212.291
160.237
99.5246
33.7309
565.556
475.324
358.024
222.013
75.1804
975.869
817.977
614.516
380.326
128.662
1313.64
1096.92
821.164
506.947
171.291
2498.73
2178.65
1775.51
1302.59
794.507
267.423
)
;
    }
    patch2
    {
        type            calculated;
        value           nonuniform List<scalar> 
348
(
-346.742
346.726
-786.521
-288.672
-385.148
-523.02
-899.665
-369.099
-455.164
-610.464
786.401
288.638
385.107
522.96
899.593
369.074
455.13
610.419
-5075.47
-1339.61
-364.489
-257.776
-175.301
-247.102
-250.373
-2787.05
-1120.25
-612.581
-616.241
-304.525
-363.935
-393.145
-165.58
-278.357
-282.402
-225.419
-4160.99
-852.892
-240.829
-463.258
-697.665
-477.141
-505.969
-361.071
-185.432
-281.564
-289.363
-341.414
-4490.96
-1277.62
-1306.58
-786.669
-763.277
-18.651
-30.5984
-56.026
-96.9519
-155.231
-229.246
-14.0714
-32.3621
-70.8193
-130.6
-209.79
-300.882
-13.741
-6.25951
-25.1131
-16.6967
-49.1104
-39.3972
-87.5188
-78.935
-134.749
-125.417
-190.996
-165.134
-303.574
-363.094
-415.28
-665.699
-808.026
-935.104
-388.221
-450.093
-467.275
-443.056
-396.453
-360.358
-19.248
-32.6013
-60.078
-104.167
-167.235
-247.011
-14.8462
-34.9957
-76.1635
-139.768
-223.449
-318.236
-14.2527
-6.63405
-26.9004
-18.1166
-52.9605
-42.8463
-94.9396
-86.3796
-148.363
-142.31
-212.603
-195.659
-326.156
-389.446
-445.811
-698.147
-833.763
-945.597
-406.645
-466.106
-478.492
-448.812
-398.25
-360.608
-5150.43
-1358.49
-402.757
-291.096
-223.032
-298.105
-297.663
-3514.99
-2287.39
-942.981
-1502.15
-612.88
-827.566
-475.181
-497.383
-359.751
-4743.91
-1076.34
-349.825
-592.756
-844.555
-552.909
-583.041
-432.361
-253.723
-358.546
-418.493
-433.198
-4725.68
-1337.15
-1514.27
-865.136
-847.81
5074.77
1339.42
364.45
257.749
175.284
247.076
250.347
2786.53
1120.09
612.468
616.188
304.525
363.899
393.101
165.576
278.333
282.384
225.401
4160.25
852.754
240.804
463.203
697.569
477.083
505.91
361.031
185.415
281.535
289.335
341.377
4490.25
1277.42
1306.35
786.552
763.177
18.649
30.595
56.0199
96.9415
155.215
229.222
14.0699
32.3586
70.8116
130.586
209.768
300.85
13.7394
6.2588
25.1103
16.6948
49.105
39.3928
87.5093
78.9264
134.735
125.404
190.976
165.117
303.542
363.056
415.234
665.618
807.921
934.986
388.181
450.046
467.226
443.008
396.408
360.316
19.2459
32.5979
60.0719
104.157
167.219
246.989
14.8446
34.9922
76.1559
139.754
223.428
318.206
14.2511
6.63333
26.8975
18.1147
52.9551
42.8419
94.9304
86.3713
148.35
142.297
212.585
195.642
326.127
389.412
445.772
698.083
833.679
945.49
406.608
466.064
478.447
448.769
398.21
360.569
5149.82
1358.32
402.724
291.072
223.015
298.081
297.64
3514.78
2287.29
942.936
1502.09
612.853
827.533
475.157
497.359
359.732
4743.53
1076.27
349.805
592.717
844.497
552.868
582.996
432.329
253.707
358.521
418.468
433.169
4725.2
1337.01
1514.16
865.062
847.741
45.6232
158.179
167.833
200.932
455.296
435.097
-227.409
455.219
572.022
-666.309
202.534
259.465
-1265.04
257.906
425.725
-718.699
-566.276
-1017.59
-832.297
-2390.58
-1116.06
-2402.97
-1170.31
-2453.14
-95.0369
-56.48
-155.791
-162.774
-187.421
-448.301
-430.52
226.917
-454.929
-571.813
665.983
-202.496
-259.37
1264.69
-257.915
-425.671
631.793
495.129
1054.47
863.83
2389.54
1116.57
2402.61
1170.25
2452.98
95.0321
)
;
    }
    patch3
    {
        type            calculated;
        value           nonuniform List<scalar> 
96
(
-155.127
-256.186
-472.742
-826.258
-1340.95
-2018.06
-117.485
-272.242
-600.33
-1118.35
-1820.73
-2656.27
-2740.54
-3386.15
-4022.82
-6603.23
-7898.56
-9001.57
-3498.96
-4155.76
-4433.3
-4323.56
-3953.34
-3639.66
-159.8
-271.814
-504.158
-881.659
-1431.95
-2149.44
-123.552
-292.772
-641.662
-1188.44
-1923.39
-2783.15
-2900.46
-3560.23
-4204.07
-6733.08
-7954.69
-9015.52
-3627.37
-4257.51
-4490.44
-4331.69
-3932.14
-3626.62
155.111
256.159
472.694
826.177
1340.82
2017.88
117.472
272.214
600.27
1118.24
1820.56
2656.03
2740.31
3385.88
4022.53
6602.79
7898.1
9001.09
3498.67
4155.43
4432.97
4323.26
3953.09
3639.45
159.784
271.787
504.11
881.578
1431.82
2149.27
123.54
292.743
641.601
1188.33
1923.23
2782.91
2900.23
3559.97
4203.79
6732.66
7954.24
9015.05
3627.08
4257.18
4490.12
4331.4
3931.89
3626.42
)
;
    }
    patch4
    {
        type            calculated;
        value           nonuniform List<scalar> 
384
(
-11757
-32474.1
-54832.7
-74585.1
-60530.6
-47680.4
-34643.4
-12999.5
-16326.1
-45940.6
-67052.8
-24500.3
10508.6
32585.1
54843
74604.3
60551.3
47697.4
34750.5
11037.3
14781.7
46151.8
67307.1
22039.9
-51567.2
-74463.8
-82291.4
-112969
-54427.6
-75826.9
-84810.4
-114198
51576.4
74475.7
82304.2
112985
54445.3
75842.6
84826.8
114215
-23942.7
-38914
26496.3
40316.9
-20290.6
-7204.61
-26249.8
-9696.33
21363.8
7612.52
26912.4
9949.31
-26481.1
-40304
23951.1
38923.3
-9377.18
-6386.2
-29260.5
-20982.3
-36766.3
-53712.1
-4142.89
-1470.44
-15098.8
-5425.38
-11309.6
-7760.43
-34290.4
-25002
-39326.7
-55058.5
-4863.72
-1647.09
-17649.1
-6252.14
8488.87
5797.48
29354.8
21041.3
36774.3
53722.2
3783.95
1356.84
15126.2
5434.34
10249.9
7035.57
34472.3
25116.5
39342.3
55072.4
4435.2
1515.97
17694.3
6266.17
-21357
-7609.9
-26905.3
-9946.48
20295.3
7206.49
26255.7
9698.72
-17254.2
-18513.3
-15003.3
-16543.5
17251.1
18512.4
15001.3
16542.9
-1193.99
-1333.08
-4298.63
-5316.57
-3963.31
-3477.35
-5820.45
-7953.17
-9230.02
-12305
-10155.7
-12684.9
-9124.82
-12272.7
-9326.71
-12755.9
-641.687
-1460
-3706.8
-6051.38
-2054.61
-2808.93
-5782.43
-8031.13
-8938.61
-11921.8
-9209.97
-11916.1
-9083.85
-12102.7
-9338.14
-12710.9
1145.29
1238.39
4281.87
5318.49
3959.37
3471.41
5820.47
7954.3
9228.55
12304.8
10154.3
12684.5
9124.85
12272.9
9327.32
12756.3
641.087
1355.93
3682.15
6056.43
2049.73
2800.68
5782.23
8032.36
8936.5
11921.3
9208.3
11915.6
9083.72
12102.7
9338.76
12711.1
-1552.66
-3196.34
-5231.12
-9696.88
-8579.93
-14789.2
-10923.4
-358.021
-1645.23
-3637.87
-7476.59
-5814.81
-11111.8
-9455.97
1492.38
3003.95
5200.93
9652.03
8575.03
14780.7
10921.5
392
1581.33
3596.6
7417.59
5810.71
11105
9454.66
-1289.37
-3939.09
-6555.75
-8696.42
-10480.9
-12411.2
-11635.8
-12777.3
-13008.4
-1229.62
-3765.85
-6286.77
-8391.77
-10229.3
-12350
-11502.3
-12755.4
-13003.4
1140.08
3976.85
6554.14
8696.41
10481.3
12411.8
11636.3
12778
13009
1088.41
3802.05
6285.34
8391.92
10229.8
12350.7
11503
12756.1
13004.1
-275.657
-837.565
-1392.82
-1844.22
-2238.76
-2738.82
-2538.12
-2834.54
-2885.39
-263.98
-803.734
-1340.93
-1785.72
-2187.69
-2720.99
-2504.96
-2826.67
-2883.23
241.682
847.451
1392.48
1844.19
2238.81
2738.94
2538.21
2834.67
2885.53
231.591
813.264
1340.65
1785.74
2187.77
2721.13
2505.08
2826.82
2883.38
-62.563
-190.132
-316.822
-420.969
-515.033
-640.961
-590.236
-665.176
-677.584
-60.2341
-183.372
-306.477
-409.221
-504.344
-636.404
-582.555
-662.954
-676.93
54.7054
192.443
316.744
420.955
515.036
640.985
590.251
665.205
677.615
52.6947
185.606
306.414
409.219
504.359
636.434
582.579
662.986
676.963
-14.1534
-43.0793
-71.98
-95.9896
-118.141
-148.802
-136.335
-154.756
-157.642
-13.6987
-41.7565
-69.9545
-93.6722
-115.979
-147.766
-134.693
-154.22
-157.478
12.3607
43.6022
71.9608
95.9841
118.14
148.806
136.338
154.762
157.649
11.9685
42.2636
69.9387
93.6697
115.98
147.772
134.697
154.227
157.485
-3.69959
-11.2346
-18.7565
-25.0814
-31.0313
-39.5983
-36.0342
-41.3551
-42.2139
-3.60013
-10.9463
-18.3171
-24.5766
-30.5531
-39.3504
-35.6585
-41.2215
-42.1721
3.23063
11.3677
18.7511
25.0793
31.0304
39.5991
36.0343
41.3563
42.2154
3.14484
11.0759
18.3124
24.5753
30.5529
39.3516
35.6591
41.223
42.1737
)
;
    }
}


// ************************************************************************* //
