/*--------------------------------*- C++ -*----------------------------------*\
| =========                 |                                                 |
| \\      /  F ield         | OpenFOAM: The Open Source CFD Toolbox           |
|  \\    /   O peration     | Version:  2306                                  |
|   \\  /    A nd           | Website:  www.openfoam.com                      |
|    \\/     M anipulation  |                                                 |
\*---------------------------------------------------------------------------*/
FoamFile
{
    version     2.0;
    format      ascii;
    arch        "LSB;label=32;scalar=64";
    class       volScalarField;
    location    "1.5";
    object      gradTz;
}
// * * * * * * * * * * * * * * * * * * * * * * * * * * * * * * * * * * * * * //

dimensions      [0 -1 0 1 0 0 0];

internalField   nonuniform List<scalar> 
5322
(
-0.0602218
-0.0537684
-0.0432626
-0.0467314
-0.0333234
-0.0225241
-0.0144054
-0.00872543
-0.00503862
-0.00285739
-0.00173081
-0.0013761
-0.000930886
-0.00134488
-0.00151545
-0.00134278
-0.00156073
-0.0012913
-0.00205713
-0.0026391
-0.00366135
-0.00477905
-0.00658589
-0.00854064
-0.0114448
-0.0143261
-0.0186327
-0.0229511
-0.0289181
-0.0343814
-0.0420112
-0.0490163
-0.057684
-0.0641338
-0.0693613
-0.0619964
-0.0738826
-0.0724144
-0.0745921
-0.0551541
-0.0690778
-0.071312
-0.0540543
-0.0713238
-0.0706018
-0.0550287
-0.0723799
-0.06845
-0.0544981
-0.0713733
-0.0819483
-0.0547881
-0.0770706
-0.0672053
-0.0591364
-0.0635286
-0.079603
-0.0622491
-0.0591119
-0.0633078
-0.0803984
-0.0630816
-0.0590876
-0.0617653
-0.0804189
-0.0653788
-0.0589137
-0.05878
-0.079
-0.0699125
-0.0491384
-0.0715522
-0.0680822
-0.0670558
-0.0676721
-0.0673479
-0.0672998
-0.0671461
-0.0682821
-0.065331
-0.0639055
-0.0523895
-0.0543479
-0.068846
-0.0437822
-0.0606654
-0.0903645
-0.0596942
-0.0595038
-0.0511231
-0.0627737
-0.042117
-0.0443428
-0.0443105
-0.0581455
-0.0573955
-0.0536334
-0.0581371
-0.0918453
-0.0579016
-0.0586489
-0.0518127
-0.0586078
-0.0575402
-0.0628855
-0.0522125
-0.0547477
-0.047227
-0.033739
-0.0228584
-0.0146153
-0.00882635
-0.0050591
-0.00283552
-0.00193168
-0.00155767
-0.00114196
-0.00120504
-0.00181383
-0.00130791
-0.00111202
-0.00128777
-0.00126938
-0.0017499
-0.00132267
-0.0017169
-0.00125787
-0.00131392
-0.00169217
-0.00125887
-0.00129155
-0.00171046
-0.00127931
-0.00126878
-0.00171676
-0.00129352
-0.00127297
-0.0017596
-0.0013288
-0.00172408
-0.00126523
-0.00111811
-0.00131157
-0.00119064
-0.0011456
-0.00181781
-0.00120782
-0.00120284
-0.00113467
-0.00114502
-0.00183435
-0.00120516
-0.00120104
-0.00113875
-0.00114224
-0.00183193
-0.0012036
-0.0011882
-0.00111482
-0.00151835
-0.00134332
-0.00156608
-0.00228732
-0.00286812
-0.00156927
-0.00206426
-0.00129474
-0.00158926
-0.000982466
-0.00130014
-0.00134922
-0.00126052
-0.00148154
-0.00156696
-0.00142064
-0.00217969
-0.00215957
-0.0027006
-0.00195851
-0.00270105
-0.00370772
-0.00370853
-0.0048941
-0.00352403
-0.00490561
-0.00661824
-0.0066205
-0.00866165
-0.00631175
-0.00867787
-0.0114226
-0.0114276
-0.0145855
-0.0107923
-0.0146161
-0.0187131
-0.018732
-0.0232215
-0.0174625
-0.0232832
-0.0290133
-0.0290678
-0.0349307
-0.0266936
-0.0350406
-0.0424599
-0.0425855
-0.0496349
-0.0383844
-0.0498312
-0.0577539
-0.0578854
-0.0580423
-0.0918373
-0.057878
-0.0577049
-0.0519714
-0.0707092
-0.0705523
-0.0443466
-0.0443752
-0.0580442
-0.0578741
-0.0531885
-0.0588845
-0.0917948
-0.0582665
-0.057633
-0.0521046
-0.0577972
-0.0578102
-0.053591
-0.0534803
-0.0471393
-0.0337585
-0.0228971
-0.0146428
-0.00884193
-0.00506702
-0.00283932
-0.00193417
-0.00156037
-0.00114204
-0.00114228
-0.00114154
-0.00114039
-0.00183187
-0.00120076
-0.00120369
-0.00115033
-0.00129269
-0.00195062
-0.00120086
-0.00183322
-0.00120535
-0.00193742
-0.0013143
-0.00169165
-0.00126071
-0.00115147
-0.00129337
-0.00169251
-0.000922649
-0.0013022
-0.00142167
-0.00142017
-0.00148274
-0.00216057
-0.0027023
-0.00371133
-0.00489614
-0.00662644
-0.00866336
-0.0114383
-0.0145876
-0.0187508
-0.0232229
-0.0291036
-0.0349214
-0.0426572
-0.0495815
-0.0582985
-0.0573545
-0.0918928
-0.058399
-0.053627
-0.0576297
-0.0499741
-0.0384157
-0.0424625
-0.0351027
-0.026716
-0.0290397
-0.023307
-0.0174756
-0.0187345
-0.014625
-0.0107993
-0.0114363
-0.008681
-0.00631538
-0.00662776
-0.00490557
-0.00352585
-0.00371485
-0.00269956
-0.00195899
-0.00218348
-0.00158903
-0.00218287
-0.00270101
-0.00195989
-0.00216249
-0.00148401
-0.00156918
-0.00126036
-0.000932268
-0.00135598
-0.00134782
-0.00218415
-0.00269678
-0.00370695
-0.00491036
-0.00663632
-0.00868583
-0.0114819
-0.014628
-0.0188487
-0.0232946
-0.0293334
-0.0349392
-0.0431814
-0.0492067
-0.0586822
-0.0577552
-0.0909291
-0.0614756
-0.0520639
-0.063113
-0.0541808
-0.0373848
-0.0462415
-0.0377527
-0.0259609
-0.0314241
-0.0249066
-0.0169376
-0.0201893
-0.0155768
-0.0104522
-0.0123052
-0.00922836
-0.00610646
-0.00711048
-0.00520019
-0.00340553
-0.0039638
-0.0028697
-0.0018864
-0.00228786
-0.00156844
-0.00152205
-0.00130353
-0.00132432
-0.00120337
-0.00159255
-0.000981838
-0.0011238
-0.00140265
-0.00131705
-0.00221575
-0.0027862
-0.00269843
-0.00269866
-0.00194456
-0.00215352
-0.00219439
-0.00137065
-0.00156537
-0.00150792
-0.00158657
-0.00154644
-0.00186039
-0.00139969
-0.00133252
-0.00193283
-0.00168654
-0.00159014
-0.0014698
-0.00143037
-0.00218422
-0.00270093
-0.00262814
-0.00371724
-0.00490637
-0.00663071
-0.00868074
-0.00819577
-0.011446
-0.0146151
-0.0187656
-0.0232625
-0.0213837
-0.0291203
-0.0349656
-0.0426226
-0.049682
-0.0443794
-0.0443475
-0.0317671
-0.0318112
-0.0215453
-0.021458
-0.0292906
-0.0350165
-0.0267444
-0.035407
-0.042447
-0.0429822
-0.0494569
-0.0384106
-0.0506329
-0.0572071
-0.06474
-0.0565018
-0.0926693
-0.0597666
-0.0565981
-0.0539163
-0.0691878
-0.0421666
-0.0384621
-0.0524516
-0.0318824
-0.0428251
-0.0358167
-0.0216891
-0.0292701
-0.0232974
-0.0140516
-0.0188968
-0.0145348
-0.0086619
-0.0114692
-0.00852604
-0.00504974
-0.00662697
-0.00477738
-0.00281184
-0.00364952
-0.00261821
-0.0015633
-0.0020639
-0.00139101
-0.0013332
-0.00189469
-0.00185266
-0.00235575
-0.00334261
-0.00375246
-0.00504804
-0.00676719
-0.00892903
-0.00866341
-0.00870127
-0.00630061
-0.00664625
-0.00664019
-0.00491753
-0.00351403
-0.00488314
-0.00468449
-0.00450872
-0.00251246
-0.00218216
-0.00264199
-0.0024479
-0.00233412
-0.00277894
-0.00283919
-0.00172572
-0.00137844
-0.000965119
-0.00163637
-0.000929255
-0.00138269
-0.00166604
-0.00210416
-0.00370019
-0.00500916
-0.00502264
-0.00874663
-0.0088188
-0.00659387
-0.00605619
-0.00606806
-0.00781807
-0.0104484
-0.011775
-0.0150364
-0.0193837
-0.0239681
-0.0233817
-0.023329
-0.0174732
-0.018819
-0.0188373
-0.0146529
-0.0107859
-0.0146309
-0.0136662
-0.0130608
-0.00787336
-0.00691545
-0.00822177
-0.00798151
-0.00760946
-0.00470491
-0.00442657
-0.00422798
-0.00436694
-0.0033704
-0.00393872
-0.00379332
-0.00287193
-0.0017424
-0.00138293
-0.00137376
-0.00126992
-0.00158355
-0.00129106
-0.0021457
-0.00214117
-0.00270363
-0.00261885
-0.00371319
-0.00371513
-0.00490625
-0.00352818
-0.00490135
-0.00468356
-0.00662906
-0.00663257
-0.0086782
-0.00632122
-0.00868124
-0.00818563
-0.0114425
-0.011455
-0.0146108
-0.0108125
-0.0146335
-0.0136042
-0.0187544
-0.0187866
-0.0232572
-0.0175016
-0.023328
-0.0213849
-0.0290758
-0.0291742
-0.034942
-0.0267554
-0.0351493
-0.0317586
-0.0424675
-0.042759
-0.0495744
-0.0384301
-0.0500016
-0.0442845
-0.0576322
-0.0581675
-0.0579846
-0.0535341
-0.0580165
-0.0524048
-0.0580532
-0.0560017
-0.050295
-0.0684511
-0.0446185
-0.0573166
-0.0429143
-0.0410465
-0.0492734
-0.0490572
-0.0447192
-0.0480258
-0.0485108
-0.0415953
-0.035032
-0.0343586
-0.0229409
-0.0233521
-0.0183272
-0.0147331
-0.0145367
-0.0144268
-0.00870802
-0.00502405
-0.00285264
-0.0017281
-0.00137279
-0.000936472
-0.00134255
-0.00118597
-0.00138179
-0.00139399
-0.00127067
-0.00131253
-0.00157249
-0.00114886
-0.00140825
-0.00133024
-0.00133338
-0.00141368
-0.00111579
-0.00140363
-0.0013373
-0.00134295
-0.00157499
-0.00112405
-0.00113548
-0.00113381
-0.00112568
-0.00112263
-0.00111305
-0.00186247
-0.00113227
-0.00112492
-0.00112512
-0.00186368
-0.00113386
-0.00158967
-0.00196328
-0.00194735
-0.00168982
-0.0016821
-0.00157965
-0.00264965
-0.00474955
-0.00828889
-0.0137334
-0.0214978
-0.0204774
-0.0181891
-0.0215292
-0.0209781
-0.020016
-0.0213382
-0.0267289
-0.0304244
-0.0357651
-0.0458376
-0.0386137
-0.0386766
-0.0296122
-0.0329179
-0.0262301
-0.0283651
-0.0287592
-0.0226791
-0.0337596
-0.0475214
-0.0640255
-0.0639338
-0.0644455
-0.0537969
-0.0492204
-0.0523447
-0.0587949
-0.0504224
-0.058007
-0.084689
-0.0763866
-0.0736498
-0.0762583
-0.0482419
-0.0616406
-0.0645936
-0.077828
-0.0495484
-0.0636711
-0.0648431
-0.0781976
-0.0497654
-0.062882
-0.0656841
-0.0780726
-0.0510188
-0.0624145
-0.0701212
-0.0975266
-0.0784625
-0.0767769
-0.0974839
-0.0957858
-0.0757628
-0.0550952
-0.0770806
-0.0672613
-0.0591107
-0.0634021
-0.0685933
-0.05453
-0.0712597
-0.0819916
-0.0547761
-0.0639472
-0.0524192
-0.0543941
-0.0688679
-0.0574082
-0.0424297
-0.0509405
-0.0422198
-0.0306814
-0.0351223
-0.0289631
-0.0205938
-0.0230993
-0.0187256
-0.0131079
-0.0144294
-0.0114427
-0.00787592
-0.00854569
-0.00661712
-0.00449799
-0.00480531
-0.0036722
-0.00243946
-0.00265245
-0.00206528
-0.00140576
-0.00159097
-0.00119518
-0.00131877
-0.00129914
-0.00156629
-0.00229004
-0.00286992
-0.00188536
-0.00218599
-0.00134407
-0.00151985
-0.00135284
-0.000930887
-0.00125761
-0.00130233
-0.0015684
-0.00138922
-0.0013878
-0.00174799
-0.00287725
-0.00506433
-0.00506557
-0.00879607
-0.0145857
-0.0136666
-0.0130592
-0.0124945
-0.013355
-0.0172793
-0.016932
-0.0104195
-0.0112788
-0.0114543
-0.0114782
-0.0114771
-0.00821671
-0.00868452
-0.0114321
-0.0108117
-0.014633
-0.0187333
-0.0174961
-0.0233168
-0.0290411
-0.0267352
-0.0350864
-0.0424552
-0.0383917
-0.0497751
-0.0413198
-0.0419842
-0.0557443
-0.0558125
-0.0477011
-0.0337227
-0.0226526
-0.0144217
-0.00871358
-0.005032
-0.00285835
-0.00173583
-0.00138056
-0.000932086
-0.0013014
-0.00138637
-0.00137709
-0.00173397
-0.00286029
-0.00504424
-0.00874775
-0.0144835
-0.0227465
-0.0338624
-0.0478036
-0.065082
-0.0646128
-0.0543281
-0.10474
-0.0767047
-0.0735531
-0.0648881
-0.0781664
-0.0498263
-0.0499622
-0.0541397
-0.0805262
-0.051502
-0.0522918
-0.053315
-0.0809704
-0.0517384
-0.0525225
-0.0529897
-0.0808596
-0.0532394
-0.0541722
-0.0598141
-0.102962
-0.0794091
-0.0774595
-0.0778008
-0.0771349
-0.0610934
-0.0567055
-0.0600779
-0.102584
-0.0593915
-0.0620571
-0.0803457
-0.0631632
-0.0590447
-0.0616503
-0.071702
-0.0540185
-0.0709271
-0.0709643
-0.0551555
-0.0721126
-0.0624188
-0.0590831
-0.0630783
-0.067403
-0.0671757
-0.0677582
-0.0668818
-0.0591144
-0.0594851
-0.064768
-0.0804982
-0.0695263
-0.0556703
-0.0740558
-0.065143
-0.0556676
-0.0894674
-0.0480052
-0.0618251
-0.0511031
-0.0586023
-0.0519871
-0.0400537
-0.0451246
-0.038176
-0.0293609
-0.0315402
-0.0263936
-0.0193901
-0.0211024
-0.0169563
-0.0126435
-0.0131391
-0.0104523
-0.00740144
-0.00785141
-0.00599601
-0.00431489
-0.00437122
-0.00335317
-0.0023121
-0.00238747
-0.00188023
-0.00133611
-0.00140093
-0.000921792
-0.00162198
-0.00118115
-0.000960666
-0.00174892
-0.00126731
-0.00132014
-0.00171127
-0.00125702
-0.00130889
-0.00168658
-0.00125453
-0.00129032
-0.00170586
-0.00127917
-0.0012621
-0.00171053
-0.000936676
-0.00126649
-0.00156967
-0.00142377
-0.00158664
-0.00217494
-0.00195509
-0.00269731
-0.00269424
-0.00261201
-0.00369537
-0.00339467
-0.00489224
-0.00518453
-0.0039317
-0.00708761
-0.00503179
-0.0091818
-0.00688141
-0.0122228
-0.00859287
-0.0154806
-0.0114315
-0.0199948
-0.0139021
-0.0246583
-0.0179438
-0.030871
-0.0212202
-0.0371571
-0.0266344
-0.0450694
-0.0306723
-0.052997
-0.037397
-0.0615621
-0.0417403
-0.0491058
-0.058523
-0.0571832
-0.0444788
-0.0508129
-0.036653
-0.0431969
-0.0419329
-0.0316323
-0.0357722
-0.0254305
-0.0295518
-0.0287823
-0.0213147
-0.023773
-0.0166784
-0.0191372
-0.0186465
-0.0135746
-0.0149525
-0.0103126
-0.0116794
-0.0114122
-0.00817573
-0.00887362
-0.00604067
-0.00676341
-0.00662082
-0.00467578
-0.00502432
-0.00336335
-0.00375968
-0.00370655
-0.00261148
-0.00276692
-0.00185396
-0.00222146
-0.00214667
-0.00158232
-0.00130735
-0.00111784
-0.000978553
-0.00129725
-0.00131666
-0.00119194
-0.00158568
-0.00139627
-0.00157589
-0.00126884
-0.00137184
-0.00138607
-0.00129511
-0.0015644
-0.00141865
-0.00147616
-0.00157453
-0.00217647
-0.00188145
-0.00286148
-0.00218201
-0.00395419
-0.00280706
-0.00379338
-0.00214762
-0.00214312
-0.00215835
-0.00167709
-0.00192924
-0.00120099
-0.001829
-0.00119917
-0.00114612
-0.00140301
-0.00133912
-0.00132684
-0.00134187
-0.00133704
-0.00195015
-0.00168962
-0.00158864
-0.00265805
-0.00265788
-0.00263366
-0.00371944
-0.00371796
-0.00261425
-0.00378502
-0.00215473
-0.00215097
-0.00216438
-0.00196211
-0.00270835
-0.00370919
-0.0035295
-0.00490773
-0.00662328
-0.00632184
-0.00691521
-0.00476179
-0.00470525
-0.00830859
-0.0137644
-0.0136513
-0.0137478
-0.0083018
-0.00475953
-0.00469559
-0.00474218
-0.00264622
-0.00261561
-0.00268957
-0.00370281
-0.00396058
-0.00519271
-0.00709589
-0.00919442
-0.00504037
-0.00661774
-0.00393672
-0.00480063
-0.00281482
-0.00367223
-0.00218669
-0.00264953
-0.00243396
-0.00232512
-0.00335574
-0.00337328
-0.00439429
-0.00502914
-0.00468418
-0.00662678
-0.00627571
-0.00863377
-0.00866991
-0.00819197
-0.0113809
-0.0107542
-0.0145562
-0.014562
-0.0135546
-0.0185909
-0.0173456
-0.0231398
-0.0231545
-0.0212291
-0.0287969
-0.025581
-0.0347896
-0.0419949
-0.036819
-0.0495409
-0.0567097
-0.0494086
-0.0549785
-0.0473492
-0.0337568
-0.0228501
-0.014606
-0.00882
-0.00505516
-0.00283329
-0.00192989
-0.00155569
-0.00113996
-0.00113647
-0.0011423
-0.0012023
-0.00194511
-0.00168692
-0.00168367
-0.00192664
-0.00120044
-0.00114544
-0.00140671
-0.00132863
-0.00139552
-0.00132939
-0.00193367
-0.0016794
-0.00157687
-0.00218209
-0.0018855
-0.00211859
-0.0021011
-0.00194768
-0.00157458
-0.00112619
-0.00112305
-0.00186351
-0.00111355
-0.00113211
-0.00183084
-0.00210104
-0.00265284
-0.00250975
-0.00154352
-0.00185325
-0.00223156
-0.00158715
-0.00214812
-0.0019414
-0.0026994
-0.0026906
-0.00263073
-0.00370311
-0.00352129
-0.00489503
-0.00468862
-0.00660478
-0.00629473
-0.00865287
-0.00864427
-0.00815504
-0.0114018
-0.0103844
-0.0145498
-0.018644
-0.0167727
-0.0231428
-0.0214065
-0.0136788
-0.00826122
-0.00473592
-0.00264264
-0.00209802
-0.0019454
-0.0015724
-0.00208559
-0.00285467
-0.00210472
-0.00212196
-0.00210178
-0.00208687
-0.00285405
-0.00265681
-0.00262867
-0.00475824
-0.00469594
-0.00830015
-0.00819735
-0.00877184
-0.0145217
-0.0228148
-0.0229442
-0.0341889
-0.0320432
-0.0310654
-0.0444825
-0.0576223
-0.0500605
-0.0722579
-0.0556446
-0.107263
-0.0752781
-0.0739487
-0.0687048
-0.0854112
-0.0782153
-0.0807401
-0.0778183
-0.106624
-0.074346
-0.0734548
-0.0648396
-0.0778185
-0.0496833
-0.0507098
-0.0547497
-0.0800915
-0.051281
-0.0531881
-0.0541145
-0.0805305
-0.0515198
-0.0532639
-0.0539384
-0.0804115
-0.0531284
-0.0545643
-0.074448
-0.0547569
-0.044354
-0.0443296
-0.0498768
-0.0531605
-0.0371987
-0.0458615
-0.0312336
-0.0373646
-0.0441638
-0.0316894
-0.0417084
-0.0501201
-0.0445228
-0.0563085
-0.0612684
-0.0498479
-0.0468158
-0.0405195
-0.0507741
-0.0500571
-0.0653194
-0.068351
-0.0670423
-0.0569221
-0.044286
-0.0563407
-0.0507575
-0.0565966
-0.0442128
-0.0563287
-0.0508081
-0.0566702
-0.044352
-0.0564123
-0.0682359
-0.0667408
-0.0592416
-0.0557214
-0.0669483
-0.080932
-0.0610154
-0.0782489
-0.0794025
-0.0762377
-0.0620345
-0.0593948
-0.0598152
-0.102066
-0.0600958
-0.0668153
-0.0987771
-0.0802085
-0.076805
-0.061049
-0.0593642
-0.0747365
-0.0542458
-0.0540113
-0.0739274
-0.0537413
-0.0473835
-0.0472349
-0.0337464
-0.0228644
-0.0146191
-0.00882864
-0.00506029
-0.00283614
-0.00193204
-0.00155799
-0.00111374
-0.00112385
-0.00141191
-0.00132707
-0.00133066
-0.00168852
-0.00131189
-0.0011152
-0.00118881
-0.00130804
-0.00120547
-0.00111264
-0.00126964
-0.00175328
-0.00132354
-0.00185364
-0.00126014
-0.00171549
-0.00139622
-0.00141209
-0.00132883
-0.0019275
-0.0012008
-0.00120303
-0.0018315
-0.00113994
-0.00113934
-0.00120348
-0.00119889
-0.00114389
-0.00127939
-0.0017264
-0.00128077
-0.00194489
-0.00168731
-0.00168372
-0.00154421
-0.00129666
-0.00158593
-0.00126966
-0.0013773
-0.00138208
-0.00174245
-0.00287569
-0.00506966
-0.008789
-0.0145484
-0.0228447
-0.0339991
-0.0339712
-0.048026
-0.0481539
-0.0645798
-0.0548238
-0.0574646
-0.0577563
-0.0919485
-0.06661
-0.0743066
-0.0766477
-0.10446
-0.0541319
-0.0576801
-0.0578288
-0.0551969
-0.058651
-0.0596471
-0.0903785
-0.0587728
-0.060667
-0.0511507
-0.0595072
-0.0702976
-0.0561696
-0.0441904
-0.0479652
-0.0651807
-0.0649673
-0.0556002
-0.0559648
-0.0425631
-0.0290104
-0.0187246
-0.0115168
-0.00674248
-0.00665428
-0.00375606
-0.00375714
-0.00214276
-0.00215298
-0.00265455
-0.00472052
-0.00821181
-0.0135993
-0.0213392
-0.0316777
-0.0417201
-0.0411326
-0.041296
-0.0283699
-0.0184208
-0.011351
-0.011334
-0.0066506
-0.0067328
-0.00379897
-0.00370901
-0.00396514
-0.00519555
-0.00710303
-0.00919876
-0.00609105
-0.00662856
-0.00490199
-0.00340087
-0.00391257
-0.00264691
-0.0026185
-0.00269101
-0.00168047
-0.00193354
-0.00125948
-0.00157909
-0.00210047
-0.00211925
-0.00181426
-0.00114239
-0.00113427
-0.0014083
-0.00133823
-0.00135255
-0.00141221
-0.00111446
-0.0018649
-0.00141178
-0.00140424
-0.00114915
-0.00141178
-0.00141158
-0.00132423
-0.00132651
-0.00133282
-0.001393
-0.00132656
-0.00133255
-0.00140777
-0.00141051
-0.00113956
-0.00120451
-0.00130489
-0.00181099
-0.001187
-0.00111195
-0.002116
-0.00210131
-0.00194606
-0.00157226
-0.00208578
-0.00210248
-0.00265391
-0.00251103
-0.00218972
-0.00450254
-0.00394164
-0.0047434
-0.00468152
-0.0082752
-0.0081754
-0.00867172
-0.0114438
-0.0122659
-0.0155004
-0.0200979
-0.0247043
-0.0168528
-0.0187436
-0.0146076
-0.0104135
-0.0119147
-0.00785212
-0.00689803
-0.0130033
-0.0114652
-0.0137063
-0.0135771
-0.013746
-0.0136141
-0.0215108
-0.0213945
-0.03177
-0.0317436
-0.0302923
-0.0272786
-0.0320717
-0.0293301
-0.0192693
-0.0119486
-0.00700778
-0.0039187
-0.00386996
-0.00381434
-0.00508586
-0.00690834
-0.00679031
-0.00887111
-0.0117669
-0.0115535
-0.00887181
-0.00508641
-0.0038743
-0.00386752
-0.00381149
-0.00286983
-0.00510286
-0.00889661
-0.0147242
-0.0146866
-0.0189527
-0.018586
-0.022959
-0.028804
-0.028205
-0.0338483
-0.0411879
-0.0419821
-0.0442582
-0.0703412
-0.0504059
-0.0743539
-0.0547045
-0.0534532
-0.0706394
-0.0529298
-0.073463
-0.0773516
-0.0808366
-0.0775613
-0.105829
-0.0742586
-0.066815
-0.0627985
-0.0810102
-0.0819163
-0.0596403
-0.0670186
-0.0779592
-0.0818651
-0.075895
-0.0742457
-0.105216
-0.0778974
-0.081085
-0.0812676
-0.0814787
-0.0811338
-0.0775886
-0.0810909
-0.0724844
-0.065686
-0.0780738
-0.0510439
-0.0497576
-0.0539492
-0.0804332
-0.0530846
-0.0520756
-0.0530026
-0.0809047
-0.0531486
-0.0523146
-0.052665
-0.0807532
-0.0543728
-0.0599582
-0.102397
-0.0817161
-0.0764485
-0.0622707
-0.0593248
-0.0739482
-0.0537178
-0.0473762
-0.0338473
-0.0229351
-0.0146678
-0.00885991
-0.00507985
-0.00285126
-0.00386686
-0.00391116
-0.00340121
-0.00489853
-0.00661979
-0.00609209
-0.00866523
-0.0114311
-0.012255
-0.0154941
-0.0200823
-0.0246958
-0.0139534
-0.0187324
-0.0114537
-0.0144275
-0.00861766
-0.0114461
-0.00689047
-0.00854185
-0.00786536
-0.00750988
-0.010423
-0.0103394
-0.0132172
-0.0149558
-0.0135892
-0.0186511
-0.0173087
-0.023184
-0.0231772
-0.0212989
-0.0286483
-0.0264272
-0.0347789
-0.0315111
-0.0417568
-0.0379593
-0.0495146
-0.0496149
-0.0442416
-0.0567099
-0.050808
-0.0564775
-0.0565467
-0.0442474
-0.0495115
-0.0495549
-0.0564032
-0.0507459
-0.053619
-0.0444076
-0.0316972
-0.0214518
-0.013713
-0.00828404
-0.0047508
-0.00449999
-0.00784767
-0.00827314
-0.00816921
-0.0137027
-0.0135677
-0.0145962
-0.0187255
-0.0168565
-0.02326
-0.0290372
-0.0311724
-0.0372465
-0.0458281
-0.0531726
-0.0312292
-0.0422464
-0.0268793
-0.0351287
-0.0214095
-0.0289765
-0.018022
-0.0231014
-0.0205732
-0.0196404
-0.0263744
-0.0256579
-0.0320597
-0.0355912
-0.0316902
-0.0417116
-0.0378888
-0.0500823
-0.0493636
-0.0442904
-0.0568749
-0.050551
-0.0563334
-0.0612387
-0.04453
-0.0498359
-0.0467725
-0.0507371
-0.0500226
-0.0529737
-0.0475296
-0.0404748
-0.0423958
-0.0509475
-0.0574425
-0.0378137
-0.0440796
-0.0315816
-0.0212689
-0.0135514
-0.00818033
-0.00470037
-0.00264216
-0.00157928
-0.00126938
-0.00131949
-0.00119477
-0.000924107
-0.00112126
-0.00140543
-0.00130953
-0.00162709
-0.000960802
-0.00117988
-0.00156226
-0.0015044
-0.00136556
-0.00158848
-0.00215975
-0.00195848
-0.00269415
-0.0026247
-0.0037018
-0.00351725
-0.00489658
-0.00488441
-0.0046714
-0.00660792
-0.00607951
-0.00864739
-0.00671728
-0.00663697
-0.00660823
-0.00375795
-0.00370533
-0.00285744
-0.0028545
-0.00172594
-0.00137153
-0.00138468
-0.00133992
-0.00137711
-0.00138576
-0.0016694
-0.00134296
-0.0018829
-0.00186061
-0.00277008
-0.00261786
-0.00371028
-0.00350549
-0.00487831
-0.00490331
-0.00469792
-0.00660723
-0.00630002
-0.00865694
-0.00817578
-0.0113817
-0.0107474
-0.014552
-0.0145509
-0.0135307
-0.0185901
-0.018074
-0.0112538
-0.011383
-0.00868803
-0.00868101
-0.00502379
-0.00378634
-0.00371776
-0.00215955
-0.00219447
-0.00172815
-0.00211618
-0.0023992
-0.00279288
-0.00284822
-0.00371439
-0.00377446
-0.0050216
-0.00428615
-0.00602646
-0.00604914
-0.00888667
-0.0081849
-0.0114198
-0.0107181
-0.0145446
-0.0145821
-0.0135831
-0.0185813
-0.017354
-0.023152
-0.0212544
-0.0286828
-0.026425
-0.0347722
-0.034823
-0.0314932
-0.0417513
-0.0316584
-0.0287361
-0.0188978
-0.0185684
-0.0146726
-0.00886282
-0.00508152
-0.00285239
-0.00381191
-0.00386722
-0.00690267
-0.00699291
-0.00475303
-0.00828827
-0.0137201
-0.0192015
-0.0189365
-0.0117563
-0.0115459
-0.00678576
-0.00690352
-0.00386886
-0.00352322
-0.00371169
-0.00262518
-0.00370602
-0.00490052
-0.00469048
-0.00660739
-0.0066149
-0.00489747
-0.00489935
-0.00469895
-0.00660883
-0.00662557
-0.0049043
-0.00371701
-0.00263056
-0.00370454
-0.0027046
-0.00269649
-0.00269911
-0.00269866
-0.00262695
-0.00370671
-0.00370501
-0.00352127
-0.00489115
-0.00469367
-0.00661166
-0.00660871
-0.00630061
-0.00864911
-0.00818736
-0.0113968
-0.0113831
-0.0113806
-0.0113917
-0.00817789
-0.00866265
-0.00865875
-0.0063034
-0.00866033
-0.00819467
-0.0113826
-0.0114183
-0.00867145
-0.00628136
-0.00662795
-0.0067826
-0.00468466
-0.0048812
-0.00350847
-0.00371065
-0.00377906
-0.00261776
-0.00270034
-0.00269149
-0.00219274
-0.00158772
-0.00216079
-0.00195983
-0.00218149
-0.00158692
-0.00217702
-0.00195853
-0.0021621
-0.0015854
-0.0021856
-0.00269039
-0.00269097
-0.00193903
-0.00215632
-0.0017159
-0.00136729
-0.000938174
-0.0013326
-0.00127307
-0.00130424
-0.0013071
-0.000935508
-0.00136964
-0.00139454
-0.00127197
-0.0013366
-0.000939397
-0.00171732
-0.00128946
-0.00126017
-0.00114495
-0.00156936
-0.00146685
-0.00142454
-0.00142682
-0.0014625
-0.00136729
-0.0014982
-0.00155903
-0.00110988
-0.00128683
-0.00171413
-0.00125981
-0.00192479
-0.00168179
-0.00265114
-0.00265556
-0.00475359
-0.00828805
-0.0117536
-0.0107596
-0.014562
-0.013556
-0.0185832
-0.0186032
-0.0185825
-0.0186646
-0.0135868
-0.0145699
-0.0145841
-0.0107282
-0.0114219
-0.0117223
-0.00818594
-0.00863978
-0.00889005
-0.00605686
-0.0060344
-0.00784605
-0.00752225
-0.0104352
-0.0132356
-0.0125223
-0.0170778
-0.0211478
-0.0196688
-0.0264035
-0.0320955
-0.029249
-0.0382329
-0.0397057
-0.0340933
-0.0275163
-0.0229456
-0.0180372
-0.0145997
-0.0111964
-0.00879083
-0.00658807
-0.00502721
-0.00429144
-0.00440317
-0.00503019
-0.00337813
-0.00335926
-0.0024037
-0.00233008
-0.00279548
-0.00371704
-0.002117
-0.00188506
-0.00186332
-0.00223319
-0.00158661
-0.00214833
-0.00194283
-0.00216159
-0.00172524
-0.0013771
-0.000962033
-0.00118202
-0.00162715
-0.000924706
-0.00140721
-0.00134378
-0.00166951
-0.00138587
-0.00112217
-0.00131008
-0.00150384
-0.00136757
-0.00156203
-0.00138418
-0.00136903
-0.00171902
-0.0028443
-0.00284411
-0.00502298
-0.0087095
-0.0143957
-0.0135905
-0.0186549
-0.0192081
-0.014962
-0.0145548
-0.0113598
-0.00669573
-0.00379222
-0.00378258
-0.00500873
-0.00865564
-0.0142746
-0.0182733
-0.0173252
-0.0231778
-0.021304
-0.028645
-0.0288445
-0.028756
-0.0298414
-0.0213401
-0.0232007
-0.0237895
-0.0167528
-0.0139587
-0.0185725
-0.0183695
-0.0282492
-0.0285811
-0.029058
-0.031196
-0.0372522
-0.0269008
-0.0301162
-0.0203588
-0.0180381
-0.0214557
-0.0213347
-0.0232809
-0.0317161
-0.0317055
-0.0350613
-0.0257897
-0.0292215
-0.021462
-0.031709
-0.0418967
-0.0412093
-0.0287896
-0.0282015
-0.0185762
-0.0189238
-0.022942
-0.0230103
-0.0229595
-0.0146874
-0.0117778
-0.0117561
-0.00690287
-0.00678498
-0.0068999
-0.00699018
-0.0119099
-0.010416
-0.0114763
-0.00673473
-0.00665806
-0.00667924
-0.00670958
-0.00377216
-0.00376016
-0.00214328
-0.00215092
-0.0013739
-0.0037981
-0.0113898
-0.0113484
-0.0183928
-0.0184733
-0.0186131
-0.0284159
-0.0282821
-0.0286097
-0.0185884
-0.0350213
-0.0425436
-0.0372098
-0.0498014
-0.0417665
-0.0411782
-0.055695
-0.0558431
-0.0561315
-0.0704025
-0.0958408
-0.0974393
-0.0550884
-0.0701036
-0.0975444
-0.0784471
-0.0611093
-0.0771107
-0.0779647
-0.0621548
-0.0597962
-0.103142
-0.0799373
-0.0773186
-0.10107
-0.0862748
-0.0863552
-0.0813081
-0.0773869
-0.0531585
-0.073657
-0.0535618
-0.0472735
-0.0338482
-0.0288256
-0.0189689
-0.0189351
-0.0215113
-0.02145
-0.0213197
-0.031708
-0.031686
-0.0301035
-0.0203485
-0.0129961
-0.0191902
-0.0237793
-0.0213381
-0.0287518
-0.0263866
-0.0349893
-0.0347722
-0.0315723
-0.0416564
-0.0379349
-0.0417621
-0.0316807
-0.0214411
-0.0189144
-0.0191937
-0.0292109
-0.0257965
-0.0287862
-0.028198
-0.0185737
-0.0115444
-0.0117475
-0.0082826
-0.00475038
-0.00265343
-0.00371358
-0.00377111
-0.00489645
-0.00215265
-0.00270398
-0.00218301
-0.00139487
-0.00146785
-0.00130917
-0.000927993
-0.00137758
-0.00173294
-0.0066546
-0.00668413
-0.00662453
-0.00502851
-0.00658299
-0.00783388
-0.0087812
-0.00871824
-0.0111878
-0.0117104
-0.0145844
-0.0125046
-0.017058
-0.016733
-0.0211202
-0.0180233
-0.0229221
-0.0225728
-0.0144101
-0.0113391
-0.0114149
-0.0112788
-0.0113903
-0.0143169
-0.0182389
-0.0186576
-0.0181123
-0.0231551
-0.0223767
-0.0277339
-0.028831
-0.0274967
-0.0298162
-0.0340618
-0.0292104
-0.0381964
-0.0373327
-0.0441339
-0.0396833
-0.033494
-0.0469889
-0.0595861
-0.0595946
-0.0604216
-0.0656295
-0.061774
-0.0529884
-0.0397821
-0.0420621
-0.0330959
-0.0463529
-0.0589091
-0.0665762
-0.0628283
-0.052462
-0.0392214
-0.0274527
-0.034811
-0.0286942
-0.0223837
-0.0143248
-0.0331014
-0.0463916
-0.0590276
-0.0668716
-0.0628931
-0.0524686
-0.0391769
-0.0273999
-0.0286803
-0.0278638
-0.0183431
-0.0114074
-0.00815482
-0.00469065
-0.0026362
-0.00241842
-0.00452771
-0.0134813
-0.0210614
-0.031102
-0.0399521
-0.0532132
-0.059406
-0.0681455
-0.062641
-0.0514033
-0.0573708
-0.0612566
-0.0589135
-0.0464746
-0.0461395
-0.0329541
-0.0222816
-0.0142547
-0.00864178
-0.00499917
-0.00283837
-0.00284167
-0.00172113
-0.00215793
-0.00215618
-0.00139323
-0.00156829
-0.00138037
-0.00137325
-0.00171892
-0.00283349
-0.00378529
-0.00350275
-0.00486805
-0.00490193
-0.00474881
-0.00386684
-0.00380961
-0.00208471
-0.00386174
-0.00390696
-0.00250614
-0.00154075
-0.00184982
-0.00228358
-0.00156373
-0.00449494
-0.0069838
-0.00690031
-0.00678166
-0.00689186
-0.011735
-0.0115394
-0.011749
-0.00828208
-0.0137121
-0.0137171
-0.0214528
-0.0287629
-0.0264387
-0.0287033
-0.0212533
-0.0286586
-0.0348228
-0.0315037
-0.0416851
-0.0417833
-0.0347563
-0.0348483
-0.0315753
-0.0416362
-0.0420855
-0.0347656
-0.026411
-0.0350144
-0.0356044
-0.0256866
-0.0214157
-0.0277865
-0.0225505
-0.0334613
-0.0469381
-0.0475583
-0.0529841
-0.0595918
-0.0604362
-0.0595268
-0.0656582
-0.06177
-0.0530529
-0.0398526
-0.0329987
-0.0223111
-0.0275315
-0.0181664
-0.0231782
-0.0231472
-0.0231698
-0.0231485
-0.0213001
-0.0287506
-0.0286781
-0.0264381
-0.0347906
-0.0315914
-0.0418657
-0.0417499
-0.0379653
-0.0495013
-0.0497041
-0.0495843
-0.0379209
-0.0418959
-0.0412285
-0.0338552
-0.0339156
-0.0402734
-0.0472739
-0.0443558
-0.044408
-0.0706806
-0.052105
-0.0498949
-0.0734942
-0.0772737
-0.0808409
-0.0776192
-0.0812286
-0.0815167
-0.0768453
-0.0522122
-0.0725436
-0.0518904
-0.070968
-0.0712623
-0.0709728
-0.0712324
-0.070806
-0.0623769
-0.0803434
-0.105258
-0.0553254
-0.0782065
-0.0849679
-0.0811239
-0.0864116
-0.081117
-0.0767902
-0.102349
-0.0795484
-0.0545617
-0.0600301
-0.102649
-0.0594472
-0.0737922
-0.0543039
-0.0715999
-0.0520198
-0.047357
-0.0403021
-0.0412037
-0.0412121
-0.0418847
-0.0411785
-0.0287504
-0.0411917
-0.0403404
-0.0282008
-0.0287669
-0.0189194
-0.0191748
-0.0214564
-0.0317283
-0.0316925
-0.0411906
-0.0444156
-0.0421288
-0.037836
-0.0629348
-0.0437904
-0.0558093
-0.0574717
-0.0521757
-0.0556337
-0.0627706
-0.0708034
-0.051872
-0.0497436
-0.0736786
-0.0535681
-0.0520229
-0.0712277
-0.0520695
-0.072742
-0.0769627
-0.0773612
-0.0810402
-0.0726277
-0.0803078
-0.105192
-0.0781988
-0.0811471
-0.0813187
-0.0814343
-0.0816336
-0.076958
-0.0525304
-0.0727415
-0.079029
-0.0814872
-0.0789922
-0.0770879
-0.0524097
-0.072944
-0.0521557
-0.071593
-0.071839
-0.0648072
-0.0444473
-0.0444073
-0.0646314
-0.0643165
-0.0422448
-0.0445381
-0.04441
-0.0536239
-0.0642857
-0.0645425
-0.064837
-0.0598242
-0.0697646
-0.0521608
-0.0391109
-0.0332386
-0.0224637
-0.0143577
-0.00868771
-0.00500761
-0.00668683
-0.00866702
-0.00862222
-0.0062736
-0.00784168
-0.0118989
-0.0107153
-0.0145235
-0.014582
-0.013579
-0.0186261
-0.0185892
-0.0145527
-0.0107558
-0.0145698
-0.0113078
-0.00864136
-0.00500365
-0.00667504
-0.00667194
-0.00378028
-0.011313
-0.0142433
-0.022254
-0.032904
-0.039321
-0.0496176
-0.049437
-0.0496018
-0.0392783
-0.027503
-0.0181541
-0.0173576
-0.0182269
-0.0231939
-0.0231295
-0.0173041
-0.020327
-0.0129834
-0.0291852
-0.0263788
-0.0348058
-0.0348734
-0.0276495
-0.0272802
-0.0179596
-0.0111654
-0.00657049
-0.00370304
-0.00210756
-0.0013806
-0.00166317
-0.00278505
-0.00501536
-0.0087708
-0.0113437
-0.0145699
-0.0228403
-0.0338421
-0.0395636
-0.0528095
-0.050687
-0.0525417
-0.0460724
-0.0462078
-0.0587469
-0.0665183
-0.0627951
-0.052556
-0.0586278
-0.0663132
-0.063007
-0.0586294
-0.0674068
-0.0628466
-0.0672767
-0.0300778
-0.0379454
-0.0493313
-0.037918
-0.0470935
-0.0600013
-0.0737727
-0.0790696
-0.07954
-0.0849575
-0.0811032
-0.0863843
-0.0863494
-0.0862469
-0.0791605
-0.0813465
-0.0860941
-0.102234
-0.0811104
-0.0864823
-0.092885
-0.0913327
-0.102785
-0.102826
-0.101251
-0.102513
-0.102384
-0.0666593
-0.0666301
-0.0403058
-0.0744475
-0.0567451
-0.0666505
-0.0757791
-0.0173621
-0.0505802
-0.0795886
-0.0137086
-0.0185994
-0.0306841
-0.0202127
-0.0132417
-0.00772766
-0.0306559
-0.0130938
-0.0067751
-0.00865303
-0.00661509
-0.00502873
-0.102358
-0.0425502
-0.0114689
-0.00862164
-0.010352
-0.000982846
-0.0027705
-0.00157085
-0.00281729
-0.00504351
-0.00449364
-0.00140441
-0.00467734
-0.0626013
-0.0666669
-0.0663132
-0.0553069
-0.0317916
-0.00183036
-0.00113275
-0.00140306
-0.0554855
-0.00268671
-0.013609
-0.00126057
-0.0416857
-0.0530593
-0.000930643
-0.0317684
-0.03187
-0.00820702
-0.0115207
-0.00138833
-0.0291646
-0.0215258
0.00137239
0.00171759
0.0028326
0.00283663
0.00499904
0.00864333
0.0142585
0.0222859
0.0329559
0.0461362
0.0585917
0.0670576
0.0547101
0.0734028
0.0808042
0.0596998
0.0667537
0.0591767
0.0696669
0.0490933
0.0585559
0.0518932
0.0401497
0.0451112
0.0382308
0.0291423
0.031714
0.0262917
0.0196807
0.0210868
0.0170407
0.0124767
0.0132444
0.0104049
0.00750812
0.00782529
0.00601994
0.0042639
0.00437858
0.00334712
0.00231958
0.00238511
0.00187896
0.00133795
0.00139963
0.000921253
0.00162157
0.000960826
0.00118059
0.00133282
0.000940324
0.00127219
0.00130942
0.000938867
0.00130107
0.00129857
0.000945249
0.00131326
0.0012558
0.000934594
0.00128746
0.00150764
0.00113784
0.00145258
0.00152219
0.00154618
0.00143225
0.00154841
0.00142971
0.00158397
0.00143904
0.00156664
0.00144228
0.00158587
0.00141486
0.00156697
0.00146576
0.00158497
0.00136257
0.00155845
0.00149745
0.00158187
0.00130506
0.00111632
0.000977229
0.00119068
0.00158381
0.00205605
0.00263702
0.00365613
0.00478311
0.00659904
0.00851864
0.0114199
0.0143997
0.018704
0.0229405
0.0288787
0.0345193
0.0420752
0.0490157
0.0576555
0.0641556
0.0693504
0.0619856
0.0737105
0.0723134
0.074408
0.0689327
0.0547746
0.102077
0.0768673
0.0815781
0.0767752
0.0800134
0.0913417
0.0927997
0.0862108
0.0818212
0.0821175
0.0818723
0.0862053
0.102094
0.0815696
0.0611767
0.0593077
0.0667449
0.0601353
0.0611353
0.078046
0.10294
0.0799971
0.0987293
0.0767607
0.0913398
0.0736911
0.0723121
0.0699281
0.0714626
0.0615566
0.0493991
0.0680472
0.0588482
0.0788606
0.0744475
0.0547297
0.0688639
0.0652853
0.0670672
0.056725
0.0496158
0.0417784
0.0348142
0.0286797
0.0231363
0.0185449
0.0145297
0.0112942
0.00861682
0.00649233
0.00484904
0.0035886
0.00264402
0.00177866
0.00216673
0.00181127
0.00198657
0.0026161
0.00361171
0.00349077
0.00482941
0.00651162
0.00627629
0.0086037
0.0113014
0.0107411
0.0145388
0.0185224
0.0173539
0.0231703
0.0286326
0.0264467
0.0348231
0.0417552
0.037988
0.0495522
0.0565447
0.0508217
0.0675728
0.0621698
0.0803132
0.0710043
0.0538227
0.0714329
0.0624337
0.0804393
0.0692284
0.0546157
0.0736826
0.0596943
0.0681692
0.0565472
0.049646
0.0420499
0.0347342
0.0289778
0.0229788
0.0187719
0.0144433
0.0112897
0.00858156
0.00650157
0.00483792
0.00357651
0.00266219
0.00179215
0.00216739
0.0018384
0.00194998
0.00250573
0.00391263
0.00336087
0.00511595
0.00697673
0.00603504
0.00908289
0.0120678
0.010327
0.0155601
0.0180892
0.0173581
0.0236664
0.0284765
0.0264274
0.0351466
0.041808
0.0379433
0.0497366
0.0571357
0.0506691
0.0667955
0.066918
0.0807995
0.0651382
0.0557606
0.0895479
0.0560064
0.06959
0.0587884
0.0491758
0.05905
0.0618694
0.0574511
0.0480847
0.0621526
0.0514439
0.0694883
0.0644586
0.0418065
0.06167
0.0567853
0.0493719
0.0714654
0.0681193
0.0588408
0.0788501
0.0700294
0.0490724
0.0598089
0.0987909
0.076748
0.0913358
0.0800075
0.102945
0.0780706
0.0611669
0.0667656
0.0601335
0.0548705
0.0747657
0.059323
0.0598526
0.0543443
0.0540525
0.0740301
0.059455
0.0594142
0.0539925
0.0543571
0.0740238
0.0598911
0.0592904
0.0547675
0.0601469
0.0747429
0.0667444
0.0611182
0.0795569
0.0780371
0.102982
0.0800155
0.0913361
0.0766835
0.0815978
0.101892
0.0771629
0.0791765
0.100981
0.079118
0.0772255
0.101861
0.081567
0.0612047
0.0807149
0.092746
0.086218
0.10248
0.0648335
0.0589026
0.065404
0.0623741
0.0676774
0.056629
0.0566122
0.0568109
0.0508349
0.0677051
0.0670462
0.0654603
0.0803657
0.0622815
0.0590706
0.064839
0.103285
0.0864952
0.0862192
0.102446
0.0648282
0.058888
0.0587397
0.0700314
0.0714473
0.0615981
0.0417591
0.0642029
0.0490784
0.0693219
0.0514587
0.0722221
0.0788508
0.0747068
0.0685654
0.0713162
0.071237
0.0803615
0.0686401
0.0746373
0.0722535
0.0736304
0.0599093
0.0539417
0.0526523
0.050794
0.0600282
0.0612272
0.0675583
0.0590709
0.0466615
0.0471986
0.0406555
0.0517449
0.0452288
0.0507153
0.0435844
0.0354919
0.030468
0.0255496
0.032483
0.0384336
0.0367184
0.0307338
0.042196
0.0350542
0.021333
0.0309954
0.0289074
0.0255928
0.0371465
0.0348087
0.0421015
0.0368077
0.0451767
0.0267268
0.0301289
0.0422514
0.0445204
0.0374418
0.049131
0.0423921
0.0575094
0.0435449
0.031446
0.0303961
0.029176
0.0341206
0.0393153
0.0522505
0.0527617
0.0588953
0.0672007
0.0627034
0.0629759
0.064484
0.0590855
0.0670016
0.0676416
0.0564954
0.0508179
0.0566434
0.044387
0.0495857
0.0495939
0.0418019
0.0379969
0.0416807
0.0316008
0.0349053
0.034767
0.0287222
0.02646
0.0285331
0.021269
0.0232438
0.0230966
0.0185716
0.0173642
0.0184681
0.013476
0.0145503
0.0145119
0.0112983
0.0107373
0.0112824
0.00804225
0.00859516
0.00860761
0.00649205
0.00626979
0.00649787
0.0045578
0.00482608
0.00484722
0.00359115
0.00348957
0.00360855
0.00250818
0.00261704
0.0026413
0.00180009
0.00198897
0.00180969
0.00122274
0.00115231
0.00109789
0.00124283
0.00156597
0.00202877
0.00152103
0.00160152
0.00247911
0.0023273
0.00341091
0.00276784
0.00459841
0.00653925
0.00495711
0.00836978
0.0112479
0.0085275
0.0134835
0.019641
0.0175446
0.0193741
0.0132649
0.0132716
0.0203823
0.0215697
0.022949
0.0223192
0.02636
0.0203598
0.0212939
0.0232484
0.0141498
0.018449
0.0185974
0.0136935
0.0110925
0.0114836
0.0113146
0.0107272
0.0143103
0.0147003
0.0186538
0.0168223
0.0203478
0.0129863
0.0144873
0.0213458
0.0226648
0.0335779
0.047053
0.0596964
0.0680486
0.0544881
0.0624922
0.0628674
0.0677618
0.0595671
0.04685
0.0333804
0.022508
0.0142791
0.0143889
0.0084846
0.0084272
0.00852644
0.0106286
0.010242
0.0129342
0.0128076
0.0116249
0.00980135
0.0102564
0.00773581
0.00884956
0.00669795
0.00482788
0.00356422
0.00350776
0.00357456
0.00347397
0.00485359
0.00482352
0.00650962
0.00626506
0.00648257
0.00457859
0.00444286
0.00780379
0.00678413
0.00805723
0.00777697
0.00738705
0.0145684
0.0224585
0.0233761
0.0277458
0.0334085
0.0317488
0.039573
0.0463868
0.0330675
0.0222909
0.0142557
0.00852697
0.00481447
0.00451487
0.00438695
0.0041618
0.0059529
0.00441684
0.00326001
0.00331532
0.00339735
0.00205074
0.0014345
0.00173436
0.00143056
0.0010807
0.00111261
0.00183246
0.00176845
0.0018778
0.00276486
0.00262469
0.00248446
0.00358683
0.00358273
0.00360158
0.00358476
0.00349007
0.00483073
0.00484716
0.00649078
0.00628068
0.00650607
0.00456372
0.00484342
0.00349025
0.00483348
0.00455931
0.00648582
0.00649007
0.00628724
0.00860338
0.00862794
0.011306
0.0113271
0.0112996
0.0107529
0.0145257
0.014551
0.01856
0.0173702
0.0186016
0.0135027
0.0145711
0.0107682
0.0113375
0.00809243
0.00865497
0.00855233
0.00809076
0.00654847
0.0113514
0.0184979
0.0247557
0.0231464
0.021255
0.02876
0.0287422
0.0287511
0.0287053
0.0264646
0.034809
0.0348387
0.041825
0.0380057
0.0418646
0.0315639
0.0348253
0.0264686
0.0348331
0.0315623
0.0418634
0.0418662
0.038006
0.0496144
0.0495955
0.0443425
0.0495942
0.0496104
0.0442756
0.0567245
0.0495888
0.0529663
0.0450887
0.0371433
0.0308782
0.0212354
0.034464
0.0266321
0.0420237
0.030684
0.0490082
0.0373919
0.0575976
0.0418405
0.0401603
0.0450916
0.0366791
0.0382253
0.0432018
0.031611
0.0348077
0.0263777
0.0287734
0.0287492
0.0212984
0.0231506
0.0173588
0.0185852
0.0185777
0.0135528
0.0145571
0.0107549
0.0113849
0.0113745
0.00818767
0.00866298
0.00627347
0.00661401
0.00662023
0.00467601
0.00502271
0.00336281
0.00375969
0.00276603
0.00185281
0.00222065
0.00214534
0.0021866
0.00215711
0.00218235
0.00216633
0.00217438
0.00215199
0.00217978
0.00201871
0.00184421
0.00126378
0.00131793
0.00197626
0.00151674
0.00188101
0.00214196
0.00116886
0.00129211
0.00120365
0.00160252
0.00247202
0.00261299
0.00250372
0.00264115
0.0017769
0.00198407
0.00180777
0.00216579
0.00113335
0.0011438
0.00121318
0.00182005
0.00260543
0.00280123
0.00191315
0.0021104
0.00283054
0.0050502
0.00881672
0.0146078
0.0228616
0.0337826
0.0473815
0.0719327
0.0808355
0.0523567
0.0526184
0.0525853
0.0524049
0.0730843
0.0525218
0.0524687
0.052651
0.0730952
0.0526208
0.0811406
0.0526215
0.0730955
0.0524513
0.0810551
0.0524831
0.0527245
0.0731064
0.052307
0.0526013
0.0541634
0.0538331
0.0544188
0.0740018
0.0593806
0.0598532
0.0624847
0.0794122
0.103062
0.0595915
0.0740135
0.0539312
0.0808665
0.0719432
0.0648757
0.102127
0.0794528
0.101998
0.0773418
0.0623466
0.0596354
0.0787787
0.0865687
0.0819289
0.0785824
0.0625995
0.0768328
0.082168
0.0864892
0.101053
0.0783102
0.0786445
0.0807629
0.0927831
0.0865775
0.102083
0.0596484
0.0595912
0.0740056
0.0540989
0.0537751
0.0594039
0.0598507
0.062452
0.0793895
0.101078
0.0782989
0.103033
0.0647443
0.0648888
0.0719329
0.0808398
0.052357
0.0524168
0.0810199
0.0717889
0.0647342
0.0590195
0.0591055
0.0671595
0.0628377
0.0679956
0.0594199
0.0467564
0.0464458
0.033081
0.0223121
0.0142113
0.00850982
0.00480096
0.00263704
0.00263887
0.00258848
0.00155302
0.00183857
0.00233075
0.00303011
0.00164575
0.00172292
0.00152268
0.00105819
0.00116156
0.00116615
0.00101904
0.00179965
0.00122333
0.00126836
0.00145334
0.00141626
0.000980778
0.00115834
0.00129957
0.00147812
0.00103845
0.00124443
0.00129156
0.00148417
0.00104086
0.00124118
0.00129729
0.00147412
0.00105023
0.00123312
0.00137381
0.00184001
0.00128279
0.00124472
0.00172925
0.00178861
0.00127579
0.00100427
0.0014534
0.00152168
0.0015472
0.00143443
0.00125367
0.000933593
0.00129002
0.00150812
0.00113888
0.00184458
0.00126394
0.00131828
0.00197737
0.00240689
0.00230115
0.00355694
0.00458869
0.00438472
0.00653889
0.00839958
0.00780718
0.011396
0.0143117
0.0130466
0.0186727
0.02288
0.0204813
0.0288628
0.0344581
0.0304255
0.0420542
0.0489911
0.041845
0.0576328
0.0641798
0.0530351
0.0693441
0.0620038
0.0514139
0.0574146
0.0558837
0.0591952
0.0666803
0.0697132
0.058616
0.0518747
0.0401509
0.045029
0.0382149
0.0291195
0.0316105
0.0262917
0.0196016
0.0210137
0.0170133
0.0124769
0.0131679
0.0103849
0.00746191
0.00774552
0.00596565
0.00418741
0.00421732
0.00327313
0.00220506
0.00215572
0.00176745
0.00202011
0.00217957
0.00215443
0.00158484
0.00144102
0.00142758
0.00154928
0.00131797
0.000942441
0.00129251
0.00130388
0.000931258
0.0013005
0.00125912
0.000932102
0.0013453
0.00129668
0.00131703
0.00170924
0.00125422
0.0013103
0.00124739
0.00129514
0.00126074
0.00127148
0.00125067
0.00112279
0.00112687
0.00121689
0.00193802
0.00119857
0.00120803
0.00194404
0.00119637
0.00120259
0.00192683
0.00118574
0.00130462
0.00184702
0.00131935
0.00126434
0.0011063
0.00120338
0.00181081
0.00113104
0.0011404
0.00182878
0.00112463
0.00114832
0.00183071
0.00112237
0.00115428
0.00183578
0.00211016
0.00261342
0.00250654
0.00361307
0.00384939
0.00337077
0.0051442
0.00274416
0.00330863
0.00502824
0.00463021
0.00481471
0.00370915
0.00255941
0.00263272
0.00279395
0.0036097
0.00247195
0.00209676
0.00280229
0.00188139
0.00214214
0.00182061
0.00191434
0.00260559
0.00202087
0.00264613
0.00482503
0.0085581
0.0142998
0.0224685
0.033308
0.0273665
0.0274013
0.0276729
0.0181363
0.0182186
0.0157574
0.0125217
0.0164233
0.0180021
0.0111155
0.0112391
0.00654212
0.00646858
0.00359209
0.00365661
0.00200506
0.00156943
0.00162998
0.00102113
0.00113779
0.00114026
0.00217135
0.0013386
0.00120763
0.00125608
0.00173653
0.00100631
0.00113587
0.00113414
0.00101379
0.0011446
0.00116956
0.00133276
0.00129268
0.00120377
0.00160286
0.00182102
0.00121313
0.00165398
0.00164571
0.00200737
0.00200184
0.00359255
0.00648403
0.011132
0.0179942
0.0182884
0.0210459
0.0311005
0.0432754
0.0537496
0.0600362
0.0625148
0.053172
0.0524445
0.0524395
0.0391992
0.0391746
0.0399375
0.049561
0.0529656
0.0450587
0.0371307
0.0308601
0.0255893
0.0348067
0.0419807
0.036825
0.0418983
0.0444535
0.0442352
0.0567036
0.0647839
0.102371
0.0768321
0.0588396
0.0537653
0.05379
0.0549939
0.0445508
0.0317309
0.0214452
0.0136705
0.00823068
0.00470348
0.00261572
0.00247931
0.00238527
0.00255349
0.00199058
0.00297421
0.00352313
0.00489516
0.00471417
0.00473083
0.00260257
0.00162318
0.00145645
0.00107039
0.00102945
0.0018612
0.00125248
0.00128469
0.00132982
0.00159952
0.00137201
0.00120526
0.00128059
0.00122005
0.00135338
0.00123975
0.00128659
0.00147452
0.00103244
0.00104787
0.0011748
0.00156516
0.00110666
0.00113754
0.00116431
0.00157581
0.00111217
0.00114387
0.00115096
0.00156025
0.00111414
0.00113508
0.00157016
0.00111998
0.00111827
0.00155349
0.00113312
0.00120043
0.00192223
0.00128775
0.00125097
0.00113872
0.00120054
0.00182997
0.00112729
0.00112234
0.00186132
0.00111803
0.00113495
0.00186201
0.00208412
0.00284713
0.00282822
0.00504605
0.00881408
0.0146078
0.0228606
0.0337821
0.0473815
0.0444696
0.04431
0.0495842
0.052985
0.0399625
0.0531577
0.0524148
0.0670798
0.0508343
0.0568255
0.0537697
0.0522324
0.0474647
0.0444674
0.0442731
0.0317071
0.0315075
0.0214398
0.021211
0.0136898
0.0134809
0.008253
0.00807227
0.00471808
0.00457213
0.00262241
0.00251029
0.00183232
0.00182905
0.00172512
0.00120225
0.00131377
0.00211687
0.00113704
0.00112133
0.0012146
0.00179589
0.00179479
0.00216491
0.00113662
0.00113213
0.00121429
0.00182868
0.00181577
0.00260757
0.00471109
0.00825721
0.0136958
0.0214195
0.0316797
0.0317154
0.0444794
0.0444638
0.0316698
0.0315124
0.0420322
0.0348118
0.0255853
0.0288251
0.0231437
0.0246607
0.0199574
0.0154693
0.0121588
0.00857683
0.014316
0.0114077
0.0186733
0.0138947
0.0228888
0.0179365
0.0288547
0.0204864
0.0196084
0.0210289
0.0166813
0.0170184
0.0191148
0.0135591
0.0145082
0.0107097
0.0114063
0.0113797
0.00817614
0.00863838
0.00629638
0.00659746
0.00468468
0.00489161
0.00351914
0.0037077
0.00370021
0.00262567
0.0026876
0.00193823
0.00269034
0.00261076
0.00370564
0.00370739
0.00489877
0.00350218
0.0048682
0.00449517
0.00784306
0.00826193
0.00881915
0.01461
0.022864
0.0337844
0.0473817
0.0719221
0.0808093
0.0539547
0.0596231
0.0739787
0.0595509
0.0621998
0.0771359
0.0783768
0.10154
0.0783567
0.0771545
0.102006
0.054665
0.06946
0.0804182
0.0622979
0.0589712
0.0675256
0.0508032
0.0564322
0.056573
0.0443432
0.0496678
0.0379148
0.0418978
0.041898
0.031641
0.0357269
0.0254618
0.0296283
0.02377
0.016693
0.0191713
0.014935
0.010333
0.0117083
0.00887612
0.00603978
0.00676075
0.00657322
0.0111798
0.0179832
0.0273037
0.0391222
0.0507742
0.0366587
0.0432408
0.030086
0.042236
0.0444607
0.0647999
0.102349
0.0593296
0.0667245
0.074727
0.0601446
0.0610987
0.078038
0.0795611
0.10203
0.0865458
0.0865218
0.0865442
0.0818727
0.0822223
0.0786
0.062583
0.0768518
0.0824479
0.0820599
0.0809672
0.0539361
0.059562
0.102832
0.0646354
0.0648449
0.102006
0.0596093
0.0622104
0.0788689
0.0807636
0.0927895
0.0987225
0.059788
0.0422252
0.0300704
0.0203177
0.0214072
0.0212189
0.0231681
0.0231444
0.0231781
0.0185842
0.0186259
0.0145325
0.0135355
0.0112275
0.0181156
0.0231677
0.0173857
0.0189093
0.028757
0.0291984
0.0419105
0.0412606
0.0404046
0.0338956
0.0287769
0.02823
0.0229513
0.0189123
0.0191896
0.01189
0.0117273
0.0146671
0.00885276
0.006876
0.0069586
0.00688537
0.0117391
0.0136986
0.0214495
0.0212579
0.0287553
0.0338925
0.0474608
0.0717924
0.0537686
0.0522325
0.0715602
0.0474944
0.0339767
0.0230252
0.0229502
0.0146687
0.00885514
0.00825732
0.00807207
0.00860196
0.00862292
0.00806661
0.0113572
0.0085998
0.00916009
0.00698854
0.00514308
0.00384804
0.00274223
0.004586
0.00386327
0.0065376
0.00498672
0.00839898
0.00683709
0.011397
0.00780761
0.00746251
0.00774673
0.00601092
0.00596612
0.00665883
0.00463029
0.00481461
0.00348871
0.00370905
0.00367482
0.00261582
0.00268693
0.00195725
0.00270314
0.00262114
0.00269165
0.00195735
0.00270037
0.00265023
0.00283194
0.00505301
0.00507559
0.00504926
0.00881521
0.0146058
0.0228594
0.0337804
0.0473799
0.0412292
0.0316618
0.0314771
0.0213998
0.0211932
0.0287735
0.0231455
0.0246475
0.0199482
0.0154622
0.0121562
0.0103785
0.0145249
0.0186063
0.016774
0.0191712
0.0203109
0.0179225
0.0300617
0.0422165
0.0373653
0.0597918
0.0490566
0.0549843
0.0747426
0.0547694
0.0538804
0.0788266
0.076851
0.0768709
0.0786918
0.0864923
0.0808034
0.0788842
0.0538908
0.071776
0.0474675
0.0404037
0.0412294
0.041231
0.0419033
0.0549867
0.049369
0.0681486
0.0531474
0.0596457
0.0680214
0.0545212
0.0628736
0.0625066
0.0598211
0.053865
0.0433938
0.0469694
0.033465
0.0225672
0.0143357
0.00855467
0.00849269
0.00476726
0.00262087
0.00164887
0.00100307
0.00172522
0.00124938
0.00121664
0.00128535
0.00148323
0.00103919
0.00104091
0.00116343
0.0015755
0.00111262
0.00112694
0.00115152
0.00158664
0.00113432
0.00113475
0.00156973
0.00114559
0.00120882
0.00194339
0.00128469
0.00126128
0.0011412
0.00119849
0.00183106
0.00112401
0.00111437
0.0018621
0.00208434
0.00284719
0.00507309
0.00471818
0.0026205
0.00250274
0.00263287
0.00198097
0.00261558
0.00197683
0.0019418
0.00356654
0.00357103
0.00650493
0.00649711
0.0111831
0.0180616
0.0274078
0.0274335
0.0279268
0.0391803
0.0391683
0.0524131
0.039929
0.0368097
0.0311887
0.0211019
0.0134485
0.00805007
0.00452233
0.00481242
0.00263987
0.00165547
0.00101292
0.00172009
0.00129903
0.00118638
0.0012944
0.00147373
0.0010502
0.00103082
0.00115012
0.00155979
0.00115387
0.00121748
0.00193794
0.00126916
0.0012513
0.00112254
0.00112632
0.00183564
0.00141608
0.00130629
0.00120431
0.00138153
0.00134622
0.00119228
0.00134377
0.00121137
0.00173023
0.00100583
0.00119764
0.0013082
0.00131423
0.00141016
0.00114506
0.00186014
0.00209628
0.00385038
0.00688037
0.0117296
0.0189024
0.0185761
0.0282302
0.0338997
0.0229569
0.0146729
0.0147205
0.0185755
0.0185756
0.0282296
0.0287546
0.0291864
0.031732
0.0445453
0.0412575
0.0404031
0.0522325
0.0537844
0.0717812
0.081005
0.0474627
0.0338946
0.0229526
0.01467
0.0115369
0.0117267
0.0136626
0.0134702
0.00823688
0.00806759
0.011348
0.00860083
0.00915901
0.00698933
0.00386349
0.00446278
0.00781602
0.00683548
0.00804685
0.0134244
0.0113217
0.00660069
0.00452607
0.0024604
0.00149189
0.00365521
0.00483122
0.00653237
0.00606433
0.00697085
0.0118902
0.0129668
0.0114007
0.0137073
0.0214557
0.0189202
0.0287789
0.0264435
0.0348478
0.0315367
0.0347743
0.0287163
0.0212676
0.0231423
0.0231791
0.0286849
0.0286848
0.021303
0.023144
0.0232017
0.028761
0.0348844
0.0315996
0.0347882
0.041764
0.0417268
0.0418147
0.0417523
0.0315092
0.0347896
0.034856
0.0264413
0.0286891
0.0212423
0.0231473
0.0231744
0.0173545
0.0185939
0.013537
0.014549
0.0145609
0.0145488
0.0145709
0.0135562
0.0186064
0.0185922
0.0173582
0.0185895
0.0135746
0.0145435
0.0145849
0.018627
0.0172958
0.0231205
0.0237833
0.0213036
0.0287794
0.0263658
0.0347974
0.0357494
0.0316206
0.0419259
0.0418708
0.0497308
0.0443604
0.0494867
0.0379724
0.0496564
0.0442712
0.0494941
0.0379766
0.0496567
0.0442454
0.0495294
0.0420237
0.0450774
0.0266446
0.0371622
0.0255925
0.0288271
0.0309
0.0179628
0.0246796
0.0167821
0.0200058
0.0114443
0.0154893
0.0103898
0.011412
0.00815562
0.00864579
0.00864849
0.0113809
0.0107499
0.0113875
0.00817132
0.00864546
0.00866042
0.011378
0.0107528
0.0113792
0.00817583
0.00863559
0.00867004
0.0113848
0.0107078
0.0145073
0.0149426
0.0135605
0.0186451
0.0191078
0.0166768
0.0138924
0.0179465
0.0228177
0.0272653
0.0337824
0.0390848
0.0470189
0.0521443
0.0599746
0.0510617
0.0617418
0.0480521
0.0894795
0.055799
0.0650501
0.0668967
0.0595686
0.0590869
0.0669146
0.068237
0.0506364
0.0563985
0.0566675
0.0563967
0.0565764
0.0566687
0.0567308
0.0615495
0.0373898
0.0529947
0.0368208
0.0419074
0.0549861
0.053762
0.0522325
0.0537837
0.0537846
0.0445454
0.0317369
0.0291915
0.0287859
0.0214604
0.0191749
0.0167763
0.0186381
0.0145228
0.0103817
0.0118927
0.0136674
0.01348
0.00823869
0.00470797
0.00456348
0.00652978
0.00483074
0.00336973
0.00360927
0.00365135
0.00358289
0.00199043
0.00261682
0.00201663
0.00245779
0.00149176
0.00133178
0.00178688
0.00172885
0.00100423
0.00137314
0.00184021
0.00128245
0.00124459
0.00173224
0.00132194
0.00128463
0.00131966
0.00131922
0.0013283
0.00132162
0.00130442
0.00119402
0.0017541
0.00122535
0.00120408
0.00134032
0.00135984
0.00135145
0.00119485
0.00131342
0.00141453
0.00141155
0.00105771
0.00186334
0.0021049
0.00388414
0.00384941
0.00507168
0.00380422
0.00385163
0.00209645
0.00193122
0.00114187
0.00186004
0.00141173
0.00142198
0.00112813
0.00186264
0.00208443
0.00209862
0.00186079
0.00104296
0.001946
0.00196065
0.00194543
0.0019301
0.00182017
0.00123469
0.00132269
0.00127561
0.00167932
0.0026467
0.00474269
0.00827729
0.0137108
0.012971
0.00781794
0.00446343
0.0050285
0.00360838
0.00255871
0.00263195
0.00193066
0.00270516
0.00213195
0.00375467
0.00490702
0.00467974
0.00487817
0.00351749
0.00369681
0.00370467
0.00376961
0.00497627
0.00862421
0.0142464
0.0222789
0.0329515
0.046134
0.0585881
0.067031
0.062748
0.0651955
0.0808021
0.0667703
0.0596893
0.059042
0.0669811
0.0508053
0.0564066
0.044219
0.0495575
0.0379759
0.0417392
0.0417108
0.0315953
0.0348514
0.0263836
0.0287634
0.0213268
0.0231612
0.0186384
0.0135859
0.0145421
0.0114094
0.00817825
0.00862686
0.00668968
0.0113491
0.0145737
0.0107188
0.0114062
0.00828218
0.0137157
0.0214656
0.0317418
0.0445485
0.064849
0.102
0.0670067
0.0590479
0.0681062
0.0506554
0.0571127
0.0444633
0.0496132
0.0395467
0.0527563
0.0524869
0.0629912
0.0712456
0.0804244
0.0623099
0.0642699
0.069485
0.0712568
0.0541059
0.0666585
0.0629857
0.0642862
0.0524848
0.0527479
0.0667323
0.0506616
0.0571274
0.0564197
0.0443393
0.0495303
0.0379751
0.0417107
0.0315155
0.0348022
0.0264464
0.0286897
0.0286557
0.0213061
0.0231822
0.0173096
0.0186452
0.0135819
0.0145655
0.0185752
0.0185964
0.0231551
0.0173604
0.0231762
0.0181442
0.0274876
0.034836
0.0392507
0.049559
0.0460561
0.0585937
0.0392452
0.0395303
0.0495812
0.0379145
0.0419109
0.0418665
0.0315891
0.0348054
0.0264448
0.0286636
0.0212575
0.0231774
0.0214632
0.0317212
0.0444641
0.0412632
0.0412635
0.0404025
0.0412297
0.0444671
0.0317154
0.0214562
0.013712
0.0117445
0.00827485
0.00474129
0.00389418
0.00470789
0.00456754
0.00384982
0.00687839
0.00677643
0.00677611
0.0115369
0.00888841
0.00509539
0.00286557
0.00380536
0.00677696
0.0115375
0.0117478
0.0189254
0.0137172
0.00828458
0.00885833
0.00507679
0.00284974
0.00194391
0.00210111
0.00386351
0.00389477
0.00697217
0.00606497
0.00660624
0.0113442
0.0183209
0.0278584
0.00689667
0.00474978
0.00265336
0.00168573
0.00210062
0.00386444
0.00380592
0.00677738
0.00885648
0.0115377
0.0185763
0.02823
0.0287591
0.0316751
0.0214179
0.0189071
0.0191829
0.029198
0.0287866
0.0189265
0.0117489
0.011902
0.0117364
0.0136839
0.0129911
0.0203353
0.0186626
0.0183652
0.0225443
0.0333493
0.0467564
0.0593946
0.0680247
0.0628822
0.0709292
0.0714988
0.0538883
0.0671625
0.0630325
0.0691417
0.0736743
0.054616
0.101951
0.0794867
0.0773489
0.0623142
0.0804707
0.0644921
0.0623142
0.0590266
0.067505
0.0677057
0.0507983
0.0524015
0.0587975
0.0671459
0.0627637
0.0675374
0.0612274
0.0589864
0.046547
0.0444528
0.0495543
0.0507996
0.0585004
0.057166
0.0526948
0.0463267
0.0394725
0.0378931
0.033291
0.0224972
0.0143655
0.0145365
0.0111388
0.00872187
0.0065121
0.00887586
0.00814591
0.00858726
0.00661691
0.00658607
0.00467945
0.00487672
0.00490707
0.00348783
0.0036767
0.00261619
0.00268689
0.00270481
0.00193013
0.00213023
0.00277671
0.00266887
0.00201725
0.00361436
0.00492057
0.00495474
0.00866278
0.00665304
0.0113123
0.0181901
0.0275931
0.0330817
0.0223643
0.0142969
0.00865102
0.00499045
0.00375027
0.00375821
0.00370353
0.00369849
0.00262066
0.00268972
0.00270126
0.00195616
0.0021733
0.00216784
0.0015856
0.00140675
0.00144157
0.00156724
0.00114225
0.00141404
0.00131968
0.00130634
0.00120566
0.00172257
0.00130156
0.00118367
0.00133034
0.001348
0.00138178
0.00128571
0.00132219
0.00141612
0.00141109
0.00103121
0.00186025
0.00209673
0.00283008
0.0019301
0.00194342
0.00284879
0.00380497
0.00386209
0.00264601
0.00167954
0.00209995
0.00265146
0.00474722
0.00828072
0.00689451
0.00629567
0.00660397
0.00659927
0.00468276
0.00488806
0.0048983
0.00351647
0.00370362
0.00369964
0.00261044
0.00268348
0.00269642
0.00195389
0.00215282
0.00157382
0.0013373
0.00147977
0.00156304
0.00114121
0.00140844
0.00141725
0.00141978
0.00141576
0.00132365
0.00133306
0.00132805
0.00141958
0.00132487
0.00131387
0.00141327
0.00141479
0.00132015
0.00132358
0.00132022
0.00172134
0.0017085
0.00139052
0.00132018
0.00132283
0.00173064
0.00171054
0.00174411
0.00168241
0.0011086
0.00151477
0.00156027
0.0012906
0.0022815
0.00156267
0.00286101
0.0021811
0.00395283
0.00280621
0.0051844
0.00393116
0.00708585
0.00503128
0.0091885
0.00688724
0.0122354
0.00860771
0.0114211
0.014415
0.0143235
0.0223941
0.0331229
0.0464232
0.0590412
0.0524289
0.0671239
0.0588509
0.0680092
0.0493872
0.0714953
0.0490711
0.0699015
0.0513846
0.0573927
0.0559271
0.061733
0.051107
0.0586406
0.0521567
0.0612433
0.0893903
0.0652013
0.0558642
0.102978
0.06759
0.0627556
0.0589032
0.0464798
0.0332561
0.0276498
0.0287822
0.0348472
0.0182329
0.0224847
0.0143741
0.00869446
0.00500871
0.00378626
0.00377797
0.00489276
0.00469269
0.00660281
0.00660867
0.00865192
0.00629821
0.00865351
0.00666797
0.0113016
0.0142351
0.0222449
0.0328908
0.0274798
0.0276265
0.0348755
0.0332349
0.0464688
0.0470438
0.0521471
0.0586655
0.0491301
0.0585403
0.0444365
0.0507849
0.0390997
0.0337988
0.0291516
0.0316387
0.0254609
0.0295698
0.0212992
0.0231236
0.0173015
0.0186412
0.018617
0.013573
0.0145471
0.0107532
0.0113718
0.00817198
0.0086613
0.00665865
0.00665983
0.0085877
0.00626323
0.00661623
0.00658387
0.00866923
0.00660445
0.00887557
0.00814591
0.0116408
0.0103867
0.0131734
0.0103141
0.0149407
0.0111385
0.0145385
0.0124806
0.0130508
0.0179476
0.0228239
0.0272715
0.0263034
0.0357427
0.0224581
0.014342
0.00865004
0.00872225
0.00651197
0.00492079
0.00418775
0.0042171
0.00330764
0.00327295
0.00215501
0.00176699
0.00279387
0.00201638
0.00266862
0.00220486
0.00230042
0.00355491
0.00240472
0.00209626
0.003614
0.00494782
0.00277179
0.00168452
0.00156058
0.00132055
0.00131745
0.00135468
0.00170985
0.00282042
0.00283522
0.00499537
0.00863259
0.0112926
0.0113218
0.0145835
0.0182067
0.0231991
0.0181356
0.0113777
0.0145712
0.00215034
0.0013867
0.00135381
0.00171649
0.00136137
0.00139102
0.00215522
0.00215645
0.00171345
0.00136495
0.00137979
0.0013803
0.00210685
0.00370294
0.00501441
0.00278567
0.00166299
0.00438423
0.0237791
0.030448
0.0518974
0.0696748
0.0591526
0.0559208
0.061736
0.0511141
0.053097
0.0599674
0.0612333
0.0480581
0.0574002
0.0894026
0.0558515
0.0675891
0.0589
0.0620434
0.0736599
0.0286743
0.0348311
0.00689771
0.00698348
0.00689001
0.00385965
0.00473496
0.00264175
0.00209747
0.00208383
0.00192813
0.00168108
0.00211536
0.00390593
0.00474762
0.00339402
0.00488903
0.00488654
0.00466984
0.00661033
0.00608038
0.00672223
0.00872692
0.00867905
0.0112701
0.0181019
0.0274256
0.0391645
0.0391728
0.0399579
0.0531738
0.0625403
0.060114
0.0537487
0.0432826
0.0311301
0.0278867
0.02741
0.0180839
0.0112578
0.00663568
0.00629415
0.00660296
0.00660666
0.00664216
0.00501842
0.00284998
0.00283017
0.00171712
0.00168809
0.00156143
0.00132117
0.00135543
0.00131836
0.0013867
0.00135722
0.00214445
0.00214113
0.00375488
0.00503672
0.00285477
0.00172843
0.00172849
0.00137036
0.0013832
0.00137067
0.00137369
0.00214693
0.00379289
0.00369601
0.00468933
0.00816059
0.0134959
0.0210954
0.0205582
0.0130343
0.00785418
0.00263505
0.00157453
0.00126807
0.0013985
0.00242725
0.0044649
0.00188067
0.0021776
0.00167635
0.00168548
0.00218043
0.00154021
0.00250561
0.00351539
0.0212459
0.0304249
0.0418209
0.0530845
0.0788743
0.0588813
0.0651847
0.0803443
0.0622184
0.0611499
0.0417351
0.0306788
0.00878236
0.0145874
0.0228778
0.0338421
0.0470684
0.0599691
0.0480474
0.0597994
0.0987168
0.0667623
0.0508103
0.00173099
0.00132372
0.0114081
0.0116394
0.010314
0.00857756
0.00626184
0.0066594
0.00601258
0.00498901
0.0491014
0.0417489
0.036653
0.0431713
0.0306771
0.0808189
0.0139142
0.00489995
0.0495881
0.0417344
0.0496935
0.0565963
0.0681251
0.0675494
0.0564439
0.0733853
0.00172798
0.073984
0.0539484
0.0739955
0.054367
0.054683
0.0254467
0.0295547
0.0212301
0.0278371
0.0189002
0.00132682
0.00125947
0.00124721
0.0013271
0.0266105
0.0611767
0.00121501
0.00648274
0.00596308
0.00151757
0.0181309
0.0290065
0.00387832
0.0538607
0.0592067
)
;

boundaryField
{
    face
    {
        type            calculated;
        value           nonuniform List<scalar> 
217
(
-0.08
-0.08
-0.08
-0.08
-0.08
-0.08
-0.08
-0.08
-0.08
-0.08
-0.08
-0.08
-0.08
-0.08
-0.08
-0.08
-0.08
-0.08
-0.08
-0.08
-0.08
-0.08
-0.08
-0.08
-0.08
-0.08
-0.08
-0.08
-0.08
-0.08
-0.08
-0.08
-0.08
-0.08
-0.08
-0.08
-0.08
-0.08
-0.08
-0.08
-0.08
-0.08
-0.08
-0.08
-0.08
-0.08
-0.08
-0.08
-0.08
-0.08
-0.08
-0.08
-0.08
-0.08
-0.08
-0.08
-0.08
-0.08
-0.08
-0.08
-0.08
-0.08
-0.08
-0.08
-0.08
-0.08
-0.08
-0.08
-0.08
-0.08
-0.08
-0.08
-0.08
-0.08
-0.08
-0.08
-0.08
-0.08
-0.08
-0.08
-0.08
-0.08
-0.08
-0.08
-0.08
-0.08
-0.08
-0.08
-0.08
-0.08
-0.08
-0.08
-0.08
-0.08
-0.08
-0.08
-0.08
-0.08
-0.08
-0.08
-0.08
-0.08
-0.08
-0.08
-0.08
-0.08
-0.08
-0.08
-0.08
-0.08
-0.08
-0.08
-0.08
-0.08
-0.08
-0.08
-0.08
-0.08
-0.08
-0.08
0.08
0.08
0.08
0.08
0.08
0.08
0.08
0.08
0.08
0.08
0.08
0.08
0.08
0.08
0.08
0.08
0.08
0.08
0.08
0.08
0.08
0.08
0.08
0.08
0.08
0.08
0.08
0.08
0.08
0.08
0.08
0.08
0.08
0.08
0.08
0.08
0.08
0.08
0.08
0.08
0.08
0.08
0.08
0.08
0.08
0.08
0.08
0.08
0.08
0.08
0.08
0.08
0.08
0.08
0.08
0.08
0.08
0.08
0.08
0.08
0.08
0.08
0.08
0.08
0.08
0.08
0.08
0.08
0.08
0.08
0.08
0.08
0.08
0.08
0.08
0.08
0.08
0.08
0.08
0.08
0.08
0.08
0.08
0.08
0.08
0.08
0.08
0.08
0.08
0.08
0.08
0.08
0.08
0.08
0.08
0.08
0.08
)
;
    }
    outlet
    {
        type            calculated;
        value           nonuniform List<scalar> 
217
(
-0.00120667
-0.00120763
-0.00124926
-0.00121332
-0.00125796
-0.00121384
-0.00120741
-0.00120832
-0.0012495
-0.00125837
-0.00121324
-0.00121481
-0.00120549
-0.00121006
-0.00121035
-0.00120535
-0.0012098
-0.00124744
-0.00125596
-0.00125579
-0.00126294
-0.00125178
-0.00121101
-0.00121599
-0.00121237
-0.00119186
-0.00120605
-0.00120732
-0.00121999
-0.00120731
-0.00119358
-0.00122055
-0.00120793
-0.00120802
-0.00122066
-0.00119377
-0.0012076
-0.00122131
-0.00120957
-0.00120846
-0.00119618
-0.00125006
-0.00135858
-0.0012494
-0.00124946
-0.00139473
-0.00128044
-0.00125903
-0.00153444
-0.00123682
-0.00125589
-0.00133768
-0.00124551
-0.0012579
-0.00136337
-0.00125371
-0.00124884
-0.00136375
-0.00125073
-0.00128137
-0.0013972
-0.00125928
-0.00153383
-0.00123878
-0.00125328
-0.00133169
-0.00124807
-0.00124875
-0.00135647
-0.00127826
-0.00124875
-0.00139349
-0.0015293
-0.00125635
-0.00123392
-0.00133044
-0.00125316
-0.00124279
-0.00136489
-0.00125497
-0.00124602
-0.00125304
-0.00136172
-0.00125224
-0.00125337
-0.00137853
-0.00125358
-0.00125325
-0.00136658
-0.0012545
-0.00124148
-0.00133333
-0.00126276
-0.00125394
-0.00128602
-0.00140105
-0.0015389
0.0012017
0.0012005
0.00120268
0.00120558
0.00120372
0.00124293
0.00124922
0.00124955
0.00125372
0.00124819
0.00124625
0.00124576
0.00123272
0.00122593
0.00125622
0.00122836
0.00124632
0.0011996
0.00121256
0.00136472
0.00124694
0.00124499
0.00125117
0.00124968
0.00122774
0.00122287
0.00119969
0.00121238
0.00124731
0.00125128
0.00124507
0.00125
0.0013664
0.00122902
0.00122683
0.00119208
0.00120794
0.00120688
0.00122122
0.00120944
0.00120897
0.00122274
0.00121873
0.00120268
0.00120444
0.00120901
0.00122277
0.00120926
0.00121947
0.0012031
0.00120574
0.00122393
0.00121951
0.00122102
0.00121813
0.00120289
0.00120969
0.00120793
0.00120762
0.00123327
0.0015273
0.00125584
0.00127626
0.00138967
0.0012477
0.00124331
0.00135852
0.00125283
0.00124791
0.00138295
0.00125479
0.00132784
0.00125322
0.00123163
0.00127573
0.00119657
0.00120897
0.00119517
0.00120264
0.00119455
0.00120638
0.00123638
0.00121128
0.0012033
0.00121335
0.00120117
0.00135347
0.00127712
0.001537
0.0013679
0.00125662
0.00123887
0.00131652
0.00140777
0.00132989
0.00136218
0.00124623
0.00137001
0.0012493
0.00124336
0.00138175
0.00125652
0.00140326
0.00151976
0.0013052
0.00132156
0.00136521
0.00125072
0.00124314
0.00138133
0.00125685
0.00124246
0.00140373
0.00152137
0.00130692
0.00132999
0.00127502
0.00119577
0.00120623
0.00119235
)
;
    }
    wall
    {
        type            calculated;
        value           nonuniform List<scalar> 
1558
(
-0.0213392
-0.0135993
-0.0228447
-0.0228148
-0.0145484
-0.0145217
-0.0645798
-0.0576223
-0.0481539
-0.0444825
-0.0341889
-0.0320432
-0.0229442
-0.0215292
-0.0145857
-0.0136666
-0.00821181
-0.00472052
-0.008789
-0.00877184
-0.00506966
-0.00506433
-0.00265455
-0.00158593
-0.00287569
-0.00287725
-0.00174245
-0.00174799
-0.00126966
-0.00138208
-0.0013878
-0.00879607
-0.00822177
-0.00506557
-0.00470491
-0.00287193
-0.00264199
-0.0017424
-0.00158355
-0.0561696
-0.0651807
-0.0649673
-0.0441904
-0.0316777
-0.0479652
-0.048026
-0.0339991
-0.0339712
-0.00138293
-0.00126992
-0.0558093
-0.0556337
-0.0417201
-0.0411326
-0.0285811
-0.0282492
-0.0185725
-0.0183695
-0.0556002
-0.0559648
-0.041296
-0.0425631
-0.0283699
-0.0290104
-0.0184208
-0.0187246
-0.0114689
-0.011334
-0.0067328
-0.0066506
-0.00379897
-0.00375714
-0.00215298
-0.00214276
-0.0013773
-0.00138922
-0.011351
-0.0115168
-0.00665428
-0.00674248
-0.00375606
-0.00379332
-0.00214117
-0.0021457
-0.00138833
-0.00137376
-0.00477738
-0.00662697
-0.00442657
-0.00261821
-0.00364952
-0.0024479
-0.00159255
-0.0020639
-0.00139101
-0.0595072
-0.0543941
-0.0688679
-0.0596471
-0.0702976
-0.058651
-0.0578288
-0.0551969
-0.0576801
-0.0577563
-0.0541319
-0.0574082
-0.0424297
-0.0509405
-0.0422198
-0.0306814
-0.0351223
-0.000932268
-0.00132432
-0.00120337
-0.00129914
-0.00135284
-0.00125761
-0.00130233
-0.0289631
-0.0205938
-0.0230993
-0.0187256
-0.0131079
-0.0144294
-0.0574646
-0.0580532
-0.0548238
-0.0560017
-0.0684511
-0.0722579
-0.0556446
-0.0500605
-0.0524516
-0.0573166
-0.0429143
-0.0358167
-0.0428251
-0.0310654
-0.0232974
-0.0292701
-0.0209781
-0.0145348
-0.0188968
-0.0130592
-0.0114427
-0.00787592
-0.00854569
-0.00661712
-0.00449799
-0.00480531
-0.0036722
-0.00243946
-0.00265245
-0.00206528
-0.00140576
-0.00159097
-0.00119518
-0.00131877
-0.000930887
-0.000922649
-0.00852604
-0.0114692
-0.00798151
-0.0013022
-0.00126036
-0.00135598
-0.00130353
-0.0640255
-0.0639338
-0.0644455
-0.00157928
-0.00286029
-0.00285835
-0.00173397
-0.00173583
-0.00126938
-0.00137709
-0.00138056
-0.0561315
-0.065082
-0.0646128
-0.0475214
-0.0480258
-0.0337596
-0.0343586
-0.0485108
-0.035032
-0.0226791
-0.0229409
-0.0144268
-0.0145367
-0.0233521
-0.0147331
-0.0440796
-0.0315816
-0.0478036
-0.0477011
-0.0338624
-0.0337227
-0.0212689
-0.0135514
-0.0227465
-0.0226526
-0.0144835
-0.0144217
-0.00870802
-0.00874663
-0.00502405
-0.00502264
-0.0088188
-0.00500916
-0.00285264
-0.00283919
-0.0017281
-0.00172572
-0.00277894
-0.00166604
-0.00818033
-0.00470037
-0.00874775
-0.00871358
-0.00504424
-0.005032
-0.00264216
-0.00137279
-0.00137844
-0.0558431
-0.055695
-0.0417665
-0.0411782
-0.0286097
-0.0282821
-0.0185884
-0.0183928
-0.0558125
-0.0557443
-0.0413198
-0.0419842
-0.0537969
-0.0415953
-0.0284159
-0.0287592
-0.0184733
-0.0186131
-0.0283651
-0.0183272
-0.0114763
-0.0113484
-0.00673473
-0.00665806
-0.0037981
-0.00376016
-0.00215092
-0.00214328
-0.0013739
-0.00138637
-0.0113898
-0.0114543
-0.00667924
-0.00670958
-0.0112788
-0.00659387
-0.00377216
-0.00378502
-0.00215097
-0.00215473
-0.00370019
-0.00210416
-0.00139399
-0.00138179
-0.00138269
-0.00760946
-0.00422798
-0.00233412
-0.0013332
-0.0114461
-0.00854185
-0.00786536
-0.00661774
-0.00480063
-0.00449364
-0.00367223
-0.00264953
-0.00243396
-0.000936472
-0.000965119
-0.0587949
-0.0492204
-0.0492734
-0.0386766
-0.0329179
-0.0267289
-0.0213382
-0.0172793
-0.00130014
-0.00134922
-0.00126052
-0.0013014
-0.013355
-0.0104484
-0.00781807
-0.00605619
-0.00436694
-0.00334261
-0.00235575
-0.00189469
-0.00131253
-0.00127067
-0.00134255
-0.00118597
-0.00140265
-0.00163637
-0.000929255
-0.057633
-0.0582665
-0.0553069
-0.0565981
-0.0597666
-0.0554855
-0.058007
-0.0504224
-0.00206426
-0.00158926
-0.00140441
-0.00119477
-0.00131949
-0.000930643
-0.000932086
-0.0595038
-0.0596942
-0.068846
-0.0543479
-0.0704025
-0.0586489
-0.0579016
-0.0553254
-0.0577049
-0.057878
-0.0543281
-0.0410465
-0.0296122
-0.020016
-0.0124945
-0.0574425
-0.0509475
-0.0423958
-0.0422464
-0.0351287
-0.0306559
-0.0289765
-0.0231014
-0.0205732
-0.0187324
-0.0144275
-0.0130938
-0.0602218
-0.0537684
-0.0681455
-0.0668716
-0.059406
-0.0590276
-0.0432626
-0.031102
-0.0467314
-0.0463916
-0.0333234
-0.0331014
-0.0016694
-0.00137153
-0.00137711
-0.0210614
-0.0134813
-0.0225241
-0.0223837
-0.0144054
-0.0143248
-0.0665762
-0.0656295
-0.0589091
-0.0595861
-0.0595946
-0.0463529
-0.0469889
-0.0330959
-0.033494
-0.0475296
-0.0340618
-0.0223767
-0.0225728
-0.0143169
-0.0144101
-0.0229221
-0.0145844
-0.00815482
-0.00469065
-0.00872543
-0.00868803
-0.00503862
-0.00502873
-0.0026362
-0.00157589
-0.00285739
-0.00285744
-0.00173081
-0.00173294
-0.00126884
-0.0013761
-0.00137758
-0.00868101
-0.00871824
-0.00502379
-0.00502851
-0.0087812
-0.0050216
-0.0028545
-0.00284822
-0.00172594
-0.00172815
-0.00279288
-0.062641
-0.0628931
-0.0532132
-0.0524686
-0.0399521
-0.0391769
-0.0278638
-0.0273999
-0.0183431
-0.018074
-0.0628283
-0.061774
-0.0604216
-0.052462
-0.0529884
-0.0392214
-0.0397821
-0.0529737
-0.0396833
-0.0274527
-0.0277339
-0.0181123
-0.0182389
-0.0274967
-0.0180233
-0.0114074
-0.0112538
-0.00671728
-0.00663697
-0.00379338
-0.00375795
-0.00214762
-0.00214312
-0.00137184
-0.00138607
-0.0112788
-0.0113391
-0.0066546
-0.00668413
-0.0111878
-0.00658299
-0.00377111
-0.00378634
-0.00215265
-0.00215955
-0.00371439
-0.00211618
-0.00139487
-0.00138468
-0.00138576
-0.0713238
-0.0706018
-0.0723799
-0.06845
-0.0713733
-0.0819483
-0.0547881
-0.0639055
-0.0507371
-0.0467725
-0.0381964
-0.0320597
-0.0263744
-0.0211202
-0.017058
-0.00129725
-0.00134488
-0.00126057
-0.00129511
-0.0132172
-0.010423
-0.00783388
-0.00602646
-0.00439429
-0.00335574
-0.0023992
-0.0018829
-0.00130917
-0.00126649
-0.00133992
-0.00117988
-0.00140543
-0.00162709
-0.000924107
-0.0619964
-0.0738826
-0.0693613
-0.0530593
-0.0641338
-0.0551541
-0.0540543
-0.057684
-0.0416857
-0.0490163
-0.0420112
-0.0306841
-0.0343814
-0.00134296
-0.000936676
-0.000960802
-0.0289181
-0.0202127
-0.0229511
-0.0186327
-0.0132417
-0.0143261
-0.0550287
-0.0544981
-0.0523895
-0.0404748
-0.0292104
-0.0196404
-0.0125046
-0.0114448
-0.00772766
-0.00854064
-0.00658589
-0.00452771
-0.00477905
-0.00366135
-0.00241842
-0.0026391
-0.00205713
-0.00139627
-0.00158568
-0.00119194
-0.00131666
-0.000930886
-0.000927993
-0.00750988
-0.00428615
-0.00232512
-0.0724144
-0.0745921
-0.0690778
-0.071312
-0.0672767
-0.0600013
-0.0589135
-0.0674068
-0.0663132
-0.0586294
-0.0586278
-0.0470935
-0.0464746
-0.0338421
-0.0332386
-0.0142746
-0.0143957
-0.0229456
-0.0145997
-0.00865564
-0.0087095
-0.0461395
-0.0460724
-0.0329541
-0.032904
-0.0228403
-0.0224637
-0.0145699
-0.0143577
-0.0222816
-0.022254
-0.0142547
-0.0142433
-0.00500873
-0.00502298
-0.00879083
-0.00502721
-0.0028443
-0.00284411
-0.00171902
-0.00172524
-0.00279548
-0.00166951
-0.00136903
-0.0013771
-0.0087708
-0.00868771
-0.00501536
-0.00500761
-0.00864178
-0.00864136
-0.00499917
-0.00500365
-0.00278505
-0.00283349
-0.00166317
-0.00171892
-0.00283837
-0.00284167
-0.0017159
-0.00172113
-0.0665183
-0.0656582
-0.0587469
-0.0595268
-0.0595918
-0.0462078
-0.0469381
-0.0329987
-0.0334613
-0.0475583
-0.0340933
-0.0223111
-0.0225505
-0.00137325
-0.00136729
-0.00136964
-0.0612566
-0.0628466
-0.063007
-0.0521608
-0.0391109
-0.0528095
-0.0525417
-0.0395636
-0.0392783
-0.0272802
-0.0179596
-0.0276495
-0.027503
-0.0182269
-0.0181541
-0.0627951
-0.06177
-0.0604362
-0.052556
-0.0530529
-0.039321
-0.0398526
-0.0529841
-0.0397057
-0.0275315
-0.0277865
-0.0181664
-0.0182733
-0.0275163
-0.0180372
-0.0111654
-0.00657049
-0.0113437
-0.0113078
-0.00668683
-0.00667194
-0.00370304
-0.00210756
-0.00378529
-0.00378028
-0.00215632
-0.00215618
-0.0013806
-0.00138037
-0.00139323
-0.011313
-0.0113598
-0.00667504
-0.00669573
-0.0111964
-0.00658807
-0.00378258
-0.00379222
-0.00215793
-0.00216159
-0.00371704
-0.002117
-0.00139454
-0.00138418
-0.00138587
-0.0556676
-0.0511031
-0.0556703
-0.0540185
-0.0400537
-0.0293609
-0.0196688
-0.0125223
-0.0193901
-0.0126435
-0.00752225
-0.00429144
-0.00233008
-0.00134378
-0.000939397
-0.000962033
-0.00740144
-0.00431489
-0.0721126
-0.0685933
-0.0712597
-0.0819916
-0.0547761
-0.0639472
-0.0507741
-0.0468158
-0.0382329
-0.0320955
-0.0264035
-0.0211478
-0.0170778
-0.0131391
-0.0104523
-0.00785141
-0.00599601
-0.00437122
-0.00335317
-0.00238747
-0.00188023
-0.00140093
-0.000921792
-0.00162198
-0.00118115
-0.0013326
-0.00127307
-0.00130424
-0.0132356
-0.0104352
-0.00784605
-0.0060344
-0.00440317
-0.00335926
-0.0024037
-0.00188506
-0.0013071
-0.00127197
-0.0013366
-0.00118202
-0.00140721
-0.00162715
-0.000924706
-0.0023121
-0.00133611
-0.0551555
-0.05453
-0.0524192
-0.0405195
-0.029249
-0.000960666
-0.000938174
-0.000935508
-0.0480052
-0.0894674
-0.0618251
-0.065143
-0.0740558
-0.0695263
-0.071702
-0.0586023
-0.0519871
-0.0451246
-0.038176
-0.0315402
-0.0263936
-0.0211024
-0.0169563
-0.0709271
-0.0709643
0.00126807
0.00157453
0.00137369
0.00137036
0.00172843
0.00172849
0.00263505
0.00468933
0.0142969
0.0143655
0.00872187
0.0145365
0.0223643
0.0224972
0.00285477
0.00284998
0.00503672
0.00501842
0.00816059
0.0134959
0.00872692
0.00867905
0.014415
0.0143235
0.0330817
0.033291
0.0228177
0.0337824
0.0463267
0.046547
0.0587975
0.0589864
0.0470189
0.0599746
0.0671459
0.0675374
0.0210954
0.0311301
0.0225443
0.0223941
0.0333493
0.0331229
0.0432826
0.0537487
0.0467564
0.0464232
0.0593946
0.0590412
0.00135722
0.00131836
0.00171712
0.00168809
0.00156143
0.00283017
0.00277671
0.00499045
0.00495474
0.00266887
0.00492057
0.00865102
0.00866278
0.060114
0.0680247
0.0671625
0.00137067
0.0013832
0.00214693
0.00214113
0.00379289
0.00375488
0.00672223
0.00663568
0.0114211
0.0112578
0.0013867
0.00135543
0.00132117
0.00214445
0.00213023
0.00375821
0.00375027
0.00201725
0.00361436
0.00664216
0.00665304
0.0112701
0.0113123
0.0065121
0.0111388
0.0183652
0.0180839
0.0278867
0.02741
0.0399579
0.0391728
0.0531738
0.0524289
0.0625403
0.0628822
0.0181019
0.0181901
0.0274256
0.0275931
0.0179465
0.0272653
0.0391645
0.0394725
0.0524015
0.0526948
0.0390848
0.0521443
0.0630325
0.0627637
0.0612274
0.00184458
0.00215572
0.00327313
0.00421732
0.00596565
0.00774552
0.0103849
0.0131679
0.0723134
0.074408
0.0689327
0.0709292
0.0170133
0.0210137
0.0262917
0.0316105
0.0382149
0.045029
0.0518747
0.058616
0.0714988
0.0691417
0.0736743
0.0650501
0.0617418
0.0894795
0.0480521
0.054616
0.055799
0.0205582
0.0288787
0.0229405
0.0304249
0.0420752
0.0345193
0.0418209
0.0576555
0.0490157
0.0530845
0.0693504
0.0641556
0.000942441
0.000933593
0.00126394
0.00220506
0.00418741
0.0619856
0.0737105
0.0547746
0.0538883
0.00129668
0.0013453
0.00125912
0.0013005
0.00130388
0.00129251
0.00131797
0.00125367
0.00129002
0.00150812
0.00113888
0.00119068
0.00131703
0.0013985
0.00205605
0.00158381
0.000932102
0.000931258
0.00242725
0.00365613
0.00263702
0.0044649
0.00659904
0.00478311
0.00746191
0.0124769
0.00785418
0.0114199
0.00851864
0.0130343
0.018704
0.0143997
0.0196016
0.0291195
0.0401509
0.0510617
0.00137239
0.00166299
0.00171759
0.00136495
0.00136137
0.00171345
0.00171649
0.00278567
0.0028326
0.00501441
0.00500871
0.00283663
0.00283522
0.00499904
0.00499537
0.0599674
0.067031
0.0675891
0.00878236
0.00869446
0.0145874
0.0143741
0.00864333
0.00863259
0.0142585
0.0142351
0.00135381
0.00131745
0.00170985
0.00168452
0.00156058
0.00282042
0.00277179
0.00497627
0.00494782
0.00266862
0.00492079
0.00862421
0.00865004
0.0142464
0.014342
0.00872225
0.0145385
0.0228778
0.0224847
0.0338421
0.0332561
0.0222859
0.0222449
0.0329559
0.0328908
0.0470684
0.0464798
0.0599691
0.0589032
0.0461362
0.0460561
0.0585917
0.0585937
0.06759
0.0670576
0.0666585
0.0222789
0.0224581
0.0329515
0.0332349
0.0228239
0.0337988
0.046134
0.0464688
0.0585881
0.0589
0.0470438
0.0013803
0.00137979
0.00139102
0.00210685
0.00370294
0.00215645
0.00215522
0.00378626
0.00377797
0.00657322
0.0111798
0.00668968
0.00666797
0.0113491
0.0113016
0.0013867
0.00135468
0.00132055
0.00215034
0.00213195
0.00376961
0.00375467
0.00201638
0.003614
0.00665865
0.00665983
0.0112926
0.0113218
0.00651197
0.0111385
0.0179832
0.0273037
0.0182329
0.0181442
0.0276498
0.0274876
0.0391222
0.0521567
0.0395467
0.0392507
0.0527563
0.0524869
0.0612433
0.0627556
0.0629912
0.0181356
0.0182067
0.0274798
0.0276265
0.0179476
0.0272715
0.0392452
0.0395303
0.0524848
0.0527479
0.0390997
0.0521471
0.0629857
0.062748
0.0612333
0.00596612
0.00774673
0.0103867
0.0131734
0.0170407
0.0210868
0.0262917
0.031714
0.0382308
0.0451112
0.0518932
0.0586406
0.061733
0.0480474
0.0893903
0.0652013
0.0734028
0.069485
0.0712456
0.0170184
0.0210289
0.0263034
0.0316387
0.0382253
0.0450916
0.0518974
0.0586655
0.0712568
0.06946
0.0733853
0.0651955
0.061736
0.0894026
0.0480581
0.000960826
0.00133795
0.000940324
0.000938867
0.00231958
0.0042639
0.0511141
0.054665
0.0558515
0.00750812
0.0124767
0.000945249
0.000934594
0.00126378
0.00220486
0.00418775
0.00746251
0.0124806
0.0196807
0.0291423
0.0401497
0.051107
0.0558642
0.0547101
0.0541059
0.0196084
0.0291516
0.0401603
0.000921253
0.00162157
0.00139963
0.00118059
0.00133282
0.00127219
0.00130942
0.00187896
0.00238511
0.00334712
0.00437858
0.00601994
0.00782529
0.0104049
0.0132444
0.00130107
0.00129857
0.00131326
0.0012558
0.00128746
0.00150764
0.00113784
0.00184421
0.00215501
0.00327295
0.0042171
0.00162318
0.00145645
0.053865
0.0469694
0.04685
0.0596457
0.0595671
0.0598211
0.0680214
0.0677618
0.00149176
0.00165547
0.00164887
0.00260257
0.00255349
0.00473083
0.00471417
0.00489516
0.0084846
0.0084272
0.0143889
0.0144873
0.00852644
0.010242
0.00245779
0.00452233
0.00263987
0.00262087
0.00481242
0.00476726
0.00805007
0.0134485
0.00855467
0.00849269
0.0143357
0.0142791
0.0226648
0.0213458
0.0335779
0.031446
0.047053
0.0435449
0.0596964
0.0539417
0.0211019
0.0311887
0.0225672
0.022508
0.033465
0.0333804
0.0433938
0.0680486
0.0599093
0.00201663
0.00199043
0.00365135
0.00358289
0.00660624
0.00649711
0.0113442
0.0111831
0.00197683
0.0019418
0.00357103
0.00356654
0.00352313
0.00650493
0.00654847
0.0112275
0.0113514
0.00648274
0.0106286
0.0183209
0.0180616
0.0278584
0.0274078
0.039929
0.0391683
0.0531474
0.0524131
0.0625066
0.0628736
0.0181156
0.0184979
0.0274335
0.0279268
0.0391803
0.0399625
0.0524148
0.0531577
0.0628674
0.0624922
0.00112133
0.00113704
0.00100583
0.0010807
0.00143056
0.00173436
0.00102945
0.00107039
0.0642029
0.0693219
0.053097
0.0620434
0.0736599
0.0545212
0.0538607
0.00129211
0.00116886
0.00197626
0.00131793
0.00133178
0.0011438
0.00113335
0.00101292
0.00331532
0.00441684
0.00297421
0.0059529
0.00773581
0.0102564
0.0116249
0.0722221
0.0747068
0.0685654
0.0713162
0.071237
0.0686401
0.0746373
0.0722535
0.00113213
0.00113662
0.00100307
0.00205074
0.00199058
0.0041618
0.018449
0.00738705
0.0128076
0.0129342
0.00240472
0.00355491
0.00230042
0.004586
0.0065376
0.00438423
0.00839898
0.011397
0.00780761
0.014316
0.0186733
0.0130508
0.0232484
0.0290065
0.0212939
0.0350542
0.042196
0.0303961
0.049131
0.0575094
0.0423921
0.0644586
0.0694883
0.0526523
0.0228888
0.0288547
0.0204864
0.034464
0.0420237
0.030448
0.0490082
0.0575976
0.0418405
0.0544881
0.0621526
0.0736304
0.00804685
0.0134244
0.0085581
0.00850982
0.0142998
0.0142113
0.00162998
0.00156943
0.00152268
0.00263887
0.00258848
0.00481447
0.00451487
0.00155302
0.00852697
0.00805723
0.0142557
0.0145684
0.0210459
0.0311005
0.0224685
0.0223121
0.033308
0.033081
0.0432754
0.0537496
0.0467564
0.0464458
0.0594199
0.0591055
0.0600362
0.0679956
0.0671595
0.0222909
0.0224585
0.0330675
0.0334085
0.0233761
0.0341206
0.0463868
0.0466615
0.0588953
0.0590709
0.0471986
0.0600282
0.00149189
0.00165398
0.00164571
0.0024604
0.00452607
0.00264613
0.00263704
0.00482503
0.00480096
0.0672007
0.0675583
0.00202087
0.00200184
0.00365521
0.00359255
0.00660069
0.00648403
0.0113217
0.011132
0.00200737
0.00200506
0.00359209
0.00365661
0.00172292
0.00646858
0.00654212
0.0111155
0.0112391
0.0182884
0.0179942
0.0278371
0.0273665
0.0399375
0.0391746
0.053172
0.0524445
0.0625148
0.0628377
0.0180021
0.0181363
0.0274013
0.0276729
0.0182186
0.0277458
0.0391992
0.039573
0.0524395
0.0527617
0.0393153
0.0522505
0.0629759
0.0627034
0.0612272
0.00341091
0.00653925
0.00459841
0.00438695
0.00233075
0.00183857
0.0112479
0.00836978
0.00777697
0.0134835
0.0125217
0.02288
0.0204813
0.0288628
0.0344581
0.0304255
0.0420542
0.0489911
0.041845
0.0576328
0.0641798
0.0530351
0.0693441
0.0620038
0.0736911
0.0547297
0.0538227
0.0203598
0.029176
0.0406555
0.050794
0.00129268
0.00131828
0.00197737
0.00116956
0.00133276
0.0011446
0.00113414
0.00101379
0.00113587
0.00114026
0.00100631
0.00240689
0.00230115
0.00355694
0.00458869
0.00438472
0.00653889
0.0546157
0.0557606
0.00152103
0.00164575
0.0723121
0.0744475
0.0688639
0.0710043
0.0175446
0.0157574
0.0223192
0.02636
0.032483
0.0384336
0.0452288
0.0517449
0.05905
0.0714329
0.0692284
0.0736826
0.0651382
0.0618694
0.0895479
0.0480847
0.00839958
0.00780718
0.011396
0.0143117
0.0130466
0.0186727
0.00113779
0.00115231
0.00102113
0.00109789
0.00116615
0.00101904
0.00116156
0.00105819
)
;
    }
}


// ************************************************************************* //
