/*--------------------------------*- C++ -*----------------------------------*\
| =========                 |                                                 |
| \\      /  F ield         | OpenFOAM: The Open Source CFD Toolbox           |
|  \\    /   O peration     | Version:  2306                                  |
|   \\  /    A nd           | Website:  www.openfoam.com                      |
|    \\/     M anipulation  |                                                 |
\*---------------------------------------------------------------------------*/
FoamFile
{
    version     2.0;
    format      ascii;
    arch        "LSB;label=32;scalar=64";
    class       volScalarField;
    location    "1.7";
    object      gradTz;
}
// * * * * * * * * * * * * * * * * * * * * * * * * * * * * * * * * * * * * * //

dimensions      [0 -1 0 1 0 0 0];

internalField   nonuniform List<scalar> 
5712
(
7524.43
24704.2
5980.38
25326.4
4481.64
26163.5
7054.19
40236.4
8664.09
55296.5
8611.26
40331.8
8318.22
33506.8
8646.69
29957.1
5232.49
3257.26
13993.4
8329.17
5115.24
2764.14
15269.9
7585.47
5742.95
4190.22
18400.1
13014.9
4345.06
3155.39
18094.1
13209.8
10198.1
4326.77
8828.55
3948.14
4083.17
9543.81
35028
9475.76
12558.4
4220.44
45022.3
12196.5
11716.6
4012.47
25078.5
7771.04
12881.9
4479.17
21860.3
6940.28
6406.4
3176.75
9233.34
3613.08
6937.78
3746.21
8994.84
3469.05
8746.87
4996.07
7753.93
3387.51
11370
4100.52
3904.06
1367.54
12920.9
9016.26
7951.44
5842.62
14255.8
11749
7772.16
6727.28
7602.67
5190.27
10815.9
7317.21
5211.27
3844.25
2612.51
2149.66
4984.35
4305.83
2537.05
2455.12
5041.98
3335.33
2555.12
1650.05
6841.32
3733.48
5178.65
6201.35
9439.52
6725.07
7560.91
10661.8
4496.16
2139.71
3038.09
3535.6
2212.11
924.926
1300.56
1306.4
8570.35
15339.3
5790.1
17095.5
10006.3
14998.1
7102.5
17857.6
11315.9
13545.9
9106
17362.4
12976.2
15215.8
9993.94
9687
10539.8
15234.8
14349.9
14338.2
14830.7
21274.4
12393.2
9754.38
8595.56
9657.05
14976
17809.7
15950.2
20621.2
19899
16311
15155
20338.9
19461.8
14106.6
13800.5
19040.1
18725.2
11169.7
8823.6
10653.7
9370.67
11751
10645.2
12741.2
12345.8
17450.2
17990.5
10418.3
9119.16
10144.9
9930.31
10596
11424.8
11980.8
13639.4
15584.1
18234.6
8666.92
6818.95
5916.2
7483.35
11527.6
13949.8
7960.39
12529.4
5083.34
6628.04
7616.01
6304.2
1466.48
4950.32
728.938
1762.85
4052.22
8387.61
1468.07
2885.49
758.647
4245.27
393.337
1478.46
5030.38
5100.72
5722.76
3608.21
7993.87
6441.11
9398.35
6560.67
1236.76
2794.48
2847.94
1654.73
1563.66
2015.33
2199.74
1666.63
12760.2
7778.69
2461.59
14416
8308.53
2726.07
12246.8
7698.86
2610.41
14175.7
8316.16
2724.72
11265
7076.86
2332.95
13810.6
8346.06
2792.7
5872.5
3256.18
906.645
7656.17
5064.14
1754.09
9224.16
6360.56
2193.74
10724.1
6971.53
2319.96
13659.8
8558.64
2990.33
6910.83
3964.92
1284.67
7297.03
5270.55
1994.48
8741.96
6455.16
2379.79
10888.4
7655.7
2747.62
13830.2
8682.58
3091.05
297.873
2030.05
2870.45
4141.97
2239.88
2559.98
5612.6
5312.74
603.55
1021.46
644.252
1063.57
484.039
1406.02
865.88
1843.84
3213.43
1571.34
4071.31
2357.71
2153.43
3757.21
3417.08
862.257
6208.43
1458.67
-2031.88
606.946
1730.94
1245.57
1166.4
1027.87
9701.42
4352.52
2644.07
1611.3
9854.06
4519.08
3337.47
2043.53
9727.01
4855.38
4824.32
3327.11
3449.01
2445.09
1627.17
1553.84
12738.6
11299.2
5978.2
6192.04
13848.5
12977.8
6819.32
6863.15
5250.34
5391.43
10841.1
9022.33
3536.24
3706.75
1929.91
2222.1
4174.84
4148.53
2247.74
2423.77
3037.88
3289.51
1655.35
2084.32
4626.18
3169
4595.12
3182.74
7235.66
4171.89
6862.99
4408.89
2754.38
2285.59
2895.72
2047.3
1493.62
1407.95
1827.99
1193.01
11405.3
7743.55
5634.23
5598.82
11363.6
7968.23
5659.7
5573.91
11834.3
8366.99
5740.58
5436.21
13975
15244.7
12621.5
8349.58
4627.36
14450.6
13205.1
12120
9888.55
6212.3
13534.6
12101.3
9571.75
7275.72
4429.85
6394.48
5552.79
5873.1
6568.09
6661.18
5515.06
5963.26
6520.2
7059.69
5596.88
6074.64
6495.81
10900.7
7717.75
10015.6
6951.07
7766.74
6225.25
7147.78
6037.1
5671.68
6489.33
9065.3
7880.2
7905.36
6880.65
6647.69
5987.1
5754.58
5647.62
4448.28
6166.01
7064.61
4782.69
4687.65
2823.9
9342.81
7207.49
6478.34
5236.67
3772.77
2261.49
5480.21
4025.05
4710.38
2232.76
1696.32
972.624
5039.53
3658.56
1730.72
1437.57
4031.27
1788.24
1563.52
815.305
3067.25
2781.13
2618.44
3795.88
4275.11
3980.25
3329.92
4839.61
3130.88
1990.87
1914.51
2591.82
921.449
434.994
160.386
457.002
3806.02
1590.51
470.366
4325.31
1129.06
301.569
3894.84
1735.15
533.581
4343.68
1182.75
331.756
3717.05
1757.4
457.847
4313.59
1217.64
287.963
4809.33
2478.88
577.05
4223.13
2058.08
497.712
4023.5
1935.59
528.441
3884.31
1821.23
394.011
4338.84
1210.09
185.744
6026.95
3070.06
841.836
5295.55
2640.65
730.497
4704.22
2325.47
678.535
4345.04
1869.08
465.323
4715.47
1142.7
281.671
1668.32
591.708
125.836
-148.531
696.083
259.551
72.8429
-27.1009
1765.63
646.845
173.249
-85.9293
883.431
358.053
172.482
78.96
1891.36
716.351
257.087
13.9944
1502.89
679.699
250.321
51.6334
1133.38
614.589
191.02
-25.225
1040.08
655.896
356.509
198.885
1555.05
673.315
195.014
-147.161
1319.99
564.192
240.966
-140.12
1841.2
702.682
229.211
-92.3313
1655.58
634.493
252.77
-227.675
1237.48
616.549
230.568
-50.9452
1006.19
491.13
253.222
1.61638
900.162
531.777
298.658
173.42
684.77
406.843
260.335
145.183
2108.03
712.506
131.134
-299.136
2060.08
653.072
190.41
-403.757
2105.71
722.06
147.87
-285.519
1997.52
635.327
196.54
-392.311
2065.05
723.277
217.951
-194.641
1868.72
601.253
236.08
-315.373
1811.94
667.328
291.218
-3.70044
2050.42
672.194
325.983
-366.161
1609.36
593.542
287.301
-82.0738
1609.97
457.946
167.495
-266.882
635.732
166.013
44.8338
-52.501
1671.88
490.169
183.638
-253.766
666.137
180.034
56.1771
-40.6935
1715.65
526.789
221.999
-219.933
684.878
196.342
70.5357
-26.6955
1553.04
496.771
252.439
-169.474
669.946
203.241
95.5266
-1.69603
1426.55
493.259
267.634
-92.7598
605.337
214.429
127.841
31.518
985.74
390.01
185.066
-30.353
568.704
273.72
158.639
80.0709
1143.21
401.273
199.275
-70.0154
577.118
241.808
144.301
56.634
789.371
370.831
194.817
27.6526
503.972
282.072
168.294
102.845
551.036
329.23
213.477
125.362
413.153
274.349
181.898
131.223
-13.354
5.02099
4.9646
3.26149
2.34337
-1.99029
3.42251
2.76751
1.76402
1.25864
6.86922
15.0235
10.2379
6.27854
4.43715
19.9671
14.847
8.92492
5.31367
3.72709
28.1662
26.805
16.658
9.99859
7.0279
79.3754
50.0007
28.7099
16.8899
11.8141
93.8781
58.4638
33.5879
19.8008
13.8686
137.17
77.5485
43.2854
25.3229
17.711
48.6896
39.1916
23.5946
14.072
9.88826
52.5537
36.9413
21.669
12.8569
9.02383
33.3342
31.1083
18.9687
11.3231
7.94956
63.4217
38.6181
21.712
12.7113
8.87678
63.3614
46.5823
27.7239
16.5109
11.6013
70.8748
44.1942
25.3658
14.9708
10.4988
108.858
62.3761
34.9133
20.4449
14.3055
91.0539
51.4913
28.7752
16.8548
11.7984
-24.8634
2.37279
3.64669
2.49101
1.80342
-13.6801
0.643361
1.37413
0.94931
0.687818
-11.619
8.6483
6.88547
4.32742
3.07326
-8.89118
2.90957
2.53355
1.60342
1.13885
4.78278
15.7048
10.391
6.30046
4.43475
9.37463
10.464
6.30078
3.72006
2.59872
41.239
30.7274
17.8107
10.4458
7.28167
28.0382
19.6737
11.1386
6.48971
4.51339
78.1369
41.2615
22.3607
12.9001
8.96227
1851.48
4220.09
1889.76
4188.94
2087.69
4168.57
2480.07
4331.78
2571.46
4447.01
1066.78
1593.19
1714.49
2668.3
583.425
795.495
215.208
272.401
9549.38
2285.54
525.073
117.598
29.3113
2609.31
703.608
187.45
42.7315
9.32403
9419.16
2236.72
513.475
114.06
28.6431
2657.5
784.224
193.644
45.1292
11.2433
8961.59
2114.23
483.717
107.344
26.9952
2579.52
757.724
186.569
43.2602
10.8168
8167.33
1910.75
436.026
96.7127
24.3369
2501.07
719.207
174.82
40.1826
9.99553
6800.02
1583.41
361.656
80.3523
20.2519
2353.31
658.675
158.416
36.1936
8.97914
3185.31
775.885
180.36
40.3899
10.2032
1147.1
326.148
77.8754
17.4954
4.33228
4767.84
1144.96
264.036
58.8235
14.8313
1687.25
473.492
113.945
26.0199
6.49895
1864.42
457.722
106.913
24.0642
6.0924
644.493
190.439
45.2559
10.169
2.5425
644.526
157.366
36.8632
8.33019
2.11148
258.77
69.8721
15.4892
4.31865
0.856009
-13.1844
421.203
4669.06
-929.138
767.335
822.306
2398.86
3074.17
1943.52
3642.9
3077.83
4745.53
3723.78
4619.78
1930.34
2597.74
2050.15
2432.39
1065.4
1107.78
2318.27
1665.21
591.173
-337.624
-626.439
-747.408
-148.952
13367.5
3509.21
4517.18
3038.65
16.2117
146.224
3130.66
-1158.66
-572.772
-853.563
-456.105
7322.76
3940.21
1528.18
1195.23
3738.39
2150.74
729.328
1456.74
-1273.55
-670.243
825.347
685.604
8828.18
4321.86
5479.25
2922.89
4103.01
4674.8
1641.68
-700.349
1071.7
1615.92
1295.23
1091.15
953.106
700.22
1305.23
1037.83
799.563
553.722
234.084
517.071
426.403
320.272
201.373
69.4967
-301.496
-251.464
-187.515
-115.123
-38.7489
-559.29
-466.627
-348.402
-214.258
-72.1649
-668.272
-558.582
-417.913
-257.474
-86.8159
-129.042
-101.923
-69.874
-38.7419
-11.9829
9512.25
8013.05
6609.62
5794.33
5119.13
2995.91
2517.73
2234.35
1778.42
902.16
3422.1
2670.91
2163.2
1620.54
808.579
2292.7
1778.48
1472.15
1086.83
442.512
110.935
105.731
174.663
163.784
76.384
202.934
240.073
239.771
186.445
74.5535
2619.13
2140.32
1641.43
1110.3
443.966
-681.841
-317.463
-114.506
-12.0407
9.44485
-450.667
-314.764
-184.899
-84.2483
-20.5354
-587.776
-352.867
-172.914
-61.7282
-10.8582
-414.98
-345.917
-253.209
-150.95
-49.2183
5326.91
4683.2
3924.1
3475.59
3080.83
3007.94
2336.02
1875.59
1370.14
641.373
1374.75
1196.67
971.614
670.114
257.003
1039.67
871.154
680.881
453.833
168.53
3096.08
2468.3
1848.11
1203.78
454.565
1886.57
1578.06
1217.38
793.433
283.713
631.503
522.41
399.713
259.227
92.9953
1276.31
1057.35
799.998
507.642
176.968
-1102.72
-887.898
-639.859
-382.246
-126.397
-589.884
-481.283
-348.655
-207.517
-68.1332
727.631
613.532
478.651
315.612
114.388
607.367
514.22
401.716
263.957
94.7089
5643.58
4038.77
3368.31
2970.72
2476.68
3273.36
2512.65
1903.22
1323.58
580.249
3990.43
3207.23
2525.01
1894.77
893.425
2318.08
1862.95
1422.95
974.683
412.827
3468.25
2807.56
2114.58
1367.35
499.323
3523.02
2584.4
2030.11
1463.52
599.022
1425.37
1172.9
885.652
563.978
198.125
-621.905
-513.568
-377.523
-228.045
-75.7112
934.398
782.637
610.208
404.413
147.603
-29060.9
-47444.1
-24114.3
-38385.5
-25752.6
-53725.2
-30806.9
-68245.4
-18436.9
-12642
-20671.8
-12920.1
-16962.4
-10918.3
-20940
-11069.3
-24123.7
-18242.5
-35029.3
-25312.1
-20732.4
-16586.3
-29252.9
-22041
-16572.5
-16991
-13627
-13151.1
-16103.9
-15103.7
-40102.1
-11066.1
-15331.2
-5742.41
-48930.1
-13588.2
-13699.1
-5131.97
-29906.4
-9415.57
-15701.1
-6024.13
-26643.6
-8270.55
-12537.5
-5054.77
-15909.8
-5773.69
-11910.6
-5249.16
-13822.2
-5013.3
-12335.2
-6007.39
-11042.3
-4395
-14096.7
-4987.05
-4939.36
-1736.93
-10569.7
-7097.07
-9121.77
-5609.43
-9276.15
-7494.34
-7979.9
-5711.44
-9303.46
-5356.76
-10916.1
-6896.59
-6254.27
-3765.73
-3365.92
-2087.96
-5394.92
-3737.28
-2819.1
-2020.95
-6364.14
-3500.35
-3504.63
-1778.8
-8222.63
-4185
-5372.82
-6207.83
-10459.4
-7043.58
-7585.01
-10500.8
-5564.1
-2500.28
-3214.27
-3576.37
-2989.42
-1204.63
-1442.73
-1351.12
-12390.5
-15140.7
-7004.33
-17167.8
-12883
-14446.9
-8047.12
-17548.5
-13016.4
-13141.5
-9588.79
-16686.1
-8853.27
-7118.44
-9755.87
-10837.4
-10821.3
-9704.69
-11292.3
-13175.4
-14238.4
-20216.4
-6721.64
-7007.13
-7662.87
-9266.56
-14391.2
-14415.9
-10069.5
-18319.6
-14119.3
-13364.7
-9908.84
-18050.3
-14066.7
-11827
-9270.54
-16849.3
-13934.4
-7942.75
-6322.23
-8305.29
-6662.71
-9318.14
-7573.53
-10246.9
-8730.81
-15344.6
-14015.2
-7441.4
-6447.46
-7592.93
-6675.74
-8418.83
-7961.05
-10136.3
-10134.3
-14118.4
-14620
-6878.48
-5493.84
-5061.1
-6564.27
-8487.14
-11602.5
-6421.21
-10727.1
-4685.49
-6118.01
-6693.81
-5480.9
-974.051
-4332.56
-313.921
-1298.08
-3125.56
-7359.96
-738.585
-2090.5
-537.857
-3902.61
-197.632
-1215.26
-4830.67
-4792.01
-5560.64
-3377.01
-7480.04
-5834.88
-9002.56
-5957.63
-1131
-2599.9
-2746.76
-1515.78
-1469.98
-1863.6
-2115.32
-1555
-6120.58
-2105.29
-8290.08
-2826.49
-6257.68
-2198.93
-8487.54
-3044.46
-6212.92
-2166.22
-8981.45
-3457.16
-3736.87
-1061.85
-4707.11
-1799.07
-5360.99
-2075.46
-6481.15
-2448.46
-9490.66
-3772.25
-4726.18
-1451.22
-4398.64
-2149.55
-5345.09
-2518.35
-7182.97
-3122.2
-9871.44
-3729.05
-6381.27
-5964.95
-4882.48
-4765.47
-10731.6
-8205.08
-8766.12
-7254.42
-4250.53
-3612.93
-1750.37
-1235.72
-4023.22
-3817.65
-1634.03
-1675.48
-3129.58
-4746.03
-3679.21
-5122.85
-3829.82
-2612.98
-3425.06
-650.01
-7107.92
-1943.49
2495.23
261.888
-1059.61
-428.977
94.6161
504.167
-2386.93
-1608.37
-899.627
-510.12
-2562.59
-1712.84
-1380.8
-614.802
-2885.99
-2070.93
-1891.15
-896.614
-1323.39
-190.189
489.167
935.219
-5236.06
-5608.2
-4082.95
-3799.57
-7133.76
-7135.63
-5945.77
-4990.42
-2645.93
-2912.09
-3893.32
-4442.24
-2510.6
-2169.52
-1096.84
-996.034
-3848
-3025.05
-1972.6
-1557.3
-1423.76
-1555.26
-311.091
-641.203
-1707.25
-1141.84
-2409.45
-1659.89
-2606.32
-2001.32
-3682.27
-2698.41
-663.698
-383.917
-1206.8
-658.274
322.326
460.886
-347.771
130.983
-3409.79
-4198.15
-2779.02
-4030.12
-3386.36
-4223.79
-2842.95
-4022.09
-3608.65
-3957.11
-3010.46
-3827.04
-2989.46
-4993.93
-2480.32
-2069.26
-2103.62
-7432.95
-5196.29
-4614.78
-4589.29
-4437.81
-5976.93
-4932.99
-4059.6
-3640.9
-2694.34
-4885.07
-4811.04
-6136.77
-9454.43
-4670.75
-4359.85
-5898.84
-9025.59
-4366.16
-4111.42
-5455.34
-8345.17
-7174.21
-5487.31
-6335.67
-4774.88
-5368.36
-4205.79
-5262.57
-4733.59
-5083.66
-7708.23
-5808.6
-5449.92
-4803.61
-4758.21
-4158.13
-4315.87
-4085.68
-4769.37
-3500.01
-6677.01
-3939.11
-2795.28
-2733.39
-1046.37
-5798.3
-5053.15
-4509.62
-3359.8
-2037.94
-717.849
-3069.14
-2390.36
-3277.96
-1037.43
-509.732
58.0441
-3742.92
-2474.36
-718.04
-439.469
-2643.43
-710.022
-332.899
144.288
-1739.78
-1718.58
-1790.44
-3344.29
-2677.25
-2932.14
-2538.6
-4641.86
-1934.29
-1152.96
-1008.62
-2055.73
229.483
376.986
793.529
173.649
-3423.36
-998.462
-6311.34
-599.888
-3222.33
-1085.89
-6148.48
-624.594
-2519.41
-669.721
-5589.3
-465.825
-3030.53
-697.843
-2700.34
-638.803
-2798.77
-849.56
-2776.75
-517.725
-5256.26
-635.12
-4150.32
-838.78
-3680.72
-601.696
-3568.06
-692.203
-3770.05
-543.558
-5524.86
-658.796
-699.004
-159.176
117.897
321.934
-238.821
-44.7295
43.3902
98.7304
-693.634
-133.055
125.91
296.65
-173.236
13.1123
33.3877
44.4094
-714.927
-103.24
114.138
246.707
-48.9963
173.221
287.17
308.361
447.865
379.771
447.139
440.138
863.457
587.647
435.857
301.23
-332.392
71.8158
298.896
500.471
-263.666
122.759
222.489
490.69
-766.535
-90.2784
169.577
395.647
-584.075
21.7244
188.189
602.659
84.895
237.155
323.097
419.505
31.3599
213.327
229.282
348.129
496.781
396.628
316.033
237.009
347.37
308.924
238.179
215.873
-1092.44
-259.034
137.746
528.814
-1342.27
-296.265
8.87242
652.124
-1050.28
-228.429
151.859
539.216
-1292.47
-275.259
10.0591
645.909
-980.531
-181.499
104.619
455.308
-1177.69
-235.35
-22.1287
580.059
-656.117
-55.9186
86.4719
308.952
-1221.96
-206.965
-37.0009
716.742
-608.412
-5.42165
110.799
454.967
-1233.08
-223.309
-35.9822
451.238
-533.993
-84.8171
11.5222
112.041
-1154.41
-194.338
-21.1052
453.448
-508.915
-75.3148
13.2314
109.313
-994.468
-137.468
-18.3009
438.323
-435.117
-51.4124
23.3706
113.927
-819.924
-89.2827
-36.199
389.376
-357.651
-27.0785
19.7806
107.263
-604.953
-12.4899
5.83731
331.229
-186.825
28.6644
27.8961
103.029
-278.785
94.5637
154.516
318.666
77.9003
161.111
134.101
153.366
-500.574
12.7187
79.4084
323.015
-22.5078
101.548
80.688
128.366
-6.4251
184.511
197.07
288.42
180.976
209.911
172.257
164.257
269.435
263.371
204.815
204.517
290.489
248.448
182.211
151.156
69.6548
18.9171
7.02758
3.51224
2.34674
29.2126
9.01551
3.61382
1.86567
1.25931
79.9055
26.8053
11.8234
6.39521
4.381
44.8547
19.0015
9.39504
5.2923
3.66824
97.7634
37.3494
17.9071
9.99752
6.91407
113.883
54.9097
28.9312
16.6492
11.6085
127.351
63.8731
34.0909
19.6787
13.7283
141.148
78.0519
43.1758
25.1958
17.6226
117.285
48.9974
24.6246
13.9559
9.68212
99.3009
43.2618
22.1323
12.6006
8.7534
106.246
40.6474
19.9083
11.2123
7.77248
86.4885
40.0054
21.1615
12.1888
8.50485
125.851
56.3522
28.9627
16.5193
11.482
100.583
48.7158
25.7728
14.8268
10.3259
117.759
63.6027
34.9751
20.3781
14.2472
97.9962
52.6185
28.8578
16.7953
11.7367
76.6172
16.9894
5.71943
2.75085
1.81733
35.8322
6.94266
2.22995
1.06066
0.699434
81.558
21.571
8.60391
4.50217
3.0572
37.5781
8.57802
3.26663
1.69183
1.1471
83.2444
25.8893
11.6157
6.36851
4.38659
40.9947
13.7381
6.59975
3.72209
2.58549
91.227
35.9923
18.2046
10.4078
7.26146
53.6108
21.3722
11.0298
6.34629
4.43759
74.7837
39.0716
21.4455
12.5339
8.78801
-1919.73
-3647.52
-1980.88
-3658.78
-2168.23
-3693.69
-2391.03
-3799.68
-2320.67
-3822.39
-939.085
-1431.47
-1532.4
-2360.9
-477.559
-687.79
-119.547
-185.274
-9394.19
-2233.91
-511.001
-114.092
-28.3687
-2532.91
-686.012
-182.474
-41.4782
-9.0238
-9225.67
-2180.21
-498.923
-110.572
-27.7163
-2583.2
-764.74
-188.375
-43.7825
-10.882
-8711.84
-2051.96
-468.933
-103.96
-26.1201
-2500.68
-736.548
-181.058
-41.9047
-10.46
-7887.13
-1848.18
-422.088
-93.6447
-23.5646
-2401.54
-694.686
-168.983
-38.8303
-9.6529
-6561.28
-1532.17
-350.492
-77.9352
-19.6527
-2234.35
-632.337
-152.6
-34.9126
-8.66499
-3114.57
-758.068
-176.135
-39.4356
-9.96185
-1080.2
-309.437
-74.0844
-16.6704
-4.1317
-4630.74
-1112.75
-256.765
-57.2302
-14.4364
-1591.85
-452.001
-109.249
-25.0043
-6.25309
-1827.21
-448.138
-104.544
-23.5111
-5.94841
-597.696
-177.739
-42.1908
-9.47688
-2.36873
-620.972
-151.351
-35.3403
-7.96474
-2.01399
-221.821
-59.4554
-12.8519
-3.69856
-0.696871
-25.9941
-1285.4
-5800.55
694.078
-6731.72
-2966.49
-6526.93
-3028.58
-11946.2
-6378.81
-13377.1
-7084.78
-118.786
-440.628
-688.332
-810.826
-720.751
-250.963
-194.526
-692.938
-1051.61
-1169.06
-946.056
-301.691
-99.402
-104.256
-349.368
-349.989
-497.015
-492.583
-475.335
-456.498
-417.172
-414.65
-301.716
-295.07
856.817
2142.01
3476.17
2471.75
2255.94
1062.25
774.433
2177.87
3542.57
4123.94
3442.91
1546.51
-107.024
-90.3662
-68.3927
-42.5742
-14.4474
-397.532
-336.225
-254.93
-158.933
-53.9794
-620.911
-525.067
-398.054
-248.139
-84.2737
-731.144
-618.019
-468.32
-291.844
-99.0996
-649.966
-549.371
-416.2
-259.272
-88.0156
-228.921
-195.556
-149.14
-93.056
-31.5548
-175.125
-147.731
-111.71
-69.4947
-23.5752
-624.635
-527.794
-399.815
-249.096
-84.5746
-947.544
-800.269
-605.986
-377.46
-128.147
-1052.42
-887.983
-671.839
-418.256
-141.966
-850.865
-717.19
-542.151
-337.342
-114.481
-272.744
-231.042
-175.243
-109.165
-37.039
-89.6375
-75.7652
-57.4031
-35.7631
-12.1416
-94.0719
-79.5726
-60.3345
-37.613
-12.774
-315.363
-266.893
-202.484
-126.293
-42.904
-315.978
-267.469
-202.963
-126.613
-43.0163
-448.582
-379.58
-287.933
-179.569
-60.999
-444.528
-376.095
-285.248
-177.875
-60.4197
-429.063
-363.087
-275.416
-171.746
-58.3361
-411.722
-348.086
-263.805
-164.402
-55.8243
-376.658
-318.733
-241.656
-150.577
-51.1132
-373.481
-315.224
-238.463
-148.381
-50.3394
-273.273
-231.722
-175.647
-109.197
-36.9778
-265.701
-224.043
-169.181
-105.039
-35.5778
757.913
629.019
470.992
292.618
99.6065
1886.03
1560.41
1167.95
727.562
248.801
3022.63
2481.3
1856.79
1166.36
404.911
2133.73
1747
1310.91
827.872
288.571
1979.33
1625.52
1214.72
755.464
246.256
961.824
807.016
612.33
382.601
122.111
686.164
570.148
426.956
264.992
90.0846
1924.35
1595.98
1194.87
742.74
253.116
3109.11
2565.91
1918.69
1196.13
409.81
3593.42
2951.01
2204.93
1379.38
475.438
2999
2461.8
1840.3
1152.16
395.851
1361.5
1129.48
852.168
536.545
184.296
228.102
551.326
800.748
924.512
833.743
374.353
349.663
847.666
1201.52
1303.36
1051.03
374.652
184.077
175.203
433.656
421.759
578.175
562.525
547.444
514.625
489.376
428.895
431.284
340.369
-711.446
-1923.02
-3098.95
-1970.84
-1656.93
-413.858
-712.668
-2080.82
-3328.53
-3739.27
-2890.48
-888.617
206.196
174.821
132.891
83.0216
28.2299
498.01
421.85
320.368
199.994
67.9755
723.059
612.232
464.763
290.047
98.568
834.619
706.498
536.182
334.551
113.681
753.062
637.793
484.23
302.195
102.691
341.598
292.288
223.631
140.083
47.6375
315.936
267.722
203.409
127.032
43.1873
765.176
647.661
491.505
306.673
104.209
1083.9
916.761
695.255
433.601
147.307
1174.82
992.802
752.366
469.005
159.307
946.743
799.525
605.585
377.412
128.191
339.369
288.241
219.293
136.978
46.552
166.429
141.135
107.304
67.0453
22.7988
158.406
134.328
102.126
63.8074
21.6972
391.846
332.045
252.256
157.514
53.544
381.107
322.953
245.352
153.204
52.0788
522.308
442.468
336.044
209.784
71.303
508.096
430.353
326.785
203.975
69.3235
494.671
419.163
318.405
198.79
67.5675
464.68
393.425
298.624
186.338
63.3184
442.681
375.507
285.456
178.271
60.5932
387.182
327.702
248.633
155.082
52.6842
391.778
333.655
254.308
158.945
54.0086
307.681
260.719
197.927
123.442
41.9191
-625.479
-515.665
-384.006
-237.893
-80.939
-1686.89
-1390.3
-1037.75
-645.927
-221.05
-2677.05
-2183.29
-1626.61
-1021.15
-355.509
-1661.21
-1326.75
-975.596
-609.515
-212.043
-1407.58
-1112.72
-801.27
-482.225
-148.29
-340.873
-247.975
-159.683
-82.1127
-14.3417
-630.195
-522.551
-390.682
-242.308
-82.3747
-1836.74
-1521.82
-1138.66
-707.786
-241.292
-2913.8
-2398.35
-1789.85
-1115.03
-382.174
-3237.81
-2641.31
-1962.91
-1224.67
-422.083
-2483.57
-2008.67
-1482.5
-920.934
-315.283
-745.17
-585.248
-420.397
-256.245
-86.3363
-1499.64
-946.5
-297.433
586.69
883.943
1120.43
497.879
-11084.5
-1833.99
-3257.68
-1546.28
204.085
-3947.1
777.566
2379.15
1104.39
-6032.63
-2784.28
-555.48
-611.925
-3363.28
-1331.78
-306.377
-1043.01
2012.67
1225.11
-541.503
-218.41
-7854.28
-3625.63
-4371.64
-2124.32
-3510.96
-3454.12
-1126.66
1234.18
-452.116
-740.997
-477.043
-390.702
-454.54
-496.812
-591.924
-379.158
-251.834
-178.307
-92.9321
-247.796
-194.207
-140.752
-87.7714
-30.6276
530.865
450.319
342.17
213.541
72.5625
796.367
672.114
508.188
315.93
107.092
1009.42
852.056
644.497
400.891
135.95
452.881
385.036
291.703
180.632
60.8448
-7763.31
-6703.61
-5785.69
-5583.03
-5594.42
-1166.59
-748.539
-800.314
-877.113
-603.664
-2263.28
-1629.51
-1346.47
-1120.77
-665.39
-983.395
-628.877
-551.236
-474.324
-207.272
194.742
162.893
109.455
51.0934
9.37766
-3256.39
-2624.44
-1980.19
-1318.54
-520.497
705.03
590.89
436.623
261.659
84.6754
2059.79
1673.88
1230.52
754.352
254.813
989.708
827.817
619.03
380.671
127.779
-4113.79
-3683.37
-3205.17
-3126.43
-3156.15
-1899.46
-1336.38
-1083.51
-872.206
-484.417
-430.9
-341.7
-285.232
-226.429
-105.163
-489.273
-383.135
-295.275
-207.138
-84.4134
-2777.5
-2213.86
-1668.23
-1102.76
-426.21
-1109.83
-885.868
-667.393
-438.795
-161.064
-238.254
-177.874
-129.384
-86.3606
-33.6058
-893.809
-724.761
-541.316
-343.577
-120.906
1792.49
1494.07
1117.41
689.439
232.631
1103.63
929.414
699.319
431.795
145.406
-448.618
-357
-270.021
-179.337
-67.2928
-168.609
-126.517
-95.6546
-67.5734
-27.1649
-4729.54
-3217.64
-2712.06
-2567.78
-2401.27
-2610.27
-1915.51
-1421.2
-1006.96
-469.012
-2881.45
-2212.15
-1715.01
-1365.67
-691.23
-1559.52
-1181.57
-876.17
-618.989
-291.053
-2919.23
-2327.6
-1740.4
-1130.69
-419.239
-2381.48
-1554.49
-1219.01
-952.202
-428.068
-951.019
-761.847
-566.818
-362.213
-129.31
1113.58
939.929
709.21
439.169
148.243
-351.746
-267.145
-203.013
-143.235
-57.8715
1.73693
37.7923
83.8502
103.262
58.3551
-56.3601
-20615.4
-18208.6
-17302.1
-19714.5
-15123.5
-11984.3
-13577.3
-10314.4
-17938.1
-15772.2
-16533.3
-15589.8
-14520.7
-12384.8
-15278.8
-16998.9
-15204.8
-13927.6
-15700
-12793.2
-10837.1
-11390.7
-9137.28
-16121.7
-14377.4
-14861.3
-13583.5
-12883.2
-12025.6
-12452
-13380
-12270
-11039.3
-12074.6
-10657.1
-9160.47
-9524.28
-8178.45
-13523
-12347.3
-12593
-11548.8
-10966.4
-10139.3
-10482.8
-9370.06
-8819.77
-7799.93
-8271.46
-7918.95
-7107.27
-7083.08
-6474.55
-9779.8
-9899.97
-9230.59
-9331.9
-8241.59
-7456.01
-8292.99
-6002.32
-5739.01
-5022.97
-5241.87
-5310.97
-4812.45
-4678.62
-4321.68
-6486.04
-6497.86
-6197.59
-6083.28
-5648.12
-5107.27
-5536.6
-2162.45
-2086.03
-1817.75
-1882.57
-1963.37
-1834.72
-1715.31
-1599.32
-2456.66
-2460.11
-2301.37
-2203.62
-2122.73
-1948.63
-2089.84
-7749.62
-7633.35
-11639.6
-12551.4
-7279.4
-6459.97
-10206.8
-8295.66
-5996.19
-4394.35
-5955.2
-4371.16
-5973.01
-5724.47
-4456.34
-7707.49
-7312.5
-10359.5
-11298.4
-6788.29
-6141.98
-9009.81
-7753.74
-5952.11
-3821.54
-5851.29
-4054.93
-5343.25
-5145.96
-4456.25
-7014.03
-6684.93
-8773.57
-9409.77
-6281.63
-5841.11
-7849.69
-6942.35
-4893.46
-4102.67
-4883.84
-4353.22
-4560.75
-4575.45
-4544.98
-5632.98
-5423.02
-6561.37
-6893.03
-5151.05
-4815.02
-6073.2
-5539.78
-4650.27
-3651.52
-4576.63
-3916.96
-4282.91
-4262.32
-4031.29
-3870.83
-3750.04
-4329.68
-4495.42
-3489.02
-3228.82
-4079.13
-3744.45
-3242.66
-2790.38
-3173.98
-2954.64
-2973.62
-2928.78
-2848.61
-1437.53
-1394.4
-1580.57
-1633.04
-1291.8
-1187.23
-1498.45
-1380.23
-1057.33
-1018.72
-1129.86
-1118.9
-1098.42
-1070.43
-1036.99
7490.49
24195.3
5947.65
25324.4
4464.73
26165.6
7049.81
40244.9
8658.97
55308.6
8594.12
40328.2
8282.89
33488.9
8622.52
29309.8
5225.06
3255.51
13994.3
8329.32
5113.66
2763.94
15273.2
7586.67
5707.05
4161.92
18032.2
12771.7
4323.58
3146.4
18109.4
13228.3
10204.5
4319.87
8829.07
3945.71
4078.29
9552.06
35037.6
9477.09
12560.6
4220.48
45032.9
12198.8
11718.9
4013.14
25091.7
7773.44
12885.7
4479.77
21877.6
6943.41
6345.78
3147.03
9072.3
3552.43
6938.54
3746.82
9009.85
3474.74
8745.93
4996.28
7758.83
3389.86
11379.5
4104.09
3906.33
1368.43
12919.8
9015.55
7951.27
5842.42
14254.1
11747.7
7772.29
6727.1
7602.83
5190.25
10815.1
7316.92
5211.67
3844.27
2612.13
2149.47
4985.01
4305.96
2537.09
2455.11
5042.82
3335.41
2554.88
1649.85
6842.22
3734.06
5178.84
6201.66
9439.4
6725.4
7561.01
10662.2
4497.58
2140.32
3038.28
3535.81
2212.26
925.033
1300.45
1306.41
8521.76
15335.7
5755.44
17088.1
10008.5
14993.6
7106.08
17854.4
11316.1
13544.8
9106.86
17361.6
12975.2
15213.6
9993.49
9687.47
10540.6
15232.8
14348.6
14337.3
14830.3
21274.4
12391.6
9753.47
8595.16
9657.08
14976.5
17837.1
15993.6
20629.9
19880.2
16303.3
15149.3
20330.1
19456.4
14103.7
13796.7
19038.7
18723.2
11168.3
8822.53
10652.6
9369.55
11749.9
10643.8
12739.6
12343.8
17449.5
17989.4
10417.1
9118.1
10144.1
9929.27
10595.2
11423.8
11980.2
13638.5
15584.1
18234.1
8666.41
6818.69
5915.99
7483.3
11526.6
13949
7959.96
12529
5083.29
6628.14
7615.76
6304.11
1466.35
4950.31
728.846
1762.81
4052.09
8387.42
1468.07
2885.46
758.555
4245.33
393.222
1478.43
5030.49
5100.85
5722.99
3608.31
7993.88
6441.14
9398.63
6560.75
1236.76
2794.55
2848.05
1654.77
1563.65
2015.36
2199.79
1666.65
12791
7794.81
2471.41
14424.6
8319.72
2729.86
12242.8
7697.77
2610.34
14172.2
8314.35
2724.51
11262.3
7075.51
2332.63
13808.6
8344.63
2792.31
5871.69
3255.66
906.469
7655.17
5063.45
1753.87
9222.8
6359.65
2193.43
10722.3
6970.39
2319.61
13658.5
8557.55
2989.95
6909.98
3964.35
1284.46
7296.04
5269.8
1994.19
8740.85
6454.27
2379.45
10887.3
7654.74
2747.25
13829.3
8681.64
3090.66
303.435
2032.2
2885.18
4146.56
2242.32
2561.1
5620.82
5315.4
586.581
1009.15
625.014
1047.04
488.357
1405.52
870.31
1842.9
3225.93
1576.66
4076.06
2359.04
2157.14
3765.34
3421.92
866.27
6211.35
1460.73
-2019.54
615.541
1736.82
1250.9
1176.4
1035.84
9715
4349.9
2633.89
1604.36
9844.92
4518.78
3335.2
2043.31
9721.87
4854.3
4825.74
3326.74
3453.14
2445.62
1632.23
1555.66
12734.9
11297.1
5979.21
6192.11
13845.8
12975.9
6819.89
6863.14
5251.4
5391.42
10837.4
9020.52
3538.46
3707.35
1931.72
2222.71
4176.2
4148.91
2248.61
2424.08
3040.4
3290.11
1657.69
2085.02
4626.57
3168.99
4595.01
3182.63
7233.19
4171.14
6861.69
4408.28
2756.22
2286.15
2896.17
2047.54
1495.8
1408.99
1828.63
1193.47
11435.6
7747.67
5637.02
5599.05
11355.1
7967.44
5658.24
5573.63
11826.3
8363.45
5738.74
5434.9
13969.9
15241
12616.2
8345.93
4626.21
14447.6
13201
12115.5
9884.85
6210.81
13532.1
12098.4
9569.2
7273.85
4429.04
6392.06
5553.44
5869.2
6562.3
6659.34
5514.91
5960.92
6519.15
7057.53
5595.51
6073.67
6495.12
10898.7
7716.54
10013.1
6949.62
7764.26
6223.74
7145.59
6035.66
5670.56
6488.38
9063.67
7878.95
7903.35
6879.21
6645.77
5985.71
5753.04
5646.42
4447.43
6165.07
7062.96
4781.66
4687.11
2823.42
9341.34
7206.51
6477.82
5236.18
3772.32
2261.09
5478.82
4024.14
4710.36
2232.62
1696.59
972.734
5039.47
3658.39
1730.86
1437.62
4031.26
1788.14
1563.83
815.439
3066.91
2780.74
2618.21
3795.47
4274.13
3979.48
3329.4
4838.94
3130.87
1990.76
1914.54
2591.67
921.766
435.139
160.68
457.121
3808.22
1593.74
472.194
4328.96
1135.41
303.152
3893.8
1735.36
533.611
4341.83
1181.56
331.788
3716.17
1757.12
457.829
4312.86
1217.13
287.856
4808.55
2478.43
576.906
4222.3
2057.66
497.583
4022.64
1935.19
528.329
3883.43
1820.84
393.899
4338.17
1209.78
185.651
6026.09
3069.56
841.666
5294.63
2640.18
730.346
4703.32
2325.03
678.401
4344.23
1868.7
465.201
4714.81
1142.49
281.608
1661.87
588.163
123.884
-149.159
689.388
256.34
71.4877
-27.5793
1765.88
646.893
173.218
-86.0726
883.513
358.068
172.406
78.8344
1891.25
716.316
257.054
13.9093
1502.73
679.638
250.272
51.5435
1133.45
614.601
191.027
-25.243
1040.64
656.125
356.613
198.921
1555.04
673.328
195.026
-147.171
1320.01
564.223
240.986
-140.099
1841.01
702.632
229.193
-92.3667
1655.43
634.457
252.754
-227.678
1237.68
616.643
230.622
-50.9211
1006.35
491.223
253.276
1.65003
900.591
531.977
298.761
173.467
685.04
406.994
260.423
145.235
2107.24
711.617
129.797
-300.091
2062.25
653.608
189.99
-405.094
2105.22
721.819
147.788
-285.644
1997.06
635.14
196.541
-392.333
2064.63
723.118
217.894
-194.696
1868.26
601.089
236.04
-315.384
1811.59
667.187
291.141
-3.78234
2049.99
672.057
325.926
-366.176
1609.14
593.464
287.248
-82.1441
1614.81
459.691
167.962
-268.684
638.771
166.968
44.9738
-53.187
1669.64
489.444
183.439
-253.569
665.188
179.738
56.0603
-40.6031
1715.07
526.532
221.922
-219.931
684.578
196.214
70.4816
-26.6886
1552.66
496.618
252.376
-169.482
669.759
203.159
95.4842
-1.71495
1426.3
493.161
267.583
-92.7742
605.215
214.374
127.803
31.4896
985.728
390.03
185.079
-30.3399
568.712
273.728
158.636
80.0624
1143.08
401.243
199.259
-70.0171
577.055
241.777
144.273
56.6084
789.469
370.903
194.861
27.6858
504.061
282.129
168.324
102.862
551.225
329.351
213.551
125.414
413.308
274.452
181.96
131.265
-14.1117
4.58422
4.72965
3.12822
2.2523
-2.4624
3.1452
2.61522
1.67679
1.19851
6.86653
15.0277
10.2404
6.28034
4.43897
19.9624
14.8479
8.92508
5.31363
3.72721
28.1512
26.8009
16.655
9.99622
7.02617
79.3479
49.9853
28.6978
16.8808
11.8073
93.8682
58.4555
33.5802
19.7944
13.8633
137.186
77.5554
43.2877
25.3233
17.7109
48.6762
39.1832
23.5876
14.0663
9.88394
52.5444
36.9356
21.6644
12.8531
9.02079
33.3206
31.1029
18.9648
11.3203
7.94763
63.3961
38.6056
21.7031
12.7045
8.87159
63.3609
46.5794
27.7201
16.5072
11.5982
70.8762
44.1935
25.3642
14.969
10.4972
108.877
62.3848
34.9171
20.4465
14.3063
91.0726
51.5
28.7793
16.8568
11.7996
-25.3986
2.10331
3.5113
2.41621
1.7528
-13.9281
0.537326
1.32406
0.922159
0.669286
-11.6103
8.64397
6.88024
4.32386
3.07053
-8.87831
2.90605
2.52901
1.60015
1.13601
4.7697
15.698
10.3856
6.29641
4.43107
9.36458
10.4582
6.29619
3.71669
2.59575
41.2133
30.7164
17.8029
10.4402
7.2769
28.0184
19.6639
11.1313
6.48438
4.50871
78.0995
41.2455
22.3498
12.8921
8.95621
1819.1
4199.54
1888.79
4186.71
2087.12
4167.99
2479.7
4331.34
2571.29
4446.77
1066.77
1593.18
1714.44
2668.24
583.406
795.485
215.167
272.371
9558.7
2284.65
524.747
117.515
29.2902
2629.69
709.038
188.585
42.9792
9.39076
9414.13
2235.09
513.039
113.954
28.6146
2651.82
782.533
193.217
45.0204
11.2152
8961.63
2114.11
483.656
107.324
26.9888
2578.42
757.355
186.465
43.2342
10.8097
8167.26
1910.68
435.992
96.701
24.3329
2500.7
719.072
174.778
40.1711
9.99217
6800.09
1583.4
361.644
80.3474
20.25
2353.18
658.623
158.397
36.188
8.97737
3185.44
775.909
180.364
40.3903
10.2032
1147.11
326.144
77.8725
17.4943
4.33186
4767.97
1144.98
264.036
58.8225
14.8308
1687.21
473.476
113.938
26.0175
6.49813
1864.49
457.739
106.917
24.0647
6.09246
644.496
190.438
45.2546
10.1684
2.54228
644.549
157.371
36.8641
8.33033
2.11149
258.764
69.8694
15.4881
4.31836
0.855895
-5.13845
425.617
4677.22
-915.416
728.151
780.125
2401.9
3077.71
1951.95
3652.91
3080.31
4748.84
3723.26
4619.48
1931.77
2599.91
2048.79
2431.06
1003.42
1042.7
2318.24
1665.18
591.128
-337.612
-626.413
-747.375
-148.964
13366.7
3508.69
4516.76
3038.24
16.0543
146.109
3130.36
-1158.78
-572.837
-853.658
-456.102
7322.4
3939.91
1527.96
1195.1
3738.15
2150.57
729.27
1456.62
-1273.53
-670.241
825.244
685.517
8827.9
4321.7
5479.02
2922.76
4102.78
4674.51
1641.56
-700.336
1071.59
1615.91
1295.25
1091.18
953.117
700.204
1305.21
1037.83
799.571
553.731
234.088
517.029
426.366
320.242
201.352
69.4895
-301.486
-251.455
-187.508
-115.119
-38.7475
-559.267
-466.607
-348.387
-214.248
-72.1617
-668.242
-558.557
-417.894
-257.462
-86.8118
-129.054
-101.934
-69.8831
-38.7481
-11.9851
9511.25
8012.03
6608.66
5793.49
5118.48
2995.39
2517.23
2233.9
1778.08
902.004
3421.67
2670.5
2162.83
1620.26
808.453
2292.31
1778.13
1471.85
1086.61
442.421
110.799
105.611
174.563
163.712
76.3556
202.825
239.974
239.688
186.389
74.5329
2618.84
2140.05
1641.2
1110.13
443.899
-681.948
-317.56
-114.588
-12.099
9.42338
-450.729
-314.82
-184.946
-84.2806
-20.5473
-587.863
-352.945
-172.979
-61.7731
-10.8745
-414.977
-345.916
-253.208
-150.951
-49.2185
5326.48
4682.74
3923.66
3475.19
3080.48
3007.63
2335.73
1875.33
1369.95
641.287
1374.54
1196.47
971.449
670
256.96
1039.54
871.04
680.786
453.768
168.505
3095.84
2468.07
1847.92
1203.65
454.512
1886.41
1577.91
1217.26
793.35
283.683
631.448
522.361
399.673
259.201
92.9854
1276.21
1057.25
799.92
507.589
176.949
-1102.7
-887.882
-639.847
-382.239
-126.394
-589.883
-481.283
-348.656
-207.519
-68.1339
727.533
613.443
478.577
315.561
114.37
607.285
514.145
401.655
263.916
94.694
5643.27
4038.48
3368.03
2970.45
2476.45
3273.21
2512.51
1903.11
1323.49
580.207
3990.2
3207.01
2524.81
1894.61
893.347
2317.95
1862.84
1422.85
974.611
412.795
3468.03
2807.36
2114.41
1367.24
499.278
3522.73
2584.13
2029.87
1463.34
598.946
1425.25
1172.8
885.565
563.92
198.104
-621.893
-513.559
-377.517
-228.041
-75.7102
934.294
782.542
610.129
404.359
147.583
-29163.6
-47145.5
-24069.2
-38436.3
-25699.2
-53779.6
-30981
-67981.3
-18422.8
-12636.8
-20691.6
-12923.4
-16950
-10914.4
-20958.2
-11071.4
-24182.1
-18280.4
-34785.3
-25135.3
-20696
-16562.6
-29293.4
-22070.1
-16587.5
-16978.4
-13630.2
-13144.1
-16091.8
-15118.1
-40138.2
-11074.6
-15339.1
-5746.52
-48960
-13595.5
-13703.9
-5134.47
-29936.2
-9423.75
-15710.9
-6029.04
-26675.5
-8277.79
-12544.5
-5042.44
-15793.8
-5726.4
-11904.6
-5248.06
-13840.5
-5020.08
-12329.5
-6006.31
-11048.8
-4397.83
-14111.5
-4992.13
-4943.89
-1738.52
-10567
-7095.84
-9122.32
-5609.46
-9273.8
-7492.99
-7979.98
-5711.19
-9304.37
-5356.98
-10913.5
-6895.7
-6256.83
-3766.39
-3367.46
-2088.41
-5396.45
-3737.59
-2819.84
-2021.08
-6367.19
-3501.08
-3506.48
-1779.3
-8223.8
-4185.68
-5373.15
-6208.26
-10457.7
-7043.52
-7584.65
-10501.2
-5566.92
-2501.32
-3214.91
-3576.76
-2990.96
-1205.2
-1443.12
-1351.32
-12397
-15151
-6986.57
-17182.2
-12878.3
-14441.9
-8049.37
-17545.7
-13011.5
-13139.1
-9588.5
-16685.7
-8850.48
-7116.1
-9752.96
-10835.5
-10821.6
-9701.69
-11288.8
-13172
-14236.3
-20216.6
-6719.97
-7005.41
-7661.5
-9265.89
-14391.7
-14434.9
-10091.2
-18357.2
-14110.4
-13362.6
-9902.98
-18044.1
-14064.4
-11825.6
-9269.01
-16848.8
-13933.8
-7940.56
-6320.98
-8302.72
-6661.28
-9315.96
-7572.23
-10245.4
-8729.76
-15344.5
-14015
-7439.96
-6446.33
-7591.38
-6674.51
-8417.59
-7960.04
-10135.6
-10133.7
-14118.7
-14620.1
-6877.51
-5493.43
-5060.83
-6564.2
-8486.01
-11601.6
-6420.72
-10726.6
-4685.43
-6118.14
-6693.18
-5480.71
-974.117
-4332.63
-314.073
-1298.17
-3125.44
-7359.75
-738.586
-2090.46
-537.996
-3902.81
-197.832
-1215.41
-4830.82
-4792.2
-5560.98
-3377.21
-7479.87
-5834.92
-9002.93
-5957.83
-1131.19
-2600.1
-2747.02
-1515.93
-1470.23
-1863.79
-2115.54
-1555.15
-6130.27
-2106.88
-8287.7
-2826.15
-6255.83
-2198.3
-8486.3
-3043.61
-6211.99
-2165.93
-8980.9
-3456.85
-3736.26
-1061.67
-4706.42
-1798.86
-5360.3
-2075.24
-6480.48
-2448.23
-9490.42
-3772.11
-4725.48
-1450.97
-4397.87
-2149.27
-5344.42
-2518.11
-7182.53
-3122.03
-9871.35
-3728.96
-6379.59
-5963.42
-4879.6
-4764.31
-10726.3
-8202.56
-8766.92
-7254.32
-4246.56
-3609.68
-1744.4
-1231.14
-4024.55
-3815.81
-1632.41
-1671.14
-3127.08
-4745.74
-3677.86
-5122.09
-3829.8
-2610.21
-3424.1
-647.943
-7108.97
-1943.55
2497.75
266.517
-1057.77
-425.652
98.0241
509.089
-2384.8
-1610.89
-898.859
-511.811
-2561.46
-1713.71
-1377.75
-614.618
-2885.85
-2071.07
-1888.46
-895.096
-1319.89
-188.009
493.305
937.498
-5234.93
-5607.15
-4082.02
-3798.8
-7132.08
-7134.36
-5945.25
-4989.86
-2644.85
-2911.25
-3892.6
-4441.39
-2509.69
-2168.88
-1095.45
-995.289
-3848.17
-3024.83
-1972.24
-1556.97
-1422.28
-1554.41
-309.102
-640.277
-1706.13
-1141.05
-2408.65
-1659.28
-2605.96
-2001.05
-3681.58
-2697.93
-661.965
-382.727
-1205.94
-657.631
324.422
462.145
-346.88
131.595
-3408.13
-4199.13
-2778.13
-4022.05
-3388.98
-4227.81
-2843.98
-4024
-3609.42
-3957.53
-3010.88
-3827.58
-2988.5
-4992.29
-2479.82
-2069.13
-2103.52
-7430.81
-5195.03
-4614.17
-4589.15
-4437.88
-5975.56
-4931.96
-4058.88
-3640.38
-2694
-4883.79
-4804.15
-6112.45
-9431.46
-4670
-4363.68
-5897.33
-9024.91
-4366.12
-4110.97
-5455.94
-8345.59
-7172.58
-5486.33
-6334.62
-4774.18
-5367.83
-4205.33
-5262.39
-4733.27
-5083.77
-7708.22
-5807.51
-5449.04
-4802.86
-4757.58
-4157.66
-4315.43
-4085.4
-4769.08
-3499.85
-6676.79
-3938.46
-2794.84
-2732.89
-1046.05
-5797.38
-5052.51
-4509.08
-3359.39
-2037.49
-717.577
-3068.69
-2390.04
-3277.46
-1037.14
-509.371
58.2549
-3742.59
-2474.1
-717.846
-439.321
-2642.87
-709.741
-332.456
144.515
-1739.39
-1718.29
-1790.1
-3343.95
-2676.93
-2931.87
-2538.36
-4641.57
-1933.78
-1152.67
-1008.22
-2055.41
229.879
377.184
793.82
173.839
-3422.15
-1001.6
-6308.28
-601.877
-3218.59
-1084.38
-6143.85
-621.669
-2518.38
-669.136
-5588.95
-465.304
-3030.03
-697.693
-2699.94
-638.67
-2798.4
-849.397
-2776.31
-517.474
-5256.12
-634.985
-4149.75
-838.589
-3680.29
-601.553
-3567.73
-692.084
-3769.78
-543.45
-5524.67
-658.75
-700.013
-160.847
116.271
319.916
-238.711
-45.5889
42.0839
97.4014
-693.979
-133.104
126.021
296.937
-173.2
13.2009
33.56
44.6246
-714.874
-103.141
114.254
246.894
-48.2712
173.602
287.403
308.552
448.83
380.236
447.374
440.272
864.4
588.082
436.073
301.348
-331.942
72.0692
299.056
500.596
-263.298
122.982
222.63
490.783
-766.299
-90.1162
169.694
395.775
-583.765
21.9269
188.327
602.773
85.49
237.458
323.259
419.604
31.7429
213.547
229.418
348.215
497.363
396.91
316.185
237.101
347.719
309.12
238.298
215.95
-1094
-260.431
137.485
528.567
-1344.71
-297.557
8.60106
653.197
-1050.31
-228.418
151.833
539.366
-1292.21
-275.167
9.95788
645.906
-980.456
-181.409
104.667
455.418
-1177.58
-235.275
-22.1422
580.09
-655.875
-55.7401
86.5929
309.101
-1221.83
-206.858
-36.9455
716.824
-608.151
-5.24108
110.938
455.134
-1235.67
-224.536
-36.4847
453.417
-535.966
-85.422
11.5776
112.985
-1152.48
-193.903
-21.1181
453.089
-508.041
-75.138
13.2813
109.148
-994.07
-137.28
-18.2929
438.302
-434.901
-51.3203
23.3943
113.892
-819.72
-89.1457
-36.15
389.405
-357.534
-27.0058
19.8143
107.277
-604.748
-12.3408
5.92495
331.291
-186.713
28.7474
27.9524
103.073
-278.551
94.7145
154.618
318.745
78.0901
161.25
134.199
153.445
-500.39
12.8437
79.4956
323.085
-22.3568
101.662
80.7695
128.433
-6.16152
184.676
197.178
288.498
181.184
210.058
172.356
164.333
269.683
263.526
204.913
204.586
290.687
248.584
182.298
151.219
68.9634
18.5421
6.80941
3.38039
2.25234
28.72
8.75764
3.46925
1.77961
1.19829
79.9633
26.8318
11.8386
6.40399
4.38662
44.8985
19.0225
9.40761
5.29996
3.6735
97.8243
37.3779
17.9244
10.0086
6.92199
113.949
54.9469
28.957
16.6669
11.6216
127.406
63.9057
34.1129
19.6939
13.74
141.202
78.0805
43.1932
25.2072
17.6312
117.343
49.0286
24.6446
13.9696
9.69217
99.3535
43.2888
22.1486
12.6115
8.76152
106.297
40.6728
19.9239
11.2224
7.77958
86.5512
40.0371
21.1817
12.2026
8.51512
125.904
56.3812
28.9809
16.5315
11.4913
100.631
48.7406
25.7874
14.8363
10.333
117.803
63.6257
34.9884
20.3866
14.2536
98.0336
52.6375
28.8684
16.8018
11.7415
76.4158
16.824
5.60691
2.67971
1.76568
35.8497
6.90059
2.19384
1.03681
0.682195
81.5407
21.5777
8.61211
4.50777
3.06143
37.545
8.5768
3.26974
1.69444
1.14952
83.278
25.908
11.6285
6.37719
4.39362
41.0111
13.7487
6.60787
3.72776
2.59015
91.2831
36.02
18.2227
10.42
7.27099
53.6452
21.3913
11.0434
6.35564
4.44519
74.8545
39.1062
21.4681
12.5493
8.79946
-1898.98
-3634.5
-1980.19
-3657.23
-2168.02
-3693.49
-2390.93
-3799.56
-2320.68
-3822.38
-939.173
-1431.56
-1532.47
-2360.96
-477.646
-687.868
-119.616
-185.332
-9407.81
-2233.55
-510.745
-114.018
-28.349
-2553.7
-691.441
-183.6
-41.7213
-9.08863
-9221.94
-2178.83
-498.534
-110.475
-27.6898
-2578.12
-763.174
-187.974
-43.6792
-10.8552
-8712.66
-2052.01
-468.906
-103.947
-26.1151
-2499.96
-736.266
-180.972
-41.8821
-10.4537
-7887.51
-1848.23
-422.079
-93.6383
-23.5618
-2401.41
-694.616
-168.955
-38.8216
-9.65015
-6561.58
-1532.22
-350.496
-77.9338
-19.6517
-2234.37
-632.329
-152.592
-34.9092
-8.66373
-3114.75
-758.108
-176.143
-39.437
-9.96205
-1080.25
-309.449
-74.0857
-16.6702
-4.13153
-4630.98
-1112.8
-256.773
-57.2312
-14.4363
-1591.9
-452.01
-109.248
-25.0033
-6.25262
-1827.33
-448.164
-104.55
-23.5121
-5.94861
-597.737
-177.748
-42.1924
-9.47703
-2.3687
-621.017
-151.362
-35.3426
-7.96522
-2.0141
-221.848
-59.462
-12.8532
-3.69886
-0.696916
-22.8689
-1286.44
-5805.29
695.491
-6741.68
-2964.63
-6525.98
-3026.84
-11935.2
-6370.72
-13418.4
-7088.84
-118.774
-440.595
-688.284
-810.772
-720.704
-250.947
-194.507
-692.887
-1051.54
-1168.98
-945.995
-301.672
-99.3918
-104.246
-349.342
-349.963
-496.98
-492.549
-475.303
-456.468
-417.145
-414.624
-301.699
-295.054
856.764
2141.88
3475.97
2471.63
2255.85
1062.23
774.388
2177.74
3542.38
4123.73
3442.75
1546.46
-107.013
-90.3566
-68.3853
-42.5695
-14.4458
-397.502
-336.2
-254.911
-158.921
-53.9753
-620.867
-525.03
-398.026
-248.121
-84.2676
-731.095
-617.977
-468.288
-291.824
-99.0926
-649.923
-549.335
-416.172
-259.255
-88.0096
-228.908
-195.544
-149.132
-93.0508
-31.553
-175.108
-147.716
-111.699
-69.4876
-23.5728
-624.589
-527.755
-399.785
-249.077
-84.5682
-947.479
-800.214
-605.943
-377.433
-128.138
-1052.35
-887.924
-671.793
-418.227
-141.956
-850.81
-717.143
-542.114
-337.319
-114.473
-272.726
-231.027
-175.231
-109.158
-37.0366
-89.6283
-75.7573
-57.3971
-35.7593
-12.1403
-94.0629
-79.5649
-60.3286
-37.6093
-12.7727
-315.339
-266.872
-202.468
-126.284
-42.9007
-315.955
-267.449
-202.948
-126.603
-43.013
-448.55
-379.553
-287.912
-179.556
-60.9946
-444.498
-376.069
-285.228
-177.862
-60.4154
-429.033
-363.062
-275.397
-171.734
-58.332
-411.694
-348.063
-263.787
-164.39
-55.8204
-376.633
-318.712
-241.641
-150.567
-51.1099
-373.458
-315.204
-238.448
-148.371
-50.3361
-273.258
-231.71
-175.638
-109.191
-36.9759
-265.686
-224.03
-169.171
-105.033
-35.5757
757.864
628.975
470.958
292.595
99.5988
1885.91
1560.31
1167.86
727.508
248.782
3022.45
2481.14
1856.66
1166.28
404.88
2133.61
1746.9
1310.84
827.823
288.554
1979.25
1625.46
1214.67
755.436
246.248
961.811
807.013
612.335
382.609
122.116
686.122
570.111
426.927
264.973
90.0781
1924.23
1595.88
1194.79
742.688
253.098
3108.93
2565.75
1918.56
1196.05
409.782
3593.23
2950.84
2204.8
1379.29
475.406
2998.85
2461.67
1840.2
1152.09
395.829
1361.46
1129.45
852.147
536.533
184.293
228.092
551.295
800.702
924.46
833.697
374.336
349.648
847.619
1201.46
1303.29
1050.97
374.633
184.068
175.195
433.632
421.735
578.142
562.492
547.413
514.596
489.35
428.872
431.266
340.353
-711.399
-1922.9
-3098.76
-1970.71
-1656.81
-413.801
-712.625
-2080.7
-3328.34
-3739.05
-2890.3
-888.537
206.187
174.814
132.885
83.0181
28.2287
497.982
421.826
320.35
199.982
67.9717
723.018
612.196
464.736
290.03
98.5623
834.571
706.457
536.151
334.532
113.675
753.021
637.758
484.204
302.178
102.685
341.583
292.275
223.622
140.077
47.6356
315.923
267.711
203.4
127.027
43.1854
765.133
647.625
491.478
306.656
104.203
1083.83
916.709
695.215
433.575
147.299
1174.75
992.745
752.323
468.978
159.298
946.69
799.479
605.55
377.39
128.183
339.352
288.226
219.282
136.971
46.5497
166.422
141.128
107.299
67.0423
22.7977
158.398
134.322
102.121
63.8044
21.6962
391.824
332.027
252.242
157.505
53.541
381.085
322.934
245.338
153.195
52.0758
522.278
442.442
336.025
209.772
71.2988
508.067
430.328
326.766
203.963
69.3194
494.643
419.139
318.387
198.778
67.5636
464.654
393.403
298.607
186.327
63.3147
442.658
375.488
285.441
178.261
60.5901
387.162
327.684
248.62
155.074
52.6814
391.761
333.641
254.297
158.938
54.0065
307.667
260.707
197.918
123.436
41.9172
-625.436
-515.627
-383.976
-237.874
-80.9322
-1686.78
-1390.21
-1037.68
-645.878
-221.033
-2676.88
-2183.14
-1626.49
-1021.07
-355.48
-1661.08
-1326.64
-975.501
-609.45
-212.019
-1407.46
-1112.61
-801.175
-482.16
-148.267
-340.811
-247.911
-159.624
-82.0706
-14.3265
-630.156
-522.517
-390.656
-242.291
-82.3688
-1836.63
-1521.72
-1138.58
-707.738
-241.276
-2913.62
-2398.19
-1789.72
-1114.95
-382.146
-3237.6
-2641.13
-1962.76
-1224.57
-422.049
-2483.4
-2008.52
-1482.37
-920.848
-315.253
-745.09
-585.172
-420.332
-256.199
-86.3199
-1499.57
-946.429
-297.4
586.672
883.907
1120.38
497.876
-11083.7
-1833.66
-3257.37
-1546.15
204.123
-3946.91
777.564
2379.1
1104.36
-6032.28
-2784.04
-555.357
-611.845
-3363.09
-1331.65
-306.331
-1042.92
2012.6
1225.08
-541.447
-218.363
-7853.96
-3625.44
-4371.41
-2124.18
-3510.75
-3453.87
-1126.57
1234.14
-452.044
-740.877
-476.896
-390.548
-454.399
-496.72
-591.836
-379.061
-251.741
-178.232
-92.8989
-247.765
-194.179
-140.73
-87.7566
-30.6223
530.849
450.306
342.16
213.535
72.5606
796.335
672.087
508.167
315.917
107.088
1009.38
852.021
644.471
400.874
135.944
452.879
385.035
291.703
180.632
60.8451
-7762.63
-6703.04
-5785.25
-5582.67
-5594.15
-1166.32
-748.33
-800.153
-877
-603.615
-2263.03
-1629.31
-1346.31
-1120.66
-665.342
-983.284
-628.793
-551.17
-474.278
-207.255
194.777
162.923
109.479
51.1096
9.38363
-3256.23
-2624.3
-1980.08
-1318.47
-520.469
705.028
590.889
436.622
261.659
84.6758
2059.75
1673.85
1230.49
754.335
254.808
989.678
827.792
619.011
380.659
127.776
-4113.45
-3683.05
-3204.89
-3126.18
-3155.95
-1899.25
-1336.21
-1083.36
-872.102
-484.371
-430.788
-341.603
-285.155
-226.378
-105.144
-489.199
-383.07
-295.223
-207.103
-84.4006
-2777.33
-2213.71
-1668.11
-1102.68
-426.18
-1109.71
-885.755
-667.301
-438.732
-161.041
-238.211
-177.835
-129.351
-86.3385
-33.5977
-893.731
-724.692
-541.261
-343.541
-120.894
1792.43
1494.02
1117.38
689.417
232.624
1103.6
929.39
699.301
431.785
145.403
-448.567
-356.956
-269.987
-179.314
-67.2845
-168.565
-126.479
-95.6238
-67.5529
-27.1576
-4729.21
-3217.33
-2711.77
-2567.52
-2401.06
-2610.08
-1915.33
-1421.05
-1006.84
-468.957
-2881.21
-2211.92
-1714.8
-1365.5
-691.145
-1559.38
-1181.43
-876.053
-618.902
-291.016
-2919.03
-2327.42
-1740.26
-1130.59
-419.201
-2381.25
-1554.3
-1218.85
-952.081
-428.019
-950.931
-761.769
-566.756
-362.171
-129.295
1113.55
939.901
709.189
439.156
148.239
-351.678
-267.084
-202.964
-143.202
-57.8592
1.73766
37.7925
83.8497
103.261
58.3543
-56.3606
-20698
-18186
-17279.8
-19807.4
-15112.2
-11978.5
-13567.7
-10310.1
-17994.2
-15813.9
-16512.8
-15573.8
-14510.5
-12378.2
-15269.6
-17069.5
-15191.8
-13915.6
-15771.4
-12785
-10832.2
-11383.7
-9133.49
-16163
-14399.6
-14850.6
-13576.1
-12876.4
-12020.5
-12447.7
-13427.3
-12264.1
-11034.2
-12119.7
-10652.2
-9157.1
-9520.07
-8175.68
-13556.7
-12363.1
-12589.4
-11549.5
-10963
-10136.3
-10481
-9394.61
-8818.39
-7798.86
-8293.3
-7917.1
-7105.59
-7081.43
-6473.07
-9801.79
-9901.57
-9229.88
-9326.49
-8240.27
-7454.63
-8292.18
-6014.24
-5738.77
-5022.84
-5252.2
-5310.3
-4811.71
-4678.02
-4320.99
-6499.51
-6497.17
-6197.5
-6083.05
-5647.53
-5106.61
-5536
-2165.99
-2086.01
-1817.76
-1885.65
-1963.2
-1834.51
-1715.16
-1599.11
-2467.27
-2464.99
-2301.34
-2203.42
-2122.54
-1948.43
-2089.61
-7768.63
-7633.57
-11633.5
-12593.5
-7277.97
-6458.43
-10202.1
-8292.82
-6002.43
-4395.07
-5957.95
-4373.99
-5973.01
-5723.81
-4457.01
-7724.93
-7311.76
-10354.9
-11338.4
-6786.85
-6140.53
-9005.96
-7751.15
-5966.44
-3823.71
-5851.96
-4058.62
-5343.02
-5145.32
-4456.44
-7028.91
-6684.37
-8771.32
-9438.4
-6280.53
-5839.92
-7847.19
-6940.4
-4901.67
-4110.56
-4883.7
-4353.6
-4560.39
-4574.87
-4544.83
-5642.88
-5422.84
-6560.88
-6908.68
-5150.43
-4814.27
-6072.09
-5538.66
-4655.46
-3664.1
-4576.35
-3921.46
-4282.51
-4261.84
-4030.82
-3876.55
-3749.93
-4329.64
-4503.33
-3488.66
-3228.39
-4078.68
-3743.89
-3244.97
-2802.83
-3173.49
-2953.34
-2973.18
-2928.39
-2847.93
-1439.5
-1394.32
-1580.57
-1635.53
-1291.66
-1187.08
-1498.32
-1380.06
-1056.91
-1022.62
-1129.46
-1117.91
-1098.17
-1070.25
-1036.56
)
;

boundaryField
{
    patch1
    {
        type            calculated;
        value           nonuniform List<scalar> 
2440
(
0
0
4674.8
1641.68
-700.349
1071.7
-3454.12
-1126.66
1234.18
-452.116
0
0
4674.51
1641.56
-700.336
1071.59
-3453.87
-1126.57
1234.14
-452.044
0
0
0
0
0
0
0
0
-1036.15
0
0
0
0
0
0
0
0
2318.27
1665.21
591.173
-337.624
-626.439
-747.408
-148.952
13367.5
3509.21
4517.18
3038.65
16.2117
146.224
3130.66
-1158.66
-572.772
-853.563
-456.105
7322.76
3940.21
1528.18
1195.23
3738.39
2150.74
729.328
1456.74
-1273.55
-670.243
825.347
685.604
8828.18
4321.86
5479.25
2922.89
4103.01
188.469
-99.402
-104.256
-349.368
-349.989
-497.015
-492.583
-475.335
-456.498
-417.172
-414.65
-301.716
-295.07
184.077
175.203
433.656
421.759
578.175
562.525
547.444
514.625
489.376
428.895
431.284
340.369
-1499.64
-946.5
-297.433
586.69
883.943
1120.43
497.879
-11084.5
-1833.99
-3257.68
-1546.28
204.085
-3947.1
777.566
2379.15
1104.39
-6032.63
-2784.28
-555.48
-611.925
-3363.28
-1331.78
-306.377
-1043.01
2012.67
1225.11
-541.503
-218.41
-7854.28
-3625.63
-4371.64
-2124.32
-3510.96
0
0
0
0
0
0
0
0
-1031.68
0
0
0
0
0
0
0
0
2318.24
1665.18
591.128
-337.612
-626.413
-747.375
-148.964
13366.7
3508.69
4516.76
3038.24
16.0543
146.109
3130.36
-1158.78
-572.837
-853.658
-456.102
7322.4
3939.91
1527.96
1195.1
3738.15
2150.57
729.27
1456.62
-1273.53
-670.241
825.244
685.517
8827.9
4321.7
5479.02
2922.76
4102.78
187.358
-99.3918
-104.246
-349.342
-349.963
-496.98
-492.549
-475.303
-456.468
-417.145
-414.624
-301.699
-295.054
184.068
175.195
433.632
421.735
578.142
562.492
547.413
514.596
489.35
428.872
431.266
340.353
-1499.57
-946.429
-297.4
586.672
883.907
1120.38
497.876
-11083.7
-1833.66
-3257.37
-1546.15
204.123
-3946.91
777.564
2379.1
1104.36
-6032.28
-2784.04
-555.357
-611.845
-3363.09
-1331.65
-306.331
-1042.92
2012.6
1225.08
-541.447
-218.363
-7853.96
-3625.44
-4371.41
-2124.18
-3510.75
0
0
4.51339
8.96227
4.43759
8.78801
-56.3601
0
0
0
0
0
0
4.50871
8.95621
4.44519
8.79946
-56.3606
0
0
0
0
0
1873.2
1823.75
1868.99
2477.42
276.269
184.914
197.199
119.394
1366.02
869.612
3158.46
3569.56
-75.4799
-46.8654
924.637
941.455
0
0
0
0
0
0
0
0
0
0
0
0
0
0
0
0
0
0
0
0
0
0
0
0
0
0
0
0
0
0
0
0
0
-266.882
-52.501
-253.766
-40.6935
-219.933
-26.6955
-169.474
-1.69603
-92.7598
31.518
-30.353
80.0709
-70.0154
56.634
27.6526
102.845
125.362
131.223
2.34337
1.25864
4.43715
3.72709
7.0279
11.8141
13.8686
17.711
9.88826
9.02383
7.94956
8.87678
11.6013
10.4988
14.3055
11.7984
1.80342
0.687818
3.07326
1.13885
4.43475
2.59872
7.28167
29.6909
8.11045
29.0042
10.0889
27.33
9.73832
24.6291
9.02941
20.4854
8.17112
10.2941
4.21013
15.0114
6.06586
6.13119
2.54333
2.12083
0.867413
-126.882
78.6101
-1694.77
-319.801
5562.9
5415.04
3048.94
2850.11
5235.15
6273.9
623.863
-925.342
-1142.47
-1551.72
-1958.76
253.852
270.724
74.4729
136.756
-1164.44
-669.558
-2686.44
-2924
229.383
174.425
-777.21
-831.704
-0.240399
0.0207651
0
0
0
0
0
0
0
0
0
0
0
0
0
0
0.370766
-0.168952
0
0
0
0
0
0
0
0
0
0
0
0
0
0
451.238
112.041
453.448
109.313
438.323
113.927
389.376
107.263
331.229
103.029
318.666
153.366
323.015
128.366
288.42
164.257
204.517
151.156
2.34674
1.25931
4.381
3.66824
6.91407
11.6085
13.7283
17.6226
9.68212
8.7534
7.77248
8.50485
11.482
10.3259
14.2472
11.7367
1.81733
0.699434
3.0572
1.1471
4.38659
2.58549
7.26146
-28.7373
-7.84552
-28.0666
-9.76253
-26.4445
-9.41551
-23.8478
-8.71723
-19.8798
-7.88054
-10.0514
-4.01164
-14.6126
-5.83048
-5.98688
-2.36955
-2.02332
-0.708239
87.1332
-981.339
1484.75
244.087
151.424
709.995
489.364
-0.654079
-0.168247
-0.162591
-0.712993
0
0
0
0
0
0
0
0
0
0.689604
0.227056
0.378951
0.794448
0
0
0
0
0
0
0
0
0
0
1873.1
1823.82
1869.1
2477.39
276.321
184.898
197.239
119.355
1366.09
869.592
3158.48
3569.47
-75.4715
-46.8975
924.636
941.447
0
0
0
0
0
0
0
0
0
0
0
0
0
0
0
0
0
0
0
0
0
0
0
0
0
0
0
0
0
0
0
0
0
-268.684
-53.187
-253.569
-40.6031
-219.931
-26.6886
-169.482
-1.71495
-92.7742
31.4896
-30.3399
80.0624
-70.0171
56.6084
27.6858
102.862
125.414
131.265
2.2523
1.19851
4.43897
3.72721
7.02617
11.8073
13.8633
17.7109
9.88394
9.02079
7.94763
8.87159
11.5982
10.4972
14.3063
11.7996
1.7528
0.669286
3.07053
1.13601
4.43107
2.59575
7.2769
29.6667
8.17963
28.9758
10.0614
27.3235
9.73148
24.6251
9.02615
20.4835
8.16938
10.294
4.20971
15.0108
6.06504
6.13125
2.54311
2.12084
0.867299
-118.746
85.7658
-1682.67
-507.383
5569.02
5445.58
3061.52
2857.32
5251.11
6244.2
310.045
-925.249
-1142.63
-1551.93
-1958.73
253.667
270.6
74.2723
136.612
-1164.6
-669.638
-2686.5
-2924.07
229.232
174.346
-777.378
-831.821
-0.237365
0.022832
0
0
0
0
0
0
0
0
0
0
0
0
0
0
0.37182
-0.168815
0
0
0
0
0
0
0
0
0
0
0
0
0
0
453.417
112.985
453.089
109.148
438.302
113.892
389.405
107.277
331.291
103.073
318.745
153.445
323.085
128.433
288.498
164.333
204.586
151.219
2.25234
1.19829
4.38662
3.6735
6.92199
11.6216
13.74
17.6312
9.69217
8.76152
7.77958
8.51512
11.4913
10.333
14.2536
11.7415
1.76568
0.682195
3.06143
1.14952
4.39362
2.59015
7.27099
-28.7147
-7.91265
-28.0402
-9.73621
-26.4395
-9.40932
-23.845
-8.71454
-19.8788
-7.87928
-10.0516
-4.01146
-14.6126
-5.82999
-5.98709
-2.36952
-2.02342
-0.708284
90.0421
-985.367
1485.77
246.904
179.55
750.133
478.898
-0.656101
-0.168255
-0.162587
-0.719257
0
0
0
0
0
0
0
0
0
0.687677
0.227088
0.378988
0.788289
0
0
0
0
0
0
0
0
0
14329.6
12124
0
14328.7
12119.5
0
0
0
0
0
0
0
0
0
8570.35
15363.4
10006.3
15039.7
11318.7
13528.6
12976.2
15215.8
9988.69
17809.6
15914.1
16311
15152.8
14106.7
13791.4
12760.2
7778.69
2464.22
12246.8
7698.86
2614.2
11263.3
7075.3
2331.6
0
0
0
0
0
0
0
0
11405.3
7738.95
11363.6
7959.26
11837.5
8362.03
13975
15244.7
12625
6394.51
5558.42
6661.18
5513.53
7059.69
5598.75
3806.02
1590.51
465.309
3894.84
1735.15
535.948
3717.16
1757.49
457.942
-10.9647
-38.476
108.133
734.737
1596.62
664.576
1381.11
284.435
93.5799
-6.71314
-86.3564
-327.945
-857.294
-1448.57
-519.647
-1155.07
-173.866
2.41411
0
0
0
0
0
0
0
0
8521.76
15357.9
10008.5
15035.6
11318.9
13527.5
12975.2
15213.6
9988.24
17837.1
15954.6
16303.4
15147.2
14103.8
13787.6
12791
7794.81
2474.39
12242.8
7697.77
2614.12
11260.5
7073.96
2331.28
0
0
0
0
0
0
0
0
11435.6
7743.44
11355.1
7958.3
11829.5
8358.48
13969.9
15241
12619.7
6392.09
5559.22
6659.34
5513.43
7057.53
5597.38
3808.22
1593.74
466.673
3893.8
1735.36
535.997
3716.28
1757.22
457.924
-7.49785
-43.1813
106.297
733.864
1596.24
664.52
1380.97
284.397
93.5319
-6.66272
-82.9169
-326.938
-856.88
-1448.44
-519.7
-1155.07
-173.936
2.35174
14450.6
13205.1
30.9826
17.4713
9.50798
5.47249
3.79571
61.1845
31.0511
16.6606
9.57284
6.64185
3475.6
1649.89
15232.8
14348.6
-2713.75
-173.649
35.4491
16.9222
9.16674
5.35321
3.75536
52.1018
28.7229
15.9683
9.3773
6.58434
0
0
0
0
0
11169.7
8817.46
10653.7
9377.34
11751
10646
5872.5
3256.18
906.644
7656.17
5064.14
1754.09
9225.01
6362.32
2195.95
-4398.64
-2149.55
-5345.09
-2518.35
-7182.97
-3122.2
-9871.44
-3729.05
3528.75
1539.55
2726.76
1649.28
600.158
397.456
374.407
324.874
924.341
602.803
422.055
271.62
100.26
53.4951
29.2252
16.9988
11.8851
136.163
76.6713
42.6706
24.9485
17.4594
190.176
478.16
692.815
779.819
867.119
1077.27
171.932
145.787
110.828
69.2397
23.5436
432.035
366.073
278.083
173.628
59.019
625.631
529.758
402.16
250.973
85.2875
703.557
595.118
451.326
281.451
95.6103
781.314
659.935
499.823
311.415
105.745
968.71
816.432
617.196
384.101
130.368
1482
1309.48
1084.71
809.598
500.962
170.027
7296.04
5269.8
1994.19
8740.85
6454.27
2379.45
10887.3
7654.74
2747.25
13829.3
8681.64
3090.66
-2025.5
385.899
-679.69
808.643
10898.7
7716.16
10013.1
6950.27
7764.29
6220.72
4808.55
2478.43
576.907
4222.3
2057.66
497.583
4020.84
1933.61
526.727
799.697
479.937
184.421
32.3165
962.693
629.152
362.368
223.126
90.5922
52.3991
29.4164
17.2155
12.0312
139.616
77.5448
43.0253
25.1226
17.5607
-1295.89
-1115.39
-895.653
-647.755
-390.846
-130.827
-118.883
-403.214
-613.453
-702.246
-829.183
-986.112
-107.283
-90.7617
-68.8302
-42.9153
-14.576
-364.013
-308.113
-233.793
-145.84
-49.5477
-553.465
-468.122
-354.943
-221.288
-75.1577
-632.743
-534.345
-404.536
-251.914
-85.5077
-745.586
-628.134
-474.441
-294.937
-100.024
-883.566
-741.38
-557.865
-345.867
-117.143
15234.8
14349.9
-2722.92
-181.7
35.4206
16.9059
9.15472
5.3449
3.74881
52.0481
28.6967
15.951
9.36546
6.57549
0
0
0
0
0
14447.6
13201
30.9637
17.4623
9.5012
5.46761
3.79164
61.1549
31.0385
16.652
9.56654
6.63704
3477.83
1654.52
8664.05
55348.4
8611.2
40323.5
8318.31
33502.9
8646.86
29958.8
14416
8308.53
2726.07
14175.7
8316.16
2724.72
13810.6
8346.06
2792.7
13659.8
8558.64
2990.33
13830.2
8682.58
3091.05
187.841
71.309
-304.293
257.444
-1078.9
1433.97
-23.016
13.0369
1117.32
1027.63
82.383
39.5028
25.86
19.7994
478.811
233.274
185.974
158.505
15.0921
5.54151
2.57031
1.69675
118.934
44.6312
19.55
12.7677
263.711
105.056
48.9906
32.8073
342.3
158.285
82.7415
57.7231
308.569
190.031
110.299
78.7923
293.694
232.137
152.29
113.102
245.093
202.634
133.811
99.4408
326.979
252.513
166.375
125.882
351.578
262.855
181.11
139.401
7.19096
3.70532
1.97326
1.12817
0.781202
43.8667
22.8794
12.2944
7.06619
4.90471
58.0291
34.6603
19.5897
11.4987
8.04411
60.686
32.3618
17.6063
10.202
7.10258
75.4275
43.4916
24.489
14.3751
10.0648
93.4709
51.6305
28.6796
16.7708
11.7341
1.47267
0.682401
0.347926
0.19523
0.13418
10.9251
5.21763
2.70883
1.53209
1.05662
26.2734
12.8183
6.73908
3.83398
2.65136
391.202
379.686
509.983
810.221
1904.12
838.326
1862.46
278.108
87.6491
255.678
69.7715
17.8168
4.01232
0.644581
275.758
80.3809
19.5979
4.62573
0.837925
315.049
88.9664
21.7559
4.91384
0.951695
428.233
110.198
25.8571
5.76544
1.18451
629.133
139.202
29.8996
6.26596
1.25708
256.566
56.8109
11.897
2.41194
0.447016
457.672
93.6739
19.5662
4.1097
0.847657
104.947
29.4933
6.15846
1.31302
0.257743
83.5852
17.3423
2.54179
1.59423
0.108196
3723.78
4637.3
1930.17
2593.13
2049.88
2417.23
1065.13
1102.64
-1075.05
-3299.27
-2252.05
-1514.02
-953.284
-790.595
-588.548
-362.192
-122.269
-1517.62
-934.218
-555.118
-368.654
-178.066
-1463.28
-860.984
-502.215
-262.205
-85.4793
-1263.79
-984.063
-693.565
-411.676
-137.003
-8290.08
-2826.49
-8487.54
-3044.46
-8981.45
-3457.16
-9490.66
-3772.25
-9871.44
-3729.05
23.1894
29.9673
848.63
217.65
1467.56
-570.527
192.764
165.822
-127.233
13.633
28.1368
21.4995
8.92427
1.00251
176.23
134.717
19.3815
-36.1456
1.24694
1.77933
1.00026
0.575757
15.2184
15.8268
10.7734
6.54875
69.8739
46.9767
27.842
16.477
194.147
94.0684
46.5625
26.256
356.214
149.2
75.2129
48.8872
426.422
235.071
149.457
114.461
461.305
203.571
109.707
78.9583
384.059
251.96
177.012
137.571
354.539
261.125
183.201
142.49
5.04032
3.13607
1.81516
1.07935
0.76048
33.2856
20.1463
11.5214
6.81395
4.79075
75.4662
36.5902
19.4331
11.1976
7.80726
57.4206
30.4067
16.7361
9.75934
6.83385
88.1716
45.4417
24.4993
14.1747
9.88854
94.4166
51.8739
28.6226
16.6867
11.6662
0.670038
0.499802
0.302316
0.182494
0.129271
6.56116
4.22537
2.45533
1.46372
1.03238
18.4848
11.0453
6.27878
3.717
2.61498
-402.502
-461.835
-632.053
-831.522
-1633.76
-672.235
-1528.5
-170.164
-0.633351
-255.026
-68.8407
-17.4905
-3.91098
-0.626465
-288.39
-81.1224
-19.4068
-4.52289
-0.812637
-333.064
-90.1282
-21.4816
-4.77883
-0.912764
-420.5
-107.048
-24.8442
-5.49527
-1.11539
-568.352
-128.274
-27.7015
-5.80218
-1.15066
-197.111
-43.0146
-8.90264
-1.78124
-0.298541
-381.727
-79.4252
-16.7559
-3.53812
-0.716509
-60.6862
-17.7441
-3.35474
-0.684832
-0.101224
-46.9331
-7.02717
0.0676967
-0.980416
0.0491506
-222.948
-779.83
-1201.09
-1380.56
-1193.99
-530.054
656.077
2271.26
3994.52
5065.04
4500.82
2024.49
-200.781
-169.444
-128.185
-79.7713
-27.0666
-702.992
-594.034
-450.017
-280.386
-95.2007
-1082.07
-913.742
-691.808
-430.872
-146.273
-1242.16
-1047.45
-792.065
-492.927
-167.285
-1072.06
-902.023
-680.86
-423.281
-143.6
-474.413
-397.891
-299.614
-186.064
-63.118
584.446
488.007
366.428
227.413
77.2051
2009.55
1668.16
1248.86
775.593
264.052
3500.83
2884.94
2154.52
1342.41
460.159
4386.17
3585.33
2674.34
1677.22
582.066
3857.85
3135.1
2340.23
1479.01
520.125
1741.88
1424.71
1071.87
682.469
241.472
378.367
936.859
1356.09
1519.9
1294.2
565.533
-685.472
-2312.33
-3938.92
-4802.53
-4001.67
-1372.99
341.849
289.657
220.054
137.417
46.7158
845.643
715.722
543.118
338.858
115.142
1223.11
1034.3
784.244
489.031
166.127
1369.28
1156.45
875.917
545.83
185.373
1163.83
981.073
741.963
461.984
156.863
507.102
426.257
321.708
200.147
67.9618
-611.876
-512.163
-385.524
-239.735
-81.4754
-2049.63
-1705.19
-1279.53
-796.143
-271.345
-3454.44
-2849.46
-2130.77
-1329.51
-456.271
-4148.64
-3383.31
-2520.42
-1581.24
-549.668
-3395.93
-2732.22
-2024.79
-1277.01
-450.429
-1132.15
-886.793
-645.524
-405.996
-144.972
1220.69
0
1810.56
1092.15
915.693
689.418
428.155
145.266
0
0
0
0
0
1582.4
1298.17
963.167
595.215
202.406
8658.94
55360.4
8594.07
40319.9
8282.98
33485
8622.7
29312
14424.6
8319.72
2729.86
14172.2
8314.35
2724.51
13808.6
8344.63
2792.31
13658.5
8557.55
2989.95
13829.3
8681.64
3090.66
160.79
76.4087
-303.211
220.472
-1067.9
1442.58
-11.42
13.1168
1088.73
1019.92
69.5963
33.317
21.8952
16.7325
476.793
232.519
185.363
158.062
13.2888
4.83188
2.21813
1.43392
118.071
44.383
19.4602
12.7924
263.459
104.918
48.9242
32.7681
342.131
158.171
82.6748
57.6693
308.47
189.949
110.24
78.7374
293.74
232.145
152.28
113.081
245.073
202.595
133.77
99.397
327.089
252.571
166.402
125.892
351.74
262.958
181.171
139.441
5.98819
3.09157
1.64931
0.944039
0.65411
43.8278
22.8254
12.2545
7.04043
4.88602
58.015
34.6526
19.5839
11.4941
8.04039
60.6604
32.3496
17.5976
10.1954
7.09753
75.4255
43.4896
24.4866
14.3727
10.0628
93.4884
51.6387
28.6835
16.7726
11.7352
1.20558
0.560318
0.28637
0.160919
0.110657
10.9528
5.21224
2.70235
1.52794
1.05385
26.2639
12.8111
6.73285
3.82963
2.64807
392.999
374.414
508.699
809.55
1903.77
838.268
1862.29
278.073
87.611
256.908
70.5257
17.8785
4.03357
0.658743
272.44
79.3762
19.3587
4.56395
0.823229
314.501
88.7862
21.7062
4.90195
0.948667
427.945
110.102
25.8284
5.758
1.18247
628.961
139.144
29.8816
6.26104
1.25565
256.52
56.7931
11.8912
2.41021
0.446465
457.577
93.6404
19.5556
4.10667
0.846732
104.921
29.4834
6.15517
1.31205
0.257429
83.5696
17.3368
2.54006
1.59381
0.108049
3723.25
4636.97
1931.6
2595.3
2048.51
2415.87
1003.15
1036.59
-1075
-3299.4
-2252.1
-1514
-953.238
-790.555
-588.516
-362.172
-122.262
-1517.69
-934.279
-555.175
-368.703
-178.079
-1463.31
-861.014
-502.241
-262.224
-85.4856
-1263.76
-984.038
-693.545
-411.663
-136.998
-8287.7
-2826.15
-8486.3
-3043.61
-8980.9
-3456.85
-9490.42
-3772.11
-9871.35
-3728.96
1.11494
3.63344
873.166
258.661
1469.71
-566.037
152.949
137.785
-102.22
19.0197
23.6088
18.1528
7.4509
0.816257
177.459
135.146
19.7562
-36.0155
0.71504
1.47364
0.866089
0.537834
16.1969
15.9775
10.786
6.44983
70.1805
47.0954
27.8754
16.4869
194.356
94.195
46.6197
26.2973
356.391
149.334
75.2925
48.9515
426.614
235.223
149.564
114.548
461.48
203.713
109.804
79.0393
384.261
252.111
177.116
137.652
354.732
261.26
183.289
142.555
4.32054
2.66779
1.53799
0.912712
0.642466
33.0992
20.0968
11.509
6.81006
4.78886
75.5157
36.6157
19.4489
11.2083
7.81539
57.4733
30.4336
16.7537
9.7715
6.84293
88.2197
45.4665
24.514
14.1844
9.89581
94.4548
51.8931
28.6333
16.6933
11.6711
0.591593
0.427403
0.256008
0.153927
0.108877
6.49137
4.22103
2.45831
1.46602
1.03385
18.4925
11.0561
6.28852
3.72371
2.61997
-402.494
-458.227
-631.385
-831.209
-1633.63
-672.272
-1528.48
-170.217
-0.684076
-255.944
-69.5361
-17.5445
-3.93089
-0.640121
-285.326
-80.1579
-19.175
-4.4629
-0.798361
-332.717
-89.9813
-21.4369
-4.7677
-0.909859
-420.369
-106.986
-24.8219
-5.4889
-1.11355
-568.296
-128.245
-27.6899
-5.79846
-1.14947
-197.11
-43.0104
-8.9003
-1.78033
-0.29819
-381.704
-79.4121
-16.7501
-3.53613
-0.715814
-60.6965
-17.7446
-3.35419
-0.684521
-0.101083
-46.9511
-7.0309
0.0670529
-0.980576
0.0491409
-222.927
-779.774
-1201.01
-1380.47
-1193.91
-530.022
656.039
2271.14
3994.3
5064.78
4500.61
2024.41
-200.762
-169.428
-128.172
-79.7634
-27.0639
-702.941
-593.99
-449.984
-280.365
-95.1936
-1082
-913.679
-691.759
-430.842
-146.262
-1242.08
-1047.38
-792.011
-492.893
-167.273
-1071.99
-901.965
-680.815
-423.252
-143.59
-474.384
-397.865
-299.594
-186.052
-63.1137
584.41
487.976
366.404
227.397
77.1997
2009.43
1668.05
1248.78
775.54
264.034
3500.63
2884.76
2154.38
1342.32
460.126
4385.93
3585.12
2674.17
1677.11
582.024
3857.65
3134.93
2340.09
1478.92
520.092
1741.82
1424.66
1071.83
682.446
241.463
378.349
936.807
1356.01
1519.81
1294.13
565.502
-685.435
-2312.21
-3938.71
-4802.27
-4001.45
-1372.89
341.834
289.644
220.044
137.411
46.7137
845.596
715.682
543.087
338.839
115.136
1223.04
1034.24
784.198
489.003
166.118
1369.2
1156.38
875.866
545.798
185.362
1163.76
981.017
741.92
461.957
156.854
507.074
426.233
321.689
200.135
67.9578
-611.842
-512.133
-385.501
-239.721
-81.4704
-2049.51
-1705.09
-1279.45
-796.094
-271.328
-3454.25
-2849.28
-2130.64
-1329.43
-456.24
-4148.4
-3383.1
-2520.25
-1581.13
-549.627
-3395.71
-2732.03
-2024.63
-1276.9
-450.39
-1132.05
-886.699
-645.444
-405.94
-144.952
1220.64
0
1810.5
1092.1
915.653
689.387
428.135
145.259
0
0
0
0
0
1582.35
1298.12
963.134
595.194
202.399
7297.03
5270.55
1994.48
8741.96
6455.16
2379.79
10888.4
7655.7
2747.62
13830.2
8682.58
3091.05
-2031.44
384.796
-685.252
806.68
10900.7
7717.38
10015.6
6951.72
7766.77
6222.23
4809.33
2478.88
577.051
4223.13
2058.08
497.712
4021.7
1934.01
526.839
799.651
479.949
184.437
32.3511
962.145
628.935
362.274
223.098
90.6064
52.4088
29.4248
17.2221
12.0366
139.602
77.5389
43.0237
25.1226
17.5611
-1295.93
-1115.42
-895.685
-647.78
-390.863
-130.833
-118.894
-403.243
-613.495
-702.292
-829.234
-986.168
-107.293
-90.7702
-68.8367
-42.9194
-14.5774
-364.04
-308.136
-233.811
-145.851
-49.5514
-553.503
-468.155
-354.968
-221.303
-75.1631
-632.784
-534.38
-404.563
-251.931
-85.5135
-745.632
-628.173
-474.471
-294.956
-100.03
-883.617
-741.424
-557.899
-345.888
-117.151
11168.3
8816.39
10652.6
9376.22
11749.9
10644.5
5871.69
3255.66
906.467
7655.17
5063.45
1753.87
9223.64
6361.4
2195.65
-4397.87
-2149.27
-5344.42
-2518.11
-7182.53
-3122.03
-9871.35
-3728.96
3531.32
1541.42
2730.51
1651.45
601.057
397.895
374.633
325.004
925.286
603.244
422.277
271.743
100.31
53.5246
29.2454
17.0128
11.8958
136.218
76.7005
42.6885
24.9602
17.4683
190.167
478.132
692.775
779.775
867.073
1077.21
171.923
145.78
110.822
69.2363
23.5424
432.01
366.052
278.067
173.618
59.0156
625.594
529.727
402.136
250.958
85.2825
703.517
595.084
451.3
281.435
95.6048
781.272
659.899
499.796
311.397
105.739
968.661
816.39
617.164
384.081
130.361
1481.95
1309.43
1084.67
809.568
500.943
170.02
)
;
    }
    patch2
    {
        type            calculated;
        value           nonuniform List<scalar> 
348
(
1.73693
1.73766
599.022
198.125
-75.7112
147.603
-428.068
-129.31
148.243
-57.8715
598.946
198.104
-75.7102
147.583
-428.019
-129.295
148.239
-57.8592
700.22
234.084
69.4967
-38.7489
-72.1649
-86.8159
-11.9829
5119.13
902.16
808.579
442.512
76.384
74.5535
443.966
9.44485
-20.5354
-10.8582
-49.2183
3080.83
641.373
257.003
168.53
454.565
283.713
92.9953
176.968
-126.397
-68.1332
114.388
94.7089
2476.68
580.249
893.425
412.827
499.323
-14.4474
-53.9794
-84.2737
-99.0996
-88.0156
-31.5548
-23.5752
-84.5746
-128.147
-141.966
-114.481
-37.039
-12.1416
-12.774
-42.904
-43.0163
-60.999
-60.4197
-58.3361
-55.8243
-51.1132
-50.3394
-36.9778
-35.5778
99.6065
248.801
404.911
288.571
246.256
122.111
90.0846
253.116
409.81
475.438
395.851
184.296
28.2299
67.9755
98.568
113.681
102.691
47.6375
43.1873
104.209
147.307
159.307
128.191
46.552
22.7988
21.6972
53.544
52.0788
71.303
69.3235
67.5675
63.3184
60.5932
52.6842
54.0086
41.9191
-80.939
-221.05
-355.509
-212.043
-148.29
-14.3417
-82.3747
-241.292
-382.174
-422.083
-315.283
-86.3363
-496.812
-92.9321
-30.6276
72.5625
107.092
135.95
60.8448
-5594.42
-603.664
-665.39
-207.272
9.37766
-520.497
84.6754
254.813
127.779
-3156.15
-484.417
-105.163
-84.4134
-426.21
-161.064
-33.6058
-120.906
232.631
145.406
-67.2928
-27.1649
-2401.27
-469.012
-691.23
-291.053
-419.239
700.204
234.088
69.4895
-38.7475
-72.1617
-86.8118
-11.9851
5118.48
902.004
808.453
442.421
76.3556
74.5329
443.899
9.42338
-20.5473
-10.8745
-49.2185
3080.48
641.287
256.96
168.505
454.512
283.683
92.9854
176.949
-126.394
-68.1339
114.37
94.694
2476.45
580.207
893.347
412.795
499.278
-14.4458
-53.9753
-84.2676
-99.0926
-88.0096
-31.553
-23.5728
-84.5682
-128.138
-141.956
-114.473
-37.0366
-12.1403
-12.7727
-42.9007
-43.013
-60.9946
-60.4154
-58.332
-55.8204
-51.1099
-50.3361
-36.9759
-35.5757
99.5988
248.782
404.88
288.554
246.248
122.116
90.0781
253.098
409.782
475.406
395.829
184.293
28.2287
67.9717
98.5623
113.675
102.685
47.6356
43.1854
104.203
147.299
159.298
128.183
46.5497
22.7977
21.6962
53.541
52.0758
71.2988
69.3194
67.5636
63.3147
60.5901
52.6814
54.0065
41.9172
-80.9322
-221.033
-355.48
-212.019
-148.267
-14.3265
-82.3688
-241.276
-382.146
-422.049
-315.253
-86.3199
-496.72
-92.8989
-30.6223
72.5606
107.088
135.944
60.8451
-5594.15
-603.615
-665.342
-207.255
9.38363
-520.469
84.6758
254.808
127.776
-3155.95
-484.371
-105.144
-84.4006
-426.18
-161.041
-33.5977
-120.894
232.624
145.403
-67.2845
-27.1576
-2401.06
-468.957
-691.145
-291.016
-419.201
4325.31
1129.06
301.569
4343.68
1182.75
331.756
4313.59
1217.64
287.963
4338.84
1210.09
185.744
4715.47
1142.7
281.671
-6311.34
-599.888
-6148.48
-624.594
-5589.3
-465.825
-5256.26
-635.12
-5524.86
-658.796
4328.96
1135.41
303.152
4341.83
1181.56
331.788
4312.86
1217.13
287.856
4338.17
1209.78
185.651
4714.81
1142.49
281.608
-6308.28
-601.877
-6143.85
-621.669
-5588.95
-465.304
-5256.12
-634.985
-5524.67
-658.75
)
;
    }
    patch3
    {
        type            calculated;
        value           nonuniform List<scalar> 
96
(
-118.786
-440.628
-688.332
-810.826
-720.751
-250.963
-194.526
-692.938
-1051.61
-1169.06
-946.056
-301.691
856.817
2142.01
3476.17
2471.75
2255.94
1062.25
774.433
2177.87
3542.57
4123.94
3442.91
1546.51
228.102
551.326
800.748
924.512
833.743
374.353
349.663
847.666
1201.52
1303.36
1051.03
374.652
-711.446
-1923.02
-3098.95
-1970.84
-1656.93
-413.858
-712.668
-2080.82
-3328.53
-3739.27
-2890.48
-888.617
-118.774
-440.595
-688.284
-810.772
-720.704
-250.947
-194.507
-692.887
-1051.54
-1168.98
-945.995
-301.672
856.764
2141.88
3475.97
2471.63
2255.85
1062.23
774.388
2177.74
3542.38
4123.73
3442.75
1546.46
228.092
551.295
800.702
924.46
833.697
374.336
349.648
847.619
1201.46
1303.29
1050.97
374.633
-711.399
-1922.9
-3098.76
-1970.71
-1656.81
-413.801
-712.625
-2080.7
-3328.34
-3739.05
-2890.3
-888.537
)
;
    }
    patch4
    {
        type            calculated;
        value           nonuniform List<scalar> 
384
(
33903.5
34850.5
36049
66073.3
96397.3
59539.6
46552.5
42078.8
-58938.6
-48376.5
-76492.5
-96841.3
33099.3
34883.2
36082.9
66100.3
96434.1
59564.5
46562
41058.2
-58281.1
-48506.8
-76627.2
-96131.1
39167.7
12144.5
59353.2
18817.8
-44633.7
-13803.3
-63635.6
-20273.2
39179.1
12146.5
59367.2
18821.3
-44674.1
-13812.9
-63670.2
-20282
25970.9
8996.98
-31058.5
-10397.4
12719.6
4918.63
4434.39
1673
-16005.5
-6057.39
-5539.11
-2072.38
-31024.4
-10389.4
25989.2
9000.64
24539.2
17046.1
23755.8
16684.7
26962.7
8903.15
11250.3
4202.54
10150
3653.64
-41851
-29662.1
-35256.5
-25768.7
-32256.9
-10619.9
-18366.4
-6532.68
-15182.3
-5289.38
23957.1
16668.2
23817.7
16743.3
26977.8
8906.12
11009.5
4112.88
10191
3668.35
-41314.1
-29276
-35360.2
-25848.3
-32291
-10628.9
-18124.2
-6440.57
-15233.2
-5307.44
-15986.8
-6050.67
-5533.95
-2070.51
12731.3
4923.29
4437.11
1674.11
21274.4
14976
-20216.4
-14391.2
21274.4
14976.5
-20216.6
-14391.7
3176.75
3613.08
3746.21
3469.05
4996.07
3387.51
4100.52
1367.54
3733.48
6201.35
6725.07
10661.8
2139.71
3535.6
924.926
1306.4
-5054.77
-5773.69
-5249.16
-5013.3
-6007.39
-4395
-4987.05
-1736.93
-4185
-6207.83
-7043.58
-10500.8
-2500.28
-3576.37
-1204.63
-1351.12
3147.03
3552.43
3746.82
3474.74
4996.28
3389.86
4104.09
1368.43
3734.06
6201.66
6725.4
10662.2
2140.32
3535.81
925.033
1306.41
-5042.44
-5726.4
-5248.06
-5020.08
-6006.31
-4397.83
-4992.13
-1738.52
-4185.68
-6208.26
-7043.52
-10501.2
-2501.32
-3576.76
-1205.2
-1351.32
5790.1
17095.5
7102.5
17857.6
9106
17362.4
10539.8
-7004.33
-17167.8
-8047.12
-17548.5
-9588.79
-16686.1
-10821.3
5755.44
17088.1
7106.08
17854.4
9106.86
17361.6
10540.6
-6986.57
-17182.2
-8049.37
-17545.7
-9588.5
-16685.7
-10821.6
13961.2
13643.3
12924.2
11655.2
9537.54
4690.66
6911.77
2768.31
936.094
-13844.9
-13456.3
-12634.5
-11305.5
-9237.69
-4604.19
-6739.01
-2725.96
-911.967
13914.7
13642.9
12925.3
11655.3
9537.71
4690.86
6912
2768.44
936.133
-13804.9
-13457.6
-12636.7
-11306.2
-9238.16
-4604.46
-6739.38
-2726.12
-912.028
2995.02
2909.68
2738.14
2451.17
1997.29
1019.96
1478
607.665
206.045
-2932.89
-2841.2
-2661.62
-2374.41
-1935.71
-999.382
-1439.88
-597.133
-199.922
2981.02
2909.13
2738.32
2451.14
1997.29
1019.99
1478.03
607.69
206.052
-2919.81
-2840.92
-2662.01
-2374.53
-1935.79
-999.435
-1439.94
-597.167
-199.935
677.314
656.12
615.292
549.394
448.206
232.765
334.659
139.292
47.3218
-659.327
-637.754
-596.753
-532.177
-434.779
-227.897
-326.058
-136.699
-45.7736
673.997
655.908
615.29
549.367
448.196
232.771
334.662
139.297
47.3233
-656.17
-637.588
-596.791
-532.181
-434.787
-227.908
-326.07
-136.706
-45.7764
151.772
146.782
137.433
122.616
100.181
52.4676
75.0942
31.5217
10.7397
-147.237
-142.301
-133.125
-118.778
-97.2409
-51.3579
-73.1859
-30.9135
-10.3681
151.024
146.72
137.423
122.605
100.177
52.4684
75.0936
31.5226
10.74
-146.519
-142.248
-133.124
-118.773
-97.2401
-51.3598
-73.1875
-30.9149
-10.3687
38.4941
37.3051
34.9594
31.2005
25.5215
13.4664
19.1943
8.11736
2.77214
-37.2536
-36.0988
-33.8311
-30.2221
-24.7831
-13.1817
-18.7133
-7.95783
-2.67288
38.3015
37.2865
34.9549
31.1963
25.5194
13.4664
19.1937
8.11749
2.77218
-37.0681
-36.0821
-33.8284
-30.2194
-24.7821
-13.1821
-18.7134
-7.95813
-2.67301
)
;
    }
}


// ************************************************************************* //
