/*--------------------------------*- C++ -*----------------------------------*\
| =========                 |                                                 |
| \\      /  F ield         | OpenFOAM: The Open Source CFD Toolbox           |
|  \\    /   O peration     | Version:  2306                                  |
|   \\  /    A nd           | Website:  www.openfoam.com                      |
|    \\/     M anipulation  |                                                 |
\*---------------------------------------------------------------------------*/
FoamFile
{
    version     2.0;
    format      ascii;
    arch        "LSB;label=32;scalar=64";
    class       volScalarField;
    location    "1.7";
    object      gradTx;
}
// * * * * * * * * * * * * * * * * * * * * * * * * * * * * * * * * * * * * * //

dimensions      [0 -1 0 1 0 0 0];

internalField   nonuniform List<scalar> 
5712
(
-6859.78
-8768.26
-16258.8
-23768.8
-24257.1
-41854.9
-18611.9
-47399.5
-15145.4
-33278.1
-22651.4
-34470.4
-20307.8
-26660.3
-8937.2
-10227.2
-15361
-17609.1
-19803.9
-19638.9
-15555.1
-19195.9
-22907.6
-20534.6
-5599.73
-4231.3
-6960.33
-4700.51
-12992.8
-10434.9
-22148.3
-16089.7
-17142.9
-17842.4
-19084.4
-18297.1
-6769.32
-5261.51
-40484.7
-54189.9
-26168.4
-32118.6
-54333.7
-70516.8
-28103.6
-32178.2
-30069.5
-42464.7
-26268.5
-34791.8
-15409
-24794.9
-2982.51
-1007.76
-3135.87
-1132.65
-8996.67
-3639.68
-12308.1
-4539.14
-8803.75
-3369.87
-9297.92
-2986.34
-15814
-5038.61
-20390.4
-6889.33
-24754.4
-12336.2
-22662.5
-13427.5
-23126.3
-14965.4
-20346.1
-15253.4
-17894.9
-10642.7
-17920.3
-9175.44
-23387.5
-14910.9
-23442.6
-15037.2
-21497.7
-16120.7
-21758
-16178.4
-19317.5
-12255
-20004.5
-12546.8
-18321.6
-7971.59
-8502.87
-10406.5
-18395
-8730.35
-7453.03
-10595.5
-19392.8
-7919.4
-9611.26
-10453.6
-20351.3
-8104.03
-10440.3
-10903.9
-3862.29
-4225.29
-1303.87
-2583.23
-11275.4
-11931.3
-4390.75
-7874.59
-14445.7
-16010.8
-7061.88
-12053
-12301.7
-897.866
-13842.3
-17263.9
-9476.73
-550.582
-7338.12
-12541.7
-20306
-14412.5
-10208.3
-12473
-11011.6
-9599.33
-15102.9
-3680.46
-3010.75
-2112.34
-2090.09
-10341.2
-8641.77
-6297.72
-5974.96
-12869.2
-10754.1
-8222.73
-7350.37
-5787.47
-7418.26
-12031.1
-12522.9
-14338.7
-13027.2
-16195
-14018.6
-11169.2
-9408.22
-9181.09
-9539.25
-12155.8
-9403.53
-11141.5
-7933.07
-9712.28
-6549.17
-11463.2
-7451.04
-10361.8
-4607.39
-8946.33
-9571.81
-12701.8
-16423
-13992.6
-20274.8
-7154.29
-7828.4
-9204.84
-2674.84
-7992.6
-15296.8
-7592.91
-16442.3
-13864
-25057
-14109.7
-26640.2
-6088.81
-13215.1
-5552.47
-14124.6
-8444.06
-6269.33
-11823.3
-4590.8
-8611.06
-1434.37
-10265.5
-519.379
-8142.58
-9503.38
-12399.5
-5686.49
-6757.88
-11241.9
-10994.5
-7487.25
-2364.53
-2065.23
-1815.49
-1704.02
-1549.86
-1368.11
-6967.77
-5617.71
-4790.42
-4521.73
-3565.6
-3045.77
-8437.28
-7160.95
-6562.14
-5425.62
-4331.7
-4051.24
-6434.78
-5580.49
-5402.36
-10845.6
-8053.06
-6698.35
-10349.6
-7466.56
-5958.42
-10836.7
-8381.78
-7208.08
-6919.28
-4454.42
-3418.12
-15595.3
-13242.7
-11296.4
-10139.9
-8268.98
-6725.87
-9140.24
-6938.63
-5401.28
-7784.6
-5486.27
-4095.36
-8186.02
-4475.78
-2444.51
-10550.5
-14251
-8377.54
-10782.1
-11456.9
-16780.7
-10263.7
-14879.2
-22.6672
-713.978
520.098
-101.506
-2967.95
-3330.18
-1239.84
-663.913
-700.441
-2402.79
-9482.97
-13801.9
-6661.22
-3713.51
-10081.7
-10010.7
-15634.4
-17226.3
617.384
4217.38
-7654.4
-7205.04
-7288.3
-5616
-1017.25
-535.516
-677.012
-282.046
-1957.8
-158.379
358.252
860.81
-9246.2
-2328.99
-6296.63
-1610.02
-9131.09
-2764.11
-11051.1
-3523.59
-8953.69
-11994.2
-8262.57
-11683.8
-14500.9
-15261.4
-13820.1
-14429.4
-5639.91
-9338.98
-6525.19
-9287.77
-8761.69
-11244.7
-9658.48
-11347.1
-14394.4
-14158.6
-15065.3
-14204.3
-5689.55
-9026.55
-6186.07
-9180.22
251.27
-1197.93
-7231.05
-4367.32
802.518
-790.294
-6699.06
-3849.41
-210.512
-1465.55
-7386.79
-4766.35
-655.565
-1731.08
-7411.63
-4924.73
712.285
815.994
-150.934
8.93881
2968.62
2987.05
263.41
445.085
687.081
2054.64
-1553.16
-875.455
10258.7
9702.58
5579.66
4327.58
544.071
10604.5
10782.4
4301.15
6371.61
953.253
-10421.6
-8094.22
-7069.29
-6520.51
-3810.75
808.273
730.429
61.2737
-24.0093
2561.71
2449.91
195.844
-17.1333
2591.05
3043.37
-542.815
-800.5
5122.45
2235.27
8070.98
4951.95
3603.19
2674.82
4093.45
3483.9
-262.791
-1117.37
-3825.6
-2406.46
-1058.29
973.735
-947.178
765.45
-1545.4
-247.111
-1820.03
-2052.65
-5184.69
-4705.85
-9872.91
-5930.9
-8162.72
-8150.23
-12380.4
-9991.52
-7655.86
-4448.53
-3781.38
-3722.15
-11646.7
-5114.32
-12808.1
-5735.48
-13809
-10199.2
-14734.7
-10946.9
-9313.15
-3604.08
-10434.4
-4185.39
-5869.63
-4552.52
-4322.29
-6378.84
-3742.91
-4168.21
-3672.01
-5909.86
-6798.66
-4477.81
-4893.93
-7331.95
-8313
-4865.04
-6220.11
-7564.25
717.267
748.293
833.52
39.9698
263.96
292.553
2604.62
2708.02
2683.71
242.735
754.84
750.032
3321.35
3618.97
3675.48
-463.742
739.969
983.127
1145.78
966.209
663.351
3528.14
3564.3
3297.17
2873.6
3193.22
3118.12
3564.6
3748.11
3623.44
-1134.99
338.084
442.382
-3503.66
-2009.73
-1089.31
883.077
1910.56
2456.46
884.292
2172.18
2728.42
422.133
1796.71
2187.05
-2014.38
463.346
752.008
30.3836
35.6212
41.8043
61.9569
255.57
138.371
111.278
102.867
20.1128
69.277
156.711
231.561
416.79
252.875
279.385
284.973
-193.852
25.2107
226.214
417.602
159.811
202.413
249.913
273.394
34.9065
119.22
113.392
107.781
-200.512
-10.4819
101.034
166.116
-869.12
-183.232
63.994
235.322
-1351.29
-317.098
-24.6164
415.326
-590.742
-76.05
143.855
364.629
-1104.38
-239.782
-40.621
358.827
-932.244
-219.365
93.1584
308.646
-1519.51
-377.934
-28.3699
491.013
-1042.53
-287.766
88.4133
373.046
-1639.21
-432.321
-47.8457
512.957
13.7204
21.4382
37.2533
79.0158
42.4863
30.3157
20.8332
71.7518
82.6368
73.9845
119.445
216.389
173.624
102.529
67.6914
195.134
-352.849
-44.9072
124.265
365.447
-141.621
29.8434
85.0186
343.569
-42.8474
112.154
192.398
369.594
11.2039
92.138
70.5694
346.159
-939.92
-181.462
-3.81357
480.696
84.7058
42.4455
28.3018
55.8256
154.222
61.6926
31.0318
26.6539
177.632
101.295
59.5201
141.928
395.516
164.401
77.1965
68.0953
118.627
113.461
81.0683
232.506
505.873
231.577
116.25
106.891
-55.8071
104.089
101.765
323.977
410.245
250.713
137.191
134.837
-470.351
16.3652
37.3207
304.043
143.362
215.99
122.64
135.833
-1090.1
-113.599
17.9643
348.159
-340.156
51.5588
71.975
122.257
-829.803
-31.2304
29.0039
323.479
-184.153
125.474
101.006
134.78
-1327.42
-211.538
-12.5169
378.309
-477.143
-19.0166
44.743
113.737
-1504.43
-306.422
-53.6726
372.438
-600.327
-92.9202
9.45374
97.7972
27.1928
11.5169
5.61745
3.10848
2.12946
35.6861
17.4398
9.08609
5.15602
3.56238
64.8712
26.6373
12.8966
7.13277
4.88835
80.1648
38.7592
20.1755
11.4691
7.93412
86.034
33.2858
15.8801
8.7577
5.99984
107.023
50.9969
26.5183
15.092
10.4481
55.6488
25.9591
13.432
7.64919
5.30136
39.996
15.373
7.24044
3.98951
2.73902
85.3514
33.6814
16.327
9.08033
6.24176
40.9716
13.9382
6.37861
3.48277
2.38036
90.0512
38.9434
19.746
11.1481
7.69676
38.7976
13.8692
6.5475
3.60892
2.47369
65.9966
22.1715
9.94427
5.38666
3.67599
38.794
12.3797
5.52623
3.00058
2.05033
58.1409
14.5996
5.2698
2.59031
1.71335
32.1844
6.97114
2.31035
1.09659
0.717489
22.8851
8.84507
4.18958
2.29413
1.56575
16.6353
7.03029
3.48283
1.93699
1.32784
55.9789
22.068
10.6763
5.90754
4.04908
43.0111
18.4391
9.27251
5.19437
3.57263
78.5281
27.3317
12.709
6.95213
4.75185
58.3846
25.3517
12.9032
7.26882
5.01278
69.7707
30.2263
15.4709
8.74404
6.03512
39.6428
19.1369
10.0544
5.72145
3.95826
35.8214
16.3838
8.5432
4.85048
3.35211
-286.435
-429.835
-609.315
-1040.01
-550.984
-1277.18
45.8184
-971.524
724.048
34.5407
-631.266
-1163.37
452.088
362.09
-1128.09
-1835.48
-1477.17
-2129.5
-674.894
-157.812
-35.7124
-7.92097
-1.99567
-210.506
-99.501
-13.8795
-3.73844
-1.66128
-2072.06
-482.086
-109.466
-24.1587
-6.09496
-497.061
-137.037
-33.7553
-7.14243
-1.9468
-3471.68
-809.245
-184.251
-40.801
-10.2719
-795.808
-233.984
-57.3211
-13.4045
-3.39088
-4636.77
-1083.89
-247.817
-55.0515
-13.8782
-923.724
-294.175
-74.3863
-17.583
-4.43558
-5759.45
-1359.62
-313.054
-69.9047
-17.6994
-1019.03
-357.776
-93.1076
-22.2851
-5.68689
-6754.16
-1643.14
-383.649
-86.424
-21.9899
-1626.11
-503.143
-125.134
-28.9228
-7.28996
-6315.94
-1531.73
-356.069
-79.8684
-20.2538
-1240.63
-422.933
-108.724
-25.6717
-6.48293
-6945.95
-1691.66
-395.693
-89.2806
-22.7539
-1856.71
-554.124
-135.625
-30.8895
-7.76267
-7227.4
-1744.89
-408.657
-92.1603
-23.4744
-1932.35
-577.911
-142.637
-30.1883
-8.02295
-521.242
-7153.29
-6528.16
-2321.49
1687.42
2864.83
7966.7
11650.7
1795.55
8555.09
-1735.52
2586.29
2523.13
5032.3
9550.91
13533.3
14437
18137.8
5897.9
7641.42
-19987.5
-14388.1
-4518.49
-3453.91
-2470.93
-3503.57
-3328.34
-12193.6
-11425.9
-9832.72
-10455
-8506.58
-6127.16
-8079.55
-5248.91
-4448.55
-5365.95
-3683.34
-19800.2
-10156.7
-3488.78
-5987.35
-8266.31
-5725.36
-6178.38
-4572.02
-2731.89
-3853.32
-4151.78
-4501.15
-19632.9
-12796.7
-12118.7
-8710.37
-8578.75
-9080.69
-3768.57
-4934.42
-6389.46
-14069.5
-11994.5
-9883.17
-8905.22
-7433.65
-9289.92
-6312.23
-4814.93
-3607.14
-1809.37
-3974.34
-3279.95
-2444.79
-1515.92
-516.907
-3076.7
-2567.41
-1925.06
-1192.56
-404.322
-2189.25
-1814.31
-1350.14
-830.95
-280.59
-3126.38
-2611.49
-1957.3
-1210.42
-409.546
-2945.67
-2440.48
-1818.18
-1121.62
-379.627
-7748.82
-5840.66
-4483.62
-4042.65
-4237.39
-6177.17
-4473.69
-3125.81
-2540.58
-1745.27
-6126.61
-3676.48
-2515.62
-1715.26
-805.123
-5343.02
-3561.03
-2334.62
-1665.15
-964.016
-3962.18
-2456.88
-1513.16
-1027.65
-495.073
-4830.69
-3589.49
-2463.3
-1462.05
-500.103
-5494.97
-3531.59
-2297.27
-1363.05
-503.445
-3444.32
-2066.49
-1239.05
-669.647
-224.674
-3653
-2806.78
-1965.62
-1169.66
-393.115
-4270.41
-3175.98
-2156.03
-1250.72
-414.109
-3058.26
-2370.49
-1666.24
-988.708
-329.519
-12964.7
-9742.96
-7715.09
-6677
-6163.81
-7434.98
-5348.63
-3866.51
-2581.44
-1138.72
-2891.37
-2250.36
-1601.72
-970.714
-332.872
-5046.78
-4007.26
-2913.18
-1800.35
-627.98
-6735.67
-5247.55
-3823.45
-2432.53
-910.626
-4846.79
-3877.86
-2849.91
-1783.09
-628.425
-5321.4
-4318.69
-3196.28
-1993.75
-692.457
-3961.63
-3221.01
-2373.94
-1465.19
-500.782
-2348.24
-1884.49
-1364
-824.848
-276.84
-3382.22
-2776.61
-2051.36
-1258.26
-424.934
-3518.8
-2790.48
-2007.26
-1215.53
-411.223
-3882.64
-3138.54
-2298.03
-1409.74
-479.909
-13499.8
-11017.3
-9020.4
-7826.2
-6605.69
-8824.87
-6264.68
-4747.04
-3444.27
-1714.73
-8860.9
-6942.07
-5199.58
-3761.5
-1789.54
-6805.67
-5119.76
-3804.15
-2548.93
-1023.94
-7112.59
-5642.15
-4171.8
-2677.13
-995.77
-7039.23
-5256.88
-3881.38
-2588.76
-1027
-3218.25
-2585.69
-1895.51
-1174.5
-406.806
-4333.25
-3564.13
-2643.24
-1629.47
-552.671
-5472.14
-4411.45
-3245.01
-2015.16
-697.67
-5793.6
-11818.4
-12271.4
-33702.6
-12057.8
-44987.1
-6594.18
-16021.7
-12068.1
-9298.3
-20114.9
-16739.2
-11989.8
-11225.1
-22505.3
-17748.2
-4270.68
-3178.81
-8286.71
-5708.56
-9564.2
-7212.1
-25730.3
-19050
-15739.7
-11907.8
-16193.3
-9612.14
-1215.39
-3901.84
-41887.2
-54767.9
-25288.5
-31970.5
-55235.8
-70891
-27133.4
-31944.9
-31264.8
-43082
-25464.9
-34737.7
-16964.1
-25536.8
-2049.78
-541.828
-3607.86
-1232.15
-6971
-3122.72
-14159.2
-5119.83
-3055.61
-1741.85
-7652.31
-2409.93
-15835.2
-4980.76
-20576.5
-6940.12
-16939.1
-8804.22
-19591.7
-11626.7
-15337.5
-10991.3
-17294.5
-13354.2
-15726.3
-9204.32
-12422.2
-6448.57
-22202.6
-14102.2
-23146.9
-14816.4
-20282.4
-15296
-21432.8
-15954.3
-18521.9
-11592.4
-19817.1
-12364.1
-17283.2
-7663.76
-7551.25
-10016.5
-15456.1
-7845.34
-5680.92
-9876.76
-19119
-7841.21
-9168.52
-10263.8
-20320.7
-8097.33
-10315.8
-10849.2
-1177.64
-1066.65
-289.013
-1286.9
-4787.13
-4971.94
-3018.1
-6031.21
-2718.42
-3388.08
-4715.06
-8933.74
-12267.6
-9699.56
-9629.85
-12107.6
-8067.95
-7606.56
-8226.02
-7164.31
-14044.4
-12408.6
-11826
-10018.5
-7054.72
-6123.49
-13426.9
-1154.53
-864.595
-650.104
-730.405
-4460.07
-3530.77
-3803.01
-3353.41
-684.432
490.035
-4505.5
-3542.55
-10184.5
-10815.3
-9548.4
-8753.59
-7257.21
-5270.77
-9546.8
-7587.59
-8705.89
-6818.49
-11692.9
-11807.8
-10076
-7762.1
-7520.41
-5012.65
-6699.15
-4166.83
-10128.7
-6117.21
-9414.94
-4987.32
-8417.45
-9520.35
-13171.5
-17448.8
-13903.2
-20280.5
-6506.86
-7657.87
-7866.59
-2776.36
-7782.82
-15177.7
-7538.94
-16392.9
-13763.8
-25169.1
-14073.3
-26624.7
-5832.03
-13071
-5487.77
-14077.5
-7980.27
-6191.74
-11645.3
-4650.12
-7639.51
-1698.25
-10010.5
-1141.14
-7952.86
-9421.55
-12317.1
-5690.05
-6705.55
-11212.5
-10970.6
-7478.98
-846.546
-785.038
-585.521
-675.593
-2689.61
-1969.49
-2457.51
-2238.05
1065.65
547.403
-2875.79
-3178.39
-10680.8
-10082.8
-7777.66
-6658.07
-4195.36
-3504.8
-5959.61
-4897.67
-5738.87
-4176.35
-18332.8
-15931.9
-8083.73
-6782.93
-6227.72
-4648.39
-5214.48
-3273.3
-5635.5
-2380.8
-5629.07
-9269.21
-4915.93
-9433.59
-8494.15
-10568.3
-9567.2
-13020.9
-976.702
-691.481
-737.567
-616.334
-3618.06
-2536.53
-2931.94
-1585.89
-1291.46
-1589.39
-8328.31
-8921.34
-4634.59
-4169.62
-9470.41
-9855.51
-14724.5
-16965.4
441.972
4058.04
-7364.61
-7176.89
-7135.44
-5637.05
-1040.74
-930.73
-1132.26
-925.305
-1649.5
-1063.76
-506.417
-404.953
-8049.7
-3608.95
-6839.98
-3013.49
-9326.08
-3598.3
-11134
-3861.48
-5355.34
-10256.6
-7008.07
-10748.3
-8776.48
-11824.2
-11593.6
-12824.3
-5150.69
-9090.32
-4633.11
-9047.78
-8231.63
-10850.4
-9500.32
-11241.5
-13449.1
-13481.6
-14794.2
-14020.9
-5541.81
-8938.8
-6151.59
-9163.7
-275.786
-1955.11
-7603.53
-4972.68
-252.653
-2021.5
-7533.19
-4759.25
-601.978
-1996.05
-7588.75
-5134.29
-816.272
-1944.05
-7471.18
-5050.76
-1038.31
-1129.49
-962.001
-1025.96
-1993.79
-2021.06
-1309.89
-1397.88
-8232.56
-7508.2
-3670.06
-3647.18
-3624.38
-5122.26
-3909.16
-79.794
-1577.93
-1195.69
-1314.96
-3548.06
2778.1
-630.743
-13986.1
-11734.3
-10435.5
-8908.52
-5343.63
-1128.18
-1004
-1147.18
-1401.45
-1987.67
-1548.58
-1791.48
-2368.99
-7794.02
-7612.55
-4033.03
-5160.55
-4987.07
-6673.22
-3072.47
-5001.53
-4707.85
-5123.21
-965.758
-1351.95
-2550.87
-3845.95
-9684.21
-7906.42
-7524.57
-5488.01
-6441.27
-4565.14
-5559.88
-3980.25
-3873.05
-4211.69
-8191.27
-8054.35
-11080.8
-7118.88
-10406.3
-11114.9
-13055
-10959.4
-9119.54
-5589.89
-6665.05
-6616.14
-12105.9
-5846.08
-12923.6
-5910.22
-13973.4
-10817.5
-14762
-11076.4
-9975.31
-4314.06
-10618.4
-4371.86
-7253.4
-5572.68
-5530.75
-7509.27
-6171.1
-6474.51
-5441.67
-7784.48
-7513.51
-5140.34
-5574.08
-8046.83
-8534.48
-5071.11
-6438.97
-7766.85
-794.437
-688.329
-1008.16
-754.852
-1335.86
-1606.24
-1457.8
-1100.94
-7385.2
-6468.67
-3417.46
-1540.1
-7823.85
-7396.12
-6021.21
-5398.21
-4950.13
-4253.86
-1713.96
-1797.28
-3661.96
-1687.81
-8604.54
-7347.08
-4814.14
-3854.91
-3668.09
-2398.31
-2613.62
-1232.88
-3788.64
-93.44
-208.348
-93.6454
-32.467
18.3306
-188.889
-114.962
-34.5105
16.1334
-565.044
-245.299
-4.79284
145.936
-496.569
-279.384
-18.5043
107.961
-932.421
-366.695
33.924
335.2
-906.489
-432.077
-135.938
21.2536
-628.947
-292.056
-141.346
-44.598
-489.964
-196.092
-14.5417
94.8669
-1407.07
-487.982
-126.748
103.666
-1669.71
-474.741
-109.946
398.029
-1344.16
-465.384
-80.0688
219.048
-1513.67
-426.003
-135.288
357.042
-1320.47
-451.415
-44.7794
232.045
-1732.79
-490.493
-95.5731
466.188
-1201.12
-385.833
29.2555
339.307
-1716.9
-475.1
-73.7501
503.547
-194.619
-77.6502
-12.304
57.8227
-167.232
-58.9653
-26.517
54.0984
-501.449
-202.236
-16.0323
152.985
-420.031
-154.459
-67.4714
141.008
-997.685
-343.69
-13.6687
322.799
-904.977
-297.644
-83.3513
290.937
-1105.58
-399.501
-70.8316
244.893
-834.342
-279.285
-108.289
323.87
-1522.15
-423.993
-119.561
508.739
-121.297
-43.9617
-13.1495
36.5376
-56.7996
-30.1967
-12.5293
0.704084
-365.076
-127.176
-57.259
85.0734
-186.345
-90.1091
-46.6058
-5.19884
-648.552
-212.22
-87.8585
152.743
-376.253
-158.217
-72.6161
-3.64441
-986.416
-305.911
-110.15
233.079
-655.023
-233.661
-96.6597
0.520947
-1299.01
-368.78
-179.9
191.788
-879.64
-282.223
-131.428
-16.9674
-1732.8
-478.434
-194.387
237.846
-869.242
-263.775
-109.981
8.12767
-1669.79
-467.893
-219.019
195.038
-961.848
-292.902
-127.21
-8.60392
-1713.14
-442.294
-149.733
308.96
-780.217
-214.407
-69.7736
44.8831
-1630.14
-383.889
-100.3
348.815
-694.36
-155.958
-27.9781
75.454
-3.02541
-6.58708
-4.60247
-2.87691
-2.05548
-18.4877
-13.456
-8.1304
-4.89498
-3.46062
-5.29968
-15.1819
-10.6604
-6.65609
-4.752
-40.3757
-30.0472
-18.197
-10.9438
-7.73065
0.0219382
-18.2434
-13.1258
-8.21634
-5.86717
-53.5719
-39.9513
-24.092
-14.4556
-10.2024
-26.4558
-20.2161
-12.2476
-7.34859
-5.18355
-2.01311
-8.30634
-5.94624
-3.7183
-2.65171
-9.59278
-20.4362
-13.8415
-8.54087
-6.07473
5.45004
-6.62577
-5.12045
-3.2394
-2.31954
-30.9893
-28.7431
-17.7259
-10.691
-7.55804
0.940174
-7.73998
-5.47972
-3.41025
-2.4309
11.2892
-9.37256
-7.70626
-4.93727
-3.54386
7.88501
-5.30969
-4.33868
-2.76478
-1.98143
33.2623
0.215175
-2.79008
-2.12736
-1.58613
21.8983
0.987985
-1.04192
-0.865167
-0.654103
1.3739
-4.43648
-3.32465
-2.10505
-1.50908
-3.48938
-4.52344
-2.92728
-1.79477
-1.27637
-2.93856
-12.9448
-8.92177
-5.53376
-3.94272
-13.2084
-13.0976
-8.11581
-4.91328
-3.47897
11.6121
-13.5848
-10.2981
-6.49589
-4.64535
-22.7869
-19.3371
-11.6356
-6.98658
-4.93278
-28.6178
-23.8134
-14.2465
-8.53869
-6.02915
-27.3716
-16.5757
-9.42859
-5.58258
-3.92682
-21.1723
-14.0875
-8.13484
-4.84062
-3.41207
-43.8572
-199.978
-55.7517
-505.76
40.6563
-689.537
373.246
-597.334
668.68
-1.50931
-733.985
-1263.89
233.555
39.7475
-1174.44
-1869.22
-1489.22
-2136.68
-636.523
-151.198
-34.3962
-7.6469
-1.92902
-165.095
-92.0006
-12.8179
-3.55589
-1.60644
-1966.37
-463.135
-105.624
-23.356
-5.89873
-394.295
-121.541
-31.3744
-6.79378
-1.88284
-3310.94
-779.289
-178.104
-39.511
-9.95752
-684.553
-216.254
-54.4664
-12.9299
-3.30127
-4455.08
-1048.01
-240.281
-53.4553
-13.4886
-860.357
-282.326
-72.2226
-17.1783
-4.35379
-5598.55
-1323.95
-305.157
-68.1895
-17.2758
-1028.43
-354.978
-92.0727
-22.0172
-5.62237
-6685.53
-1623.55
-378.735
-85.2805
-21.6957
-1644.55
-504.981
-125.174
-28.8762
-7.27035
-6211.5
-1503.33
-349.269
-78.3374
-19.8697
-1280.39
-425.497
-108.597
-25.5598
-6.44862
-6907.57
-1680.48
-392.802
-88.5924
-22.5735
-1861.65
-554.463
-135.565
-30.8566
-7.7514
-7214.87
-1741.24
-407.698
-91.9286
-23.4133
-1932.7
-577.796
-142.581
-30.1778
-8.01904
-510.739
-7056.56
-6217.04
-2206.77
-1585.56
-915.533
-3718.02
-2664.49
-6559.29
-6121.47
-3134.94
-2349.08
-337.167
-522.195
-905.379
-1484.69
-2248.33
-3135.02
-245.216
-532.836
-1116.52
-1960.88
-2983.72
-4050.13
-255.288
-117.609
-442.7
-301.953
-822.611
-679.713
-1386.62
-1282.36
-2014.58
-1928.55
-2674.56
-2400.04
-3932.31
-4495.61
-4949.22
-7481.23
-8463.79
-9378.17
-4968.11
-5521.75
-5548.07
-5110.79
-4418.99
-3895.31
-304.397
-257.667
-195.533
-121.986
-41.4466
-471.076
-398.393
-302.05
-188.307
-63.9569
-815.989
-689.347
-522.11
-325.258
-110.43
-1336.36
-1127.31
-852.69
-530.716
-180.11
-2019.69
-1700.08
-1283.55
-797.979
-270.693
-2807.02
-2354.9
-1773.3
-1101.01
-373.402
-221.286
-187.216
-141.996
-88.5512
-30.0803
-480.398
-406.005
-307.626
-191.695
-65.0923
-1005.71
-849.09
-642.741
-400.261
-135.872
-1763.87
-1486.97
-1124.15
-699.479
-237.364
-2678.43
-2253.08
-1700.33
-1056.95
-358.558
-3624.62
-3039.66
-2288.72
-1421.28
-482.136
-230.535
-195.205
-148.178
-92.4635
-31.4195
-106.214
-89.9448
-68.2816
-42.6102
-14.4795
-399.522
-338.035
-256.401
-159.899
-54.3168
-272.565
-230.678
-175.014
-109.164
-37.0856
-741.793
-627.049
-475.19
-296.142
-100.562
-613.118
-518.451
-393.012
-244.978
-83.1965
-1248.85
-1054.18
-797.802
-496.711
-168.589
-1155.19
-975.305
-738.201
-459.617
-155.996
-1810.91
-1525.29
-1152.05
-716.294
-242.967
-1733.81
-1460.41
-1102.9
-685.552
-232.486
-2395.58
-2010
-1513.2
-938.986
-318.28
-2149.83
-1803.36
-1356.69
-841.051
-284.86
-3501.83
-2922.69
-2193.33
-1360.57
-461.818
-3965.63
-3282.87
-2453.23
-1523.15
-519.282
-4290.86
-3505.61
-2607.79
-1629.37
-563.899
-6274.22
-5021.58
-3731.84
-2386.06
-867.938
-6698.4
-5205.42
-3887.82
-2603.71
-1056.37
-7102.14
-5410.29
-4059.86
-2815.01
-1232.63
-4426.18
-3696.19
-2775.49
-1722.53
-584.77
-4886.56
-4057
-3037.24
-1885.97
-641.979
-4859.03
-4001.29
-2986.38
-1860.2
-637.808
-4396.8
-3576.18
-2662.64
-1674.38
-585.338
-3671.87
-2924.42
-2176.52
-1401.89
-515.547
-3117.16
-2428.95
-1809.1
-1197.71
-465.867
-353.613
-573.594
-997.526
-1626.3
-2450.93
-3392.62
-267.814
-603.457
-1241.97
-2146.61
-3223.54
-4314.26
-270.636
-130.315
-491.376
-343.527
-912.149
-760.53
-1529.69
-1419.14
-2233.36
-2179.17
-2969.32
-2791.25
-4211.25
-4765.52
-5204.98
-7648.92
-8542.05
-9402.36
-5204.82
-5677.59
-5598.28
-5068.59
-4341.21
-3858.08
-319.34
-270.418
-205.291
-128.116
-43.5375
-517.81
-438.303
-332.62
-207.525
-70.5145
-899.889
-761.121
-577.187
-359.934
-122.272
-1465.61
-1238.19
-938.034
-584.582
-198.532
-2205.22
-1859.91
-1407.1
-876.23
-297.508
-3044.35
-2560.84
-1933.67
-1203.21
-408.547
-241.813
-204.726
-155.392
-96.964
-32.9493
-544.601
-460.824
-349.609
-218.084
-74.096
-1119.94
-946.813
-717.734
-447.479
-151.998
-1933.41
-1632.45
-1236.14
-770.177
-261.546
-2898.15
-2442.46
-1846.8
-1149.77
-390.376
-3868.06
-3251
-2453.39
-1526.27
-518.256
-244.472
-207.087
-157.263
-98.1664
-33.3638
-117.743
-99.7651
-75.783
-47.3153
-16.0828
-443.75
-375.774
-285.283
-178.043
-60.5053
-310.319
-262.87
-199.632
-124.619
-42.3554
-823.27
-696.699
-528.596
-329.745
-112.034
-686.643
-581.286
-441.178
-275.277
-93.5387
-1379.4
-1166.15
-883.955
-551.072
-187.177
-1280.12
-1082.59
-820.852
-511.822
-173.857
-2011.14
-1697.67
-1285.19
-800.569
-271.835
-1963.22
-1657.94
-1255.5
-782.164
-265.584
-2667.08
-2245.47
-1696.46
-1055.7
-358.397
-2509.27
-2114.21
-1597.91
-994.315
-337.471
-3761.61
-3150.92
-2373.29
-1476.43
-501.915
-4221.86
-3512.66
-2638.1
-1644.22
-561.662
-4541.33
-3737.18
-2799.49
-1758.08
-609.883
-6460.18
-5210.95
-3902.45
-2509.81
-915.716
-6805.76
-5325.31
-4004.65
-2696.41
-1097.06
-7140.89
-5455.28
-4105.35
-2852.83
-1250.19
-4646.78
-3890.18
-2928.63
-1821.23
-618.953
-5035.74
-4192.09
-3146.98
-1958.4
-667.443
-4913.79
-4057.18
-3036.65
-1896.09
-651.089
-4368.48
-3561.54
-2659.4
-1677.31
-587.803
-3610.05
-2879.14
-2148.36
-1388.92
-512.981
-3086.99
-2406.04
-1794.12
-1190.34
-464.243
-19934.2
-14444.1
-4895.19
-3849.83
-2945.43
-4083.41
-3815.87
-13021.1
-14544.7
-11482
-13239.6
-7724.08
-11132.9
-5873.26
-6145.12
-4459.04
-20528.8
-11209.1
-4235.4
-6929.33
-9146.77
-6250.83
-6843.77
-5168.3
-3166.34
-4538.37
-5123.19
-5239.02
-19534.5
-12996.6
-12789.4
-9110.53
-9042.1
-9630.44
-4453.53
-5586.84
-7046.04
-14087.4
-12068.5
-9993.62
-9053.18
-7570.91
-9381.49
-6406.39
-4905.54
-3682.11
-1841.82
-4333.82
-3604.02
-2706.64
-1687.91
-577.22
-3444.57
-2889.68
-2178.36
-1355.18
-460.49
-2632.86
-2205.55
-1659.6
-1030.53
-349.686
-3662.89
-3079.33
-2323.37
-1444.55
-490.222
-3403.72
-2846.51
-2140.73
-1330.3
-451.995
-9444.15
-7770.28
-6310.42
-5559.47
-5325.79
-10730
-9158.79
-7323.49
-5752.92
-3333.22
-8238.09
-5767.89
-4301.19
-2952.16
-1255.28
-9759.84
-7985.93
-6194.45
-4482.65
-2127.7
-6509.36
-5198.75
-3816.29
-2371.54
-822.539
-8704.66
-6468.68
-4694.45
-2956.18
-1071.86
-5073.39
-4124.86
-3049.21
-1888.4
-646.374
-5287.27
-4284.9
-3161.68
-1957.78
-670.838
-3886.45
-3181.44
-2358.34
-1458.22
-496.604
-14322.8
-11332.2
-9275.72
-8006.64
-7087.18
-8672.85
-6603.83
-4971.18
-3367.84
-1450.25
-3649.18
-2966.12
-2199.17
-1371.29
-475.068
-5990.78
-4893.58
-3652.1
-2297.14
-805.578
-7678.05
-6173.95
-4624.47
-2990.25
-1119.57
-5382.55
-4389.13
-3282.95
-2078.72
-735.685
-5968.76
-4912.78
-3684.06
-2318.75
-807.951
-4541.22
-3752.31
-2808.89
-1753.44
-602.413
-2791.57
-2308.37
-1721.91
-1066.35
-362.516
-4033.95
-3361.96
-2522.02
-1565.63
-532.135
-4475.59
-3674.61
-2733.55
-1697.01
-580.731
-4602.65
-3800.27
-2840.28
-1768.92
-606.402
-13637.6
-11300.4
-9392.06
-8246.45
-7021.72
-9110.51
-6560.35
-5026.06
-3666.61
-1814.13
-9783.95
-7909.77
-6104.58
-4461.69
-2105.02
-7263.42
-5587.85
-4225.51
-2857.55
-1143.35
-7618.12
-6149.77
-4620.88
-2997.22
-1118.36
-7675.18
-5895.31
-4454.49
-3005.53
-1190.96
-3881.73
-3191.33
-2389.55
-1501.38
-522.227
-4954.3
-4122.28
-3092.4
-1923.09
-655.166
-6126.72
-5025.25
-3757.46
-2360.41
-821.071
-457.273
-1310.67
-2101.31
-2860.67
-3589.32
-4274.19
-2717.87
-7289.63
-6892.26
-2647.6
-9242.43
-7763.2
-9191.54
-10158.1
-2471.4
-1593.25
-5742.51
-3292.82
-10860.5
-7747.15
278.189
-2199.64
-6060.2
-5644.6
-2125.18
-7839.4
-6303.27
-7681
-8620.7
-2044.45
-931.157
-4937.1
-1692.99
-8953.35
-4631.51
1674.08
-1598.8
-4584.78
-4251.16
-1546.95
-6160.12
-3735.53
-6189.59
-6817.92
-1535.82
-849.306
-3481
-1769.6
-7099.06
-1780.34
1817.2
-1168.35
-3524.3
-3329.11
-1170.32
-4677.92
-2229.96
-5102.54
-5969.2
-1149.01
-896.005
-2536.84
-1797.73
-6208.64
-313.094
1367.54
-937.432
-2969.89
-2848.04
-979.448
-3727.91
-1832.45
-4548.06
-5769.33
-903.398
-980.871
-1809.33
-1733.3
-5396.58
-99.3147
174.604
-823.641
-2635.01
-2603.33
-882.709
-3436.82
-2107.88
-4194.32
-5504.2
-692.535
-769.747
-1480.03
-1693.5
-5313.39
-951.556
-483.54
-1396.19
-3407.42
-5045.53
-1954.13
-5514.42
-9660.43
-7377.35
-10618.4
-998.546
-691.958
-3866.62
-2343.95
-1105.27
-9181.59
-4765.01
-1297.66
-3173.63
-4426.27
-1695.37
-5091.78
-8721.14
-6648.4
-9022.67
-1019.88
-607.244
-3997.66
-2207.39
-285.42
-8994.68
-3553.38
-1138.82
-2794.88
-3616.06
-1358.21
-4628.42
-7776.56
-5643.62
-7912.93
-902.181
-696.813
-3406.4
-2292.17
-515.579
-7239.26
-3380.6
-981.943
-2514.7
-2990.18
-1099.03
-4309.78
-7036.52
-5009.72
-7162.84
-824.968
-699.641
-3138.44
-2370.01
-343.653
-6692.26
-3386.77
-885.598
-2259.5
-2648.01
-958.492
-3904.57
-6439.72
-4559.87
-6793.99
-770.552
-753.595
-2843.42
-2560.19
-501.913
-6404.75
-3441.38
-821.411
-2014.8
-2451.3
-880.174
-3600.87
-6352
-4228
-6564.08
-799.913
-877.656
-2531.21
-2438.04
-762.37
-6548.71
-3813.52
6237.63
7876.19
16296
23847.8
24288.9
41839.9
18620.7
47402.6
15158.8
33284.1
22697.7
34472.9
20323.3
26745.1
7683.6
8720.32
15373.9
17612.1
19798.8
19636.4
15556.7
19193.8
22904.8
20531.6
5164.44
3938.14
6333.07
4291.47
12994.6
10406.7
22199.7
16113.4
17119
17847.1
19076.2
18297.9
6767.85
5239.74
40490.3
54197
26169.1
32120.6
54340.6
70524.9
28103.4
32179.2
30073.7
42470.9
26268
34794.7
15415
24800.5
2813.65
966.774
2882.22
1052.77
8967.2
3625.54
12313.4
4540.34
8798.2
3366.56
9284.93
2981.28
15814.9
5038.62
20393.4
6890.3
24754.1
12335.2
22660.9
13426.3
23123.6
14963.1
20343.5
15251.3
17892.4
10641.5
17919.6
9174.37
23387
14909.9
23442.6
15036.4
21496.3
16119.2
21757.2
16177.1
19317
12254.3
20005
12546.3
18317.9
7970.35
8501.61
10406.4
18392.3
8729.14
7451.59
10595.2
19392.6
7919.43
9610.71
10453.8
20352.6
8104.57
10440.1
10904.2
3630.64
3927.72
1252.16
2427.76
11223.8
11887.5
4366.49
7838.95
14436.9
16001.5
7057.81
12046.1
12301.8
898.746
13841.4
17260.5
9475.17
551.538
7338.39
12541
20301.9
14410
10207
12472
11010.3
9597.18
15102.2
3356.66
2716.93
1903.85
1909.87
10368.5
8665.77
6355.91
6011.57
12861.8
10751.3
8219.79
7349.67
5787.65
7418.18
12031
12522.6
14337.6
13026.3
16191.4
14016.7
11168
9408.08
9180.45
9538.95
12155.2
9403.29
11140.5
7932.65
9710.84
6548.58
11463
7451.17
10361.2
4607.3
8945.48
9571.55
12700.7
16422.3
13991.3
20274
7153.66
7828.34
9204.24
2674.8
7991.81
15296.6
7592.15
16442.1
13862.8
25056.2
14108.6
26639.4
6088.29
13215.2
5551.99
14124.7
8443.81
6269.42
11823.7
4591.02
8610.53
1434.4
10265.7
519.657
8142.51
9503.57
12400
5686.73
6757.78
11242.2
10994.9
7487.55
2097.98
1848.74
1651.47
1555.55
1425.95
1271.83
6998.6
5629.43
4790.91
4554.18
3580.17
3049.13
8437.65
7162.09
6563.11
5426.73
4334.23
4053.77
6434.8
5580.66
5402.58
10845.4
8053.27
6698.65
10349.3
7466.84
5958.85
10836.5
8382.54
7209
6919.76
4455.6
3419.46
15595.1
13242.9
11296.8
10139.8
8269.05
6726.11
9140.08
6938.76
5401.59
7784.47
5486.48
4095.75
8186.13
4476.1
2444.97
10524.4
14234.4
8348.99
10767.7
11444.7
16771.4
10249.1
14870.9
63.8333
620.687
-434.906
59.4588
2967.19
3404.12
1240.48
743.783
674.842
2376.91
9466.42
13781.4
6643.76
3700.31
10074.4
10007.4
15630.1
17224.4
-623.359
-4219.31
7644.87
7200.61
7282.79
5613.9
888.01
486.472
572.916
244.106
2013.31
169.632
-297.503
-844.363
9235.18
2327.52
6289.98
1610.09
9124.28
2762.51
11047.5
3522.47
8943.65
11989.1
8254.68
11679.7
14494
15257.4
13814.7
14426.1
5632.74
9335.13
6516.4
9283.18
8756.87
11241.9
9655.84
11345.2
14391
14156.3
15063.3
14202.6
5685.08
9023.81
6183.71
9178.37
-255.089
1197.41
7228.29
4366.27
-806.937
789.602
6696.05
3848.35
207.586
1464.83
7384.63
4765.37
654.004
1730.57
7410.14
4923.98
-675.527
-768.816
137.614
-15.2326
-2943.68
-2961.17
-259.176
-434.93
-685.669
-2053.1
1552.8
875.31
-10258.6
-9701.74
-5579.94
-4327.73
-544.146
-10603.4
-10781.2
-4301.07
-6370.34
-953.104
10419.5
8091.09
7066.2
6518.05
3809.74
-772.09
-693.368
-78.2537
2.2328
-2534.07
-2426.63
-174.684
36.3314
-2589.45
-3041.09
542.689
800.101
-5122.23
-2235.28
-8070.67
-4951.88
-3603.47
-2674.88
-4092.88
-3483.11
262.592
1117.01
3824.62
2406.09
1056.89
-974.129
945.956
-765.741
1544.6
246.957
1819.53
2052.23
5182.5
4704.82
9870.61
5929.71
8160.98
8149.32
12378.5
9990.42
7653.75
4447.47
3779.45
3721.2
11644.9
5113.28
12806.6
5734.62
13807.4
10198.2
14733.4
10946.1
9311.4
3603.18
10433
4184.65
5868.06
4551.6
4321.36
6377.92
3741.46
4167.36
3671.15
5908.97
6797.33
4476.96
4893.06
7331.01
8311.86
4864.31
6219.32
7563.42
-683.043
-697.801
-775.849
-59.9371
-260.303
-284.036
-2580.85
-2694.76
-2674.48
-220.777
-742.939
-741.83
-3318.76
-3616.67
-3673.85
462.808
-739.545
-982.817
-1145.74
-966.097
-663.24
-3528.09
-3564.11
-3296.98
-2873.42
-3192.88
-3117.81
-3563.64
-3747.01
-3622.5
1134.47
-338.04
-442.236
3503.42
2009.79
1089.48
-883.225
-1910.42
-2456.23
-884.349
-2171.94
-2728.11
-422.065
-1796.36
-2186.66
2013.96
-463.362
-751.937
-25.5163
-31.4341
-37.4102
-55.5146
-238.048
-128.266
-103.124
-94.7723
-19.7137
-69.1226
-157.003
-232.594
-412.414
-251.248
-278.131
-284.11
193.938
-25.0975
-226.06
-417.389
-159.154
-202.118
-249.738
-273.241
-34.9118
-119.175
-113.348
-107.733
200.468
10.4993
-101.006
-166.084
869.111
183.327
-63.8959
-235.21
1351.1
317.114
24.6725
-415.224
590.675
76.1337
-143.737
-364.464
1104.21
239.81
40.6816
-358.716
932.141
219.412
-93.0878
-308.565
1519.32
377.94
28.4178
-490.918
1042.46
287.808
-88.3494
-372.973
1639.05
432.335
47.8936
-512.868
-10.0831
-18.4347
-33.5627
-71.488
-38.9876
-27.3829
-18.4969
-64.8827
-82.453
-73.7746
-119.264
-217.155
-170.459
-101.288
-67.3657
-195.821
352.897
45.0421
-124.099
-365.187
141.784
-29.6298
-84.8351
-343.255
42.9058
-112.018
-192.258
-369.41
-11.0774
-91.98
-70.4465
-345.982
939.791
181.519
3.89692
-480.557
-82.3576
-39.9225
-26.1038
-50.5688
-145.935
-57.6353
-28.6765
-24.2993
-171.648
-99.4434
-58.739
-142.46
-391.757
-163.326
-76.8095
-68.1888
-118.367
-113.236
-80.9501
-232.263
-505.25
-231.224
-116.076
-106.773
55.9241
-103.933
-101.646
-323.796
-409.961
-250.495
-137.061
-134.723
470.308
-16.2884
-37.2409
-303.911
-143.258
-215.866
-122.55
-135.744
1089.88
113.583
-17.9356
-348.08
340.063
-51.5614
-71.9568
-122.224
829.641
31.2564
-28.9499
-323.376
184.12
-125.43
-100.957
-134.721
1327.19
211.509
12.5341
-378.243
477.038
18.997
-44.7383
-113.717
1504.26
306.408
53.6937
-372.376
600.248
92.9093
-9.44734
-97.7793
-24.6837
-10.4877
-5.12925
-2.84287
-1.9488
-32.4785
-15.9103
-8.30591
-4.71926
-3.26277
-64.8997
-26.5779
-12.8453
-7.09894
-4.86341
-80.0849
-38.643
-20.0901
-11.414
-7.89401
-86.0018
-33.27
-15.8677
-8.74914
-5.99344
-106.974
-50.9657
-26.4945
-15.0752
-10.4351
-55.6328
-25.9504
-13.4255
-7.64432
-5.2976
-39.9867
-15.3688
-7.23751
-3.98728
-2.73724
-85.3154
-33.6631
-16.3139
-9.07085
-6.23438
-40.9552
-13.9304
-6.37314
-3.47868
-2.3771
-90.0152
-38.9282
-19.7353
-11.1405
-7.69129
-38.7796
-13.861
-6.54171
-3.6046
-2.47034
-65.9747
-22.1615
-9.93755
-5.38171
-3.67211
-38.7829
-12.375
-5.52316
-2.99828
-2.04842
-58.1236
-14.5929
-5.26569
-2.58734
-1.71099
-32.1757
-6.96808
-2.30858
-1.09532
-0.716451
-20.6849
-7.99853
-3.79384
-2.07961
-1.4195
-14.9174
-6.31048
-3.13198
-1.74412
-1.19623
-56.0529
-22.0326
-10.6419
-5.88534
-4.0337
-43.1098
-18.4203
-9.2499
-5.18
-3.56322
-78.4957
-27.3175
-12.698
-6.94466
-4.74665
-58.367
-25.3374
-12.8906
-7.26012
-5.00643
-69.7364
-30.2123
-15.4611
-8.73702
-6.02965
-39.6209
-19.1267
-10.0467
-5.71597
-3.9539
-35.8037
-16.3764
-8.53809
-4.84677
-3.34918
234.105
371.234
630.736
1063.8
555.966
1280.77
-44.1286
972.86
-723.457
-33.9953
631.386
1163.51
-451.845
-361.806
1128.18
1835.59
1477.25
2129.6
592.699
137.646
31.0574
6.87543
1.73043
180.455
87.6965
11.7408
3.18035
1.47024
2099.14
489.137
111.103
24.5255
6.18695
510.664
141.121
34.7078
7.38663
2.00434
3470.02
808.872
184.169
40.7827
10.2672
796.945
234.35
57.419
13.4268
3.39644
4636.64
1083.84
247.801
55.0473
13.8769
924.197
294.321
74.4275
17.5931
4.43818
5759.62
1359.64
313.056
69.9042
17.699
1019.29
357.854
93.1294
22.2905
5.68834
6754.49
1643.21
383.665
86.4269
21.9905
1626.23
503.179
125.143
28.9249
7.29052
6316.22
1531.79
356.079
79.8699
20.254
1240.8
422.984
108.738
25.6752
6.48386
6946.31
1691.75
395.711
89.2844
22.7547
1856.82
554.156
135.632
30.8912
7.76309
7227.79
1744.98
408.678
92.1647
23.4754
1932.46
577.943
142.645
30.1898
8.02333
519.101
7152.07
6524.55
2315.21
-1473.59
-2549.89
-7982.83
-11662.6
-1842.01
-8610.77
1717.84
-2609.54
-2538.66
-5050.25
-9586.85
-13575.4
-14358.4
-18047.4
-5075.44
-6583.41
19986.8
14387.5
4518.25
3453.71
2470.81
3503.39
3328.17
12193.2
11425.9
9832.44
10455.1
8506.82
6127.03
8079.43
5248.96
4448.45
5365.91
3683.27
19799.5
10156.3
3488.67
5987.1
8265.93
5725.09
6178.07
4571.8
2731.81
3853.14
4151.65
4500.95
19632.2
12796.2
12118.1
8709.97
8578.33
9080.29
3768.4
4934.17
6389.16
14068.7
11993.7
9882.34
8904.41
7432.96
9289.39
6311.75
4814.5
3606.79
1809.19
3974.11
3279.74
2444.62
1515.81
516.87
3076.52
2567.26
1924.94
1192.48
404.295
2189.14
1814.21
1350.07
830.903
280.574
3126.21
2611.35
1957.19
1210.34
409.521
2945.51
2440.34
1818.07
1121.55
379.603
7748.26
5840.07
4483.05
4042.13
4236.87
6177.08
4473.57
3125.7
2540.45
1745.09
6126.3
3676.2
2515.37
1715.06
805.015
5343.03
3561.02
2334.62
1665.16
963.972
3962.3
2456.98
1513.26
1027.74
495.091
4830.56
3589.37
2463.2
1461.97
500.075
5494.83
3531.47
2297.16
1362.97
503.41
3444.36
2066.52
1239.08
669.669
224.68
3652.9
2806.69
1965.54
1169.61
393.097
4270.37
3175.94
2155.99
1250.69
414.101
3058.19
2370.43
1666.18
988.674
329.506
12963.8
9742.01
7714.17
6676.16
6163.07
7434.56
5348.22
3866.16
2581.17
1138.59
2891.26
2250.26
1601.64
970.658
332.851
5046.53
4007.04
2913
1800.22
627.931
6735.29
5247.19
3823.14
2432.31
910.537
4846.52
3877.62
2849.71
1782.95
628.372
5321.1
4318.43
3196.06
1993.6
692.403
3961.42
3220.82
2373.79
1465.09
500.746
2348.16
1884.42
1363.94
824.809
276.826
3382.06
2776.47
2051.25
1258.19
424.909
3518.67
2790.36
2007.17
1215.46
411.2
3882.45
3138.37
2297.9
1409.65
479.877
13498.9
11016.4
9019.51
7825.37
6604.99
8824.33
6264.17
4746.58
3443.91
1714.55
8860.33
6941.5
5199.04
3761.07
1789.32
6805.25
5119.38
3803.81
2548.67
1023.83
7112.18
5641.76
4171.47
2676.89
995.677
7038.81
5256.49
3881.03
2588.49
1026.88
3218.09
2585.54
1895.39
1174.41
406.776
4333.02
3563.92
2643.07
1629.37
552.634
5471.85
4411.18
3244.79
2015.01
697.615
5363.01
10758.3
12294.4
33832.1
12093.6
45157.9
6084.93
14462.3
12054.9
9290.09
20062.3
16720.3
11976.6
11218.4
22450.6
17732.6
3960.56
2985.04
7560.81
5213.87
9565.49
7171.75
25842.8
19112.9
15698.5
11899.1
16173
9603.19
1210.09
3868.8
41896.5
54776.7
25284.8
31971.9
55243.6
70899.7
27130.1
31945.3
31272.3
43090.1
25460.6
34740
16974.2
25544.5
1973.9
541.244
3316.5
1144.77
6920.15
3102.09
14175.2
5123.81
3045.96
1737.71
7632.36
2402.95
15835.4
4980.6
20579.7
6941.18
16933.8
8800.94
19584
11623.2
15333.1
10988.4
17288.4
13351
15719.2
9201.28
12417.7
6445.63
22199.5
14100.2
23146.3
14815.4
20279.5
15294
21431.6
15953
18519.5
11590.7
19817.1
12363.3
17277.4
7661.98
7549.03
10016.2
15452.4
7843.94
5678.66
9876.33
19118.3
7841.12
9167.44
10263.8
20322
8097.86
10315.5
10849.4
1186.64
1062.85
317.734
1239.69
4703.52
4889.83
2984.22
5983.05
2713.39
3384.79
4711.67
8928.3
12265.6
9698.32
9628.06
12106.4
8066.89
7606.35
8225.5
7163.53
14044.3
12407
11823.3
10015.4
7052.11
6121.39
13426.4
1085.67
822.546
570.933
672.966
4445.01
3504.7
3842.48
3364.28
680.914
-491.595
4502.9
3542.14
10184.4
10815.6
9548.53
8754.08
7257.07
5271.08
9545.83
7587.04
8705.01
6818.38
11691.7
11807.5
10074.7
7761.99
7519.5
5012.63
6698.41
4166.71
10128.7
6117.34
9413.44
4987.05
8415.86
9519.85
13170
17448
13901.5
20279.4
6505.6
7657.63
7865.44
2776.23
7781.64
15177.3
7538.08
16392.6
13762.5
25168.1
14072.1
26623.9
5831.12
13070.9
5487.16
14077.5
7979.72
6191.74
11645.7
4650.3
7638.85
1698.21
10010.8
1141.26
7952.58
9421.66
12317.5
5690.26
6705.37
11212.7
10971
7479.27
806.445
771.039
542.606
643.62
2662.24
1934.43
2463.91
2232.13
-1066.18
-547.529
2875.79
3179.01
10681.1
10083.2
7778.09
6658.6
4195.79
3505.35
5959.48
4897.81
5738.92
4176.62
18332.6
15932
8083.73
6783.12
6227.76
4648.59
5214.49
3273.41
5635.61
2380.92
5631.66
9268.97
4921.44
9433.48
8493.06
10565.6
9563.73
13016
871.115
572.705
643.054
502.956
3657.46
2614.66
2983.82
1672.33
1296.24
1591.51
8329.55
8921.79
4636.43
4173.96
9469.56
9854.22
14721.9
16964.1
-440.945
-4057.73
7364.93
7175.78
7135.44
5636.68
902.153
846.497
986.744
839.486
1702.9
1075.6
558.733
416.404
8053.07
3610.38
6844.96
3016.26
9326.64
3599.12
11133
3861.39
5355.01
10255.6
7007.33
10747.1
8774.42
11822.2
11590.6
12822.1
5150.97
9089.71
4633.45
9047.32
8230.52
10849.1
9498.77
11240
13447
13479.9
14792.6
14019.4
5541.51
8937.93
6150.54
9162.43
277.657
1956.24
7603.38
4972.76
254.475
2022.54
7533.22
4759.46
602.819
1996.61
7588.23
5134.1
816.077
1944.07
7470.21
5050.28
903.634
977.675
878.863
929.611
2045.17
2083.05
1318.01
1411.43
8234.35
7508.9
3671.06
3647.66
3624.59
5121.99
3909.42
80.9705
1578.72
1196.05
1315.33
3547.95
-2777.31
631.268
13984.1
11733.2
10434.9
8908.49
5343.89
958.417
825.947
1021.91
1252.86
2054.32
1622.61
1824.43
2413.18
7794.95
7613.5
4033.05
5159.57
4987.21
6673.35
3072.71
5001.55
4707.76
5122.96
966.154
1352.08
2551.14
3845.7
9683.47
7906.2
7524.2
5487.9
6441.14
4565.07
5559.97
3980.27
3873.26
4211.65
8190.73
8053.97
11079.9
7118.38
10405.3
11114.3
13053.7
10958.6
9119.02
5589.57
6664.86
6615.91
12104.9
5845.55
12922.4
5909.53
13972.2
10816.8
14760.8
11075.6
9974.53
4313.69
10617.3
4371.31
7253.15
5572.42
5530.7
7508.95
6171.1
6474.34
5441.77
7784.28
7513.01
5139.98
5573.8
8046.33
8533.63
5070.58
6438.39
7766.17
600.8
516.658
884.403
656.328
1420.42
1677.06
1511.28
1146.31
7387.37
6471.59
3415.79
1540.87
7823.94
7396.27
6021.11
5398.21
4949.9
4253.8
1714.22
1798
3661.37
1687.72
8604.42
7347.18
4814.07
3854.99
3668.04
2398.4
2613.64
1233.1
3788.42
93.4081
190.537
85.6444
30.4725
-14.8298
172.517
105.86
31.6449
-14.5519
565.768
245.726
4.16415
-147.802
499.175
280.242
19.1878
-107.831
933.071
367.058
-33.6595
-334.955
907.749
432.655
136.205
-21.1121
629.449
292.31
141.483
44.6791
490.167
196.21
14.6151
-94.8155
1407.58
488.257
126.914
-103.538
1669.86
474.862
110.038
-397.932
1344.65
465.667
80.273
-218.846
1513.88
426.143
135.39
-356.936
1320.77
451.603
44.902
-231.952
1732.83
490.576
95.6497
-466.092
1201.21
385.935
-29.1682
-339.226
1716.84
475.143
73.8093
-503.457
177.81
70.8621
11.377
-51.7296
149.934
53.0069
24.4882
-48.4932
501.754
202.455
15.8914
-154.503
422.035
154.956
67.0895
-142.505
998.126
343.946
13.8944
-322.498
905.4
297.874
83.5265
-290.6
1106.04
399.785
71.0353
-244.675
834.709
279.501
108.428
-323.69
1522.41
424.163
119.685
-508.612
105.278
39.1197
12.0089
-32.5436
47.7819
27.135
11.6232
-0.187592
370.382
128.173
57.4305
-86.336
190.653
90.7628
46.6525
4.78084
649.1
212.457
87.9235
-152.524
377.069
158.529
72.7047
3.68749
986.786
306.135
110.278
-232.903
655.443
233.913
96.7731
-0.433265
1299.26
368.963
180.025
-191.643
879.913
282.429
131.546
17.0632
1732.93
478.575
194.491
-237.74
869.353
263.883
110.057
-8.06472
1670.01
468.076
219.148
-194.908
962.026
293.056
127.311
8.68836
1713.16
442.376
149.803
-308.874
780.26
214.469
69.8205
-44.8417
1630.05
383.915
100.34
-348.745
694.334
155.976
27.9994
-75.4285
3.36139
6.25068
4.30619
2.68004
1.91201
17.5116
12.5559
7.54522
4.53188
3.20059
4.94535
15.1111
10.6494
6.65514
4.75281
39.9466
29.927
18.1617
10.9302
7.72298
0.0159704
18.2688
13.1463
8.23024
5.87742
53.6048
39.9804
24.1178
14.4745
10.2171
26.4824
20.2313
12.2584
7.35626
5.18936
2.03121
8.31528
5.9519
3.72222
2.65472
9.63247
20.459
13.8586
8.55327
6.0843
-5.42985
6.6364
5.12797
3.24488
2.32383
31.0444
28.7714
17.7458
10.7045
7.56785
-0.917133
7.75195
5.48824
3.41639
2.43559
-11.2609
9.38673
7.71589
4.94417
3.54919
-7.8679
5.31775
4.34381
2.76839
1.98429
-33.2405
-0.205858
2.79575
2.13131
1.58922
-21.8874
-0.983719
1.0444
0.866879
0.655463
-0.833983
4.20575
3.10016
1.95392
1.39908
3.53373
4.23969
2.7117
1.65548
1.17552
2.62838
12.901
8.92098
5.53651
3.94456
12.9602
13.0819
8.12593
4.92101
3.48369
-11.5732
13.6088
10.3171
6.50861
4.65429
22.7967
19.3575
11.6548
6.99974
4.94234
28.6698
23.8395
14.2647
8.55118
6.03859
27.4009
16.5929
9.44175
5.59168
3.93381
21.2011
14.1016
8.14438
4.84719
3.41707
21.868
168.455
71.4183
522.1
-37.8816
691.491
-372.392
598.022
-668.41
1.76843
734.039
1263.98
-233.458
-39.6206
1174.5
1869.3
1489.29
2136.77
559.221
131.904
29.9197
6.63942
1.67319
140.394
81.1431
10.8267
3.02587
1.42286
1992.97
470.068
107.227
23.7141
5.98825
407.016
125.515
32.3079
7.03268
1.93903
3309.32
778.958
178.034
39.4954
9.95349
685.293
216.572
54.5601
12.9521
3.30688
4455.03
1047.99
240.275
53.4533
13.4879
860.617
282.436
72.259
17.1879
4.35637
5598.82
1324
305.167
68.191
17.2759
1028.58
355.035
92.0909
22.0222
5.62377
6685.92
1623.64
378.755
85.2845
21.6966
1644.65
505.014
125.183
28.8782
7.2709
6211.86
1503.41
349.286
78.3406
19.8702
1280.51
425.537
108.609
25.5629
6.4495
6907.97
1680.57
392.823
88.5969
22.5745
1861.76
554.494
135.573
30.8583
7.75182
7215.27
1741.34
407.72
91.9332
23.4144
1932.8
577.828
142.588
30.1793
8.01942
510.326
7055.95
6215.22
2206.95
1451.76
799.569
3744.39
2724.09
6592.12
6203.74
2883.37
2082.29
337.144
522.16
905.319
1484.6
2248.19
3134.83
245.199
532.799
1116.45
1960.75
2983.53
4049.88
255.27
117.601
442.67
301.932
822.556
679.667
1386.53
1282.28
2014.45
1928.43
2674.4
2399.9
3932.08
4495.36
4948.96
7480.86
8463.41
9377.78
4967.82
5521.44
5547.77
5110.53
4418.78
3895.14
304.376
257.65
195.52
121.978
41.4438
471.044
398.366
302.029
188.294
63.9525
815.934
689.301
522.074
325.236
110.422
1336.28
1127.24
852.633
530.68
180.098
2019.56
1699.97
1283.47
797.925
270.675
2806.85
2354.75
1773.19
1100.94
373.377
221.271
187.203
141.987
88.545
30.0782
480.365
405.977
307.605
191.682
65.0877
1005.64
849.032
642.696
400.233
135.863
1763.75
1486.87
1124.07
699.431
237.348
2678.26
2252.94
1700.21
1056.87
358.534
3624.39
3039.47
2288.57
1421.19
482.103
230.519
195.192
148.168
92.4572
31.4173
106.207
89.9384
68.2767
42.6072
14.4785
399.494
338.012
256.383
159.888
54.313
272.546
230.662
175.002
109.156
37.083
741.743
627.006
475.157
296.121
100.555
613.076
518.416
392.985
244.961
83.1907
1248.77
1054.11
797.749
496.677
168.577
1155.12
975.241
738.152
459.586
155.985
1810.79
1525.19
1151.97
716.246
242.951
1733.7
1460.32
1102.83
685.507
232.471
2395.44
2009.87
1513.1
938.924
318.259
2149.71
1803.25
1356.6
840.999
284.842
3501.62
2922.5
2193.19
1360.47
461.786
3965.4
3282.66
2453.06
1523.05
519.245
4290.61
3505.39
2607.61
1629.25
563.856
6273.86
5021.25
3731.56
2385.87
867.863
6698.02
5205.07
3887.5
2603.48
1056.27
7101.76
5409.92
4059.54
2814.77
1232.52
4425.91
3695.96
2775.31
1722.41
584.73
4886.27
4056.74
3037.04
1885.84
641.934
4858.75
4001.05
2986.18
1860.07
637.762
4396.55
3575.96
2662.46
1674.26
585.294
3671.67
2924.24
2176.37
1401.78
515.505
3116.99
2428.8
1808.97
1197.61
465.828
353.591
573.56
997.468
1626.21
2450.8
3392.43
267.798
603.422
1241.9
2146.49
3223.36
4314.02
270.619
130.308
491.346
343.507
912.096
760.486
1529.61
1419.06
2233.24
2179.06
2969.16
2791.11
4211.03
4765.28
5204.73
7648.56
8541.67
9401.97
5204.54
5677.29
5597.98
5068.33
4341
3857.91
319.32
270.401
205.278
128.108
43.5347
517.779
438.276
332.6
207.513
70.5102
899.837
761.076
577.152
359.913
122.265
1465.52
1238.12
937.979
584.548
198.52
2205.1
1859.8
1407.02
876.179
297.491
3044.19
2560.7
1933.57
1203.14
408.523
241.798
204.713
155.383
96.9581
32.9472
544.569
460.798
349.588
218.071
74.0917
1119.88
946.758
717.692
447.452
151.99
1933.29
1632.35
1236.07
770.132
261.53
2897.99
2442.32
1846.69
1149.7
390.353
3867.85
3250.82
2453.24
1526.18
518.225
244.456
207.074
157.253
98.1602
33.3617
117.736
99.759
75.7783
47.3124
16.0819
443.723
375.752
285.265
178.032
60.5016
310.301
262.855
199.621
124.612
42.3528
823.222
696.658
528.565
329.725
112.027
686.603
581.252
441.152
275.261
93.5332
1379.32
1166.08
883.903
551.04
187.166
1280.05
1082.52
820.805
511.792
173.847
2011.03
1697.57
1285.12
800.523
271.819
1963.11
1657.85
1255.43
782.121
265.569
2666.93
2245.35
1696.37
1055.64
358.377
2509.14
2114.1
1597.83
994.263
337.454
3761.41
3150.74
2373.16
1476.35
501.886
4221.63
3512.47
2637.96
1644.13
561.629
4541.1
3736.98
2799.34
1757.98
609.847
6459.85
5210.66
3902.22
2509.65
915.657
6805.42
5325
4004.39
2696.22
1096.98
7140.52
5454.94
4105.06
2852.61
1250.09
4646.52
3889.96
2928.46
1821.12
618.916
5035.46
4191.85
3146.79
1958.28
667.402
4913.52
4056.94
3036.46
1895.97
651.047
4368.24
3561.33
2659.23
1677.2
587.763
3609.85
2878.96
2148.22
1388.82
512.943
3086.83
2405.89
1794
1190.25
464.206
19933.6
14443.6
4894.95
3849.64
2945.3
4083.22
3815.69
13020.6
14544.6
11481.6
13239.6
7723.88
11132.6
5873.09
6144.95
4458.9
20528
11208.7
4235.26
6929.07
9146.41
6250.56
6843.47
5168.08
3166.22
4538.18
5123.01
5238.82
19533.8
12996.1
12788.9
9110.14
9041.7
9630.04
4453.36
5586.59
7045.73
14086.7
12067.7
9992.89
9052.47
7570.3
9380.99
6405.95
4905.16
3681.8
1841.66
4333.61
3603.84
2706.49
1687.82
577.189
3444.4
2889.53
2178.24
1355.1
460.465
2632.74
2205.45
1659.52
1030.49
349.67
3662.72
3079.18
2323.25
1444.48
490.198
3403.56
2846.37
2140.63
1330.23
451.973
9443.72
7769.95
6310.17
5559.25
5325.57
10729.9
9158.6
7323.32
5752.77
3333.1
8237.84
5767.71
4301.06
2952.07
1255.24
9759.73
7985.79
6194.34
4482.57
2127.63
6509.19
5198.61
3816.18
2371.48
822.515
8704.45
6468.51
4694.33
2956.1
1071.82
5073.23
4124.72
3049.11
1888.34
646.352
5287.11
4284.76
3161.58
1957.71
670.815
3886.33
3181.33
2358.26
1458.17
496.586
14322.1
11331.6
9275.24
8006.24
7086.81
8672.49
6603.55
4970.96
3367.69
1450.18
3649.06
2966.02
2199.09
1371.24
475.05
5990.54
4893.37
3651.95
2297.04
805.543
7677.73
6173.68
4624.26
2990.11
1119.52
5382.31
4388.92
3282.79
2078.62
735.648
5968.48
4912.55
3683.88
2318.63
807.91
4541.03
3752.14
2808.76
1753.35
602.384
2791.46
2308.28
1721.84
1066.31
362.501
4033.78
3361.81
2521.91
1565.56
532.111
4475.43
3674.48
2733.45
1696.94
580.708
4602.46
3800.11
2840.15
1768.85
606.376
13636.9
11299.7
9391.43
8245.89
7021.25
9110.04
6559.96
5025.74
3666.36
1814
9783.49
7909.38
6104.27
4461.46
2104.91
7263.07
5587.56
4225.28
2857.38
1143.29
7617.75
6149.46
4620.63
2997.05
1118.29
7674.83
5895.02
4454.25
3005.37
1190.89
3881.57
3191.2
2389.45
1501.31
522.204
4954.08
4122.09
3092.25
1922.99
655.133
6126.44
5025.01
3757.27
2360.29
821.029
457.258
1310.63
2101.25
2860.58
3589.22
4274.08
2513.78
7296.41
6899.35
2447.82
9239.2
7759.13
9188.24
10154.6
2294.11
1536.8
5721.16
3207.37
10860.3
7743.49
-273.897
2030.25
6067.39
5651.8
1961.13
7839.31
6301.29
7680.59
8618.96
1897.15
918.15
4910.44
1597.12
8956.87
4631.11
-1665.46
1472.55
4589.98
4256.25
1425.01
6162.28
3736
6191.16
6818.03
1421.16
828.721
3458.66
1699.91
7103.11
1782.34
-1811.57
1075.29
3527.17
3331.65
1077.98
4680.07
2231.11
5104.04
5969.88
1065.87
867.361
2515.71
1731.71
6211.92
315.192
-1363.86
862.658
2971.64
2849.25
902.62
3729.67
1833.59
4549.12
5770.01
839.684
926.064
1789.52
1693.39
5399.28
101.201
-171.97
758.121
2636.1
2603.87
813.894
3438.23
2108.83
4195.05
5504.77
646.321
734.424
1460.43
1662
5315.75
953.224
485.875
1287.3
3411.85
5052.08
1803
5515.67
9660.05
7377.57
10616.8
895.915
580.389
3896.21
2414.22
1105.26
9181.28
4764.27
1196.44
3177.55
4432.08
1563.03
5092.84
8720.92
6649.34
9021.91
915.763
497.407
4025.07
2285.52
284.65
8994
3551.87
1050
2797.97
3620.12
1251.39
4629.23
7776.63
5645.06
7913.08
811.023
577.879
3427.69
2365.43
514.389
7238.57
3378.52
905.774
2516.72
2992.32
1012.97
4310.17
7036.61
5010.81
7163.26
741.405
588.159
3158.33
2428.58
342.331
6691.51
3384.6
817.419
2260.72
2649.06
884.036
3904.63
6439.73
4560.52
6794.35
692.364
648.428
2862.03
2600.8
500.38
6403.97
3439.11
758.318
2015.62
2451.8
812.177
3600.8
6351.95
4228.38
6564.35
717.318
767.541
2552.57
2472.75
761.214
6548.12
3812.24
)
;

boundaryField
{
    patch1
    {
        type            calculated;
        value           nonuniform List<scalar> 
2440
(
-6769.32
-6661.22
-9080.69
-3768.57
-4934.42
-6389.46
-9630.44
-4453.53
-5586.84
-7046.04
6767.85
6643.76
9080.29
3768.4
4934.17
6389.16
9630.04
4453.36
5586.59
7045.73
-6859.78
-16258.8
-24257.1
-18611.9
-15145.4
-22651.4
-20307.8
-8937.2
-151.263
1687.42
7966.7
1795.55
-1735.52
2523.13
9550.91
14437
5897.9
-19987.5
-14388.1
-4518.49
-3453.91
-2470.93
-3503.57
-3328.34
-12193.6
-11425.9
-9832.72
-10455
-8506.58
-6127.16
-8079.55
-5248.91
-4448.55
-5365.95
-3683.34
-19800.2
-10156.7
-3488.78
-5987.35
-8266.31
-5725.36
-6178.38
-4572.02
-2731.89
-3853.32
-4151.78
-4501.15
-19632.9
-12796.7
-12118.7
-8710.37
-8578.75
24.8214
-255.288
-117.609
-442.7
-301.953
-822.611
-679.713
-1386.62
-1282.36
-2014.58
-1928.55
-2674.56
-2400.04
-270.636
-130.315
-491.376
-343.527
-912.149
-760.53
-1529.69
-1419.14
-2233.36
-2179.17
-2969.32
-2791.25
-19934.2
-14444.1
-4895.19
-3849.83
-2945.43
-4083.41
-3815.87
-13021.1
-14544.7
-11482
-13239.6
-7724.08
-11132.9
-5873.26
-6145.12
-4459.04
-20528.8
-11209.1
-4235.4
-6929.33
-9146.77
-6250.83
-6843.77
-5168.3
-3166.34
-4538.37
-5123.19
-5239.02
-19534.5
-12996.6
-12789.4
-9110.53
-9042.1
6237.63
16296
24288.9
18620.7
15158.8
22697.7
20323.3
7683.6
150.325
-1473.59
-7982.83
-1842.01
1717.84
-2538.66
-9586.85
-14358.4
-5075.44
19986.8
14387.5
4518.25
3453.71
2470.81
3503.39
3328.17
12193.2
11425.9
9832.44
10455.1
8506.82
6127.03
8079.43
5248.96
4448.45
5365.91
3683.27
19799.5
10156.3
3488.67
5987.1
8265.93
5725.09
6178.07
4571.8
2731.81
3853.14
4151.65
4500.95
19632.2
12796.2
12118.1
8709.97
8578.33
-25.0555
255.27
117.601
442.67
301.932
822.556
679.667
1386.53
1282.28
2014.45
1928.43
2674.4
2399.9
270.619
130.308
491.346
343.507
912.096
760.486
1529.61
1419.06
2233.24
2179.06
2969.16
2791.11
19933.6
14443.6
4894.95
3849.64
2945.3
4083.22
3815.69
13020.6
14544.6
11481.6
13239.6
7723.88
11132.6
5873.09
6144.95
4458.9
20528
11208.7
4235.26
6929.07
9146.41
6250.56
6843.47
5168.08
3166.22
4538.18
5123.01
5238.82
19533.8
12996.1
12788.9
9110.14
9041.7
-18297.1
-13801.9
3.95826
3.35211
-3.92682
-3.41207
-4274.19
-951.556
-483.54
-6548.71
-3813.52
18297.9
13781.4
-3.9539
-3.34918
3.93381
3.41707
4274.08
953.224
485.875
6548.12
3812.24
-17842.4
847.581
263.573
441.711
1558.83
-632.019
-671.441
-514.081
-541.317
220.339
168.484
2223.43
2825.25
-498.856
-347.538
-340.929
-239.552
-1815.49
-1368.11
-4790.42
-3045.77
-6562.14
-4051.24
-5402.36
-6698.35
-5958.42
-7208.08
-3418.12
-11296.4
-6725.87
-5401.28
-4095.36
-2444.51
-2402.79
833.52
292.553
2683.71
750.032
3675.48
983.127
663.351
3297.17
3118.12
3623.44
442.382
-1089.31
2456.46
2728.42
2187.05
752.008
55.8256
26.6539
141.928
68.0953
232.506
106.891
323.977
134.837
304.043
135.833
348.159
122.257
323.479
134.78
378.309
113.737
372.438
97.7972
2.12946
3.56238
4.88835
7.93412
5.99984
10.4481
5.30136
2.73902
6.24176
2.38036
7.69676
2.47369
3.67599
2.05033
1.71335
0.717489
1.56575
1.32784
4.04908
3.57263
4.75185
5.01278
6.03512
-2.02342
-1.568
-6.17775
-1.6773
-10.408
-2.95905
-14.0592
-3.86314
-17.9136
-5.00991
-22.0701
-6.89668
-20.3957
-5.78424
-22.7871
-7.60923
-23.482
-7.99548
18.4611
-3.24993
-1238.6
3087.75
10214.9
7192.37
3932.63
5979.73
12312.3
16714
7704.29
51.6599
-98.2995
277.045
1120.28
-787.84
-713.273
-592.359
-564.664
111.853
55.4079
1809.79
2250.76
-544.402
-386.834
-354.563
-250.022
-785.076
-675.639
-1969.49
-2238.05
547.403
-3178.39
-10082.8
-6658.07
-3504.8
-4897.67
-4176.35
-15931.9
-6782.93
-4648.39
-3273.3
-2380.8
-688.347
-754.862
-1606.24
-1100.94
-6468.67
-1540.1
-7396.12
-5398.21
-4253.86
-1797.28
-1687.81
-7347.08
-3854.91
-2398.31
-1232.88
-93.44
36.5376
0.704084
85.0734
-5.19884
152.743
-3.64441
233.079
0.520947
191.788
-16.9674
237.846
8.12767
195.038
-8.60392
308.96
44.8831
348.815
75.454
-2.05548
-3.46062
-4.752
-7.73065
-5.86717
-10.2024
-5.18355
-2.65171
-6.07473
-2.31954
-7.55804
-2.4309
-3.54386
-1.98143
-1.58613
-0.654103
-1.50908
-1.27637
-3.94272
-3.47897
-4.64535
-4.93278
-6.02915
-1.95596
-1.5159
-5.97906
-1.62148
-10.0894
-2.88312
-13.6641
-3.79934
-17.4841
-4.96515
-21.7747
-6.88375
-20.0085
-5.76684
-22.6064
-7.59945
-23.4209
-7.99165
26.2575
633.024
-1088.48
-221.832
-542.611
-1548.57
-834.38
-823.604
-2634.98
-2603.26
-882.619
-3436.82
-2107.88
-4194.32
-5504.2
-692.535
-769.747
-1480.03
-1693.5
-5313.39
-821.387
-2014.78
-2451.23
-880.096
-3600.87
-6352
-4228
-6564.08
-799.913
-877.656
-2531.21
-2438.04
-762.37
17847.1
-847.487
-263.611
-441.757
-1558.79
632.008
671.447
514.081
541.334
-220.353
-168.454
-2223.42
-2825.15
498.872
347.565
340.945
239.569
1651.47
1271.83
4790.91
3049.13
6563.11
4053.77
5402.58
6698.65
5958.85
7209
3419.46
11296.8
6726.11
5401.59
4095.75
2444.97
2376.91
-775.849
-284.036
-2674.48
-741.83
-3673.85
-982.817
-663.24
-3296.98
-3117.81
-3622.5
-442.236
1089.48
-2456.23
-2728.11
-2186.66
-751.937
-50.5688
-24.2993
-142.46
-68.1888
-232.263
-106.773
-323.796
-134.723
-303.911
-135.744
-348.08
-122.224
-323.376
-134.721
-378.243
-113.717
-372.376
-97.7793
-1.9488
-3.26277
-4.86341
-7.89401
-5.99344
-10.4351
-5.2976
-2.73724
-6.23438
-2.3771
-7.69129
-2.47034
-3.67211
-2.04842
-1.71099
-0.716451
-1.4195
-1.19623
-4.0337
-3.56322
-4.74665
-5.00643
-6.02965
1.75572
1.3835
6.26976
1.73498
10.4033
2.96471
14.0579
3.8658
17.9132
5.01139
22.0707
6.89723
20.3959
5.78517
22.788
7.60964
23.4831
7.99586
-20.1767
-1.77328
1230.04
-2776.34
-10225.3
-7232.26
-3948.53
-5993.65
-12348
-16634.2
-6664.65
-51.5769
98.2051
-277.149
-1120.24
787.782
713.263
592.308
564.661
-111.919
-55.4329
-1809.81
-2250.79
544.374
386.828
354.563
250.027
771.074
643.663
1934.43
2232.13
-547.529
3179.01
10083.2
6658.6
3505.35
4897.81
4176.62
15932
6783.12
4648.59
3273.41
2380.92
516.675
656.337
1677.06
1146.31
6471.59
1540.87
7396.27
5398.21
4253.8
1798
1687.72
7347.18
3854.99
2398.4
1233.1
93.4081
-32.5436
-0.187592
-86.336
4.78084
-152.524
3.68749
-232.903
-0.433265
-191.643
17.0632
-237.74
-8.06472
-194.908
8.68836
-308.874
-44.8417
-348.745
-75.4285
1.91201
3.20059
4.75281
7.72298
5.87742
10.2171
5.18936
2.65472
6.0843
2.32383
7.56785
2.43559
3.54919
1.98429
1.58922
0.655463
1.39908
1.17552
3.94456
3.48369
4.65429
4.94234
6.03859
1.69775
1.33865
6.06859
1.67778
10.0853
2.8888
13.6633
3.80196
17.4843
4.96655
21.7756
6.88427
20.0091
5.7677
22.6075
7.59987
23.422
7.99203
-25.6436
-635.861
1089.2
167.113
584.6
1610.17
711.95
758.086
2636.07
2603.79
813.811
3438.23
2108.83
4195.05
5504.77
646.321
734.424
1460.43
1662
5315.75
758.295
2015.6
2451.73
812.105
3600.8
6351.95
4228.38
6564.35
717.318
767.541
2552.57
2472.75
761.214
-15037.8
5454.78
-4274.19
15037.1
-5454.7
4274.08
-15361
-17609.1
-15555.1
-19195.9
-5599.73
-4231.3
-12992.8
-10434.9
-4502.87
-5099.4
-12074.2
-12906.2
-13233.7
-14288.4
-10430.1
-3304.29
-15356.2
-3899.06
-3293.72
-9980.75
-8754.35
-10439.9
-8747.05
-2505.94
-2154.6
-1875.59
-6946.57
-5431.08
-4572.56
-6780.59
-5692.88
-5288.07
-10550.5
-14251
-11456.9
-16780.7
-22.6672
-713.978
-2967.95
-3330.18
1028.42
982.764
3517.42
3196.94
2072.89
2549.5
6049.82
2688.25
6597.44
891.796
774.501
2569.72
2371.72
2524.09
2628.72
867.674
878.853
948.968
2822.45
2904.35
2819.89
3219.41
3528.29
3585.17
-152.711
-168.183
262.979
1155.56
1661.06
290.107
941.255
70.9273
7.6655
93.4975
377.564
797.455
1348.39
1506.98
226.845
787.21
43.3585
-0.197732
15373.9
17612.1
15556.7
19193.8
5164.44
3938.14
12994.6
10406.7
4219.21
4732.42
12032
12869.9
13229.5
14283.5
10430.1
3304.4
15355.7
3562.36
2978.96
10005.9
8776.94
10436.2
8745.84
2227.05
1930.88
1707.69
6976.32
5442.72
4573.51
6781.09
5693.97
5289.09
10524.4
14234.4
11444.7
16771.4
63.8333
620.687
2967.19
3404.12
-967.047
-921.891
-3496.22
-3175.05
-2071.56
-2548.42
-6050.04
-2688.39
-6597.35
-848.445
-732.126
-2546.24
-2351.2
-2523.17
-2627.51
-816.536
-814.031
-879.971
-2800.57
-2892.23
-2811.74
-3218
-3526.99
-3584.27
114.653
188.751
-258.515
-1154.18
-1660.67
-290.083
-941.157
-70.9178
-7.66157
-101.882
-362.526
-795.007
-1347.73
-1506.84
-226.869
-787.21
-43.3758
0.192623
2644.09
6369.18
37.1898
20.9717
11.4129
6.56889
4.55616
54.762
27.7917
14.9118
8.56799
5.94466
-2473.95
-322.75
3313.74
9870.39
1919.12
3.83185
42.5576
20.3156
11.0049
6.42668
4.50842
46.626
25.7042
14.2901
8.39177
5.89234
457.258
1310.63
2101.25
2860.58
3589.22
-3347
-3338.79
-10008.3
-9904.59
-15098.8
-13653.4
-3200.14
-2844.75
-2609.12
-9387.7
-8317.07
-7606.99
-11485.5
-9808.98
-8917.89
0
0
0
0
0
0
0
0
-2555.09
-1071.09
-629.722
-356.554
-401.042
-265.59
-250.189
-217.09
-183.831
-119.884
-83.9376
-54.0192
-66.9965
-35.7468
-19.5291
-11.3591
-7.94194
-27.0798
-15.2482
-8.48625
-4.96171
-3.4723
-27.7671
-222.102
-613.363
-1254.26
-1988.03
-2469.84
-25.1033
-21.2859
-16.1817
-10.1095
-3.43753
-200.677
-170.038
-129.167
-80.6488
-27.4139
-553.884
-469.006
-356.04
-222.191
-75.5068
-1131.6
-957.186
-725.912
-452.686
-153.78
-1791.31
-1513.03
-1145.94
-713.977
-242.44
-2220.95
-1871.82
-1415.04
-880.623
-298.893
-3397.79
-3002.24
-2486.92
-1856.17
-1148.56
-389.822
0
0
0
0
0
0
0
0
0
0
0
0
1478.59
-246.835
194.336
-144.211
-2585.27
-2484.85
-5900.65
-5209.27
-5550.62
-5193.04
-2317.37
-2134.81
-2005.31
-4782.13
-4597.09
-4442.99
-5293.8
-5306.03
-5254.2
-534.372
-320.703
-123.234
-21.5945
-191.461
-125.126
-72.0679
-44.3753
-60.5354
-35.014
-19.6566
-11.5037
-8.03945
-27.7669
-15.4221
-8.55688
-4.99639
-3.49248
2721.15
2342.12
1880.72
1360.17
820.71
274.715
17.3578
187.29
543.102
1129.47
1729.7
2070.82
15.6641
13.2519
10.0497
6.26596
2.1282
169.081
143.116
108.595
67.7415
23.0145
489.994
414.438
314.239
195.91
66.5387
1017.68
859.42
650.64
405.168
137.527
1555.31
1310.3
989.695
615.246
208.652
1855.48
1556.89
1171.51
726.315
246
-3313.67
-9870.41
-1925.76
-5.56303
-42.5235
-20.296
-10.9905
-6.41671
-4.50055
-46.578
-25.6808
-14.2746
-8.38116
-5.88442
-457.273
-1310.67
-2101.31
-2860.67
-3589.32
-2644.18
-6369.11
-37.1672
-20.9608
-11.4047
-6.56303
-4.55129
-54.7356
-27.7805
-14.9041
-8.56235
-5.94035
2475.58
323.751
-8970.07
-12165.1
-20109.5
-22549.6
-22369
-25129.8
-10331.1
-11007.2
-1704.02
-1549.86
-1368.11
-4521.73
-3565.6
-3045.77
-5425.62
-4331.7
-4051.24
-6919.28
-4454.42
-3418.12
-8186.02
-4475.78
-2444.51
620.912
112.61
-452.459
380.345
-718.603
337.565
-107.854
58.8612
1829.06
1551.77
386.411
185.285
121.294
92.8674
695.391
338.791
270.095
230.202
200.856
73.7503
34.2074
22.5815
520.542
195.339
85.5651
55.8805
671.318
267.437
124.714
83.5163
597.842
276.452
144.512
100.816
382.666
235.664
136.785
97.7129
161.125
127.354
83.5483
62.0491
207.682
171.704
113.386
84.262
100.234
77.4072
51.0019
38.5887
34.1214
25.5106
17.5771
13.5292
33.7287
17.3795
9.25543
5.29158
3.66417
63.7089
33.2285
17.8555
10.2624
7.12326
30.5821
18.2664
10.324
6.05997
4.23935
42.6869
22.7635
12.3844
7.17617
4.99599
25.1278
14.4887
8.15822
4.78889
3.35297
10.3438
5.7136
3.17378
1.85591
1.29853
15.1637
7.0265
3.5825
2.01023
1.38161
37.1897
17.7611
9.22102
5.21533
3.59679
49.3964
24.0995
12.6701
7.20823
4.98479
-139.735
-161.393
166.867
1014.05
2066.4
148.377
1260.78
-212.191
-282.856
-31.4891
-50.9075
-0.757667
-0.715047
-0.977487
53.8047
26.6203
6.92666
2.37542
0.511517
98.7855
30.6779
8.02692
1.83289
0.537832
227.305
47.5932
10.0808
2.1312
0.66264
382.158
63.1088
10.7114
1.82269
0.514823
-75.1173
-31.9725
-9.18786
-2.29359
-0.398364
133.853
3.71596
-2.18861
-0.815684
-0.0382569
-161.593
-46.9486
-12.016
-2.79993
-0.492543
-180.753
-52.5466
-13.1631
-2.93768
-0.540472
8807.53
12178
16669.5
20152.9
20732.6
24082.3
8088.86
9991.08
-2257.28
-6927.57
-4728.11
-3179.6
-2001.61
-1660.01
-1235.77
-760.495
-256.728
-3186.58
-1961.6
-1165.6
-774.072
-373.891
-3072.11
-1807.61
-1054.38
-550.491
-179.461
-2654.08
-2066.63
-1456.55
-864.559
-287.719
-585.521
-675.593
-2457.51
-2238.05
-2875.79
-3178.39
-5738.87
-4176.35
-5635.5
-2380.8
-345.897
-343.305
-1261.43
-339.551
-998.722
152.909
-899.208
-781.163
324.147
22.4733
-131.973
-100.842
-41.8586
-4.70219
-255.944
-195.653
-28.1483
52.4953
-16.6041
-23.6935
-13.3194
-7.66674
-66.628
-69.2915
-47.1672
-28.6712
-177.832
-119.558
-70.8592
-41.9346
-339.096
-164.3
-81.326
-45.8587
-441.748
-185.026
-93.273
-60.6259
-233.926
-128.955
-81.9889
-62.7911
-390.907
-172.505
-92.965
-66.9089
-117.732
-77.2375
-54.2626
-42.1719
-34.4087
-25.3427
-17.78
-13.829
-23.6412
-14.7095
-8.51387
-5.06263
-3.56697
-48.3416
-29.259
-16.7329
-9.89611
-6.95775
-39.7737
-19.2845
-10.242
-5.90155
-4.11474
-40.3872
-21.3868
-11.7715
-6.86431
-4.80664
-29.3726
-15.138
-8.16145
-4.72202
-3.29416
-10.4485
-5.74054
-3.16747
-1.8466
-1.29102
-6.90259
-5.14885
-3.1144
-1.88002
-1.33172
-22.3243
-14.3768
-8.35426
-4.98032
-3.51269
-34.758
-20.7691
-11.8063
-6.98928
-4.9171
45.7391
231.784
518.803
1076.39
1747.21
55.518
967.992
-245.18
-291.152
8.16485
-44.6349
-0.0429516
-0.621706
-0.944847
136.483
37.3977
8.11778
2.4313
0.496023
171.753
39.5903
8.81231
1.82157
0.499911
239.769
47.42
9.50039
1.91664
0.587022
325.52
53.4475
8.83012
1.43068
0.412019
-106.531
-38.9102
-10.6305
-2.59072
-0.470883
72.3039
-6.99368
-4.1927
-1.20644
-0.134716
-174.483
-50.2693
-12.7765
-2.96891
-0.536166
-184.072
-53.4584
-13.3877
-2.98994
-0.55448
-29.3555
-323.138
-921.747
-1798.53
-2880.96
-4020.02
-4983.69
-5483.06
-5200.96
-3883.3
-1862.53
-266.671
-26.4367
-22.3107
-16.878
-10.5035
-3.56385
-291.299
-246.149
-186.473
-116.183
-39.4483
-830.411
-701.228
-530.91
-330.662
-112.253
-1618.22
-1364.56
-1031.86
-642.16
-217.93
-2586.76
-2176.48
-1642.84
-1021.33
-346.49
-3598.03
-3017.67
-2272.32
-1411.14
-478.697
-4439.57
-3707
-2783.46
-1727.47
-586.466
-4851.26
-4027.1
-3014.88
-1872.36
-637.449
-4558.17
-3756.27
-2805.24
-1747.86
-599.139
-3362.82
-2748.83
-2050.38
-1285.9
-446.262
-1596.45
-1297.37
-968.432
-612.043
-215.238
-229.445
-187.667
-141.19
-89.8969
-31.8074
-49.8194
-388.206
-1040.54
-1980.43
-3122.76
-4289.09
-5208.4
-5581.68
-5129.56
-3681.6
-1655.93
-180.855
-45.0112
-38.139
-28.9745
-18.0937
-6.15105
-350.409
-296.573
-225.052
-140.412
-47.7114
-938.507
-793.63
-601.759
-375.239
-127.471
-1784.17
-1506.85
-1141.32
-711.217
-241.541
-2808.18
-2367.22
-1790.28
-1114.72
-378.493
-3845.94
-3232.8
-2439.88
-1517.94
-515.433
-4649.19
-3891.55
-2929.31
-1821.57
-619.071
-4947.55
-4116.12
-3088.62
-1921.79
-654.993
-4498.64
-3710.78
-2774.86
-1731.39
-594.191
-3180.33
-2593.63
-1932.14
-1212.17
-421.373
-1405.27
-1130.62
-837.876
-528.438
-186.392
-149.131
-116.811
-85.0303
-53.479
-19.0962
-2798.54
-13239.6
-4151.03
-2503.84
-2099.31
-1580.55
-981.582
-333.035
-9759.84
-7985.93
-6194.45
-4482.65
-2127.7
-3627.94
-2976.29
-2208.24
-1364.64
-464.054
8980.55
12170.5
20147.4
22550.6
22383.5
25201.3
8854.02
9406.29
1555.55
1425.95
1271.83
4554.18
3580.17
3049.13
5426.73
4334.23
4053.77
6919.76
4455.6
3419.46
8186.13
4476.1
2444.97
-528.559
-131.474
450.851
-324.193
710.76
-339.4
58.755
-65.0296
-1785.75
-1540.41
-358.402
-171.573
-112.754
-86.1677
-692.461
-337.694
-269.209
-229.558
-189.741
-68.9908
-31.671
-20.4738
-516.763
-194.252
-85.172
-55.9889
-670.676
-267.087
-124.544
-83.4164
-597.548
-276.253
-144.395
-100.722
-382.543
-235.561
-136.712
-97.6448
-161.15
-127.358
-83.5429
-62.038
-207.665
-171.67
-113.352
-84.2249
-100.268
-77.4249
-51.0099
-38.5918
-34.1371
-25.5206
-17.583
-13.5331
-30.8376
-15.9207
-8.49348
-4.86154
-3.36849
-63.6524
-33.1501
-17.7976
-10.225
-7.09612
-30.5747
-18.2624
-10.321
-6.05752
-4.23739
-42.6689
-22.7549
-12.3783
-7.17154
-4.99245
-25.1272
-14.4881
-8.15745
-4.78812
-3.3523
-10.3457
-5.71451
-3.17421
-1.85611
-1.29865
-13.5732
-6.30844
-3.22415
-1.81174
-1.24585
-37.2841
-17.7428
-9.19898
-5.20122
-3.58736
-49.3785
-24.086
-12.6583
-7.20005
-4.9786
101.119
184.48
-163.549
-1012.84
-2065.95
-148.325
-1260.61
212.218
282.875
11.433
41.8464
-0.62848
0.331454
0.825725
-39.6576
-22.3761
-5.93038
-2.12018
-0.450808
-97.4309
-30.2381
-7.90772
-1.80496
-0.530655
-226.785
-47.4248
-10.0319
-2.11885
-0.659274
-381.936
-63.0355
-10.6893
-1.81673
-0.513095
75.1548
31.9856
9.19182
2.29469
0.398692
-133.756
-3.68346
2.19846
0.818403
0.0390691
161.611
46.9546
12.0178
2.80038
0.492665
180.765
52.5501
13.164
2.93788
0.540513
-8817.74
-12187
-16700
-20185.8
-20664.3
-24002.1
-6829.07
-8469.59
2257.17
6927.83
4728.2
3179.54
2001.51
1659.93
1235.71
760.453
256.713
3186.73
1961.73
1165.72
774.175
373.917
3072.18
1807.67
1054.44
550.531
179.474
2654.02
2066.57
1456.51
864.531
287.709
542.606
643.62
2463.91
2232.13
2875.79
3179.01
5738.92
4176.62
5635.61
2380.92
290.99
260.141
1297.89
401.844
1000.26
-151.95
782.362
713.317
-286.384
-14.561
121.579
93.4821
38.3701
4.2035
257.729
196.277
28.6925
-52.3064
10.2151
21.0524
12.373
7.68351
70.912
69.9512
47.2225
28.2381
178.612
119.86
70.944
41.9599
339.463
164.521
81.4259
45.9309
441.968
185.192
93.3718
60.7057
234.032
129.039
82.0476
62.8389
391.056
172.626
93.0475
66.9775
117.794
77.284
54.2944
42.1968
34.4275
25.3559
17.7885
13.8353
22.2496
13.7384
7.92024
4.70022
3.30853
48.071
29.1872
16.7148
9.89046
6.955
39.7998
19.2979
10.2503
5.90724
4.11902
40.4243
21.4057
11.7838
6.87286
4.81303
29.3886
15.1462
8.16634
4.72525
3.29659
10.4527
5.74266
3.16865
1.84734
1.29157
6.66383
4.81436
2.88373
1.73386
1.22642
22.0869
14.362
8.36441
4.98815
3.51768
34.7724
20.7894
11.8246
7.00189
4.92648
-60.7561
-215.919
-517.035
-1075.82
-1747.04
-55.5178
-967.95
245.181
291.163
-23.2869
36.4387
-1.21757
0.260785
0.79924
-123.296
-33.2842
-7.14466
-2.18222
-0.436878
-170.865
-39.2193
-8.70208
-1.7948
-0.492921
-239.514
-47.3053
-9.46065
-1.90572
-0.583916
-325.432
-53.4076
-8.81481
-1.42598
-0.410548
106.545
38.9163
10.6327
2.59142
0.47111
-72.2673
7.00956
4.19873
1.20837
0.135347
174.491
50.2723
12.7774
2.96918
0.53624
184.081
53.4611
13.3884
2.99009
0.554508
29.3528
323.115
921.685
1798.41
2880.78
4019.77
4983.4
5482.75
5200.68
3883.1
1862.44
266.662
26.4342
22.3085
16.8764
10.5024
3.5635
291.278
246.132
186.46
116.175
39.4453
830.354
701.18
530.873
330.639
112.245
1618.12
1364.47
1031.79
642.116
217.915
2586.6
2176.34
1642.73
1021.26
346.466
3597.8
3017.47
2272.17
1411.05
478.664
4439.3
3706.77
2783.28
1727.36
586.425
4850.97
4026.85
3014.68
1872.23
637.404
4557.91
3756.04
2805.06
1747.74
599.096
3362.63
2748.66
2050.25
1285.82
446.23
1596.37
1297.3
968.375
612.005
215.224
229.437
187.66
141.185
89.8938
31.8063
49.8171
388.184
1040.48
1980.32
3122.59
4288.86
5208.12
5581.38
5129.29
3681.39
1655.83
180.841
45.0091
38.1373
28.9732
18.0928
6.15077
350.389
296.557
225.039
140.404
47.7087
938.453
793.584
601.724
375.217
127.464
1784.06
1506.77
1141.25
711.176
241.527
2808.02
2367.09
1790.17
1114.65
378.471
3845.73
3232.62
2439.74
1517.86
515.402
4648.94
3891.33
2929.14
1821.46
619.034
4947.27
4115.88
3088.44
1921.67
654.952
4498.38
3710.56
2774.68
1731.28
594.151
3180.14
2593.46
1932.01
1212.08
421.341
1405.18
1130.54
837.81
528.393
186.375
149.118
116.799
85.0198
53.4716
19.0934
2798.42
13239.6
4150.9
2503.73
2099.21
1580.48
981.537
333.02
9759.73
7985.79
6194.34
4482.57
2127.63
3627.82
2976.19
2208.16
1364.59
464.037
0
0
0
0
0
0
0
0
0
0
0
0
-1482.86
246.074
-195.531
143.807
2585.23
2484.85
5900.77
5209.42
5550.71
5193.28
2317.38
2134.82
2005.31
4782.28
4597.25
4443.12
5294.16
5306.4
5254.51
534.342
320.711
123.244
21.6176
191.352
125.083
72.0491
44.3697
60.5449
35.0205
19.6622
11.5081
8.04305
27.7642
15.421
8.55655
4.9964
3.49255
-2721.23
-2342.19
-1880.78
-1360.23
-820.744
-274.727
-17.3593
-187.303
-543.139
-1129.54
-1729.8
-2070.94
-15.6655
-13.2531
-10.0507
-6.26655
-2.1284
-169.094
-143.127
-108.603
-67.7466
-23.0162
-490.027
-414.467
-314.261
-195.924
-66.5434
-1017.75
-859.476
-650.684
-405.195
-137.536
-1555.41
-1310.39
-989.759
-615.286
-208.665
-1855.58
-1556.98
-1171.58
-726.361
-246.015
3347.02
3338.78
10008.2
9904.51
15098
13652.9
3200.15
2844.79
2609.18
9387.77
8317.31
7607.3
11485.6
9809.46
8918.49
0
0
0
0
0
0
0
0
2556.93
1072.37
630.516
356.994
401.642
265.884
250.34
217.177
184.019
119.972
83.9817
54.0438
67.0302
35.7666
19.5426
11.3684
7.94911
27.0908
15.2541
8.48981
4.96405
3.47405
27.7657
222.089
613.327
1254.19
1987.93
2469.71
25.1021
21.2849
16.1809
10.109
3.43736
200.665
170.028
129.16
80.6441
27.4123
553.851
468.978
356.019
222.178
75.5023
1131.54
957.132
725.87
452.66
153.771
1791.21
1512.94
1145.88
713.938
242.427
2220.84
1871.73
1414.96
880.577
298.877
3397.67
3002.13
2486.83
1856.1
1148.52
389.807
)
;
    }
    patch2
    {
        type            calculated;
        value           nonuniform List<scalar> 
348
(
-457.273
457.258
-1027
-406.806
-552.671
-697.67
-1190.96
-522.227
-655.166
-821.071
1026.88
406.776
552.634
697.615
1190.89
522.204
655.133
821.029
-7433.65
-1809.37
-516.907
-404.322
-280.59
-409.546
-379.627
-4237.39
-1745.27
-805.123
-964.016
-495.073
-500.103
-503.445
-224.674
-393.115
-414.109
-329.519
-6163.81
-1138.72
-332.872
-627.98
-910.626
-628.425
-692.457
-500.782
-276.84
-424.934
-411.223
-479.909
-6605.69
-1714.73
-1789.54
-1023.94
-995.77
-41.4466
-63.9569
-110.43
-180.11
-270.693
-373.402
-30.0803
-65.0923
-135.872
-237.364
-358.558
-482.136
-31.4195
-14.4795
-54.3168
-37.0856
-100.562
-83.1965
-168.589
-155.996
-242.967
-232.486
-318.28
-284.86
-461.818
-519.282
-563.899
-867.938
-1056.37
-1232.63
-584.77
-641.979
-637.808
-585.338
-515.547
-465.867
-43.5375
-70.5145
-122.272
-198.532
-297.508
-408.547
-32.9493
-74.096
-151.998
-261.546
-390.376
-518.256
-33.3638
-16.0828
-60.5053
-42.3554
-112.034
-93.5387
-187.177
-173.857
-271.835
-265.584
-358.397
-337.471
-501.915
-561.662
-609.883
-915.716
-1097.06
-1250.19
-618.953
-667.443
-651.089
-587.803
-512.981
-464.243
-7570.91
-1841.82
-577.22
-460.49
-349.686
-490.222
-451.995
-5325.79
-3333.22
-1255.28
-2127.7
-822.539
-1071.86
-646.374
-670.838
-496.604
-7087.18
-1450.25
-475.068
-805.578
-1119.57
-735.685
-807.951
-602.413
-362.516
-532.135
-580.731
-606.402
-7021.72
-1814.13
-2105.02
-1143.35
-1118.36
7432.96
1809.19
516.87
404.295
280.574
409.521
379.603
4236.87
1745.09
805.015
963.972
495.091
500.075
503.41
224.68
393.097
414.101
329.506
6163.07
1138.59
332.851
627.931
910.537
628.372
692.403
500.746
276.826
424.909
411.2
479.877
6604.99
1714.55
1789.32
1023.83
995.677
41.4438
63.9525
110.422
180.098
270.675
373.377
30.0782
65.0877
135.863
237.348
358.534
482.103
31.4173
14.4785
54.313
37.083
100.555
83.1907
168.577
155.985
242.951
232.471
318.259
284.842
461.786
519.245
563.856
867.863
1056.27
1232.52
584.73
641.934
637.762
585.294
515.505
465.828
43.5347
70.5102
122.265
198.52
297.491
408.523
32.9472
74.0917
151.99
261.53
390.353
518.225
33.3617
16.0819
60.5016
42.3528
112.027
93.5332
187.166
173.847
271.819
265.569
358.377
337.454
501.886
561.629
609.847
915.657
1096.98
1250.09
618.916
667.402
651.047
587.763
512.943
464.206
7570.3
1841.66
577.189
460.465
349.67
490.198
451.973
5325.57
3333.1
1255.24
2127.63
822.515
1071.82
646.352
670.815
496.586
7086.81
1450.18
475.05
805.543
1119.52
735.648
807.91
602.384
362.501
532.111
580.708
606.376
7021.25
1814
2104.91
1143.29
1118.29
39.9698
263.96
292.553
242.735
754.84
750.032
-463.742
739.969
983.127
-1134.99
338.084
442.382
-2014.38
463.346
752.008
-1008.16
-754.852
-1457.8
-1100.94
-3417.46
-1540.1
-3661.96
-1687.81
-3788.64
-93.44
-59.9371
-260.303
-284.036
-220.777
-742.939
-741.83
462.808
-739.545
-982.817
1134.47
-338.04
-442.236
2013.96
-463.362
-751.937
884.403
656.328
1511.28
1146.31
3415.79
1540.87
3661.37
1687.72
3788.42
93.4081
)
;
    }
    patch3
    {
        type            calculated;
        value           nonuniform List<scalar> 
96
(
-337.167
-522.195
-905.379
-1484.69
-2248.33
-3135.02
-245.216
-532.836
-1116.52
-1960.88
-2983.72
-4050.13
-3932.31
-4495.61
-4949.22
-7481.23
-8463.79
-9378.17
-4968.11
-5521.75
-5548.07
-5110.79
-4418.99
-3895.31
-353.613
-573.594
-997.526
-1626.3
-2450.93
-3392.62
-267.814
-603.457
-1241.97
-2146.61
-3223.54
-4314.26
-4211.25
-4765.52
-5204.98
-7648.92
-8542.05
-9402.36
-5204.82
-5677.59
-5598.28
-5068.59
-4341.21
-3858.08
337.144
522.16
905.319
1484.6
2248.19
3134.83
245.199
532.799
1116.45
1960.75
2983.53
4049.88
3932.08
4495.36
4948.96
7480.86
8463.41
9377.78
4967.82
5521.44
5547.77
5110.53
4418.78
3895.14
353.591
573.56
997.468
1626.21
2450.8
3392.43
267.798
603.422
1241.9
2146.49
3223.36
4314.02
4211.03
4765.28
5204.73
7648.56
8541.67
9401.97
5204.54
5677.29
5597.98
5068.33
4341
3857.91
)
;
    }
    patch4
    {
        type            calculated;
        value           nonuniform List<scalar> 
384
(
-10563.8
-29263.5
-49456.5
-67902.5
-55282.2
-43362.8
-31495.5
-11802
-14301.9
-40369.2
-59674
-21740.4
9442.22
29362.5
49466
67920.2
55301.5
43378.4
31590.4
10023
12951.3
40551.7
59896.6
19559.6
-46339.7
-66857.9
-74703.8
-102329
-48296.5
-67760.9
-76138.3
-103010
46347.9
66868.5
74715.4
102343
48311.9
67774.8
76152.8
103025
-21076.7
-34334.6
23017.1
35375.9
-17697.4
-6233.71
-22880
-8388.21
18478.5
6536.75
23373.9
8579.41
-23004
-35364.7
21084
34342.7
-8316.37
-5570.39
-25957.8
-18377.1
-32710.9
-47775.8
-3566.28
-1258.41
-13073.4
-4664.69
-9793.22
-6646.92
-29770
-21504.1
-34560.1
-48731.7
-4131.96
-1394.03
-15060.3
-5307.61
7528.35
5057.96
26040.6
18427.2
32717.9
47784.6
3258.75
1161.68
13095.9
4672.02
8877.65
6028.14
29925
21600.2
34573.6
48743.7
3769.32
1283.5
15097.9
5319.26
-18472.7
-6534.51
-23367.8
-8577
17701.5
6235.32
22885.1
8390.25
-14412.5
-15102.9
-12408.6
-13426.9
14410
15102.2
12407
13426.4
-1007.76
-1132.65
-3639.68
-4539.14
-3369.87
-2986.34
-5038.61
-6889.33
-7971.59
-10406.5
-8730.35
-10595.5
-7919.4
-10453.6
-8104.03
-10903.9
-541.828
-1232.15
-3122.72
-5119.83
-1741.85
-2409.93
-4980.76
-6940.12
-7663.76
-10016.5
-7845.34
-9876.76
-7841.21
-10263.8
-8097.33
-10849.2
966.774
1052.77
3625.54
4540.34
3366.56
2981.28
5038.62
6890.3
7970.35
10406.4
8729.14
10595.2
7919.43
10453.8
8104.57
10904.2
541.244
1144.77
3102.09
5123.81
1737.71
2402.95
4980.6
6941.18
7661.98
10016.2
7843.94
9876.33
7841.12
10263.8
8097.86
10849.4
-1303.87
-2583.23
-4390.75
-7874.59
-7061.88
-12053
-9476.73
-289.013
-1286.9
-3018.1
-6031.21
-4715.06
-8933.74
-8067.95
1252.16
2427.76
4366.49
7838.95
7057.81
12046.1
9475.17
317.734
1239.69
2984.22
5983.05
4711.67
8928.3
8066.89
-991.667
-3038.45
-5101.04
-6854.48
-8390.76
-10202.6
-9461.76
-10570.8
-10786.8
-956.065
-2934.03
-4924.09
-6628.45
-8171.23
-10097.9
-9304.98
-10511.5
-10767.6
877.565
3066.57
5099.82
6854.47
8391.03
10203.1
9462.18
10571.3
10787.4
846.755
2961.77
4923.03
6628.61
8171.66
10098.4
9305.52
10512.1
10768.2
-208.752
-636.042
-1065.79
-1427.51
-1757.44
-2202.26
-2020.4
-2292.97
-2339.16
-201.378
-614.323
-1030.01
-1382.58
-1711.85
-2176.33
-1983.32
-2277.94
-2334.24
183.187
643.339
1065.54
1427.48
1757.48
2202.36
2020.47
2293.08
2339.28
176.777
621.508
1029.81
1382.61
1711.93
2176.45
1983.43
2278.07
2334.37
-46.6434
-142.1
-238.353
-319.899
-396.246
-503.697
-459.694
-525.538
-536.336
-45.0445
-137.379
-230.669
-310.275
-386.177
-497.31
-450.945
-521.74
-535.078
40.8178
143.787
238.295
319.889
396.249
503.717
459.708
525.562
536.363
39.4286
139.033
230.625
310.277
386.192
497.336
450.966
521.768
535.106
-10.3747
-31.6445
-53.173
-71.5216
-88.9646
-114.092
-103.743
-119.187
-121.576
-10.0264
-30.6133
-51.5047
-69.435
-86.747
-112.591
-101.749
-118.276
-121.271
9.06679
32.0214
53.159
71.5177
88.9641
114.095
103.745
119.192
121.582
8.76455
30.9815
51.4939
69.434
86.749
112.597
101.753
118.282
121.277
-2.65499
-8.0766
-13.5466
-18.2423
-22.7645
-29.4652
-26.6556
-30.8744
-31.5397
-2.56687
-7.81605
-13.1286
-17.7214
-22.2073
-29.0716
-26.1452
-30.6312
-31.4576
2.31974
8.17084
13.5428
18.2408
22.7639
29.466
26.6558
30.8756
31.5411
2.24331
7.9078
13.1255
17.7207
22.2074
29.0727
26.1459
30.6326
31.4591
)
;
    }
}


// ************************************************************************* //
