/*--------------------------------*- C++ -*----------------------------------*\
| =========                 |                                                 |
| \\      /  F ield         | OpenFOAM: The Open Source CFD Toolbox           |
|  \\    /   O peration     | Version:  2306                                  |
|   \\  /    A nd           | Website:  www.openfoam.com                      |
|    \\/     M anipulation  |                                                 |
\*---------------------------------------------------------------------------*/
FoamFile
{
    version     2.0;
    format      ascii;
    arch        "LSB;label=32;scalar=64";
    class       volScalarField;
    location    "2.3";
    object      gradTx;
}
// * * * * * * * * * * * * * * * * * * * * * * * * * * * * * * * * * * * * * //

dimensions      [0 -1 0 1 0 0 0];

internalField   nonuniform List<scalar> 
5322
(
-0.251642
0.00570781
0.00696992
0.00079825
-0.000127379
-0.000166766
8.9112e-06
0.000135839
8.35043e-05
-0.000204358
-0.0010069
0.0110088
0.0169579
-0.233555
-0.00618718
0.406471
-0.319397
-0.00503984
-0.243689
0.157072
-0.213554
0.18572
-0.196435
0.197472
-0.200017
0.192094
-0.192503
0.199652
-0.196667
0.196665
-0.186614
0.211932
-0.159215
0.242563
0.00342545
0.304342
0.214552
-0.0855716
0.2405
-0.013813
-0.228096
0.229371
-0.0138873
-0.244039
0.242526
-0.00834206
-0.259384
0.226518
-0.00572308
-0.271855
-0.268196
-0.389503
-0.121651
0.261229
-0.0166519
-0.431374
-0.0122493
0.412274
-0.00494358
-0.411964
-0.00177427
0.401501
-0.00232044
-0.404647
-0.000149802
0.395345
0.00501481
-0.400734
0.0172422
0.328155
0.0130155
-0.35035
0.39696
-0.410853
0.395509
-0.402767
0.403555
-0.40271
0.458442
-0.330289
0.161852
-0.213775
-0.138223
0.240033
0.0249531
-0.1361
0.158966
-0.428
-0.161566
0.510186
-0.0219312
0.00955618
0.0176319
0.0796251
0.365972
-0.0851066
-0.0104185
-0.0419742
0.163907
-0.379524
-0.379928
0.849063
-0.0412641
0.282278
0.459463
-0.00574052
0.00276933
0.00379165
0.00229807
0.00112443
0.000444686
-0.00012307
-0.00118269
-0.00289945
0.00455854
-0.00153744
-0.134204
-0.132415
0.0140151
0.0843965
0.00479395
0.12876
-0.154012
-0.0115394
-0.0354708
0.238755
0.1964
0.0546187
0.153562
0.0992703
0.0754888
0.164871
0.0832435
0.0893055
0.167741
0.0728763
0.140538
0.190677
0.21615
0.00928516
-0.15844
0.00873573
0.105542
-0.127865
-0.137182
0.0196085
0.0566856
0.0311906
-0.107361
-0.117998
0.0220762
0.0351499
0.0423627
-0.11644
-0.11048
0.0222593
0.0231082
0.0670729
-0.1278
0.166747
-0.35945
-0.481812
0.415239
-0.486255
-0.0203613
-0.334585
0.0026825
0.32618
-0.0783402
0.388767
0.192719
0.287376
-0.430666
0.168054
-0.371081
0.246863
0.321849
-0.393642
0.00881396
-0.334673
0.294545
0.36664
-0.389626
-0.00243172
-0.326561
0.310781
0.379681
-0.389121
-0.000779564
-0.324704
0.316277
0.384105
-0.391318
5.08327e-05
-0.326682
0.315745
0.384851
-0.396974
0.000433083
-0.332247
0.310593
0.382784
-0.405656
0.00101669
-0.33932
0.300607
0.377435
-0.412532
0.002421
-0.341031
0.28228
0.352395
-0.0769494
0.156587
-0.376728
-0.38418
0.854284
-0.0293485
-0.0321591
0.0197273
0.0859433
0.363606
-0.0671915
-0.00670007
-0.0748959
0.149158
-0.383847
-0.377537
0.849391
-0.0497378
0.282355
-0.0107358
0.00466528
0.00454927
0.00292725
0.00152308
0.000660142
-4.69973e-06
-0.00109263
-0.0026343
0.00454916
-0.00140904
0.106644
-0.118372
0.117957
-0.107143
0.000215174
0.107259
-0.101369
-0.000569394
-0.127683
7.10665e-05
-0.107284
-8.29574e-05
0.101107
0.00397493
0.119247
-0.00973951
-0.128931
0.000421827
0.127505
-0.000131692
-2.13924e-05
0.225846
-0.3882
0.387733
-0.383495
0.403701
-0.413012
0.431916
-0.430595
0.437448
-0.435603
0.439385
-0.437519
0.441663
-0.438235
0.4447
-0.437192
0.446281
-0.428521
0.439652
-0.235559
0.00495146
0.237764
0.00640636
-0.428902
0.417062
0.00216215
-0.433503
0.427229
0.00146858
-0.432241
0.428669
0.000973758
-0.429572
0.427756
0.000676426
-0.427271
0.425734
0.000705435
-0.424581
0.421205
0.00113345
-0.417321
0.406385
0.00128899
-0.38818
0.000228746
0.388047
-0.406639
-0.0018276
-0.403102
0.382913
-0.00071965
-0.227773
-0.0148012
0.231685
-0.40203
0.388164
-0.408767
0.410608
-0.417968
0.417471
-0.419409
0.420468
-0.419894
0.424014
-0.419761
0.429401
-0.416507
0.434718
-0.401838
0.431388
-0.232129
-0.0498175
0.100961
0.0127407
-0.400397
0.360397
0.00505287
-0.394605
0.381439
0.000724833
-0.382699
0.381159
-0.000469612
-0.378123
0.378549
-0.000663236
-0.376887
0.377876
-0.00192532
-0.375839
0.378519
-0.00487859
-0.370722
0.373567
-0.011265
-0.345112
0.315988
0.00681216
-0.11452
0.194902
0.320502
0.0102196
0.0398834
-0.058592
0.163979
-0.505821
0.383791
-0.481266
-0.324069
-0.40069
0.010402
0.263859
0.291835
-0.42017
0.162492
-0.377079
-0.0280215
0.0202028
-0.152639
0.013059
-0.00616361
-0.161942
0.0165175
-0.0261486
-0.382588
-0.414937
0.299367
-0.3882
0.00498993
0.354168
-0.386061
0.372811
-0.386358
0.0027429
0.379682
-0.389203
0.380922
-0.395327
0.0147933
0.378179
-0.402582
0.370518
-0.403706
0.0833878
0.0195
0.0125137
0.013166
0.00633754
0.0155413
0.390893
-0.413108
0.00318871
-0.335067
0.276028
0.384821
-0.405193
0.00724323
-0.355751
0.247284
0.494213
-0.058192
0.00931143
-0.411941
-0.38014
0.803913
-0.0498912
0.0133853
0.022529
-0.245387
0.0561606
0.192992
-0.199745
0.0164179
0.207201
-0.187953
0.00260489
0.201753
-0.192916
-0.000354638
0.192976
-0.18728
-0.00499345
0.20089
-0.181166
-0.01229
0.211876
-0.142557
-0.0205678
0.250491
0.0951171
0.0703468
-0.0184981
-0.00963245
0.098611
-0.0433591
0.444155
-0.474535
0.463695
-0.473474
-0.306533
-0.397485
-0.000936975
0.30341
0.382823
-0.397237
-0.0021955
-0.307793
0.00260134
0.00022906
0.00335455
-0.000321509
0.0066022
0.0254809
0.0235846
0.0428444
-0.0125103
0.00677738
0.178403
0.283471
0.236416
0.0799093
0.359443
0.143079
0.0670818
0.0199995
0.0128158
-0.00577578
-0.00366949
0.00369938
0.0060079
-0.0563966
-0.000868638
0.0650004
-0.0600172
0.469509
-0.475585
0.472259
-0.484829
-0.318005
-0.407201
0.00111479
0.300917
0.392538
-0.400672
0.000133558
-0.309611
0.00450826
0.00199452
0.000504795
0.000347523
0.000871909
0.00154201
0.00245083
0.00197406
0.00526745
0.00802532
0.0764619
-0.00133519
-0.000497443
-0.00245779
0.000421554
0.00101912
-0.0100972
0.0234344
-0.270202
-0.000675508
0.00371376
0.000175321
-0.00365791
0.413078
-7.02601e-05
-0.431731
0.417276
-0.421239
-0.00148232
0.431223
4.8842e-06
-0.437386
0.42489
-0.425434
-0.000616524
0.436651
0.00024881
-0.439168
0.4281
-0.426933
2.94453e-05
0.439141
0.000473736
-0.441263
0.431129
-0.427063
0.000646371
0.440711
0.000393093
-0.443971
0.434655
-0.42453
0.0015524
0.440081
-0.00084568
-0.444484
0.436197
-0.413827
0.00246374
0.428808
-0.00378113
-0.436044
0.429875
-0.235904
-0.000285902
0.234248
-0.0143681
-0.0298889
-0.0314136
-0.0327842
-0.41092
0.102541
0.0912742
-0.0349866
-0.0721104
-0.0359652
-0.469409
0.0988814
-0.120052
-0.201232
-0.0737698
-0.0577323
-0.0604207
-0.0257211
-0.0114936
0.001896
-0.000462277
-0.00931034
-0.0116392
-0.00682417
-0.0132523
-0.0263063
0.00465442
0.209507
0.24566
0.240904
0.277562
0.343258
0.326801
0.255608
0.257292
0.167866
-0.149287
0.0481874
-0.017517
-0.0122684
0.043737
-0.130153
-0.000354937
-0.000204621
-0.000420592
3.30907e-05
-0.0822168
-0.0936677
-0.0928293
-0.0832235
0.0825023
-0.0700347
0.00259976
0.0932564
-0.0804726
-0.0808004
0.00257928
0.092914
-5.22762e-06
1.50802e-05
4.11996e-05
4.60479e-05
-0.00245645
0.00329181
-0.00168421
-0.000927116
-0.000117627
0.000509146
0.00127132
0.00541535
0.00400492
0.00218389
0.00946936
-0.00265876
0.0567233
-0.0809359
0.479484
-0.494797
0.492377
-0.0102468
-0.144649
-0.0216239
0.0398467
-0.00429553
-0.00957618
-0.00504979
-0.0275981
-0.0577715
-0.115213
-0.263284
-0.269172
-0.670824
-0.316701
-0.276932
-0.00942912
-0.109191
0.0858034
-0.542057
-0.323892
-0.151485
0.245562
0.0197814
0.0128259
-0.256797
0.271776
0.00159695
-0.0321448
-0.282132
0.27309
0.000476037
-0.0358424
-0.275333
0.272183
0.00234353
-0.058752
-0.262709
0.194067
-0.154597
0.126613
0.0959788
0.283387
-0.133158
-0.0770741
0.0421089
0.170633
-0.558337
-0.0310998
-0.326919
0.284782
0.262313
0.250368
0.31431
0.152026
0.0345546
0.121459
0.18369
0.303566
-0.141483
0.0291728
0.225307
-0.194043
0.000217818
0.197229
-0.200023
-0.00251046
0.191415
-0.195613
-0.00147042
0.190281
-0.193591
-0.00128984
0.189718
-0.194864
-0.00272586
0.183346
-0.205738
-0.0162266
0.155691
-0.23826
-0.0887364
-0.00384684
-0.320952
-0.198713
0.115944
-0.316209
0.349844
-0.371279
0.0104258
-0.389089
0.401394
-0.0060973
-0.231449
0.014782
0.228117
-0.225659
0.000800643
0.00133423
0.000391744
0.000314881
0.000485421
0.00044979
0.000145045
0.00032409
0.000866958
0.00128025
0.00384348
0.000569884
0.0615964
-0.064776
-0.00187448
-0.000469306
0.00261882
0.000266699
0.303342
0.390723
0.00254875
-0.323684
0.31653
0.000178779
-0.325905
0.315111
0.000566506
-0.332562
0.309138
0.00117797
-0.342622
0.298301
0.00241518
-0.349537
-0.0154236
-0.0123276
-0.06624
-0.0658245
-0.106426
-0.0516188
-0.0252527
-0.0112918
-0.00753759
-0.0150375
-0.0278743
0.00180883
0.204385
0.237494
0.230605
0.327371
0.19595
0.00219251
-0.0222029
-0.0116113
-0.00598029
-0.00942951
-0.0221611
-0.0477356
-0.0990126
-0.232805
-0.247829
-0.441253
-0.332117
-0.104595
-0.105372
0.224649
0.0263424
-0.0275572
-0.0219094
0.111251
0.00460426
-0.0886268
-0.0848212
0.0878966
-5.49075e-05
-0.0980232
-0.0938185
0.0769121
-0.000399633
-0.12186
-0.116272
0.0372054
-0.154113
0.0980136
0.0950191
0.0994533
0.0864842
-0.135289
0.00948239
0.0501374
-0.153244
0.0368002
-0.14803
0.17398
-0.402793
-0.0216585
-0.387593
0.263105
0.270958
0.271349
0.266288
0.261465
0.264729
-0.419312
-0.0253867
-0.378275
0.271258
0.290469
0.272435
0.286716
-0.0214079
-0.403348
-0.400808
0.174388
0.272351
0.240461
0.238116
0.296456
0.283855
0.227601
0.0692872
0.151433
0.0616834
-0.0327814
0.0760376
0.0116223
-0.0554593
0.057694
0.0024955
-0.0572737
0.0568517
0.000339921
-0.0584261
0.0561521
-0.000171182
-0.0567067
0.0579121
-0.000777956
-0.0582265
0.0561139
-0.00386043
-0.0610011
0.0532417
-0.014231
-0.0812283
0.0311279
-0.0646391
-0.156964
-0.0749219
-0.233034
-0.280782
-0.286569
-0.192982
-0.141852
-0.218093
-0.00918664
0.159481
-0.120494
0.0117117
0.132205
-0.131849
0.00556611
0.137787
-0.141319
-0.00467618
-0.00949966
-0.245063
-0.000783295
-0.397422
0.000466713
-0.393804
0.00210986
0.412004
-0.418196
0.00049742
-0.414893
0.0048528
0.421055
-0.381745
6.62606e-05
0.382288
0.00199787
-0.381769
7.20604e-05
0.382194
0.00131404
-0.381862
0.000103798
0.381903
-0.000684717
-0.382025
0.000186437
0.381768
-0.00103165
-0.382101
0.000538378
0.381942
-0.0057137
-0.378225
0.00275103
0.378304
-0.00769362
-0.00841567
-0.471815
-0.341024
0.00780322
0.439807
-0.00286004
-0.467351
-0.324223
0.00644155
0.45722
-0.000918591
-0.465216
-0.319653
0.00241151
0.461826
-0.000676926
-0.464337
-0.317273
0.000154725
0.46461
0.000670927
-0.461963
-0.315777
-0.00197828
0.465951
0.000794919
-0.457733
-0.313082
-0.00552325
0.469447
0.0030532
-0.4397
-0.305328
-0.00584932
0.477159
0.0106993
-0.382353
-0.270294
0.0250857
0.503405
0.0608056
-0.0435381
0.116359
-0.199272
-0.3222
-0.00326867
-0.0901651
0.00140288
0.276258
-0.022808
0.00387249
-0.232806
0.00104008
0.398421
-0.389504
-0.00243945
-0.392207
0.010933
-0.376348
-0.000735309
0.378464
0.00848999
0.00308405
0.00078439
0.00451919
0.40987
0.00281489
-0.00350287
-0.101883
-0.000283697
0.11012
-0.000152174
0.000361565
0.000496614
-0.0175423
-0.0202759
-0.014534
-0.158833
0.0159815
-0.0260313
0.00244421
0.00279173
0.00494057
0.360512
0.297525
0.00171521
-0.00327367
-0.0135377
-0.0161912
0.264165
0.0097125
-0.33647
0.30134
-0.00223043
-0.326071
0.313007
-0.000707024
-0.000712817
0.00114632
0.00416273
0.00129566
0.00275512
0.00571156
0.00271825
0.00138937
0.0011805
0.00460394
0.000362533
0.00100483
0.00247227
-0.333533
0.293465
0.465363
-0.480551
0.473641
-0.479014
-0.00116453
-0.377447
-0.00363137
0.380866
-0.00471379
-0.374763
-0.0120391
0.392797
0.0234744
0.0294118
-0.267891
-0.000912048
0.287636
-0.301766
-0.00069863
-0.497131
-0.000950418
0.495251
-0.434294
-0.000196272
-0.43955
0.000121802
0.439368
-0.434271
-5.55323e-05
-0.43134
-5.59343e-05
0.431303
-0.443678
-0.000224455
-0.422242
-0.00134061
0.421249
-0.420315
-0.00377257
0.416455
-0.410349
-0.00777119
-0.00984625
-0.002277
-0.000985566
-0.00013487
0.000149798
0.000442676
0.00129408
0.00267357
-0.00462703
0.00121428
-0.106752
0.118583
-0.11722
-0.109669
0.00109771
0.000658594
-0.00228159
0.00642295
0.104004
0.000946062
-0.00123857
-0.0096828
0.0126779
-0.0111063
-0.155569
0.0152011
-0.0329722
0.233221
0.0112702
-0.0111698
-0.00943067
0.00620225
9.03764e-05
0.0797565
0.0808118
-0.00243739
0.068935
0.106637
-0.00184236
-0.00232332
-0.0023957
-0.000824021
0.0082503
-0.123984
0.317177
0.0184799
-0.473318
-0.00302705
0.479193
-0.420487
-0.002104
-0.43396
-0.000215538
-0.428253
-0.000176876
-0.429566
0.000941422
0.43034
-0.441472
0.000188719
-0.422307
0.000626719
0.422741
-0.42247
-0.000403934
0.422511
-0.000271285
9.09591e-05
0.000459543
0.00116318
0.00189938
0.00252138
0.00013612
-7.58134e-05
-0.00256348
-0.00244528
-0.00922343
-0.0116084
-0.00243401
-0.00250152
4.00347e-05
5.28589e-05
0.000309258
0.000129465
0.000331258
0.000261896
0.000337656
0.000405366
0.000382118
0.000260103
0.0015586
0.00190079
0.00250336
0.00909043
-0.000497531
0.064206
-0.330305
-0.0835628
-0.000116384
-0.0312238
0.141854
-0.144772
-0.47089
-0.170442
-0.00274487
0.0411895
-0.000219748
-0.33359
-0.141361
-0.0934796
0.213469
0.0257649
-0.0235918
-0.0413738
0.120411
0.00438191
-0.0823824
-0.102558
0.103048
0.00022936
-0.0910856
-0.108095
0.0955594
0.000563067
-0.117111
-0.12251
0.0257626
-0.00707636
0.00114372
0.00145641
0.412237
-0.372762
0.00250532
0.385952
-0.0140338
0.0103487
-0.487659
0.0017762
-0.30278
0.310448
-0.00262978
-0.294759
-0.513342
0.444116
-0.0278739
0.0449627
0.166888
0.00175915
0.359088
0.266815
0.300387
-0.399013
0.00467628
-0.338027
0.0106658
-0.37427
0.00803774
-0.358595
0.0105539
-0.360373
0.00907926
-0.384576
0.28007
0.273836
-0.0192758
-0.48215
-0.387675
0.171189
-0.119074
0.149368
0.0838934
0.0996911
-0.14636
0.0412533
0.0313
-0.15794
0.0623497
0.11434
-0.136979
0.214626
-0.114993
0.0179029
-0.127217
0.022163
-0.13876
-0.10874
0.0212932
-0.00879953
-0.00201461
-0.00138186
-0.000300829
0.000318831
0.000388947
0.000524441
0.00127028
0.00261376
-0.00468381
0.001315
-0.0697837
0.082394
0.000600508
0.0166243
0.0119294
0.00961203
-0.119932
-0.00879827
0.128163
-0.105503
-0.0577591
0.130009
-0.141635
-0.193534
-0.218435
0.154033
0.159053
-0.00953166
-0.0134052
-0.0434295
0.00505161
0.163057
-0.02965
-0.0381957
-0.0215376
0.116719
0.116803
-0.0383719
-0.0293781
0.150056
-0.0823891
-0.174441
-0.082822
0.160636
-0.0161017
-0.0170813
-0.02087
-0.00554052
0.00172314
0.275856
-0.0232814
0.0106118
-0.000449519
0.000351976
0.000574089
0.000355932
-4.45368e-05
-0.000704605
-0.00177339
-0.000244662
-0.00126202
0.000330902
-0.0112369
-0.00419152
0.00612606
-0.0157819
-0.00758848
-0.00749502
-0.209474
0.201302
-0.00575882
-0.00471589
0.0098055
-0.00483793
-0.00448314
0.034069
0.0709904
0.0363138
0.253223
-0.127496
0.016306
0.132965
0.16791
-0.0666579
0.00664666
-0.00242377
0.0110279
-0.00269387
0.00127942
-0.0192165
-0.00381783
0.000133185
-4.95026e-06
-0.000523205
-0.00120732
-0.000828762
-0.00208827
0.00147949
0.00282017
0.000612188
-0.00531176
-0.00112299
-0.000245712
-0.000216354
-0.000385481
0.000549215
0.00755523
0.00234812
0.00387496
0.00221912
0.000843765
2.03468e-05
0.00076439
0.000807557
0.00170451
0.00298821
-0.411122
0.373856
-0.376153
0.376975
-0.37651
0.00192974
-0.416944
0.416963
0.00444863
0.002942
0.00181909
0.00080693
0.407925
0.00246481
-0.00379435
0.129107
-0.00278229
0.00241181
0.0115806
-0.0190305
0.136638
0.107299
-0.0474512
0.0188733
-0.000402168
-0.000170681
0.0700458
-0.00241141
-0.000142741
0.0494229
-0.149518
0.0433525
0.000520366
0.0173625
0.0127029
0.00135186
-0.0132624
0.00537682
0.0116806
-0.0475508
-0.0436677
0.137107
-0.0578954
-0.105397
-0.0191974
0.129469
-0.00862616
0.0116655
0.00932239
-0.00649178
-0.000352475
0.00255046
0.00932238
-0.00368602
-0.00407779
-0.00108792
-0.000636915
-0.000186882
0.00117743
0.000750366
0.000636102
0.000426467
0.418883
-0.419084
0.377142
-0.377461
0.377757
-0.379246
0.0018281
-0.421153
0.419806
0.00136375
0.000562711
3.25831e-05
-0.000370415
0.000542134
-0.00107335
0.000552234
0.00024358
0.000440113
0.000338743
0.000647035
0.000218917
0.00068137
0.00200976
0.0112618
0.0102035
0.0366478
0.00173504
0.000737623
0.000135564
-0.000764695
-0.00272875
-0.00113872
-0.00114342
0.000127207
-0.000264973
-0.000208966
0.000243647
0.000269868
0.000260527
1.31095e-05
-0.00110389
-0.00292761
-0.00306361
-0.00119247
1.54875e-05
0.00011051
0.000195811
0.000301947
0.000414123
0.000732232
0.000628938
0.000587181
0.001303
0.00110896
0.00060722
0.00176762
0.00338955
0.00138745
0.00205391
0.0491176
-0.010029
0.00441932
0.00143441
0.00537105
0.10858
-0.00505801
-0.0156836
0.0776764
0.023298
-0.333739
-0.116091
-0.254163
0.22776
-0.155045
-0.16601
0.203878
-0.270246
-0.0145476
-0.0197836
-0.224618
0.197794
-0.00315245
-0.0110375
-0.00114085
0.00404248
0.00566148
0.082692
0.0258
-0.153419
-0.131823
0.250469
0.0249572
-0.0592438
-0.0171931
0.103458
0.00337986
-0.118197
-0.0766285
0.0778115
-0.000280494
-0.123749
-0.0850479
0.0676085
-0.00112271
0.107765
0.103659
0.00620051
0.129557
-0.125957
0.000482045
-0.113831
-0.000634581
-0.0026231
-0.000447343
-3.87035e-05
0.000177419
0.000196905
0.000171914
0.000138485
4.07648e-05
-0.00105257
-0.00286729
-0.0015151
-0.325584
0.311191
-0.000689754
-0.323986
0.316589
0.475401
-0.48022
0.475926
-0.485572
0.00028111
-0.382401
0.00257911
0.378541
-0.000363782
-0.378566
-0.000217418
0.378699
0.00205701
0.00230225
-0.278746
0.000793145
0.282823
-0.304547
0.000444202
-0.496547
0.000435831
0.498761
-0.434921
-0.000157871
-0.437875
0.000459728
-0.433177
-0.000691828
-0.426771
-0.00131687
0.422706
-0.438562
0.000109368
0.420124
-0.00118482
-0.413526
0.412523
-0.00122093
-0.427514
0.432087
-0.41763
-0.00015136
0.000426536
0.00186859
0.00156999
0.000809143
0.000268374
-0.000222694
-0.00108806
-0.00118882
-0.000167994
0.000849169
0.00211331
0.00215898
0.00467102
-0.325734
0.31639
0.000938634
-0.330798
0.312128
0.475615
-0.49627
0.472825
-0.50542
0.0127793
-0.432471
0.0398966
0.376675
0.00244666
-0.396546
0.0114265
0.37993
0.000725572
0.00710115
-0.275499
0.00571256
0.293749
-0.311136
0.00154281
-0.492358
0.00273513
0.497577
-0.426073
-0.00169391
0.416963
0.00379924
-0.471492
0.275266
-0.00111439
-0.317668
0.282211
-0.295579
0.015447
-0.0361036
-0.0180114
-0.031293
-0.0558644
0.351195
-0.498129
0.107925
-0.0795553
-0.0308918
-0.0117444
-0.00431603
-0.00252954
-0.00413817
-0.00108381
0.0664579
0.685387
0.34364
-0.178414
0.120288
0.0615107
0.391155
-0.339276
0.368556
-0.0219506
-0.240443
0.011664
0.43498
-0.411283
-0.0010994
-0.408183
-0.000105251
-0.412781
-0.000257597
-0.422551
0.00183368
0.42632
-0.436374
0.000423839
-0.420794
0.001724
0.422659
0.00162702
0.00110309
0.443448
0.00247264
0.438392
-0.000344345
-0.00280289
-0.00528132
-0.0179491
0.00285731
0.24047
0.016716
0.0209062
0.0828759
0.145646
-0.201403
-0.000568777
-0.298777
0.00103005
-0.494712
-0.00228767
0.491703
-0.431597
-0.000808478
-0.438847
-4.47396e-05
-0.432799
-3.96163e-05
-0.431196
0.000363489
0.431481
-0.443144
-3.3073e-06
0.443337
-6.60109e-05
0.000406692
0.44391
-2.91125e-05
-0.000173083
-0.000866676
-0.00229833
0.427597
-0.00455032
0.403461
0.024114
0.012354
0.304359
0.0120737
0.00717545
-0.000530644
0.309214
0.00118521
0.00486629
-0.278126
-0.000361523
-0.30352
-0.000162554
-0.49685
-0.000197301
0.496989
-0.435109
-2.17252e-05
-0.439285
0.000276129
-0.434384
-0.000274882
-0.430343
-0.000576608
0.429572
-0.443284
-0.000445296
0.436883
-0.00094361
-0.000407466
3.88053e-06
0.000144302
0.000233013
0.000430249
0.00125873
0.00235919
0.00127527
0.00125573
0.000626502
0.00110614
-0.00157542
-0.000614254
0.000140868
0.000447228
0.000523946
0.000476035
0.000338107
0.000551059
0.00104879
0.00312046
0.00265126
-0.330259
-0.00859284
-0.323519
0.35937
-0.00739517
-0.340953
-0.348706
0.366324
0.342503
-0.00725868
-0.325469
-0.371716
0.389257
-0.349863
-0.00888181
-0.312968
0.352289
0.370541
0.365134
0.357133
-0.00814989
-0.344505
-0.319919
0.00268263
0.34893
-0.00674584
-0.365545
-0.333378
0.00120957
0.344846
-0.00247661
-0.373829
-0.339289
-0.348621
-0.356763
-0.00281878
0.355853
0.363385
0.0012582
0.337914
-0.00275286
-0.33107
-0.380354
0.386812
0.00116382
-0.305457
-0.458862
-0.00628626
0.317037
0.00215567
-0.298189
-0.441254
-0.00714593
0.334519
0.393994
-0.283357
0.0228284
-0.275453
-0.00972378
-0.279186
0.0225025
-0.274616
-0.00967595
-0.280277
0.0236344
-0.279803
0.389241
0.338615
-0.0105704
0.0152828
-0.00139934
-0.208924
-0.250446
-0.237149
-0.262919
-0.250343
-0.252333
-0.259223
-0.21285
-0.329405
-0.260462
-0.238059
-0.249717
-0.168706
-0.0728837
-0.0904689
0.149735
-0.167461
0.394018
0.398386
0.395319
0.396996
0.411486
0.386774
-0.162239
0.130799
-0.0725874
-0.168864
-0.0909196
0.163198
-0.016904
-0.00348405
-0.00348749
-0.00163067
-0.00073217
0.000395272
0.000399714
0.36082
-3.74083e-05
-0.352039
-0.360491
-0.33347
-0.384257
-0.000272292
0.335451
0.38481
0.000487709
-0.308026
-0.464485
-0.00229629
0.312783
0.467772
0.00154801
0.0608844
-0.059733
-0.000679347
0.0607082
-0.0600537
-7.54246e-05
0.0614865
-0.0595076
0.00218329
0.0680831
-0.0536058
0.0128282
0.0951998
0.0339004
0.0188951
0.00627649
0.00290257
0.000483478
-8.78994e-05
-0.000467714
-4.88211e-05
-0.00124953
-0.000928632
-0.0027854
-0.0618019
0.470298
0.00313916
0.0580663
-0.0805704
-0.0126641
-0.0219291
-0.00858522
-0.0527221
0.0364416
0.0109215
-0.383834
0.0237263
-0.264973
-0.0107755
0.0157762
0.000671958
-0.168127
-0.286383
-0.278705
-0.233239
-0.0736411
-0.157283
-0.0634614
-0.125482
-0.356686
0.0608744
0.503331
0.384335
0.413999
-0.161827
-0.344598
-0.207964
-0.000537597
0.0349624
0.0228187
0.0130495
0.00494211
0.00159718
-0.000185592
-0.308916
-0.468446
0.466573
0.311448
0.0003517
0.00192046
0.00576635
0.00632911
0.0196617
0.00718523
0.00127538
-0.000252203
0.000107863
0.382196
0.00163287
-0.334462
-0.387279
-0.30784
-0.474944
0.00102351
0.312037
0.466201
0.00240949
0.00153866
0.00164559
0.00113571
0.00174784
0.00303296
-0.424267
0.380109
-0.3805
-0.00590167
0.00247951
0.00119115
-0.00264605
0.000615943
0.000181462
0.420498
0.000610619
0.000409976
0.419748
0.00267059
0.000256574
0.000813771
0.0015025
-0.000901369
-1.62688e-05
0.00048845
8.82524e-05
0.000311109
0.000148219
3.89243e-05
0.000373483
0.00137526
0.000607345
0.000128672
5.20031e-05
-0.000788081
-0.000250978
-0.000263986
-0.000864777
-7.40876e-05
0.000176781
0.000164042
-0.000456551
-0.000356997
-0.000211011
-0.00017921
-0.00373309
-0.00385411
-0.0170073
-0.0065039
0.372292
-0.00244289
0.000211234
0.000124112
-0.00173219
-0.00185628
-0.00104042
-0.00701936
-0.00640225
-0.0048487
-0.000973533
-0.337094
0.303246
0.00462693
-0.334711
-0.0137943
-0.0136933
-0.065201
-0.0831855
-0.304261
-0.306525
-0.491592
0.123216
0.0468944
0.254662
-0.0896462
0.13203
-0.0148187
-0.150825
0.135738
-0.00339613
0.105905
-0.00345476
0.127665
-0.140899
-0.0119019
-0.00374815
-0.00462209
0.00203005
-0.0170396
0.113408
-0.00567211
0.00419448
0.00423805
0.00271604
0.00153545
0.000661433
0.000564378
0.00603848
0.00519557
0.012981
0.0112066
0.0320402
0.00662933
0.00299767
0.0010107
0.30399
-0.306542
0.00112185
-0.496013
0.00136443
0.500959
-0.433085
-0.000639808
-0.43337
0.000458144
0.428341
-0.000281738
1.4249e-05
0.000310329
0.000433831
0.0011059
0.00233047
0.00139441
0.000869318
0.000480992
0.000185368
9.1144e-05
0.000142735
0.000166445
0.00015574
0.426599
5.5269e-06
0.432252
3.09314e-05
0.414695
0.398167
0.00161221
0.396635
0.239218
0.00630527
0.00137109
-0.00016
7.873e-05
-0.000841804
0.433702
0.0015115
-0.001035
0.282218
0.000174861
0.000534343
-0.000300899
0.304448
0.00106584
0.00351151
-0.2776
0.0027692
0.287104
0.000165729
0.00215325
0.000969202
0.000641925
-8.3126e-05
0.435278
0.000157402
0.434678
-5.46339e-06
0.000641666
0.435746
0.000293991
0.439759
-0.000139413
0.00182832
0.435497
-0.00155133
0.303249
-0.000370272
0.00606665
-0.278672
0.00956334
0.298625
-0.00966849
-0.000326278
-0.010691
-0.0360631
-0.08444
0.00315141
-0.0122767
-0.0053156
0.0040646
0.00367535
0.432673
-0.000647651
-0.00138457
-0.00135453
-0.000284926
-0.00486013
-0.000239522
0.000664568
0.000510183
0.438685
0.433101
-0.000330965
-6.72589e-05
-0.000877986
-0.00168393
-0.0018652
-0.00799949
-0.00299756
-0.00311224
-0.00165382
-0.000633821
0.441634
-0.00125434
-0.000215431
0.00039601
-0.000294361
-0.00154675
-0.00551656
-0.0166654
-0.00399811
9.33647e-05
0.000400788
0.00180862
-0.00210893
0.00244211
0.00420971
-0.00734117
0.0324448
0.06719
-0.0488571
0.348513
-0.00170045
-0.0232965
-0.0341543
-0.0189862
-0.00657236
-4.98466e-05
0.00646354
0.0188039
0.0338938
0.0364642
0.000658523
0.0179207
0.0177608
-0.32947
-0.167605
-0.345034
-0.169335
-0.000474033
0.021271
0.00541726
0.00227291
0.322597
0.383347
-0.00144524
0.00312232
0.00128073
0.00254827
0.00139633
0.00302337
-0.00388359
-0.0206649
0.153934
0.352944
0.0147604
-0.000490892
0.00100529
0.00103321
0.000520411
0.000603533
0.00025805
0.000259962
0.000332269
-0.000576314
0.000122437
8.95171e-05
0.0008744
-0.00040723
-0.000668313
-0.363516
0.00257101
-0.354054
0.341396
0.00686616
-0.355706
-0.367681
0.35079
0.328359
0.00458473
-0.334974
-0.391555
0.375395
-0.000692484
0.313868
0.463813
0.00517601
-0.00106781
-0.00125393
0.000986935
0.00170229
0.00445308
0.0772565
0.122267
0.187104
0.442382
0.0286936
0.228909
0.338909
-0.0156158
-0.00427093
-0.0113016
-0.00308694
-0.00157453
-0.000216093
0.333349
0.357595
0.349478
0.339341
0.00275683
-0.37934
-0.34537
-0.00088311
0.334087
0.00725645
-0.381204
-0.350529
-0.0022181
0.322414
0.343627
0.305875
-0.0015501
-0.00242435
-0.00270039
-0.000818247
0.000258875
0.00166364
0.000322221
0.000266107
-0.000815898
-0.000346917
-0.00312118
0.029481
-0.003234
-0.00203463
-0.00492296
-0.00389699
-0.00241335
-0.00411103
-0.00175854
0.0843276
-0.00200289
0.00187864
0.000255601
-9.6214e-06
0.00510734
0.00447232
-0.0315782
0.18141
-0.0788333
-0.306281
-0.387931
0.0290628
-0.177554
0.0737489
0.0233425
-0.109401
-0.117637
-0.0128418
-0.0194252
0.129088
0.118306
-0.0111036
-0.115082
-0.00198956
0.115586
-0.000586706
0.00150434
-0.000115318
0.00134651
0.00329495
0.0034288
0.00235842
0.000688106
0.000546941
-0.00133264
-0.00115143
-0.00018438
-0.00068482
-8.26319e-06
-0.00014675
0.000832474
0.00181063
0.00168751
-0.00234961
0.00307158
0.00657714
-0.0123396
0.385904
-0.0253293
0.018433
-0.429486
0.00529927
0.00468873
0.0350542
0.00405558
0.0086085
0.0263161
-0.00193469
-0.000739414
-0.00260007
0.00680044
0.0741836
-0.00480179
-0.00276219
-0.00141075
0.00190107
-0.18815
0.218176
-0.00650392
0.00141126
-0.00892772
-0.0224214
-0.0253661
-0.00471512
-0.00223611
0.0904825
-0.00230553
-0.00281504
-0.00530926
-0.00088151
-0.00310296
0.0797411
-0.00520217
-0.00298856
0.00680845
0.00519567
-0.00119343
-0.00133105
-0.000868357
-0.00220215
0.00203437
0.00553541
0.00439602
0.00354679
-0.00874568
0.0173154
0.0173934
0.0200947
0.0268071
0.385868
0.0525864
0.0082076
-0.0130887
-0.0046991
-0.000280861
0.00391456
0.0117209
0.0017942
0.380287
0.318994
0.00116357
-7.70672e-05
0.00035677
0.000367207
0.316923
0.377744
0.000116934
-0.377332
-0.342317
0.342159
0.000355207
0.353057
0.000370749
0.00759996
0.0212075
0.00214822
0.00208052
0.00617068
0.000401402
0.000486006
-0.00616472
-0.0187281
-0.00523186
0.313994
0.3352
0.322303
-0.00589808
-0.00192332
-0.000304201
-8.2681e-05
-0.000285183
0.373976
0.315409
-0.000124381
0.00036697
0.000109568
-0.000728772
-0.000824534
0.3128
0.36529
-0.00178111
0.00106541
8.00764e-05
-0.000435145
-0.00187669
-0.010452
-0.0553465
-0.357906
-0.129132
-0.0252539
-0.00344031
-0.000508706
0.000287282
-0.000307122
-0.000643196
0.000775189
-0.00522141
-0.0135741
0.0127496
-0.0166277
-0.0333177
-0.0224208
0.0125445
0.230077
0.330958
-0.0160807
0.00273953
0.220117
0.332753
0.00187803
0.209564
0.346058
0.165063
0.00103827
-0.00192652
0.356141
-0.00212936
0.020162
0.121469
0.0209682
0.0448144
0.0474807
0.0451005
0.0597227
0.037676
-0.00098902
-0.00491212
0.0459134
-0.0215951
-0.0100356
-0.00778801
0.0490567
0.00477004
0.0338923
0.0296928
0.207442
0.175101
0.194425
0.185628
0.190171
0.0411302
0.00667417
-0.000795358
-0.00697782
-0.0839443
-0.28383
-0.267948
3.22709e-05
0.0114489
0.171218
0.000112057
0.434589
0.00326893
0.000578703
0.000186666
-0.000649914
-0.0110061
0.00182308
0.305672
0.437574
0.433279
-0.000219801
-0.0107678
-0.427804
0.00120623
0.00152793
0.00141611
-0.0444511
0.477791
0.0127079
0.00676688
0.00226491
0.00587502
0.0949468
0.00334116
0.214788
-0.254369
-0.0316051
-0.449415
-0.000211011
-0.0215022
0.10754
0.000720924
-0.455765
0.412098
0.00560498
0.232987
0.015373
0.0889747
0.21698
0.0347746
0.037036
0.00177385
0.00151657
-0.00174054
0.293383
0.0132948
-0.0185523
-0.0262886
-0.00841973
0.00215069
0.000460059
0.000197629
0.000351579
0.000412453
0.000131469
-0.000969286
-0.00151819
-0.0135956
-0.00688612
0.243843
0.0197231
-0.408802
0.445403
0.0269973
0.321917
0.00204189
-0.298144
0.308602
0.0302537
-0.270681
0.293199
0.0058502
-0.282293
0.288453
0.00365485
-0.284849
0.288336
0.00261564
-0.286571
0.288257
-0.00061724
-0.289897
0.2851
-0.00722177
-0.296759
0.272591
-0.033583
-0.312138
0.203519
-0.148555
-0.395189
-0.120375
-0.370585
0.0231416
0.242187
-0.244047
0.0139018
0.253191
-0.25052
0.00520386
0.254326
-0.261484
-0.00294843
0.253535
-0.260358
-0.0215286
0.244804
0.257017
0.396201
0.100255
-0.28599
0.00373469
0.420408
-0.000773393
-0.428402
-0.00190609
0.410762
-0.00251017
-0.414789
-7.12509e-05
0.41237
0.0004296
-0.406186
0.00130564
0.418055
-0.0123478
-0.439354
-0.0190795
0.34277
-0.0608716
0.0787732
0.178694
-0.327109
0.333173
-0.396088
0.373018
-0.385157
0.378973
-0.379374
0.380653
-0.376416
0.38192
-0.374632
0.380434
-0.376613
0.381746
-0.374345
0.391716
-0.332681
0.321731
-0.158581
0.313521
0.394282
0.196233
0.290878
0.212015
0.163553
0.107316
0.06592
0.19128
0.00545404
0.244527
0.0346355
-0.000802162
-0.0194931
-0.0237056
-0.0195137
-0.00887123
-0.00522041
0.128692
0.017985
-0.125155
0.115655
0.0608377
-0.11539
0.146417
0.199077
0.212006
-0.137817
-0.115205
0.0286898
0.213205
-0.084829
0.32499
-0.346768
0.375636
-0.00726968
0.396352
-0.396862
0.017515
0.238517
-0.0109906
-0.222707
0.392249
-0.407913
0.41965
-0.437263
0.436199
-0.442714
0.439726
-0.443408
0.439808
-0.444007
0.43949
-0.445729
0.438941
-0.446779
0.43191
-0.440123
0.239459
-0.00497303
-0.238457
-0.00616
0.431144
-0.41897
-0.00149268
0.434088
-0.428254
-0.00121183
0.432336
-0.429799
-0.000935428
0.430858
-0.429834
-0.000588396
0.430634
-0.429485
-0.000629561
0.429552
-0.426079
-0.00106059
0.423039
-0.411734
-0.000760887
0.395048
-0.396658
0.000823095
0.227131
-0.00661285
-0.233319
0.39624
-0.000529576
0.234515
0.00389004
-0.242585
0.404085
-0.407235
0.419123
-0.429095
0.432563
-0.435021
0.435147
-0.433793
0.425493
-0.432061
0.412476
-0.425453
0.414535
-0.42687
0.412204
-0.436752
0.228813
0.0423607
-0.293149
-0.0119962
0.445593
-0.401638
-0.00359106
0.375436
-0.384528
-0.000580762
0.378529
-0.36953
1.09611e-05
0.4026
-0.461251
0.0106188
0.50217
-0.491686
0.00368726
0.497774
-0.491934
0.00239086
0.492983
-0.481294
0.000427132
0.466537
-0.441877
-0.0202738
0.211545
-0.00105093
-0.369682
0.324176
-0.321317
0.297173
-0.00218538
0.196282
-0.389045
-0.0599841
-0.130508
0.156162
0.0680844
-0.319776
0.326327
0.0192512
0.475182
0.341711
-0.0133759
-0.411379
-0.246019
0.361685
-0.17477
0.467611
-0.0128306
-0.0135552
0.105486
-0.190202
-0.24238
-0.00571957
-0.0203887
0.122254
-0.0111994
-0.0945017
0.128376
0.133608
-0.0186604
-0.0700068
-0.0282952
0.111959
0.119904
-0.0235355
-0.0407382
-0.0408157
0.119833
0.112372
-0.0234236
-0.0280152
-0.069874
0.133846
0.130094
-0.0183805
-0.0941638
-0.0107328
-0.131479
0.123296
-0.0196211
-0.00556737
-0.244259
-0.190781
-0.0655586
-0.163148
-0.105908
-0.0868542
-0.17
-0.0874183
-0.105252
-0.162653
-0.0660357
0.111546
-0.0487605
-0.0347297
0.00173046
0.14873
-0.0192603
0.0295929
0.417596
0.389816
-0.270661
0.357209
0.354497
0.378446
-0.00978807
-0.268864
-0.308094
0.420238
-0.173153
0.387794
0.0244651
-0.0191911
0.153058
0.0106033
0.0019524
0.149345
-0.0193485
0.0290325
0.360657
0.470453
-0.412795
0.479446
0.0181029
0.329172
-0.0159536
-0.319456
0.0685517
-0.393087
-0.174789
-0.197562
-0.286154
-0.243435
-0.244953
-0.173153
-0.284451
-0.198846
-0.392083
-0.313584
-0.643545
-0.0631781
-0.088023
-0.142252
-0.0868701
-0.0296356
-0.0300394
-0.0319098
-0.00931672
-0.0144279
-0.0295364
-0.305012
0.271264
-0.311616
0.303734
-0.309757
0.306914
0.000609124
0.28095
-0.285628
-9.51809e-05
0.00462643
-0.382631
0.349566
0.00831435
0.460362
0.340298
0.00304522
-0.464572
-0.327884
0.336351
0.00166473
0.466475
0.0197737
0.00162803
-0.000531327
-0.00390293
0.0151204
0.356996
-0.0266459
-0.386824
-0.0020395
-0.00494166
-0.0153386
-0.00377232
-0.00412031
-0.00301526
-0.0162865
0.00157066
0.00147743
0.0122241
-0.0115923
-0.00330399
-0.398708
-0.00230537
0.406478
-0.399192
0.412985
-0.000329679
-0.416586
0.000119034
0.433377
-0.427176
0.428164
0.000409714
-0.433397
-0.00126746
0.438724
-0.433754
0.430923
0.000602117
-0.437323
-0.00282239
0.439211
-0.434396
0.428813
0.000173782
-0.438319
-0.00289731
0.438719
-0.433941
0.426574
-0.000936006
-0.44046
-0.00274507
0.440818
-0.434858
0.425385
-0.00156686
-0.439883
-0.000690516
0.441918
-0.435891
0.417255
-0.00236062
-0.430751
0.000195332
0.434987
-0.433082
0.23524
-0.00321316
-0.242116
0.0076035
0.00461326
-0.0197801
0.11183
0.198197
0.357687
0.046356
0.0167588
-0.308482
-0.109796
0.0765379
-0.00908332
-0.226506
0.173877
-0.00708485
-0.199618
0.197267
-0.0176888
-0.0956433
-0.228561
-0.0970197
0.310898
0.108036
-0.0397714
0.00134795
0.000602799
-0.310226
0.28437
-0.286179
-0.0134334
-0.0336509
0.327813
0.00922439
-0.282963
0.0945131
-0.246751
0.43343
0.370193
0.378191
-0.0019445
-0.356106
-0.360427
0.357427
0.00514807
0.46518
0.369268
0.0109091
-0.0209474
-0.00782243
0.00370419
0.0188305
-0.000578868
-0.190145
-0.208467
-0.365633
-0.325536
-0.191916
0.000627849
0.0250173
0.0104867
0.00123644
0.00475853
-0.00642693
0.0194211
0.0193214
-0.0135386
-0.0916682
-0.087155
-0.335599
0.158864
0.0941822
0.00225397
-0.0259359
0.049127
-0.436113
0.460083
-0.426888
0.256312
0.404038
0.37649
-0.00567584
-0.341686
-0.354373
0.393766
-0.00278528
0.359365
-0.06849
-0.0119857
-0.00679044
-0.00103369
-0.00377958
-0.00592507
0.00762791
0.030724
-0.00127789
-0.00338829
-0.0014428
-0.00360558
-0.0011635
0.00248523
0.000412899
-0.00234606
-0.00578837
-0.00930557
-0.0050279
-0.000815029
0.000415699
-0.0304424
-0.00902662
-0.036464
0.0622176
0.0067903
-0.0579469
0.0986138
0.484584
-0.0742587
-0.123455
0.586605
0.379551
-0.67108
0.125408
0.0450187
-0.00688543
-0.418027
-0.329746
-0.105683
0.379762
0.383242
0.355621
0.40141
-0.00426066
-0.314729
-0.368305
0.395404
-0.00196467
0.35295
-0.0382601
-0.353147
-0.00436039
-0.322869
-0.0455892
0.365747
0.385775
-0.00205978
-0.335439
-0.362477
0.375451
0.345129
0.385638
-0.00108718
-0.335488
-0.37391
0.377278
-0.000471365
0.341471
-0.00101851
-0.360836
-0.0011946
0.354694
-0.0104777
-0.36976
-0.327303
0.00770459
0.00506828
-0.00202919
-0.00767148
-0.458335
-0.339547
0.0070316
0.358191
0.353718
0.342593
0.372666
0.000468677
-0.335411
-0.363641
0.372441
0.00195887
0.346614
-0.00262686
-0.341289
0.000749363
-0.359429
0.000722364
0.364951
0.351826
0.00207037
-0.348094
-0.32207
-0.00507086
-0.319223
-0.350134
-0.0037196
0.340672
-0.304817
-0.460549
0.474546
-0.469074
0.473648
0.00108356
0.3742
0.00280976
-0.377325
0.00428491
0.370641
0.00865875
-0.388326
-0.0223296
-0.0295611
0.269739
0.000448678
-0.291018
0.303742
1.13101e-05
0.500833
0.000493356
-0.499909
0.437498
-0.000182859
0.445022
-0.000468004
-0.445313
0.439036
-0.000144476
0.439346
-0.00041974
-0.440105
0.445134
7.42901e-05
0.438513
0.000820663
-0.438303
0.503375
0.000378839
0.305636
0.000258065
-0.312688
0.301805
0.00015165
-0.319199
0.47759
-0.407335
0.414013
-0.404702
0.403412
-0.413046
0.398069
-0.471893
0.325336
-0.170191
0.218241
0.146533
-0.243928
-0.0309789
0.128951
-0.169437
0.430097
0.157622
-0.538545
0.0133595
-0.0129475
-0.0207967
-0.0828639
-0.357268
0.0778828
0.00725968
0.0491986
-0.167301
0.372051
0.37908
-0.857417
0.0390225
-0.291594
-0.461201
0.000616208
-0.00738973
-0.00627754
-0.00367974
-0.00185153
-0.000833208
-0.000131839
0.000883076
0.00235219
-0.00493284
0.00209099
-0.0686007
0.0839008
-0.083775
0.0685971
-0.00291976
-0.0936522
0.0802298
0.0793173
-0.00291934
-0.0944968
0.000146678
0.0945946
0.00300486
-0.0789445
0.00194132
-0.0793297
0.0944121
0.00293281
-0.0683353
0.0836353
0.118786
-0.11983
0.107905
0.000853007
-0.109543
0.104907
0.001565
0.125704
-0.00130812
0.109374
0.00137445
-0.10758
0.00217643
-0.00496796
0.000379345
-0.00918231
-0.131219
-0.00108062
0.130438
-0.00158329
-0.106264
0.00101694
0.00638615
0.0197879
-0.0479586
0.142411
0.00155515
-0.000355647
-0.00100549
-0.00601294
-0.131018
0.000311955
0.0487529
0.0342235
0.0051008
-0.15609
0.0346464
0.0374176
0.0229398
-0.11977
-0.118229
0.0443612
0.0268261
-0.142345
0.0876362
0.179597
0.0952454
-0.153559
0.0197544
0.0214789
0.00523269
-0.00159399
0.0696074
-0.0827181
0.000183044
-5.42448e-05
-0.000583937
-0.000588693
-8.73571e-05
-0.00206738
-0.00106858
-0.00570524
0.0046943
0.00112161
-0.000502538
-0.00129732
-0.00215756
-0.00249016
-0.00158587
0.000318953
0.001976
0.00247869
-0.0268752
0.31008
-0.1123
0.0213342
0.272592
0.141473
0.123957
-0.143491
0.652786
0.171485
0.00302252
-0.0149904
-0.0232694
-0.233721
0.221797
-0.207948
-0.0247825
-0.0238506
0.249963
-0.291867
-0.00769052
0.027839
0.280223
-0.27808
-0.00131815
0.0350998
0.278351
-0.269954
0.00100314
0.0602154
0.276273
-0.181867
0.172375
-0.119636
-0.0877598
-0.321932
0.1773
0.13481
-0.000407406
-0.153055
0.587814
0.0369851
0.326594
-0.273095
-0.272585
-0.255087
-0.339238
-0.159046
-0.0314674
-0.126932
-0.187086
-0.305959
0.144816
-0.0285531
-0.226815
0.195769
-2.02168e-05
-0.198421
0.201376
0.0025565
-0.192582
0.19742
0.00143323
-0.19192
0.196218
0.00126847
-0.191979
0.198182
0.00282245
-0.185824
0.209495
0.0167498
-0.156843
0.242178
0.0893566
0.00438803
0.302595
0.0671396
-0.0493769
-0.486875
-0.0179613
0.260317
0.390285
-0.036189
0.0823859
0.0127278
-0.0596178
0.064005
0.0029114
-0.0629255
0.0619479
0.0007972
-0.0628138
0.0622022
0.000126902
-0.0636145
0.0616145
-0.0022061
-0.070209
0.0558497
-0.0129337
-0.0974113
0.0303853
-0.0455449
-0.170122
0.00221207
-0.355592
-0.26058
-0.303086
0.0266396
0.369006
0.433548
-0.162815
-0.258145
-0.262971
-0.251403
-0.265676
-0.255078
-0.2346
-0.287806
-0.21836
-0.194306
-0.389972
-0.344463
-0.238595
-0.195962
-0.0559644
-0.0969131
-0.0796385
-0.0816852
-0.0880126
-0.0709809
0.147437
0.00107901
-0.047589
0.160401
-0.0340489
-0.0335861
0.159706
-0.0423492
-0.0227461
0.157088
-0.0669251
-0.0843877
0.124739
0.0366722
0.154836
-0.00411376
0.134674
-0.0140651
0.136007
0.110124
-0.0216627
0.118424
0.115696
-0.0209973
0.114036
0.124871
-0.0222286
0.0093292
-0.00024635
-3.34711e-05
-0.41241
0.37546
-0.00109848
-0.385795
0.0163367
-0.00936873
0.492697
-0.00163463
0.295777
-0.303489
0.00362057
0.289879
0.522636
-0.446336
-0.0044353
0.0149271
-0.384302
0.134429
-0.0257101
-0.246426
-0.00137353
0.434696
-0.0118152
0.0046966
0.00230666
0.000485922
-0.000438484
-0.000680475
-0.000319952
-0.00043892
0.00106077
0.00242075
0.00570368
-0.0491298
-0.217348
0.207987
0.0245957
0.000947532
-0.00119797
0.000818459
-0.00129091
-0.00181391
-0.00270081
-0.00389784
-0.00579622
0.0441579
0.00238033
-0.00263422
-0.0188762
0.0196709
0.000556088
0.000274722
0.229738
-0.217439
0.00811836
0.0075989
-0.010368
0.0161968
0.0146046
-0.0200647
-0.0351921
-0.15711
-0.141899
-0.0045414
-0.0273675
-0.00160231
-0.00248784
-0.00497481
0.0033409
-0.00252591
-0.00233942
-0.00118488
-0.00123088
-0.000834323
-0.000271968
-0.000824084
0.000519058
0.00173484
0.00723591
0.00570384
-0.250638
0.0328868
0.00295575
-0.00257595
-0.000516745
0.000487408
-0.00137199
-0.00175997
0.41615
-0.374754
0.379144
-0.378578
0.378621
-0.00159629
0.42086
-0.419413
-0.00347006
-0.0021593
-0.000918468
0.00061411
-0.408878
-0.000695216
0.00670164
-0.122111
0.00586275
-0.00181998
0.00186711
0.00914663
0.00150879
0.000867995
4.47238e-05
-0.000989302
-0.0019387
-0.00314324
-0.00447911
0.0286593
-0.588491
0.103122
0.112199
-0.0541549
0.165687
0.045277
0.0589889
0.062839
0.127587
0.258828
0.39073
-0.00982695
0.441315
0.298635
0.187813
0.170949
-0.0878636
-0.0443939
0.130368
-0.0241907
-0.0517126
-0.0388696
0.153822
0.0670288
-0.195259
-0.0300149
0.0146942
0.0371185
-0.12507
-0.00770145
0.0774235
0.0990193
-0.10503
-0.00187219
0.0879816
0.107348
-0.0962857
-0.00155708
-0.0746476
-0.0787284
-0.00180932
-0.0809634
-0.0689855
7.93964e-05
-0.106677
-0.10479
-0.00592542
-0.130521
0.147085
-0.000528398
0.114315
0.00143109
0.118885
0.0839027
0.00350441
0.0940921
0.0923889
0.00332503
0.00166324
-0.00139201
-0.00727744
-0.00406247
-0.00204853
-0.000359417
0.000551929
0.00117142
0.00244812
-0.00159324
-0.00218722
-0.307437
-0.458387
0.00147514
0.00467146
0.0168625
-0.306626
-0.00977761
0.374589
0.00871017
0.00256475
9.69787e-06
-0.000191447
-0.000188161
-0.000350575
-0.000651826
-0.00056456
-0.00107134
-0.000923501
-0.00124716
-0.00110217
-0.00106833
-0.000984797
-0.000364266
-0.000773537
0.000181036
-0.000496508
-0.00604113
0.0236406
-0.22787
0.254682
-0.124545
0.380331
0.362131
-0.856745
0.0687138
0.0623867
-0.158
0.370555
0.373049
-0.858997
0.0243087
0.0230401
-0.0259357
-0.0156681
-0.00601383
-0.00083165
0.00185137
0.000795056
-0.000672135
-0.00267665
-0.00217124
-0.000628678
-0.00294183
0.334079
-0.322497
0.000300927
0.33184
-0.327277
-0.471717
0.47569
-0.473171
0.481911
-0.000369548
0.380481
-0.00253762
-0.376286
0.000356197
0.376005
0.000189766
-0.375776
-0.0015035
-0.00201178
0.281987
-0.000555249
-0.285824
0.306906
-0.000691068
0.500225
-0.000998497
-0.503531
0.437686
-0.000523621
0.442189
-0.00151174
0.436877
-5.34884e-05
0.432906
4.51933e-05
-0.431791
0.43936
0.00157221
0.424316
0.00304504
-0.484325
-0.00158589
0.500336
-0.431812
0.435669
0.00233743
-0.498047
0.000954741
0.000238479
-0.000561607
-9.42377e-05
-0.000318282
-0.00047899
-0.00115177
-0.0023481
0.00520027
-0.00176161
0.107662
0.106914
-0.000928388
-0.112236
0.0013503
-0.134406
0.134735
-3.58503e-05
-0.134767
0.134321
0.00179477
0.00693351
0.240085
-0.000144584
0.406733
-8.21625e-06
0.405052
4.24464e-05
-0.418449
0.421364
-0.00058582
0.432814
-0.00181868
-0.435239
0.497517
9.65665e-05
0.308861
-0.000326009
-0.306268
0.308029
1.25151e-05
-0.307454
0.3081
0.000175284
-0.30842
0.307584
0.00031227
-0.309885
0.000831456
0.000777327
0.000453352
-0.00057954
0.000185624
0.3123
-9.64845e-05
-0.303866
-0.000742007
0.000884777
0.0026427
0.0197743
-0.14925
0.0713643
0.0939819
0.0183605
-0.129932
0.0109331
-0.123228
0.131657
-0.00175699
-0.00690958
0.00017552
0.00724507
0.0205843
0.0254586
-0.0479929
0.142668
0.00151139
0.000521263
0.000472438
8.6195e-05
0.11917
0.112333
2.59486e-05
-2.23819e-05
0.000699511
-0.00859964
-0.106867
-0.00117543
0.00075329
-0.0487364
-0.0346544
0.106269
-0.01332
-0.000746325
0.000684976
-2.17829e-05
-0.000800511
-0.000695187
-0.37031
-0.33933
-0.352457
0.362286
0.353186
-0.350613
0.00693542
-0.00126828
-0.00293416
-0.360042
-7.08745e-05
-0.000223697
0.00071768
0.00127432
0.00232087
0.000821939
0.00108448
-0.000151533
0.000252708
0.000182782
-0.00029682
5.80603e-05
0.00196359
-0.000517854
-0.000985312
-0.000605963
-0.00098411
-0.00191708
-0.00252739
-0.00241251
-0.00140581
-0.00216465
-0.000469732
0.00125181
0.00049875
0.00101913
0.00229864
-0.00582783
0.0086953
0.00255089
6.97152e-05
2.62094e-05
-0.000130263
-0.000300444
-5.21618e-05
-0.000852042
-0.00203443
-0.00640525
-0.0132038
-0.326472
-0.37363
-0.0126737
0.336974
-0.320323
-0.473568
0.492966
-0.471581
0.501785
-0.0144844
0.43134
-0.0417273
-0.37577
-0.00295201
0.395031
-0.0118631
-0.378373
-0.0004112
-0.007067
0.278242
-0.00632694
-0.297494
0.313079
-0.00299446
0.494472
-0.00507687
-0.505368
0.426288
-0.00131982
0.41806
-0.00321959
-0.41932
2.93414e-05
0.41785
-0.000269106
-0.420482
0.00206741
0.00238982
0.000818581
0.000585578
0.00026343
-0.000443648
-0.000469654
-0.000465406
-0.00100604
-0.00198916
-0.00104173
-0.000886748
-0.00028705
-0.000617085
-0.000429834
-0.421182
0.421981
-0.378349
0.378669
-0.378323
0.379821
-0.00166109
0.422915
-0.421419
-0.0012453
-0.000448213
0.000124474
0.00071884
0.00124623
0.00606998
0.00277303
0.0274293
0.0128254
-0.00936669
0.0234294
-0.136215
-0.108718
0.0461447
-0.00175073
-0.00165519
0.0477808
-0.00651258
0.0488552
-0.000891575
-0.118697
2.18579e-05
-3.35701e-05
0.00105903
0.00266004
0.00273417
0.00209614
0.00911358
-0.0136383
-0.244419
0.00521512
0.000370089
-0.190674
-0.209716
-0.325703
-0.365692
-0.646483
-0.0614872
0.00155304
0.021768
0.00998335
0.00351611
0.00693165
0.0207426
0.0219021
0.0525636
0.109158
0.244385
0.431511
0.315067
0.0968501
0.0904515
-0.223802
-0.0289316
0.0218755
0.019151
-0.114943
-0.00753615
0.0836934
0.082155
-0.0902843
-0.00193015
-0.0922566
-0.0812237
-0.00178603
-0.117325
-0.112236
0.000457948
-0.14688
0.149959
0.000138263
0.108572
-0.00100419
0.111146
0.0731907
-0.000365965
-0.00382724
-0.00648458
-0.00397844
-0.0141985
-0.0229427
-0.0897443
-0.33307
0.00686265
-0.307988
0.0632513
0.0980095
0.017249
0.016437
0.00660931
0.00578979
0.000355052
-0.00148594
-0.000440043
-0.000968972
-0.00215704
0.00329123
0.00349674
0.0169212
0.0019493
0.000753984
0.00381521
0.00189859
0.00366389
0.0113329
0.0308183
0.0477249
0.0998191
0.231737
0.390036
0.29689
0.0701135
0.121089
-0.253445
-0.0298638
0.0513709
0.0122069
-0.10799
-0.00758495
-0.135084
-0.129622
0.00380008
-0.154556
0.143202
0.00421769
0.0676937
0.000424295
0.00889998
-0.0804537
-0.0553959
0.161811
0.147375
-0.0537188
0.145894
0.115777
0.306903
0.425321
-0.0558449
-0.0833041
-0.0860421
0.0134522
-0.116945
0.00235566
-0.00715783
-0.0049631
-0.00233597
-0.0011669
-0.000415873
-0.000407162
0.000117465
-0.000149734
-0.000306348
-0.000499252
-0.000548953
-0.000333981
-0.00045456
-0.000523766
-0.000548372
-0.000798013
0.00204565
0.00501716
-0.00265478
-0.00111868
-0.00238984
-0.00840565
0.00635229
-0.00135738
-0.00207965
-0.00109465
-0.00043114
-0.00036256
-0.000557666
-0.000687992
-0.000647482
-0.000410089
-0.000671226
-0.000326598
-0.421587
0.425536
-0.38024
0.381348
0.0064872
-0.00189629
-0.00106584
0.00287436
0.000589377
0.000401482
-0.00130502
-0.00241043
0.000128443
-0.00400055
0.0779082
-0.00580812
0.429885
-0.420575
-0.00220342
-0.000101636
-0.000400254
-0.000513272
0.00131402
-0.000151737
0.000733687
-0.000391983
-0.000876872
-0.00098045
0.373283
0.00723584
0.307509
-0.321435
0.00250283
0.314586
0.380972
-0.386268
-0.320648
0.00276132
0.313873
0.391541
-0.397083
0.382951
0.00764182
0.308532
-0.325822
-0.388148
-0.32579
-0.391022
0.00508432
0.309225
0.380334
-0.00101873
-0.388761
0.00142709
0.315937
0.385437
-0.00033456
-0.386952
-0.000709174
0.318825
0.387699
0.317759
0.384296
-0.000261818
-0.318638
-0.384201
-0.000343465
-0.318125
0.000133093
0.316183
0.395293
-0.395369
-0.000369185
0.30043
0.468728
0.00243367
-0.305035
-0.000868052
0.298
0.463179
0.00675818
-0.309551
-0.398779
0.361031
0.0102804
0.296932
-0.00208877
0.354604
0.00907829
0.291642
-0.00225809
0.367025
0.00569572
0.291992
-0.324589
-0.481546
-0.00394594
0.475043
-0.000891075
-0.321215
-0.479256
-0.00307458
0.47762
-0.000374232
-0.477915
-0.00315244
0.479113
-1.06088e-05
-0.316017
-0.00244368
0.320982
0.389326
-0.384926
1.00381e-05
-0.3154
-0.00270697
0.319893
0.386572
-0.381205
-0.00010252
-0.316191
-0.00182475
0.317286
0.39819
-0.392732
-7.93518e-05
0.301179
0.472491
0.000165638
-0.303639
-0.469901
-0.0015431
-0.00156382
0.000454517
7.56105e-05
0.00134212
0.000827361
0.00892755
0.0210926
0.0533306
0.121343
0.0622634
0.154917
0.0686678
0.227515
0.270659
0.285257
-0.37811
-0.415235
-0.0193062
0.262693
0.294379
0.0133332
-0.401347
-0.337718
-0.390227
-0.334987
-0.395126
-0.332238
-0.485827
-0.00868365
0.466359
-0.00107471
-0.00233258
-0.00913298
-0.00860519
-0.00246402
-0.00188632
0.00184739
0.00149369
0.000670551
0.000428888
5.12545e-05
-7.91055e-05
-0.000348454
-0.000549118
0.332501
-0.32587
-0.00147156
-0.00103903
-0.00224426
-0.00315545
-0.00579322
-0.0127366
-0.0337012
0.343187
-0.311176
-0.00678205
0.339927
0.012646
0.0131732
0.0623142
-0.296608
0.079816
0.0802443
0.312934
0.333267
0.531727
-0.208059
-0.0650017
-0.275721
0.0741933
-0.167605
0.0678534
-0.0196799
-0.0448467
0.0375618
-0.00464042
-0.00801887
-0.00964916
-0.00807902
-0.00341877
0.00349761
-0.00391756
-0.23439
0.233702
0.00442476
0.000748281
-0.00101257
0.00594754
0.00267022
-0.000987066
0.0103653
-0.0563324
0.00373134
-0.0100718
-0.00558275
-0.00298544
-0.00122048
-0.00305792
-0.00491228
-0.00794673
-0.00868876
-0.112988
0.00219535
0.0132523
-0.000429783
-0.0860945
-0.000342832
-0.00410582
-0.00399372
-0.000239146
-0.0314984
-0.00159136
-0.00168559
-0.00799459
-0.00798083
0.0261034
-0.192909
0.269877
0.276504
-0.00733389
-0.00470385
-0.00295768
-0.00152822
-0.000661549
-0.00125264
-0.00357651
-0.00800799
-0.303218
0.318355
-0.00285751
0.470266
-0.00936387
-0.425072
-0.0105019
-0.0061575
-0.438221
-0.000745222
0.436431
-0.00242891
0.429867
-0.439806
-0.00279799
-0.000786161
-0.000528787
-0.000325036
-0.000121787
0.000207785
0.00120173
0.00159919
0.0139986
-0.010079
0.21388
-0.0197121
-0.444999
0.408564
-0.0015304
0.412694
-0.000252844
0.418265
1.11388e-07
0.432402
-0.000639217
-0.433932
0.438347
-0.000145344
0.438222
-0.00112399
0.500872
7.75829e-05
-0.502984
0.502255
0.000169461
-0.502895
0.503109
0.000252076
-0.501859
0.000629893
-0.000136674
0.439409
-5.06887e-05
-0.43983
5.15404e-05
-0.0002268
-0.000441669
-0.000942366
-0.00157992
-0.0006238
0.00871483
-0.412839
0.00152823
0.410757
-0.000500695
0.485836
0.00339693
-0.498109
-0.00177714
-0.00188305
-0.000427823
0.000835063
0.239843
1.25661e-05
-0.406787
0.405155
-0.240329
-0.239965
-7.48938e-05
0.000244415
-0.000981324
-0.405052
8.94528e-05
0.00159646
0.470658
0.000283742
-0.485278
0.42183
0.000597779
0.43937
0.000152873
0.433481
-2.79868e-06
0.438722
-0.000617917
-0.438578
0.443349
4.5976e-05
0.439365
-0.000581753
-0.439873
4.73585e-05
-0.445562
0.444889
-0.440083
0.439748
-0.000517197
-0.446002
-0.00062651
-0.000650358
-0.44521
-0.000685023
-0.439751
0.000114071
4.96031e-05
3.28787e-05
0.00124311
0.497018
0.00141688
-0.496722
0.43446
0.00014644
0.444564
-8.37179e-05
0.437845
-6.53163e-05
-0.440392
-0.000249449
-0.000136669
-4.97283e-05
0.000812054
-0.00105045
-0.00116265
-0.00278818
0.00409874
0.00176342
0.000679094
-0.00019379
-0.000229897
-0.000822156
-0.00129479
0.00158518
-0.000387274
-0.000146232
-8.62087e-05
-0.000679204
-0.000467476
-0.00187385
-0.000990673
-0.000858748
-0.00108064
-0.00118343
-0.00282676
-0.00172162
-0.000937515
-0.000850045
-0.000403262
-0.000398937
-0.000555311
-0.000731443
-0.000891105
-0.000949902
-0.00135429
-0.00339133
-0.00245717
-0.00447207
-0.00214382
-0.0032878
0.00422935
0.000262768
-0.000842922
-5.28116e-05
-0.00151644
-0.000654245
-0.000633008
-0.000242244
0.00178296
0.00061493
0.00050923
-0.000283632
-0.000254573
-0.000439908
-0.000404238
-0.000520868
-0.000913641
0.000794245
0.000143176
-0.000352974
-0.000350118
-0.000894363
-0.00053308
-0.00040227
-0.000356174
-6.10268e-07
-0.000106749
-0.000299251
-0.000158362
-0.00045408
-0.318951
0.000120606
-0.0041475
-0.0141621
-0.0266965
-0.00183969
0.189563
0.328721
0.239708
0.264424
0.238554
0.199642
0.328083
0.261307
0.244659
0.239961
0.179511
0.0863171
0.0997318
-0.141745
0.173202
-0.383318
-0.413878
-0.0208471
0.246811
0.300866
0.0109326
-0.0174226
-0.00157362
0.202526
0.342999
0.163037
0.346705
-0.00219476
-0.0230086
0.00870427
0.291185
0.445614
-0.4775
-0.327599
-0.0141479
-0.0347485
-0.00524885
-0.00133919
-0.0129956
-0.00480741
-0.00143141
7.35581e-05
-0.000507749
-0.00298568
-0.00631049
0.478993
-0.00106091
0.300198
-0.306332
-0.385395
-0.00476501
0.318412
0.402471
0.00296229
-0.364303
-0.004818
0.323776
0.410432
-0.00838151
0.0187347
-0.00448731
-0.0784103
-0.123364
-0.0339829
-0.0191871
-0.00155743
-0.000820951
0.0015149
0.000367657
-0.000210178
-0.00170765
-0.0191631
-0.00677177
-0.000971541
0.00319924
0.0111686
0.00511053
0.00566576
-0.298056
-0.356831
-0.00754916
0.329649
0.393749
-0.00930109
-0.256825
-0.305777
0.0236445
0.367455
0.420969
-0.16748
0.154194
-0.0485425
0.020806
0.0129394
0.00702817
0.0162059
-0.211988
0.208696
-0.005446
0.000251892
-0.0258333
0.00174122
-0.017205
-0.0460968
0.000505852
-0.0237742
0.00140478
0.000620799
0.00157364
-0.00650817
-0.00723541
0.00177808
0.000257539
0.00247185
-0.00209076
-0.0137615
0.00904283
-0.00264089
-0.00143505
-0.000892774
0.000332676
0.000628007
-0.311572
-0.374172
-0.00666715
0.322591
0.38939
0.00219568
-0.290074
-0.368003
-0.00455325
0.331857
0.39636
-0.00838693
-0.324417
0.0316744
0.360116
0.433267
-0.168286
0.152829
-0.0503748
0.000139175
-0.000347142
-0.000824631
0.00220249
0.00261082
0.00279826
7.50966e-05
0.0228468
0.0201615
0.000862885
-0.0444334
0.0127534
0.0161933
0.0111111
-0.171173
-0.171511
-0.012011
0.0111363
0.000665935
0.00336052
0.00840095
0.0127591
-0.152168
0.130231
-0.167261
0.483761
-0.000179007
-0.416597
0.0210573
0.48794
0.0146715
-0.467095
0.00521989
0.482664
0.00458333
-0.475598
0.00127139
0.480598
-0.00104598
-0.477249
-0.000414801
0.000733618
0.000882712
-1.79517e-05
-0.00647373
-0.0192986
-0.034176
-0.00292133
-0.0176115
0.322944
-0.0276451
0.234886
0.013672
0.417581
0.0163373
-0.473664
-0.0681785
0.0604279
-0.324614
0.390648
0.144481
-0.199909
0.0142933
0.0271338
0.370839
-0.213946
0.000433972
0.0195716
0.0304584
0.0100359
0.0326749
0.00993674
0.00270158
-0.00106306
-0.438725
-0.502446
-0.000630138
0.00119465
0.000641137
-0.000199963
-0.00207952
0.00220687
-1.79544e-05
-0.438213
0.000475812
0.444346
-0.438625
0.437596
-0.000211014
-0.443688
-0.000351719
-0.000536817
5.62206e-05
0.000164463
0.000177252
-0.000297895
0.000311538
-0.438383
-0.00238444
-0.00975764
-0.0132824
-0.0143615
0.199532
-0.00160445
0.298302
-0.00327117
-0.31328
-0.000154208
-0.00147011
-0.00476644
0.281166
0.000461514
0.305943
-0.000116404
0.500747
-0.000205022
-0.501502
0.438204
-0.000363627
0.444262
-0.000869634
0.43871
-0.000156131
-0.43883
-0.0016132
-0.00291507
0.499171
-0.00241225
-0.506549
0.435155
-0.440001
-0.445373
-0.306816
-0.00169555
0.30876
-0.290231
0.280653
-0.0027851
-0.307441
-0.000449463
-0.00113409
-0.00324415
-0.001293
0.000140502
-0.000178794
0.000794975
-0.285418
-0.309494
-0.000922549
-0.000987389
-0.00163542
-0.00252293
0.000905834
-0.000716711
-0.00634338
0.28104
-0.0113499
-0.287638
0.297271
-0.0212659
-0.283598
0.0312551
0.0153857
0.0308846
0.0567568
-0.35148
0.49961
-0.114329
0.00805711
-0.00119914
0.00670282
0.0248035
0.0749001
-0.0231369
-0.00798618
-0.00925578
-0.00513704
-0.00182194
0.000428098
0.0001119
-2.97275e-05
-0.000955518
-0.00125313
-0.439978
-0.000376133
-0.439594
-0.000583207
-0.445881
-0.440252
-0.00398399
-0.00229567
-0.00912669
5.45521e-05
0.00407245
0.00113491
0.000455763
0.00468852
0.00431438
0.018594
-0.00178144
-0.0205275
-0.0131862
-0.000590684
-0.00204024
-0.013806
-0.085077
0.0111452
-0.308076
-0.00530838
-0.30749
-0.322672
-0.0268655
0.324815
-0.389728
-0.144
-0.0895557
-0.0863172
-0.0271951
-0.133116
-0.0595317
-0.370602
-0.000415506
-0.0304352
-0.0325589
0.158045
-0.314674
-0.443537
-0.439139
-0.000135114
0.000717873
0.000577137
0.00280305
-0.000646294
-0.00134232
0.00914219
0.00189796
-0.00530299
0.0022149
0.0109595
0.00270874
0.000819135
0.00165164
0.323923
0.391652
-0.00520081
-0.308961
0.000781718
0.00162518
0.00526179
0.00574651
0.000346507
-0.000246502
-0.00189748
-0.00590069
-0.00551342
-0.00339541
-0.00603225
0.368082
0.647584
0.0613216
-0.00327969
-0.0047639
-0.00120032
-0.00169035
-0.000122745
0.000497873
0.00190047
0.000840659
-0.380427
-0.307964
0.00170316
0.0169669
0.0306472
0.0224204
-0.0111518
-0.0291781
-0.192506
-0.457014
-0.334904
-0.236198
-0.324719
-0.22904
0.0181232
0.018823
0.00584685
0.0138799
0.0251747
-0.00105423
-0.00162295
-0.210896
-0.327093
-0.372569
-0.19523
0.00760207
0.00367794
-0.290257
0.00465447
0.00280236
0.00152848
-0.000771024
0.00388884
0.00280294
-0.000372515
0.00122788
-0.0668087
-0.6851
-0.0967344
-0.0270023
-0.00771555
-0.0107689
-0.23071
-0.0151834
-0.01511
-0.242024
-0.00850421
0.000529425
0.00253827
-0.0015212
0.00689737
0.0231158
0.0902769
0.17494
-0.354168
-0.430465
0.173452
-0.370422
-0.112372
-0.0174844
-0.00418489
0.000452219
0.000954601
0.000812071
0.00207852
0.0136495
0.0867
0.133723
0.013673
-0.105937
-0.471305
0.0100646
-0.180549
-0.021151
-0.304289
-0.469568
-0.00248066
-0.00143717
0.000855313
-0.46702
-0.00493194
0.00174225
-0.00836234
-0.0071719
-0.00251358
-0.472979
-0.0054022
0.17062
-0.000773093
-0.434365
-0.432628
-0.438457
-0.432931
-0.421397
-0.410788
-0.405132
-0.422187
-0.243599
-0.00134019
0.000989785
-0.107004
0.0232409
-0.111786
-0.133419
-0.00153043
-0.471063
-0.0019805
-0.00113496
-0.000499445
0.242529
-0.244214
-0.222793
0.245036
0.000768361
0.112142
0.0045949
-0.00455496
0.00111638
0.0339686
0.0452365
-0.390889
-0.00473434
-0.219066
-0.0273297
)
;

boundaryField
{
    face
    {
        type            calculated;
        value           nonuniform List<scalar> 
217
(
0.0338923
-0.0100356
-0.00374815
0.00477004
-0.00491212
-0.0215951
-0.00530926
-0.0253661
-0.00471512
0.00404248
0.0776764
-0.00114085
0.0411895
0.023298
-0.000219748
-0.0110375
-0.00274487
-0.00462209
0.0233425
-0.109401
0.00203005
0.0737489
0.00566148
0.082692
0.0290628
0.0258
-0.00098902
0.037676
-0.0224214
-0.00411103
-0.00892772
-0.00241335
0.0597227
0.00141126
-0.00389699
0.0490567
-0.00088151
0.0459134
-0.00310296
-0.00281504
-0.0194252
-0.00223611
-0.0170396
-0.177554
-0.153419
0.0448144
-0.00276219
0.0474807
-0.00141075
0.0451005
0.00190107
-0.00175854
-0.0156836
-0.00203463
-0.0145476
-0.155045
-0.16601
-0.00492296
-0.0197836
-0.170442
0.207442
0.149368
0.214626
0.0296928
-0.114993
0.129557
-0.00778801
-0.125957
0.127665
-0.0119019
-0.140899
0.175101
0.0996911
0.0838934
0.194425
0.0950191
0.0980136
-0.333739
-0.33359
-0.00315245
-0.0312238
0.135738
-0.0107678
-0.150825
0.13203
-0.0128418
-0.117637
0.123216
-0.491592
-0.306281
-0.332117
0.185628
0.0864842
0.0994533
0.190171
0.0959788
0.126613
0.283387
-0.133158
-0.00650392
-0.00575882
-0.267948
-0.0788333
-0.131823
-0.104595
-0.0770741
0.218176
-0.18815
0.201302
-0.105372
-0.116091
-0.0934796
-0.141361
-0.209474
0.197794
-0.224618
0.141854
-0.151485
-0.144772
-0.323892
0.00724507
-0.0346544
0.0205843
0.0019524
0.0254586
0.0106033
0.0051008
0.0342235
-0.0195137
-0.000355647
-0.00887123
-0.00100549
0.0346355
-0.00690958
0.00017552
-0.000802162
-0.00651258
-0.0194931
0.000472438
-0.0237056
0.000521263
0.0197879
0.00173046
0.00638615
-0.0347297
0.0488552
-0.000891575
0.0477808
-0.00165519
0.00075329
-0.0487364
0.00151139
-0.0479929
0.0461447
-0.00175073
0.0487529
0.000311955
0.00155515
-0.0479586
0.00101694
-0.0487605
0.134321
0.00179477
-0.131479
0.123296
-0.0196211
-0.00556737
-0.190781
-0.244259
-0.0655586
-0.105908
-0.163148
-0.0868542
-0.0874183
-0.17
0.0997318
0.0863171
0.179511
0.146417
0.212006
0.199077
-0.115205
0.0286898
0.128692
-0.122111
-0.00522041
0.125704
-0.131018
-0.00601294
0.00545404
0.19128
0.244527
0.0195716
-0.123228
0.131657
-0.00175699
-0.134406
0.134735
-3.58503e-05
-0.134767
0.06592
0.107316
0.163553
0.0876362
0.0952454
0.179597
-0.105252
-0.0660357
-0.162653
0.130438
-0.131219
-0.00108062
0.122254
-0.190202
-0.00571957
-0.24238
-0.0203887
)
;
    }
    outlet
    {
        type            calculated;
        value           nonuniform List<scalar> 
217
(
-0.0096828
0.0126779
-0.0175423
-0.0111063
-0.0202759
-0.014534
0.00505161
-0.0134052
0.0166243
-0.000420592
0.0119294
-0.000204621
-0.0132624
0.0127029
0.00135186
0.00537682
0.0116806
0.0173625
0.000496614
0.0188733
-0.000402168
-0.017517
-0.00616361
-0.0122684
0.013059
-0.0436677
0.000361565
-0.0475508
0.000520366
-0.00123857
0.0433525
-0.000142741
0.0494229
-0.0474512
0.000600508
-0.0434295
0.000720924
-0.000170681
0.0481874
-0.000354937
0.043737
-0.141319
-0.00467618
0.12876
-0.154012
-0.0115394
-0.0354708
0.1964
0.238755
0.0546187
0.0992703
0.153562
0.0754888
0.0832435
0.164871
-0.0904689
-0.0728837
-0.168706
-0.141635
-0.218435
-0.193534
0.159053
-0.00953166
-0.119932
0.129107
0.00961203
-0.127683
0.127505
-0.000131692
-0.218093
-0.141852
-0.192982
-0.00918664
0.159481
-0.120494
0.0117117
0.132205
-0.131849
0.00556611
0.137787
-0.0725874
-0.0909196
-0.168864
-0.0823891
-0.082822
-0.174441
0.0893055
0.0728763
0.167741
-0.128931
0.119247
-0.00973951
-0.15844
0.140538
0.21615
0.190677
0.00928516
-0.012011
0.0111363
0.000665935
0.0127534
0.0161933
0.0201615
0.00220249
0.0228468
0.00261082
-0.00807902
-0.0833041
-0.00341877
-0.0517126
-0.0558449
-0.0388696
0.00349761
-0.0241907
-0.00464042
-0.0448467
0.0375618
-0.00801887
-0.0804537
-0.00964916
-0.0860421
-0.0553959
-0.0537188
0.0111111
-0.017205
0.020806
0.00279826
0.0129394
0.00267022
0.00174122
0.00702817
0.00594754
-0.0444334
0.000862885
-0.0503748
0.000139175
-0.000824631
0.00889998
-0.000347142
0.0134522
0.161811
0.147375
-0.0485425
7.50966e-05
-0.0460968
0.000505852
-0.0258333
0.000251892
-0.000429783
0.0132523
-0.000987066
0.0103653
0.145894
0.153822
-0.00101257
0.000748281
0.130368
-0.238595
-0.195962
0.0366722
0.0127591
0.154836
-0.130521
0.00840095
0.147085
-0.14688
0.00336052
0.149959
-0.152168
-0.0969131
-0.0559644
0.13481
-0.211988
0.208696
-0.217439
0.0904515
0.115777
0.0670288
0.187813
0.229738
-0.23439
0.233702
-0.233721
0.170949
0.221797
-0.0443939
-0.171511
-0.0816852
-0.0796385
0.306903
0.298635
-0.00391756
-0.0232694
-0.154556
-0.00134019
0.143202
-0.167605
-0.0196799
0.0678534
-0.208059
0.531727
0.29689
0.315067
-0.171173
-0.0709809
-0.0880126
-0.180549
-0.0877598
-0.119636
-0.321932
0.1773
0.0162059
0.00811836
0.276504
0.0701135
0.121089
0.0968501
)
;
    }
    wall
    {
        type            calculated;
        value           nonuniform List<scalar> 
1558
(
-0.000385481
-0.000216354
-0.000704605
0.000260103
-4.45368e-05
0.000382118
-0.0112369
0.064206
0.000330902
-0.000497531
0.00190079
0.00250336
0.0015586
0.00218389
0.000866958
0.00128025
-0.000245712
-0.00112299
0.000355932
0.000405366
0.000574089
0.00044979
-0.00531176
0.00172314
0.000351976
0.000485421
-0.000449519
0.000314881
0.275856
0.0106118
0.000391744
0.00032409
0.000871909
0.000145045
0.00197406
0.000421554
0.0066022
0.00101912
-0.000675508
-0.0666579
0.0110279
-0.00269387
0.00664666
0.000549215
-0.00242377
-0.00126202
-0.00177339
-0.000244662
-0.0100972
-0.270202
0.018433
0.00468873
0.00755523
0.00234812
0.00303296
0.00174784
0.00164559
0.00113571
0.00127942
-0.0192165
0.00387496
-0.00381783
0.00221912
0.000133185
0.000843765
-4.95026e-06
0.00120623
0.00076439
0.00170451
0.000807557
0.00298821
0.00147949
0.000612188
0.00282017
-0.0232814
0.00133423
2.03468e-05
-0.000523205
-0.000828762
-0.00120732
-0.00208827
-0.00245779
-0.00365791
0.000175321
-0.00174054
0.0234344
-0.181166
0.20089
0.00526745
-0.142557
0.211876
0.0254809
0.0102196
0.250491
0.0951171
0.132965
0.18369
0.303566
0.0709904
0.16791
0.034069
-0.00483793
-0.00448314
0.0098055
-0.0157819
-0.00471589
-0.141483
0.0291728
0.225307
-0.194043
0.000217818
0.197229
-0.0148012
0.194902
0.320502
0.115944
-0.231449
0.228117
-0.225659
-0.200023
-0.00251046
0.191415
-0.195613
-0.00147042
0.190281
0.00612606
-0.0298889
-0.00419152
-0.0314136
-0.41092
-0.0835628
-0.000116384
-0.330305
-0.245387
0.0912742
-0.0349866
-0.199745
0.192992
0.00909043
-0.187953
0.207201
0.00946936
-0.192916
0.201753
0.00384348
-0.193591
-0.00128984
0.189718
-0.194864
-0.00272586
0.183346
-0.205738
-0.0162266
0.155691
-0.23826
-0.0887364
-0.00384684
-0.320952
-0.198713
0.014782
-2.13924e-05
-0.18728
0.192976
0.00154201
0.225846
-0.227773
0.231685
-0.11452
0
0
0
0
0
0
0
0
0
0
0
0
0
0
0
0
0
0
0
0
0
0
0
0
0
0
0
0
0
0
0
0
0
0
0
0
0
0
0
0
0
0
0
0
0
0
0
0
0
0
0
0
0
0
0
0
0
0
0
0
0
0
0
0
0
0
0
0
0
0
0
0
0
0
0
0
0
0
0
0
0
0
0
0
0
0
0
0
0
0
0
0
0
0
0
0
0
0
0
0
0
0
0
0
0
0
0
0
0
0
0
0
0
0
0
0
0
0
0
0
0
0
0
0
0
0
0
0
0
0
0
0
0
0
0
0
0
0
0
0
0
0
0
0
0
0
0
0
0
0
0
0
0
0
0
0
0
0
0
0
0
0
0
0
0
0
0
0
0
0
0
0
0
0
0
0
0
0
0
0
0
0
0
0
0
0
0
0
-0.251642
0.00570781
-0.00734117
-0.00799949
0.00420971
-0.0018652
0.00696992
0.00180862
0.00079825
-0.00168393
-0.000127379
-0.000877986
0.0828759
-0.0179491
0.016716
0.000400788
9.33647e-05
-0.000166766
-0.000330965
8.9112e-06
-6.72589e-05
-0.000284926
-0.0122767
-0.00135453
-0.0360631
-0.08444
-0.00138457
-0.010691
-0.000647651
-0.000326278
-0.0180114
-0.000370272
-0.000139413
0.000969202
-5.46339e-06
0.000641925
0.00215325
0.00106584
-0.000294361
-0.00154675
0.000135839
-2.91125e-05
8.35043e-05
-0.000219801
-0.00551656
0.00140288
-0.000204358
-0.000344345
-0.0010069
-0.00016
0.276258
0.0110088
0.00137109
-0.000173083
0.000534343
-0.000866676
0.0015115
0.000174861
0.00118521
-0.00280289
0.00717545
-0.00528132
0.024114
0.0120737
0.0324448
-0.00299756
0.00244211
-0.00311224
-0.00210893
-0.00165382
-0.00125434
-0.000633821
-0.000215431
-6.60109e-05
-0.00486013
-0.0053156
0.00315141
-0.000239522
0.0040646
0.000664568
0.00367535
-0.0361036
-0.00966849
0.000510183
0.00182832
0.000293991
0.000641666
-0.00155133
0.000165729
0.00039601
0.000406692
0.00162702
0.00110309
0.00308405
0.00247264
0.00078439
0.00451919
-0.022808
0.00387249
0.000157402
-8.3126e-05
7.873e-05
-0.000841804
-0.000300899
-0.001035
5.5269e-06
-0.00229833
3.09314e-05
-0.00455032
-0.000530644
0.012354
0.00161221
0.00285731
0.0209062
-0.244039
0.242526
-0.259384
0.226518
-0.271855
-0.268196
-0.389503
0.161852
-0.295579
0.282211
-0.278672
0.293749
-0.275499
0.287104
-0.2776
0.116359
-0.233555
0.232987
-0.232806
0.282823
-0.278746
0.282218
-0.278126
0.287636
-0.267891
0.304359
-0.201403
0.239218
-0.245063
0.24047
-0.240443
0.391155
0.368556
0.120288
0.304342
0.214552
0.00342545
0.0889747
0.242563
-0.013813
-0.0138873
-0.159215
0.015373
0.211932
-0.186614
0.00326893
0.196665
0.145646
-0.00949966
-0.0219506
-0.196667
0.000578703
0.199652
-0.192503
0.000186666
0.192094
-0.00834206
-0.00572308
-0.213775
-0.031293
0.00606665
0.00710115
0.00351151
-0.200017
-0.000649914
0.197472
-0.196435
-0.00399811
0.18572
-0.213554
-0.0166654
0.157072
-0.243689
-0.0901651
-0.00326867
-0.3222
-0.199272
0.0169579
0.00630527
0.00230225
0.00486629
0.0294118
-0.0855716
0.2405
-0.228096
0.229371
0
0
0
0
0
0
0
0
0
0
0
0
0
0
0
0
0
0
0
0
0
0
0
0
0
0
0
0
0
0
0
0
0
0
0
0
0
0
0
0
0
0
0
0
0
0
0
0
0
0
0
0
0
0
0
0
0
0
0
0
0
0
0
0
0
0
0
0
0
0
0
0
0
0
0
0
0
0
0
0
0
0
0
0
0
0
0
0
0
0
0
0
0
0
0
0
0
0
0
0
0
0
0
0
0
0
0
0
0
0
0
0
0
0
0
0
0
0
0
0
0
0
0
0
0
0
0
0
0
0
0
0
0
0
0
0
0
0
0
0
0
0
0
0
0
0
0
0
0
0
0
0
0
0
0
0
0
0
0
0
0
0
0
0
0
0
0
0
0
0
0
0
0
0
0
0
0
0
0
0
0
0
0
0
0
0
0
0
0
0
0
0
0
0
0
0
0
0
0
0
0
0
0
0
0
0
0
0
0
0
0
0
0
0
0
0
0
0
0
0
0
0
0
0
0
0
0
0
0
0
0
0
0
0
0
0
0
0
0
0
0
0
0
0
0
0
0
0
0
0
0
0
0
0
0
0
0
0
0
0
0
0
0
0
0
0
0
0
0
0
0
0
0
0
0
0
0
0
0
0
0
0
0
0
0
0
0
0
0
0
0
0
0
0
0
0
0
0
0
0
0
0
0
0
0
0
0
0
0
0
0
0
0
0
0
0
0
0
0
0
0
0
0
0
0
0
0
0
0
0
0
0
0
0
0
0
0
0
0
0
0
0
0
0
0
0
0
0
0
0
0
0
0
0
0
0
0
0
0
0
0
0
0
0
0
0
0
0
0
0
0
0
0
0
0
0
0
0
0
0
0
0
0
0
0
0
0
0
0
0
0
0
0
0
0
0
0
0
0
0
0
0
0
0
0
0
0
0
0
0
0
0
0
0
0
0
0
0
0
0
0
-0.0185523
-0.085077
-0.0262886
0.018594
0.00407245
0.00431438
5.45521e-05
-0.013806
-0.00841973
-0.00204024
-0.00207952
0.00215069
0.000428098
0.000460059
0.0001119
-0.0863172
0.0139986
-0.0304352
0.000452219
-0.000199963
0.000954601
0.000641137
0.000197629
-2.97275e-05
0.000351579
5.62206e-05
-0.00912669
-0.00798618
-0.00513704
0.0248035
0.0749001
-0.00182194
0.00670282
-0.000786161
-0.00119914
0.0153857
-0.000716711
-0.000528787
-0.00163542
-0.000325036
-0.000987389
-0.00252293
-0.00113409
0.000812071
0.00119465
0.00207852
0.00270158
0.000412453
0.000164463
0.000131469
0.000177252
0.0136495
0.00993674
0.0867
0.0326749
-0.000969286
0.000114071
-0.00151819
4.96031e-05
0.0304584
-0.0135956
0.000244415
-0.000121787
-0.000922549
0.000207785
-0.00238444
-0.000178794
-0.00147011
0.00120173
-0.00975764
0.00159919
-0.0325589
-0.0132824
-0.0205275
-0.00178144
0.00113491
-0.0131862
-0.000590684
0.00468852
0.000455763
0.00220687
-1.79544e-05
0.000831456
0.000777327
0.000629893
-0.000351719
-0.000136674
-0.000536817
-0.00229567
-0.00925578
-0.0231369
-0.00398399
-0.0105019
-0.00279799
-0.0061575
0.0312551
0.00805711
-0.0016132
-0.00291507
-0.000955518
-0.00125313
0.000905834
-0.000449463
0.000453352
-0.00057954
-0.000630138
-0.00062651
-0.00106306
-0.000650358
0.000185624
0.0142933
-0.00177714
-0.000685023
-0.00188305
-0.000427823
0.0271338
0.0100359
0.000835063
-0.000583207
-0.000376133
-0.000297895
0.000311538
0.000140502
0.000794975
3.28787e-05
0.00124311
8.94528e-05
0.00159646
-0.000154208
-0.0143615
-0.000981324
-0.010079
-0.0271951
-0.297494
0.278242
-0.290231
0.280653
0.288336
-0.284849
0.288453
-0.282293
0.293199
-0.270681
0.308602
-0.199909
0.390648
0.133723
0.370839
-0.213946
0.243843
-0.240329
0.239843
-0.285824
0.281987
-0.285418
0.281166
-0.291018
0.269739
-0.30749
0.199532
-0.239965
0.240085
-0.243599
0.21388
-0.389728
-0.370602
-0.133116
0.0231416
-0.148555
0.0139018
0.00520386
-0.033583
-0.00722177
-0.144
0.00693351
-0.000415506
-0.00061724
0.00261564
-0.00294843
-0.0215286
0.218241
0.0308846
-0.00634338
-0.007067
-0.00324415
0.00365485
0.0058502
0.0302537
0.144481
0.000433972
-0.00688612
-7.48938e-05
-0.00201178
-0.00476644
-0.0295611
-0.120375
-0.370585
-0.395189
0.242187
-0.244047
0.253191
-0.25052
0.203519
-0.312138
0.272591
-0.296759
0.2851
-0.289897
0.288257
-0.286571
0.254326
-0.261484
0.253535
-0.260358
0.244804
0.257017
0.396201
-0.170191
0.297271
-0.287638
0.28104
0
0
0
0
0
0
0
0
0
0
0
0
0
0
0
0
0
0
0
0
0
0
0
0
0
0
0
0
0
0
0
0
0
0
0
0
0
0
0
0
0
0
0
0
0
0
0
0
0
0
0
0
0
0
0
0
0
0
0
0
0
0
0
0
0
0
0
0
0
0
0
0
0
0
0
0
0
0
0
0
0
0
0
0
0
0
0
0
0
0
0
0
0
0
0
0
0
0
0
0
0
0
0
0
0
0
0
0
0
0
0
0
0
0
0
0
0
0
0
0
0
0
0
0
0
0
0
0
0
0
0
0
0
0
0
0
0
0
0
0
0
0
0
0
0
0
0
0
0
0
0
0
0
0
0
0
0
0
0
0
0
0
0
0
0
0
0
0
0
0
0
0
0
0
0
0
0.000589377
0.000401482
0.000485922
-0.00158587
-0.000438484
-0.00249016
0.00238033
0.0441579
-0.143491
0.00247869
-0.0268752
-0.000815029
0.000415699
0.31008
-0.0050279
-0.00377958
-0.00930557
0.030724
0.000519058
0.00173484
-0.000680475
-0.00215756
-0.000319952
-0.00129732
0.00723591
0.00570384
0.00112161
-0.000502538
0.0046943
-8.73571e-05
-0.250638
-0.00570524
-0.00206738
-0.00578837
-0.00127789
-0.00234606
-0.00360558
-0.00338829
-0.00412031
0.000412899
-0.00931672
0.00147743
-0.0319098
-0.0144279
-0.0868701
0.0779082
-0.00497481
0.0033409
-0.00400055
0.000128443
0.0046966
0.001976
0.00230666
0.000318953
0.0122241
-0.0300394
-0.0118152
-0.00233942
-0.00580812
-0.00118488
-0.00241043
-0.00123088
-0.00130502
-0.000834323
-0.00252591
-0.00579622
-0.00270081
-0.00389784
0.123957
-0.00181391
-0.00129091
-0.00119797
0.000818459
-0.000824084
-0.000271968
-0.00113496
-0.00043892
-0.00175997
-0.00137199
0.00295575
-0.00257595
0.0328868
-0.00106858
0.000947532
0.00570368
0.00106077
0.00242075
-0.0491298
-0.0014428
0.000487408
0.00248523
-0.000516745
0.00157066
-0.00301526
-0.0162865
-0.00330399
-0.0115923
-0.0296356
0.0765379
0.173877
-0.226506
-0.0304424
0.0213342
-0.1123
0.197267
-0.199618
-0.00592507
-0.0956433
0.207987
0.196218
0.00126847
-0.191979
0.198182
0.00282245
-0.185824
0.209495
0.0167498
-0.156843
0.242178
0.0893566
0.00438803
0.302595
0.213205
-0.0109906
-0.00661285
-0.0134334
-0.00377232
-0.0295364
-0.142252
-0.141899
-0.187086
-0.305959
-0.0351921
-0.15711
-0.0200647
0.0161968
0.0146046
-0.010368
0.0196709
0.0075989
0.144816
-0.0285531
-0.226815
0.195769
-2.02168e-05
-0.198421
0.00389004
-0.00105093
0.046356
0.141473
-0.084829
0.238517
-0.222707
0.227131
-0.0970197
-0.217348
0.28437
-0.286179
0.28095
-0.285628
0.271264
-0.305012
0.196282
-0.233319
0.234515
-0.242585
0.211545
-0.389045
-0.369682
-0.130508
0.201376
0.0025565
-0.192582
0.19742
0.00143323
-0.19192
-0.0188762
0.00461326
-0.00263422
-0.0197801
0.00302252
-0.0149904
0.171485
0.652786
)
;
    }
}


// ************************************************************************* //
