/*--------------------------------*- C++ -*----------------------------------*\
| =========                 |                                                 |
| \\      /  F ield         | OpenFOAM: The Open Source CFD Toolbox           |
|  \\    /   O peration     | Version:  2306                                  |
|   \\  /    A nd           | Website:  www.openfoam.com                      |
|    \\/     M anipulation  |                                                 |
\*---------------------------------------------------------------------------*/
FoamFile
{
    version     2.0;
    format      ascii;
    arch        "LSB;label=32;scalar=64";
    class       volScalarField;
    location    "2.3";
    object      gradTy;
}
// * * * * * * * * * * * * * * * * * * * * * * * * * * * * * * * * * * * * * //

dimensions      [0 -1 0 1 0 0 0];

internalField   nonuniform List<scalar> 
5322
(
0.650112
0.0610553
-0.00446211
-0.0273342
-0.0151605
-0.00539036
-0.000199016
0.00481487
0.0141585
0.0258595
0.000230762
-0.192712
-0.21419
-0.19226
-0.166898
0.361197
0.483134
-0.000743575
0.333613
-0.395499
0.376138
-0.382096
0.374804
-0.383569
0.382216
-0.374926
0.374538
-0.382324
0.38123
-0.376533
0.378849
-0.37882
0.391141
-0.335991
0.322295
-0.161103
0.316461
0.397272
0.198429
0.214827
0.2932
0.24488
0.253462
0.273678
0.260923
0.258331
0.265083
0.283196
0.262372
0.250573
0.314343
0.15222
0.170386
-0.561673
-0.0306566
-0.325007
0.17082
-0.426233
-0.0242692
-0.370445
0.173451
-0.419165
-0.0216682
-0.367694
0.174148
-0.433764
-0.027906
-0.3556
0.175765
-0.47718
0.0168026
0.419362
0.233589
0.326328
0.243761
0.308728
0.257616
0.307367
0.260982
0.361055
0.0328903
0.12138
0.183463
0.305412
-0.0260096
-0.127634
0.0362969
0.0713874
0.13219
0.0151515
0.0345958
0.00639213
0.00100919
0.00118746
0.444529
-0.237315
0.00714828
0.239262
0.00649309
-0.0062398
0.032625
0.00639039
0.253331
-0.433399
0.387832
0.00522109
-0.00741308
-0.00138235
-0.000227488
0.000416051
0.000473365
0.000581129
0.00132521
0.00265863
-0.00451008
0.00118246
0.137376
-0.0565066
-0.0194133
-0.106027
0.130406
-0.0725806
-0.141431
-0.193462
-0.218615
-0.00880716
0.160239
-0.120916
0.0113306
0.132059
-0.131535
0.00554069
0.137281
-0.140762
-0.00444714
0.128208
-0.153797
-0.0122465
-0.0354951
0.235457
0.195068
-0.127844
0.0847615
0.0658892
-0.134764
0.0145214
-0.132044
0.103575
0.106443
-0.117369
-0.00177484
-0.109524
0.109927
0.118655
-0.106596
-0.00035825
-0.101888
0.129346
-0.00843748
-0.00638075
0.406465
-0.318561
0.352245
-0.37404
0.0126448
-0.241389
-0.00516741
-0.00220777
-0.0451771
0.116623
-0.233342
0.232161
-0.389713
0.000888949
0.39805
-0.393234
0.409408
-0.41839
0.00174032
0.412183
-0.422277
0.437984
-0.436632
0.00162503
0.426938
-0.429842
0.443699
-0.441842
0.00099544
0.431551
-0.432617
0.445668
-0.443753
0.00083702
0.433556
-0.434931
0.447932
-0.444492
0.00108756
0.434376
-0.4376
0.450883
-0.443391
0.00143305
0.43268
-0.438823
0.452034
-0.434226
0.00184317
0.421785
-0.434217
0.43784
-0.237282
-0.00106448
-0.0174802
0.00727176
-0.00705231
-0.000434264
0.00278134
0.00368572
1.39518e-05
0.445494
-0.236196
0.00199923
0.281571
-0.0382444
-0.0112365
0.00927998
-0.0138576
0.238559
-0.438699
0.00254581
0.00195393
0.00548989
0.00355257
0.00189691
0.000852715
5.74973e-05
-0.00117426
-0.00295831
0.00439745
-0.00158243
-0.110588
-0.117789
-0.117842
-0.110844
0.0226413
0.039026
0.0246042
-0.148919
0.078113
-0.157923
0.0391172
0.0226862
0.0246512
-0.156072
0.0543496
0.149329
0.096403
-0.14886
0.0782736
0.162106
0.226345
0.23907
-0.391584
-0.390696
-0.420485
0.30504
-0.378425
0.347277
-0.371828
0.359631
-0.370363
0.364031
-0.372058
0.364903
-0.3774
0.36327
-0.386276
0.359443
-0.394766
0.351805
-0.0774745
0.166899
-0.0531137
-0.00921013
0.304577
-0.363538
0.00351623
0.325936
-0.364836
0.00159751
0.336914
-0.358475
0.000727971
0.341974
-0.35282
0.000159318
0.342117
-0.350405
-0.000821776
0.336305
-0.351244
-0.00261177
0.3191
-0.35729
0.00835432
0.267286
-0.024684
0.267052
-0.357869
0.00837008
0.306635
-0.418064
0.167789
0.277441
0.207363
0.194092
-0.368821
0.241945
-0.344248
0.304436
-0.337297
0.323211
-0.336299
0.329221
-0.338934
0.32975
-0.34598
0.327234
-0.354435
0.321616
-0.351013
0.306561
-0.0505914
0.120768
-0.138333
-0.00260988
0.420229
-0.51429
0.00885877
0.461813
-0.502672
0.0044516
0.470487
-0.484923
0.00171835
0.470805
-0.475907
0.000408785
0.470799
-0.473266
-0.000930251
0.470074
-0.473245
-0.001959
0.462285
-0.477411
0.0106413
0.4111
-0.475351
0.166794
0.387524
0.344369
-0.172907
0.328322
-0.0779379
0.061868
0.393396
-0.340479
0.317651
-0.299064
0.479015
-0.421751
-0.00334087
-0.472019
0.402605
-0.411882
0.0121011
0.43364
0.019358
0.00839968
-0.122722
0.0120333
-0.00985433
0.00643858
-0.00235289
-0.000842582
0.396458
-0.397235
0.397513
-0.413235
6.69533e-05
0.426314
-0.429041
0.433938
-0.433809
0.0003007
0.437107
-0.435464
0.440164
-0.435585
0.000354231
0.443642
-0.433012
0.444772
-0.42201
-0.000684148
0.00057525
0.00095167
0.00317631
0.00178329
0.00115197
0.44763
-0.432379
0.00228312
0.511316
-0.505065
0.452431
-0.417745
0.00438514
0.507407
-0.482209
0.307314
-0.213805
-0.34147
-0.0231956
-0.00526508
-0.123432
-0.0317114
0.00956966
0.227218
0.296595
0.0236597
-0.483301
0.367231
0.00365414
-0.409987
0.374762
-0.000813232
-0.385847
0.379684
0.000171714
-0.372763
0.378426
-0.00266688
-0.372525
0.393215
-0.00673111
-0.355297
0.401553
-0.0252497
-0.316997
0.102894
0.154702
-0.190782
0.00160751
0.31164
-0.265238
0.311292
-0.304336
0.309006
-0.305746
0.497465
-0.436053
-0.0010295
-0.498703
0.434579
-0.433329
-0.00260406
0.493061
-2.54279e-05
-0.00110835
-0.000725301
-0.0285958
0.00648139
0.0399091
0.0433494
0.0176526
0.00755322
0.0249626
0.01768
-0.0227663
0.368585
0.118162
0.0256919
0.0882057
0.0188316
0.00566211
0.00394778
0.0013129
0.000733969
0.00103813
0.00101379
-0.279803
0.000304214
0.285559
-0.282261
0.308185
-0.306537
0.311174
-0.307067
0.504859
-0.436389
0.000814358
-0.501067
0.442026
-0.436888
-5.5987e-05
0.500354
0.000973125
0.00100588
-0.000116755
-0.00289799
-0.0013699
0.00435252
0.00315215
0.000583794
0.0134986
0.00967859
0.291797
0.00142136
-0.0134359
-0.00116586
-0.0195221
0.00252398
0.193924
0.370304
0.680677
0.0713446
-0.0103545
-0.00481522
-0.01847
-0.376029
0.00164505
0.349889
0.318447
-0.351425
-0.00259072
-0.370459
0.00274517
0.361878
0.335751
-0.35023
-0.000783735
-0.370345
0.00238083
0.365052
0.3421
-0.352504
0.000221829
-0.373485
0.00633103
0.363997
0.343042
-0.358392
0.000854079
-0.380798
0.0177819
0.358109
0.340497
-0.36626
0.00181072
-0.391055
0.0432631
0.344566
0.334991
-0.370087
0.00384587
-0.394718
0.0964574
0.322353
0.322331
-0.062071
-0.00895164
-0.0718732
0.848359
-0.378935
-0.386911
0.626762
0.162946
0.0676793
-0.585183
-0.120609
-0.0705858
0.300722
-0.313937
-0.00547934
0.0065461
-0.0393063
-0.0472812
-0.00485598
0.0125399
0.0072625
0.00295591
-0.00385222
0.00173775
0.0027749
0.00081833
9.02124e-05
-0.000751129
-0.00257977
-0.00495532
-0.0171814
-0.00920485
0.239696
-0.2398
0.00288181
0.00154613
-0.243568
0.239987
-0.000568197
0.000997365
-0.00108534
-0.0181793
-0.0115205
0.0435176
0.00471688
0.0500791
-0.0177632
-0.0217806
2.41127e-05
0.0802176
-0.0932459
0.0936203
-0.0799184
-0.0809032
-0.0691614
0.00258033
0.0928384
0.0835478
-0.0833972
-0.0024858
-0.0935411
-3.90999e-06
1.46693e-05
0.00594246
0.0168569
0.0150882
-0.0334446
0.000654182
0.000172328
0.000987641
0.00282672
0.00685811
0.00295084
0.0240151
-0.0188589
-0.00208927
0.0136581
0.300265
-0.273948
0.316273
-0.311603
0.319536
-0.00767024
-0.283288
0.00825285
0.317517
-0.0011622
-0.0138771
0.00285365
0.00196829
0.00392463
0.00464928
-0.00334399
-0.047013
0.161127
-0.0718707
-0.309136
-0.039169
-0.0372081
-0.608907
-0.167846
0.0214056
-0.245607
0.181598
0.00834674
0.01029
0.219825
0.184403
0.0258503
-0.0206182
0.244527
0.219754
0.02787
-0.0248482
0.221883
0.250615
0.0259777
-0.0572812
0.184045
0.255924
-0.0886634
0.133407
-0.116304
0.124315
-0.49087
-0.266613
0.0482187
-0.121149
0.264027
-0.0159166
-0.432817
0.228326
-0.00455805
-0.271152
-0.268043
-0.389707
0.164055
-0.214338
-0.137235
0.238486
-0.494858
-0.0554845
0.348123
-0.428654
-0.0109637
0.373106
-0.39267
0.000877875
0.376187
-0.378624
0.00196115
0.374585
-0.374924
0.00214291
0.37442
-0.374096
0.00578174
0.376457
-0.371757
0.0230465
0.388365
-0.333127
0.0937358
0.323129
-0.180439
0.342843
0.387225
-0.480181
0.409757
-0.481914
0.0110721
0.241163
-0.368997
0.166609
0.193157
0.209113
0.277417
0.238593
0.167667
0.323033
0.192375
-0.00159155
-0.0280006
-0.0156721
-0.00981427
-0.00590443
-0.0115328
-0.00607358
0.00174667
0.0061995
0.286791
-0.277909
9.21646e-06
0.000488701
0.000114875
2.11105e-05
-0.499302
0.43807
0.000196084
0.439193
-0.441426
0.000460936
0.441935
-0.44341
0.00110878
0.443578
-0.445599
0.00197753
0.442914
-0.445384
0.0025189
0.43169
0.00276992
0.00533297
0.000830804
3.96022e-06
-0.00125912
-6.06997e-05
0.000375465
0.000411805
0.000361757
0.000236457
0.0001817
0.000233043
0.00227357
0.00645157
-0.233479
0.0034768
0.0115612
-0.000603431
0.000415909
0.000627332
0.00040486
-3.44607e-05
-0.000779554
-0.00195395
-0.00285448
0.0104315
-0.00295731
-0.0078269
-0.0102338
0.204361
-0.218103
0.276538
0.000400133
-0.0372177
0.031095
0.102642
0.000583596
-0.0912092
0.0858577
0.0880327
0.000329233
-0.0975715
0.0915941
0.0786106
2.14445e-05
-0.122552
0.116576
0.10895
-0.0020705
0.135719
-0.142908
0.139349
-0.150118
-0.0138596
-0.0829489
0.120529
-0.00990531
-0.114601
-0.00243185
-0.000762334
0.411485
-0.00143117
-0.413898
0.239279
-0.00832336
-0.247449
0.247902
-0.00538558
-0.259828
0.416899
-0.00392106
-0.416707
0.409182
-0.407254
0.404953
-0.414745
0.00094169
-0.412993
0.407491
-0.00083287
-0.247587
-0.00905714
0.249764
-0.212432
0.00195768
0.373764
0.133348
0.393772
0.143946
-0.203554
0.311137
0.0286457
-0.272507
0.294455
0.00589451
-0.285143
0.288326
0.0013267
-0.284948
0.287719
0.000189354
-0.287777
0.285559
-0.00138107
-0.2878
0.286034
-0.00690701
-0.294408
0.271883
-0.0311807
-0.311829
0.203824
-0.148336
-0.39558
-0.11979
-0.370437
0.242122
0.0226732
0.0121075
0.154732
0.0362037
-0.238245
-0.196322
-0.0545923
-0.151873
-0.0984694
-0.0769175
-0.168216
-0.0840484
-0.0893038
-0.167091
-0.24468
-0.253541
-0.167454
0.41606
0.0229442
-0.24482
-0.00857949
0.335647
0.39491
-0.0044566
-0.291196
0.00193957
0.325455
0.482843
0.00460351
-0.475524
0.000332485
0.48025
0.00114224
-0.477424
0.00129051
0.478655
0.000650565
-0.478782
-0.0010143
0.477154
0.000533315
-0.480314
-0.000180385
0.475013
-0.000980952
-0.483072
-0.00417907
0.466905
-0.00685656
-0.487964
-0.0171317
0.00211879
-0.299969
0.487311
0.00306618
0.313168
-4.71721e-05
-0.304848
0.498558
-0.000152148
0.308994
2.55374e-05
-0.307286
0.501624
-0.000118898
0.308399
-0.000291892
-0.307145
0.502755
0.000110105
0.307365
0.000434496
-0.308352
0.503406
0.000340191
0.307779
9.80505e-05
-0.308879
0.503659
0.000559964
0.305562
0.000513282
-0.312407
0.500736
-0.00136196
0.302438
8.52096e-05
-0.319309
0.477741
-0.018862
0.342806
-0.0613092
0.0787854
-0.389157
-0.343181
0.179057
-0.327219
-0.0960046
-0.0663337
-0.684225
-0.372454
-0.32683
-0.23223
-0.167901
0.372809
0.431223
0.0313036
-0.231945
-0.0109595
0.488012
0.0145008
-0.466828
0.0055122
0.00355366
0.00745765
0.018849
-0.321669
-0.0155412
0.156729
-0.0230615
-0.0222058
-0.0422393
0.14984
-0.0495439
0.0204105
0.017934
0.000470765
0.00135069
0.00123287
0.000720266
0.000614273
0.000186412
-0.00243557
-0.00177357
0.427222
-0.495258
0.00188215
-0.00257807
-0.00482174
-0.000358536
-0.407403
-0.000420316
0.415176
-0.433771
-0.000433347
0.43328
-0.439458
-2.95905e-05
-0.000135132
-0.00107261
-0.000520614
-4.96025e-05
0.000744145
0.000669868
0.000594124
0.000384219
0.000251243
0.00015434
0.00120722
0.00188621
0.000746986
0.411994
-0.414803
0.376981
-0.379199
0.380281
-0.379609
0.00211906
-0.198644
6.1961e-05
0.187363
0.00675943
-0.209665
-0.000744801
0.159304
-0.0162694
-0.0131254
0.0596514
0.00274398
-0.0643749
0.474923
-0.00646129
-0.298193
0.00116379
0.305333
0.397537
-0.00285663
-0.313726
0.000426941
0.317966
0.384608
4.64789e-05
-0.317576
-9.47169e-06
0.315025
0.385329
0.00249199
-0.32085
-0.000596264
0.308699
-0.323978
-0.00109973
0.290699
-0.331245
0.0131077
-0.00941206
-0.00240935
-0.000917498
-2.92405e-05
0.000259646
0.000538144
0.00144526
0.00301947
-0.00447951
0.00136815
0.110738
0.116642
0.118041
-0.0351275
0.159607
-0.016738
-0.0173806
0.163943
-0.031017
0.149483
-0.0482416
0.00589197
-0.0133003
0.0128183
-0.0032039
0.00289897
-0.00235014
-0.392133
0.0103227
0.0115822
0.00246889
0.00014087
-4.30762e-05
-0.083256
0.0825753
0.00259966
-0.0702317
0.107708
-0.0219374
0.00926021
-0.00376773
-0.00427201
-0.0209211
0.155342
-0.386232
0.0233307
-0.259366
-0.0106159
0.328499
0.403336
-0.00949111
-0.296606
0.00263265
0.388379
-0.00712507
-0.307241
0.00122792
0.321514
0.389199
-0.00176829
-0.315668
0.000461983
0.318945
-0.318686
-0.000117959
0.315663
0.00059372
0.000212131
-0.000126039
-0.000387764
-0.00129186
0.00947179
-0.00624694
-0.000282176
0.00255325
3.71688e-05
-0.00237981
-0.0111875
-0.0094306
-0.00257242
-0.00255816
0.00237109
0.00667214
0.00128132
0.00588941
0.0016241
0.00381366
-0.00844951
-0.0119447
-0.0255968
-0.0283663
-0.0607672
-0.0510067
-0.0308244
-0.118263
-0.367992
0.0318398
-0.568568
-0.417771
-0.299511
-0.19908
-0.179696
0.0711834
-0.161517
-0.0158342
0.0378581
0.00145947
-0.00624723
0.193791
-0.229063
0.28172
0.00267288
-0.0329996
0.0524033
0.119683
0.00507328
-0.0814309
0.111884
0.112146
0.00552812
-0.0873312
0.115689
0.104937
0.00418579
-0.116775
0.130643
-0.00623111
0.00371071
0.0187373
0.0802133
-0.344251
-0.499424
0.00543608
0.467472
0.0133837
0.00990161
0.302235
0.00181527
-0.495921
0.50188
-0.000758068
-0.474218
0.278712
-0.320014
0.285181
-0.0313091
-0.297828
0.0161706
-0.331433
0.462016
-0.404723
0.4209
-0.00143384
-0.421919
0.00077495
0.418172
-0.00125174
-0.419844
0.000245898
0.421727
-0.00122499
-0.423491
0.41156
-0.473786
0.0272384
-0.32816
0.44909
0.02086
0.0108
-0.123514
0.134033
-0.138306
2.45679e-05
-0.115579
0.106165
0.00754504
-0.131994
0.0939382
-0.107217
0.00481691
0.191969
-0.115852
0.0710925
0.0177273
-0.136526
0.107363
-0.00212702
-0.00233311
-7.16578e-05
0.00453485
0.00282282
0.00146203
0.000647206
-2.60678e-07
-0.00113986
-0.00288567
0.00443105
-0.00137453
0.0694324
0.079889
0.000147292
-0.0189294
-0.0117022
0.150518
0.0545402
-0.127748
0.0656917
0.0848793
-0.133724
0.00436317
-0.154836
-0.0120276
-0.0361029
-0.125063
0.196074
0.238478
0.0124513
0.0437518
-0.0106343
0.00597749
0.1046
-0.112406
-0.00136104
-0.117912
0.117579
0.112402
-0.104555
-0.000719217
-0.142657
-6.9558e-05
0.14261
3.17781e-05
7.20576e-05
-0.00259581
0.00851445
0.00375671
0.0637467
0.680053
0.369928
0.19033
-0.0015259
-0.0249615
-0.0139731
-0.00766277
-0.0103628
-0.0223649
-0.0470728
-0.0514833
-0.104777
-0.116077
-0.246911
-0.416963
-0.371197
-0.374434
0.159083
-0.250014
-0.0969097
-0.10507
-0.323983
-0.426538
-0.378658
-0.378225
-0.383471
-0.377051
-0.427471
0.161327
-0.0459428
-0.134251
0.511824
-0.160497
-0.306519
-0.299312
-0.0782656
-0.0971182
-0.226581
-0.23813
-0.0627683
-0.0966341
-0.0236704
-0.00776756
-0.00139194
2.13511e-06
0.000220385
-0.000782329
-0.0044748
-0.00524265
-0.0193764
-0.00815996
-0.00296238
-0.00566701
-0.00351886
-0.00483382
-0.0118386
-0.0303899
-0.0127849
-0.0124381
-0.0144307
-0.00688523
-0.00194105
-0.000170521
-0.000359348
-0.00126034
-0.00126859
-0.00369426
0.303606
0.458637
-0.475224
0.466811
-0.473228
-0.000660713
0.322166
-0.337802
-0.0015836
-0.00288934
0.00151794
0.00527949
-0.344789
0.0158629
-0.157138
0.0969558
-0.0301883
-0.00938938
-0.0111485
0.0143443
-0.134983
0.106033
-0.000795556
-0.000382191
-0.000390958
8.78736e-05
0.0691578
-0.0023775
0.000297767
0.000293652
-0.00020051
-0.0437219
0.000223852
0.0181217
0.0112414
0.0148422
-0.0123356
0.0103669
-0.000167416
0.00107551
-0.0436016
0.134706
0.133736
-0.084573
-0.0142479
-0.0669765
0.128515
0.0112874
0.00249045
5.4765e-05
6.60081e-06
-0.00255551
-0.00233004
-0.00240013
-0.000482202
-0.0104488
-0.000877233
-0.00239637
0.000805094
0.00537453
0.00122989
0.00349386
-0.336354
0.328078
0.46877
-0.474191
0.469537
-0.479329
0.0011633
0.328337
-0.338089
0.000256675
4.27798e-05
8.91624e-05
0.000525191
0.00126624
0.00303229
0.00256283
0.00567245
0.00312547
0.006615
0.00677069
0.0162527
0.013813
0.0146493
0.00649528
0.0864215
0.00117352
0.00206329
0.000971841
0.000216692
-0.000780553
-0.0027919
-0.00310288
-0.00118611
-0.00111312
-0.000726559
-0.000162438
0.000108769
0.000241116
0.000394398
0.000348984
0.000207755
-0.0010462
0.00140619
0.00133028
3.27105e-05
0.000156589
0.000284655
0.000456303
0.000809507
0.000922163
0.000864317
0.00174664
0.00204569
0.00148698
0.00332771
0.0043563
0.00359228
0.022711
-0.0287902
-0.04109
-0.00799481
0.0044933
0.00598219
0.00612717
-0.10108
-0.00170287
-0.00097727
-0.00150325
-0.00983912
-0.00383105
0.213994
-0.00279691
-0.285157
-0.00206842
-0.0129242
-0.264064
-0.01147
-0.0155999
-0.165678
-0.073652
-0.126777
-0.315428
0.0305875
0.080432
0.00542575
-0.0042375
-0.00356742
-0.00662491
0.00186209
-0.191596
0.273054
0.00193049
-0.0600979
0.0265274
0.0946183
0.000448053
-0.117932
0.0749144
0.0759911
-0.000552917
-0.122028
0.0802301
0.0668922
-0.00130433
-0.111824
0.0253463
-0.151287
0.0668223
0.105936
-0.147057
0.04444
0.0218948
-0.00891364
-0.00198867
-0.000707524
0.000163871
0.000332053
0.000501062
0.00134002
0.00249564
0.00314895
0.00297036
0.00437082
0.421199
-0.42091
0.00182468
0.423121
-0.423117
0.380433
-0.380594
0.380965
-0.382436
0.00138725
-0.199597
-0.00101557
0.194549
0.00138944
-0.197444
-0.000221231
0.194123
-0.00114781
-0.00079522
0.0628122
0.00122167
-0.0622506
0.471036
-0.00025705
-0.301417
0.000109293
0.304369
0.393103
0.00183098
-0.317389
-0.000601242
0.37474
0.00709875
-0.323041
-0.00232914
0.29017
0.368395
0.00630101
-0.39755
0.00937522
-0.33041
-0.393688
0.00846379
0.358007
0.29777
-0.324761
0.0102743
-0.00876885
0.0030698
0.0015799
0.000881589
0.000169206
-0.000617915
-0.00163146
-0.000786716
-6.34213e-05
0.000666632
0.000412983
0.000591434
0.000252163
0.423973
-0.42519
0.00173541
0.424587
-0.428363
0.383137
-0.383747
0.388625
-0.375787
-0.0145524
-0.198197
-0.00626639
0.20104
-0.00131498
-0.204195
-0.0027416
0.19548
-0.00257593
0.00219158
0.0701859
0.00508099
-0.0557577
0.467737
0.00198508
-0.29609
-0.00233095
0.303146
0.365661
0.00564422
-0.408006
0.0109217
-0.289694
-0.517322
-0.00221911
0.447344
-0.0300231
0.168635
0.00130473
0.122111
0.0767864
0.0449102
0.0288769
0.228523
-0.144824
-0.0130772
0.00598363
0.000123939
-0.000512397
-0.000185146
-7.49713e-05
-0.000869921
-0.00513536
0.00164212
0.277963
-0.199419
-0.322724
-0.0737234
0.0613204
-0.15844
0.507909
-0.234214
-0.286186
-0.276945
-0.161951
0.381564
0.421886
0.0220209
-0.2611
-0.00944447
0.39059
-0.00839938
-0.291013
0.00283723
0.326087
0.391092
-0.00486051
-0.30905
0.00102115
0.32153
0.00172371
0.00196899
-0.380319
0.00588526
-0.366891
0.0338932
0.0346756
0.00106108
-0.204519
-0.342497
-0.239043
-0.168877
-0.356129
-0.126019
-0.0639817
0.0373555
0.0106284
0.482248
-0.00748889
-0.291296
0.00217274
0.309912
0.399565
-0.00746932
-0.308396
0.00119965
0.386601
-0.00270081
-0.314326
0.000406691
0.318482
0.387521
0.000255315
-0.387652
-0.000339622
0.000389736
-0.385324
0.00689735
0.00705262
0.0192759
0.00584802
-0.359946
0.0163311
-0.29111
0.00107152
-0.0533822
-0.0831698
-0.0225593
0.0226844
-0.00919702
-0.444625
-0.00123388
-0.0031074
0.0627793
0.0012524
0.472349
-0.00241341
-0.300592
0.000474163
0.303877
0.395749
-0.000257231
-0.316069
0.000109849
0.38161
0.00271066
-0.31992
-0.000807834
0.307605
0.380605
0.00607002
-0.392488
0.0010152
-0.000600574
7.25612e-05
0.000299188
0.000337479
0.000243674
0.000152739
7.99244e-05
-0.00118945
-0.00310284
-0.000743448
-0.000823213
-0.00103728
-0.000125195
0.000426802
0.000658944
0.000826973
0.000188624
0.000314405
-0.000192647
-0.000232142
-0.0011065
-0.000561611
0.431703
-1.76901e-05
-0.431544
0.434001
3.72734e-05
-0.438382
0.438594
-0.433473
0.437683
-0.000651746
-0.444554
0.437553
-0.43517
0.43123
-0.00193641
-0.439612
0.419671
-0.418206
0.4186
-0.419861
0.00188915
-0.431548
0.440301
0.00100081
-0.437899
0.000746454
-0.437957
0.445423
0.00059867
-0.443389
0.000273552
-0.439509
0.446111
-0.439833
0.440156
0.000110447
0.438668
-0.438054
-0.000164925
0.44325
-4.81577e-05
-0.445211
0.43919
-0.437922
-0.000953095
-0.500984
0.3087
-0.000464231
0.495743
-0.00237458
-0.498358
0.311922
0.00130138
0.482873
-0.42396
0.40676
-0.00148377
-0.413756
-0.000486914
0.403624
4.36314e-05
-0.403521
0.000907451
0.414076
0.00150921
-0.406865
0.42501
-0.484194
0.00343341
0.00512812
0.00467578
0.0172209
0.0117413
-0.242812
0.250429
-0.246748
0.246695
-7.34147e-05
-0.000728071
-0.000692993
-0.250408
0.242648
-0.0118744
-0.00684253
0.129763
-0.144932
0.000511059
-0.000946048
0.402919
-0.407917
0.408153
-0.403122
0.416634
-0.438632
-0.0119365
-0.00457178
-0.129762
0.00681845
0.144866
-0.00597829
0.00266236
0.00256351
7.50413e-05
0.000131931
0.000192358
0.000214897
0.000173156
-0.439516
7.01897e-05
-0.439785
0.440186
-0.44486
0.439767
0.000115184
0.445224
-0.438751
-0.000101114
-0.500785
0.307677
1.89423e-05
0.49944
-0.306872
1.08595e-05
-0.280596
0.285662
0.00284712
-0.28139
0.286181
0.0039016
-0.280396
0.290415
0.00728453
-0.278348
0.296976
0.00626072
-0.281459
-0.00942727
-0.00010609
-0.00136494
0.00238985
0.000326153
0.00124465
-0.000168912
0.000346982
-0.000955066
0.0013603
0.00552405
0.290922
-0.305168
-0.000421551
-0.270279
0.307389
0.0300354
0.0123156
-0.00049073
0.0121285
-0.203372
-0.000288622
0.31922
0.0186102
-0.47638
-0.00306025
-0.00476363
0.0249319
0.0171427
-0.0227011
-0.241775
0.369702
0.120034
0.393203
0.146147
0.0831629
0.0199754
0.0606947
-0.342734
0.438016
-0.415921
0.0118931
0.0019802
-0.018875
-0.00503941
-0.00262317
0.00747671
0.00169835
0.000677638
0.000802935
0.000636277
-0.500507
0.307383
-0.307876
0.501259
2.33142e-05
-0.000777454
-0.00229056
-0.000506736
-0.000662992
-1.76231e-05
0.00014906
0.00081811
0.000611003
-0.438508
2.60135e-05
-0.443267
0.439588
-0.499859
0.306781
0.00131555
0.503185
-0.309767
0.00301056
0.00032465
-0.00100157
-0.00180359
-0.00598009
-0.0044648
0.32434
0.469545
-0.489903
0.0402664
0.00709478
0.00332356
0.0117868
0.00574421
0.0138635
-0.343001
0.0120243
0.0328654
-0.348527
0.00275425
0.00150746
0.00107472
0.00197941
0.00302153
0.00411843
0.00189325
0.00123767
0.000712299
0.000532428
0.000415226
0.000611119
0.000809502
0.000570817
0.000443806
0.000585452
0.000734748
0.000611846
0.00107312
0.00111494
0.000586869
0.00129789
0.00108642
0.00154724
0.00114876
6.40225e-05
-0.000934991
-0.000327022
0.00217215
0.00407121
0.000344584
-0.0231925
0.00277132
0.000562411
0.000940916
0.00115135
0.00126968
0.00105229
0.00225582
0.00140165
0.00264837
0.00146928
0.423521
-0.431912
0.00215656
0.415251
0.00694377
0.00136116
0.00337887
0.0176101
-0.0680206
0.1686
-0.134384
0.28337
0.0414127
0.193644
-0.155845
0.126042
-0.135969
0.0860635
0.0980846
-0.148499
0.0339794
-0.154773
0.0909412
0.0944891
0.185443
-0.00861736
-0.00233017
-0.0236022
-0.0011363
-0.107649
-0.00167087
-0.000754459
0.000657396
0.000887197
0.00167846
0.000990633
0.000656497
0.000853533
0.000649843
0.000167481
0.000591645
0.00035115
0.00240336
0.00114877
0.000491915
-0.472545
0.470495
0.00106351
-0.300551
-0.000716221
0.306207
0.385932
0.0050925
-0.318851
-0.00190234
-0.389563
0.00165796
0.000918628
0.000228802
0.000474419
0.000239709
0.00251029
0.000603702
0.00027925
0.000456129
0.000436674
0.000448126
-0.000603923
-0.00141247
-0.0031244
-0.353865
0.00631942
0.325908
0.018683
0.337938
-0.298791
-0.326077
0.384727
-0.257891
-0.242837
-0.201191
0.00226154
0.00215654
0.00197137
-0.382465
0.0129396
-0.00149204
-0.0620774
-0.000119342
0.00494523
-0.000520057
-0.468533
-5.88569e-05
-9.45131e-05
0.0636345
0.00229754
-0.0616625
0.000448996
0.00288559
0.000855672
0.00162461
0.000414483
-0.391275
0.000461317
-0.380858
0.00124922
-0.000237486
-0.395082
-0.000232147
0.315789
-0.00315893
-0.00141477
-0.397912
0.0062449
-0.479082
0.0188494
0.0128001
0.09733
0.0101611
-0.491889
0.0339215
0.00133418
0.00396305
0.0279658
0.186301
0.441178
0.229094
0.336896
-0.0165
-0.00467975
-0.401729
-0.0114434
-0.0227541
0.0106295
0.227308
0.327783
-0.0172101
-0.0055816
-0.00169282
0.311103
-0.386683
-0.00577837
0.000399402
-0.0175949
-0.0316442
0.000636077
0.209912
0.330119
-0.0181548
-0.00595325
-0.00197782
-0.389654
-0.00194873
-0.000253612
0.000140961
0.00180223
0.0046794
0.00141934
-0.0258731
-0.00738408
-0.000324968
-0.00266437
-0.00640451
-0.00400046
-0.00686437
-0.00128432
0.191683
0.369618
-0.0690924
0.059602
0.0265863
0.0330618
0.00922395
-0.00211642
-0.000798113
-0.000174042
0.000110247
0.00030231
0.000781699
0.00242382
-0.000127785
-0.000157
-0.00106042
0.00157534
0.000884456
0.000978004
-0.00189131
-0.018485
-0.0256954
-0.00776788
0.00272679
0.00275326
-0.497652
0.436456
0.00131764
0.00137228
0.0013737
0.00263158
0.00327198
0.00311307
0.000656262
-0.00846672
0.124295
-0.415999
0.0211601
0.00118604
0.00110399
0.000620917
0.00060096
0.0010937
0.000400376
0.00036592
0.000334088
0.000534235
0.000187832
0.000241918
0.000235723
0.000902081
0.000895706
0.438755
-0.000163985
-0.438442
0.438632
-0.000653432
-0.434231
0.433935
-0.438156
0.444776
-0.000451053
-0.438408
0.436818
-0.436466
0.00167024
0.505408
-0.314093
0.00595445
0.00262054
0.00209621
0.0011926
-4.05221e-05
-0.0104798
-0.0176761
-0.0356649
-0.0841266
0.00455442
-0.0361801
-0.011955
-0.00355585
0.00485991
0.0041372
-0.000498089
3.41246e-05
0.00096533
0.000498825
0.445758
-0.439557
0.440224
-0.445606
-0.000142844
-0.438739
0.443867
-9.44435e-06
-0.444978
-0.000636706
-0.435707
0.438671
-0.000249827
-0.44018
0.433181
-0.499407
-0.0016034
-0.00240292
-0.00102526
0.000309301
0.000586952
0.00221958
0.00514376
0.0213989
0.0859601
-0.0267339
0.856428
-0.0204811
-0.00449181
-0.0156487
-0.150143
0.0303982
0.085988
0.00748394
-0.00123849
-0.0839851
-0.00136771
0.00257391
0.00623704
0.000396574
0.000481138
0.00656148
0.00348311
-0.264798
0.218169
-0.00871288
-0.00610871
-0.000420238
0.0447322
-0.0101818
0.0370103
0.0593122
0.0956275
0.190114
0.0471758
-0.122819
0.0483579
-0.1545
0.0379179
0.0210863
-0.117371
0.00661217
-0.00239343
0.000273138
-0.000587139
6.38278e-06
0.00221247
-0.00104015
-0.00232943
-0.000325959
-0.00272854
-0.000958861
1.32857e-05
-0.000144366
0.000181818
-5.73984e-05
-0.00015243
-0.000876877
4.07793e-05
0.00122903
0.00248426
0.010231
0.108543
0.45573
0.0261076
-0.0809982
0.292776
-0.00471022
-0.0625694
-0.020801
-0.0298994
0.850089
-0.0162477
-0.00472867
0.0053304
0.00215854
0.00545073
-0.0759902
-0.00163722
-0.00176613
-0.0163667
-0.151174
-0.12918
-0.0779217
-0.304826
0.0310619
0.075936
0.00389249
-0.00428333
-0.00449669
-0.00239217
-0.0938141
-0.00464245
0.0449926
-0.0269981
0.0478861
-0.00270237
-0.0855808
-0.0050573
-0.00280252
-7.9816e-05
0.00521052
0.0190726
0.0024948
0.00330641
0.0177292
0.0172981
0.000829153
-0.00177559
-0.000446106
0.00105182
0.0030002
-0.00136568
-0.00111334
0.0134875
0.323385
0.0140736
-0.000352179
0.0019111
0.000477249
0.000162268
-0.000135437
-0.00149451
0.00117978
0.439278
-0.501305
0.00127713
0.000532192
0.000438966
0.000449997
-0.502418
0.440015
0.000101953
-0.439594
0.445669
-0.445193
0.000352765
0.440171
0.000322072
0.000126934
8.98901e-06
-8.36313e-05
0.00055572
0.00105515
0.000195938
8.16386e-05
-0.000216827
-0.000959482
0.00152094
0.438023
-0.432071
0.431824
-5.92355e-05
0.000116341
0.000209331
0.000182914
-9.80424e-06
0.439897
-0.502914
-5.70913e-05
-0.000184461
0.000154388
-0.000684867
-0.000723738
-0.502904
0.438571
-0.000532359
-0.000398958
-0.00103427
0.00101096
6.31551e-05
0.000119159
-0.0130949
-0.0208703
-0.0847974
-0.0135331
-0.00140456
4.81016e-05
0.000424811
2.50063e-05
0.000106037
0.00122959
-0.00136161
-0.00156549
-0.000359465
-0.000233586
-0.00190696
-0.00120329
-0.00112879
0.000324077
-0.00173881
0.00132466
-0.00195133
-0.00677815
-0.000588101
-0.00240103
-0.0150217
0.0107247
0.0298974
-0.00061497
0.00119741
-0.428967
0.00326329
0.013241
0.0867565
-0.00176596
-0.00251562
-0.0186912
-0.176648
-0.108485
0.0246624
-0.00313984
-0.00247968
-0.00196071
-0.0223809
-0.00285665
0.163092
0.0493441
-0.00835794
0.0347212
0.245847
0.021432
-0.00360442
-0.00643009
-0.00759569
-0.0114126
-0.283238
-0.252172
0.00186663
0.0255577
0.00945798
0.0410532
-0.0776666
0.000480391
0.00452923
-0.0115664
0.000163565
-0.384249
0.00534536
0.00108714
-0.000288188
-0.00167578
7.57601e-05
-0.00137045
-0.462755
0.320617
-0.372986
0.0194095
0.184416
0.315225
-0.000225112
-0.000343124
0.00111041
-0.0796602
-0.302102
-0.0209947
-0.00478886
-0.00117196
-0.00255779
-0.0889776
0.000680249
-0.278807
0.00709761
-0.27075
-0.00209537
0.036958
0.00136804
-0.106494
0.0501842
-0.0100547
0.334409
0.000392229
-0.285189
0.0213453
0.0890937
0.0167114
1.71678e-05
0.0014854
0.000314806
0.00504023
0.323398
-0.504596
0.0016494
-0.16827
-7.71338e-05
0.0220379
0.0346923
0.0193957
0.00655277
-0.000531987
-0.00758941
-0.0202684
-0.0353393
0.000210092
0.206227
0.245254
0.244005
0.171027
-0.406285
-0.382345
-0.0189056
0.387275
-0.00823795
-0.473472
0.0797811
0.013042
-0.0552028
0.0609194
0.00381614
-0.0567819
0.058962
0.0023867
-0.0545761
0.0596008
0.00191052
-0.054176
0.0585486
0.000105541
-0.0558978
0.0562199
-0.0040568
-0.061017
0.0509726
-0.0150984
-0.0806541
0.0304074
-0.0651731
-0.15635
-0.0749737
-0.234267
-0.287658
-0.281331
-0.239251
-0.254656
-0.264761
-0.253308
-0.273591
-0.26008
-0.258397
-0.269342
-0.257501
-0.274891
-0.27306
-0.254621
-0.338676
-0.158651
-0.152662
0.585352
0.0371958
0.329582
-0.162836
0.426362
0.0269566
0.378387
-0.167396
0.403676
0.0224191
0.390181
-0.167911
0.399142
0.0231852
0.410678
-0.162568
0.387423
0.024739
0.503516
0.0607643
-0.0433306
-0.322678
-0.00305556
-0.244228
0.157165
-0.212442
0.186401
-0.200487
0.194425
-0.195176
0.197408
-0.194133
0.197546
-0.192535
0.20046
-0.186276
0.210813
-0.157443
0.24278
0.00431392
0.302865
0.213414
-0.084771
0.238808
-0.222722
-0.0108811
-0.00522996
-0.122098
0.128892
-0.114769
0.212183
0.0287395
0.0344889
-0.00856213
-0.0185635
-0.000379758
0.0187953
0.000192192
-0.163335
-0.0660435
0.111285
-0.0716813
-0.0943279
0.128191
-0.0114061
0.122156
-0.020547
-0.00637632
0.105245
-0.191345
-0.244439
-0.313443
-0.393806
0.47186
-0.416279
0.483918
-0.0139923
-0.236599
0.354097
-0.174863
-0.196423
-0.211463
-0.290308
0.428828
-0.32144
0.392884
-0.36389
0.38769
-0.374231
0.384187
-0.374943
0.381883
-0.372255
0.383584
-0.369022
0.391044
-0.365976
0.400106
-0.35988
0.0796581
-0.170989
0.0432099
0.00690622
-0.299762
0.350935
-0.0043335
-0.321439
0.354382
-0.00189759
-0.330005
0.349186
-0.000767915
-0.330317
0.341566
-5.83309e-05
-0.324975
0.334635
0.000735728
-0.315065
0.331981
0.00197855
-0.296872
0.337261
-0.0103107
-0.249805
0.370599
-0.173553
-0.240479
-0.237857
-0.264111
0.411588
-0.173548
-0.262542
-0.238288
-0.24399
0.412158
-0.293029
0.396637
-0.357022
0.391483
-0.371683
0.383525
-0.362613
0.366081
-0.348925
0.351812
-0.337212
0.359582
-0.335009
0.36701
-0.337067
0.0515307
-0.159434
0.110427
0.00430507
-0.299237
0.497916
-0.00395944
-0.45236
0.479726
-0.00315778
-0.459778
0.46503
-0.00539662
-0.466021
0.353278
0.00161417
-0.362626
0.317942
0.00102024
-0.319567
0.312062
0.00108197
-0.300202
0.327212
-0.0136768
-0.264543
0.376705
-0.170999
-0.286936
-0.27071
-0.227798
0.482923
-0.388013
0.472129
0.00756905
0.0301971
-0.155716
0.0476779
-0.070645
-0.300073
-0.0661641
-0.00716036
-0.242184
0.00924721
-0.373031
0.40485
0.00695583
0.342365
-0.392725
0.391814
-0.0180652
-0.322913
-0.0126166
-0.027306
0.135911
0.114079
-0.0291144
-0.21161
-0.198774
-0.14665
0.114567
-0.115642
-0.0615646
0.13577
-0.0236602
0.123025
-0.104223
-0.108357
0.119849
-0.000506811
0.1067
-0.106465
-0.119289
0.109042
0.000641709
0.104604
-0.122974
-0.135188
0.0628106
0.0236149
0.11585
-0.114437
0.0870805
0.147052
0.198871
0.212425
0.0290371
-0.114281
0.129098
-0.00197288
-0.118298
0.123346
7.61434e-05
-0.12311
0.118213
0.00216125
-0.12838
-0.0185264
-0.0490018
-0.0344742
0.00787481
-0.0075346
9.98794e-05
-0.0067909
-0.386538
0.386546
-0.389409
0.406336
-0.406328
0.415205
-0.000270583
0.389597
-0.401752
0.387144
0.0015886
-0.386511
-5.04842e-06
-2.36814e-05
-1.66028e-05
0.00019698
-0.00749367
0.00757762
-2.25158e-05
0.00675497
-0.392212
0.323885
-0.344531
0.373765
-0.00683726
0.239652
0.0129439
0.00592112
0.0676817
-0.084246
0.0179808
0.23722
-0.216687
0.222898
-0.222782
-0.00163544
0.216356
-0.236512
0.0839824
-0.210428
0.247296
-0.00573514
-0.0877806
-0.0620629
-0.126405
-0.347451
-0.167823
-0.00223405
0.0161312
-0.0281544
-0.0164333
-0.0847124
0.04923
-0.44063
0.462299
-0.447564
0.441172
-0.000275842
0.0389925
-0.0663306
0.000794428
0.00837211
0.180548
-0.200227
0.0135171
-0.381506
0.419482
0.00200715
0.37096
-0.414657
0.415729
0.0029696
-0.376954
0.000299999
-0.00160004
-0.00578144
-0.00530639
-0.00242195
-0.202183
-0.016558
0.149006
-0.00766649
-0.00324534
-0.00282996
-0.0115665
-0.01023
-0.0131909
-0.0568515
0.0118049
-0.00233109
-0.206005
-0.343788
-0.328747
0.38329
0.0221154
-0.266805
-0.299291
0.386635
-0.0112933
0.339726
-0.00760265
-0.304661
-0.350732
0.382619
0.00164546
0.332698
-0.00770071
-0.321688
-0.364231
0.377017
0.000597265
0.338517
-0.0103335
-0.335505
-0.362548
0.370007
-0.000116134
0.353371
-0.014684
-0.345709
-0.355549
0.367337
-0.00119517
0.366155
-0.0170985
-0.348545
-0.349511
0.372789
-0.00191335
0.37312
-0.0303508
-0.33939
-0.346101
0.379612
-0.0036664
0.37137
-0.0756961
-0.313755
-0.33897
0.0669301
0.00754469
0.0566275
-0.852968
0.385336
0.372426
-0.804758
0.0193357
-0.0159689
0.13382
0.0151357
-0.264462
0.24832
-0.216469
-0.00567498
0.415104
-0.375451
0.0019696
0.380267
-0.336561
-0.000288553
0.314611
-0.0180761
-0.135172
0.252182
-0.353714
0.0386069
0.000874965
-0.0318235
-0.413762
-0.000387561
-0.0648364
-0.0300448
-0.0200268
-0.214114
0.0335597
0.0611554
0.18056
-0.290513
0.314922
-0.509909
0.436901
-0.0084077
0.473969
-0.43126
0.432943
0.00233203
-0.413635
-0.118651
-0.0326258
0.00215862
0.00330481
0.000292712
-0.00136766
-0.00477562
0.004605
0.00786015
-0.0335908
-0.00136157
0.000154911
-2.46341e-05
-2.49508e-05
0.000157998
0.000705513
0.000857872
0.0068706
0.000381343
-0.00715058
-0.00748889
0.0377242
0.27841
0.0117939
-0.201777
0.123696
-0.0189638
-0.29496
0.275285
-0.322648
0.31277
-0.333424
0.295575
-0.480562
0.408136
0.00345914
0.513799
-0.452047
0.434657
-0.00155368
-0.508392
0.00195823
-0.00448966
-0.0025964
-0.0306274
0.0263887
0.00920332
-0.0175923
-0.0194184
0.0018756
0.000850903
-0.0080709
0.00568103
-0.0065997
0.0031249
0.0291683
0.0162538
0.0127076
0.0206257
0.0262286
0.0445036
0.0231242
-0.00431402
-0.0302042
-0.326295
0.275776
0.0428887
-0.114664
-0.224507
0.0102202
-0.111494
0.425264
0.0814326
-0.000811531
0.0270367
-0.103084
0.21766
-0.019769
0.426524
-0.450611
-0.00229917
-0.43176
0.414954
-0.419252
0.431067
-0.00207981
0.436453
-0.449473
0.440883
-0.00151722
-0.431042
-0.000593719
-0.443436
-0.00363644
0.444592
-0.00265399
-0.442452
0.430462
-0.00206629
0.444813
-0.441659
0.433752
-0.432614
0.442044
-0.000956442
0.431727
-0.443985
0.440461
-0.00045424
-0.430261
-0.000194363
-0.434385
-0.00095773
-0.443322
-0.0006476
-0.448727
0.504113
-0.00188624
-0.00256355
-0.00385931
-0.00188158
0.363524
-0.412901
0.000753679
-0.436498
0.427263
-0.426737
0.437519
-0.000422026
0.424813
-0.437222
0.43209
-0.000682741
-0.421451
-0.000114669
-0.424233
0.000652374
0.435913
-0.000330417
-0.43135
0.421518
0.000787998
0.430095
-0.417446
-0.000102413
0.417754
-0.431008
0.000761187
-0.405423
0.412661
-0.372633
0.377282
-0.377318
0.377518
-0.00128446
0.195199
0.000310323
-0.183551
-0.00497906
0.206419
0.00259299
-0.154336
0.016855
0.0129305
-0.0567209
-0.00198021
0.0617808
-0.469757
0.00705222
0.306125
-0.000929403
-0.313532
-0.386621
0.00368515
0.330829
-0.000424363
-0.335523
-0.361281
0.00071144
0.350619
-8.58768e-06
-0.348215
-0.340377
-0.00280753
0.37781
0.000927303
-0.363496
-0.314405
-0.00611558
0.468192
0.00268987
-0.438155
0.475832
0.01046
-0.3812
-0.271695
-0.277699
-0.28323
-0.270935
-0.286334
-0.270393
-0.295585
-0.266192
-0.353207
-0.0326836
-0.126768
-0.186899
-0.305195
0.0336642
0.13489
-0.0252699
-0.035015
-0.14173
-0.00489583
-0.0274223
-0.00453703
-0.000441325
4.3474e-05
-0.44041
0.238092
-0.00615011
-0.237679
-0.00389208
0.0145769
-0.0210131
-0.00309613
-0.24601
0.434545
-0.384733
-0.00137729
0.00934352
0.00149431
0.000216
-0.000425991
-0.000410989
-0.000383917
-0.000890782
-0.00181447
0.00562589
-0.00135628
0.0693474
0.0805178
0.0800715
0.0696034
-0.00281797
-0.0939878
-0.082585
0.0835064
0.00285211
0.093848
0.000130773
-0.0937653
-0.002743
-0.0823202
7.89066e-05
0.0824176
0.0947305
0.00281348
-0.0693531
-0.079244
0.119517
0.118002
0.111257
-0.0234439
-0.0444848
-0.0271654
0.141537
-0.0876215
0.15253
-0.0378264
-0.0231927
0.108195
0.00165283
-0.00537602
-0.0211288
0.154686
-0.0857517
-0.178295
-0.0996559
0.141059
-0.0348125
-0.0462999
-0.00556216
0.0188179
-0.000338183
-0.0021669
0.0016627
0.0234583
0.00620781
-0.179141
-0.0950465
-0.0478722
-0.049003
-0.0350343
0.00602547
-0.00943853
-0.106473
0.109432
0.00138136
0.11866
-0.119724
-0.10957
0.104986
0.00171313
0.12597
-0.00616498
-0.131341
-0.00126107
-0.000583252
0.000139071
-0.00534569
0.00184841
-0.0683539
-0.0801296
0.00148516
-0.00637675
-0.019505
0.0225498
0.000531789
-0.201888
-0.328916
-0.191003
0.00072481
0.0255136
0.0310938
0.0191759
0.0122905
0.0148793
0.024537
0.0457331
0.0978869
0.0954769
0.116721
0.128346
0.301563
-0.306748
0.14747
0.332317
0.233206
0.699977
-0.0885595
0.589398
0.433327
0.471671
0.334287
0.136835
0.150889
-0.268931
-0.0331551
-0.0256499
-0.209975
-0.22011
-0.0291377
0.018134
-0.233974
-0.227799
-0.0282694
0.0233423
-0.220023
-0.25354
-0.0297669
0.0519404
-0.192173
-0.274951
0.0741952
-0.166696
0.0681433
-0.20773
0.531815
0.277132
-0.0645964
0.100022
-0.284263
0.00397615
0.417447
-0.258705
-0.0207752
0.244513
0.256615
0.395748
-0.168084
0.218068
0.147019
-0.24427
0.499657
0.0576774
-0.350798
0.430179
0.0116351
-0.374261
0.393531
-0.000851832
-0.377206
0.379677
-0.00239251
-0.376278
0.376685
-0.00266925
-0.376854
0.376465
-0.00600294
-0.379171
0.373884
-0.0224844
-0.389872
0.332231
-0.0896153
-0.321136
0.157775
0.0677807
-0.0609385
0.322104
-0.0270097
0.466973
-0.320468
0.196828
-0.304605
-0.0296871
0.266117
-0.287982
-0.00557045
0.277028
-0.282844
-0.00308249
0.277939
-0.283419
-0.00412482
0.277073
-0.28766
-0.0073137
0.275268
-0.294478
-0.00602634
0.27871
-0.284438
0.0314888
0.295481
-0.0206964
0.323688
-0.468528
0.394899
-0.00151918
0.404243
-0.423678
-0.000847124
0.251354
-0.000562356
-0.255602
0.246546
0.0113161
-0.236242
0.235074
0.0187824
-0.234492
0.116343
-0.198877
-0.00843915
0.159789
-0.121065
0.13388
-0.135263
0.144382
-0.150223
0.141895
0.00447763
0.0677028
-0.128215
0.0042277
0.107954
-0.109451
0.00145626
0.111913
-0.102105
-0.00348296
0.130334
-0.10537
0.154492
-0.218294
-0.140995
0.13262
-0.057741
-0.018999
0.138452
-0.107038
-0.000248049
0.11981
-0.116744
-0.00148171
0.111673
-0.134458
0.000167849
-0.00747223
-0.0202896
-0.0793021
0.337852
0.500292
-0.00681365
-0.470364
-0.0142275
-0.0108501
-0.301621
-0.00294724
0.490488
-0.501366
-0.00274875
0.466706
-0.282089
0.316329
-0.012774
-0.113379
-0.461443
0.128734
-0.170678
0.0367763
0.00056762
-0.293041
0.0791425
0.0959162
0.0455241
0.0222508
0.0116513
0.00931482
0.015136
0.00184195
0.00200798
0.000538831
0.00249907
0.117438
-0.0994767
0.00759013
0.00529552
0.00259645
0.00295865
0.00454791
0.00470231
0.00527793
0.0108191
0.011146
0.064652
0.258329
0.243571
0.453981
0.37046
0.372381
-0.166567
0.245848
0.0963493
0.0992062
0.325379
0.444504
0.378482
0.372457
0.392015
0.38108
0.430015
0.333201
0.157754
-0.537469
0.0135544
0.0265699
-0.855807
0.229046
0.236301
0.059025
0.0601809
0.0107604
0.00539865
0.00240703
0.00147632
0.000755392
0.00398912
0.00597511
0.00335247
-0.0613472
-0.646899
-0.367997
0.00548845
0.0165289
0.0155173
0.00434006
0.00470448
0.00307299
-0.29486
-0.46396
0.479446
-0.471142
0.477334
0.00049568
-0.312881
0.328557
0.000753338
0.00209752
-0.00277091
-0.0054444
0.333838
-0.0197863
0.148445
-0.107191
0.0282069
0.00849815
0.00825134
0.00910203
-0.0047406
-0.00259756
-0.00274256
-0.00373186
-0.00688412
-0.0113041
-0.0195653
-0.0524193
0.120186
0.0370797
0.263758
-0.230759
-0.00935886
-0.000198727
-0.0108054
-0.0060111
-0.0122515
-0.000166566
-0.0689445
0.342758
-0.0243196
-0.00165403
-0.193511
0.135
0.454745
0.325399
0.147591
-0.0386842
-0.0542271
-0.0193672
0.00410666
0.218465
-0.285202
-0.00795995
0.0255702
-0.0527508
-0.125844
-0.00747835
0.0780016
-0.110569
-0.114551
-0.00735281
0.0843506
-0.116038
-0.107464
-0.00759372
0.0729364
-0.0809495
-0.00183067
0.0828938
-0.0698527
-5.97263e-05
0.10691
-0.0290632
0.16388
-0.0744574
-0.0886616
0.153065
-0.0383794
-0.0209136
0.118627
-0.0806754
0.00352966
0.0944016
-0.0917875
-0.000259051
-0.00372023
-0.00609676
-0.00597806
-0.00339907
-0.00226527
-0.00125551
-0.000217071
0.000609618
0.0018018
0.000605512
-0.00108017
-0.411163
0.369454
0.00120594
-0.00360356
0.0016563
0.401213
0.00041575
-0.414675
0.00171141
0.0023507
0.00194412
-0.00398343
-0.00775539
-0.0022302
-0.00810742
-0.00222046
-0.00742389
-0.00346656
-0.00976822
-0.00659182
-0.015899
-0.0129081
-0.0322799
-0.0210456
-0.0794488
0.0259189
0.0297576
0.0445527
0.246375
0.0164986
0.0392626
0.015599
-0.0203375
0.0072661
-0.241047
0.231382
0.00251298
0.0147067
-0.0130899
0.00274954
-0.000994638
-0.00628532
-0.00437044
-0.00333006
-0.00146143
-4.67376e-05
0.000228886
0.000488415
-1.39168e-05
3.04268e-06
-0.000625823
-0.000645761
-0.000157362
-0.416593
0.417711
-0.0012844
-0.419642
0.420018
-0.37834
0.378852
-0.379539
0.381218
-0.000985237
0.196979
0.000815404
-0.192161
-0.000818369
0.194297
0.000131659
-0.191076
0.00127351
0.000747462
-0.0605645
-0.000857847
0.0600617
-0.467505
0.000686287
0.308556
-0.000110158
-0.311957
-0.382635
-0.00150487
0.333158
0.000691628
-0.351044
-0.00736468
0.354518
0.00246661
-0.320868
-0.321873
-0.00899031
0.386097
-0.0104271
0.339816
-0.00638684
-0.306728
-0.341877
0.380465
0.00209067
0.324336
-0.000883264
-0.000353457
6.96421e-05
-9.44357e-05
-0.000265087
-0.000379482
-0.000959275
-0.00191779
0.00548517
-0.00135275
-0.108105
0.0335112
0.0228486
0.0410645
-0.141236
0.101748
0.0947008
0.186689
0.0947646
0.101743
0.18175
0.245198
0.268493
0.17372
-0.394644
-0.0200562
0.278299
0.0113497
-0.366565
-0.355376
0.00979457
0.34704
-0.00139311
-0.384672
-0.320743
0.00641061
0.457212
-0.000855143
-0.466273
0.461497
3.94184e-05
-0.464351
0.463261
0.000470094
-0.462008
0.465333
0.00116266
-0.45634
-0.00156998
0.00143775
0.00243166
0.00266654
0.00954239
0.440997
-0.00232057
-0.468531
0.00130192
0.0059947
-0.000842893
-0.000533789
0.00693387
-0.124879
0.115495
0.0234778
0.0624872
-0.115281
0.147026
0.0868489
0.181576
0.00639247
-0.00190153
0.00681934
-0.0176743
0.000511393
0.000207906
0.00242306
-0.00182769
0.00052337
-0.0217309
-0.000966676
-0.117946
0.0411391
-0.153523
0.0195168
0.0215903
-0.15451
0.0337049
-0.140885
0.045997
0.049142
0.0348945
-0.136337
0.0278855
0.00630676
0.00150671
0.000419267
-0.00038197
-0.000231301
-0.440126
0.428215
-0.427817
0.431357
-0.439678
0.441672
0.000676062
-0.00156913
0.000593719
0.439258
0.00024864
-0.000437113
0.000160025
0.000175753
0.00166347
0.00234567
0.000884808
0.000727296
0.000476154
1.11317e-05
-0.000288004
-6.6566e-05
-0.0006834
-0.00286297
-0.00114176
-0.000994638
-0.00200352
-0.00229427
-0.00229147
-0.00187697
-0.0014113
-0.000268866
-1.73877e-05
-3.50398e-05
-0.000452812
-0.000128823
-1.41412e-05
2.50184e-05
-0.00165542
-0.00229555
5.29483e-05
6.20299e-06
-0.000148204
-0.000316934
-0.00028872
-0.000597178
-0.000980896
-0.000852469
-0.000484889
0.435539
-0.448319
-0.000186827
-0.42278
0.426647
-0.382069
0.383064
-0.387252
0.376524
0.0159177
0.196712
0.00657739
-0.199189
0.00167167
0.202111
0.00265476
-0.193565
0.00259609
-0.00224571
-0.0683539
-0.00496808
0.0540301
-0.46417
-0.00174718
0.302897
0.00294939
-0.3104
-0.354601
-0.00482645
0.33767
-0.00952051
0.374807
-0.00856486
0.358532
-0.00948061
0.35973
-0.00369255
0.00205932
0.000718239
-0.000827345
-0.00357863
-0.00180426
-0.000821487
-0.000160227
0.000786118
0.00217102
0.00259788
-0.00132839
-0.00619604
-0.00153224
-0.00504384
0.329137
-0.320076
-0.4718
0.47714
-0.471493
0.480972
-0.00130161
-0.322475
0.332693
-0.000291393
-0.000122395
-0.000284272
-0.00124332
0.000434694
-0.00101697
0.00735843
-0.013845
-0.017003
0.00892268
-0.0184442
0.132976
-0.108035
0.00100713
0.00160195
-0.0017921
0.00039121
-0.00102617
0.0491035
0.0460032
-0.118037
0.00678955
-0.00183757
-0.00104065
-0.00086347
0.00074158
-0.00204294
-0.00907195
-0.00679345
0.393546
0.00343522
0.00470614
-0.00447631
-0.00774566
0.001535
0.0338453
-0.249271
0.00582861
0.00698556
0.00126684
4.08665e-05
-2.27822e-05
0.000270646
0.000840074
-7.37166e-05
-0.00092721
-0.000974756
0.000555511
0.00284601
0.00413844
-0.212437
0.216965
-0.276396
-0.0019375
0.0337833
-0.0312713
-0.105951
-0.00187554
0.0878352
-0.0853702
-0.0905137
-0.00191876
0.0917709
-0.0796179
-0.00192636
0.114438
-0.0365757
0.161056
-0.0858902
-0.0803472
0.154597
-0.0326141
-0.0205221
0.11373
-0.0742792
0.00331499
0.00162384
-0.00138473
-0.00122241
-0.00133434
-0.00150437
-0.000402229
-0.435318
-0.003217
0.431734
-0.00572781
0.0098606
-0.00117928
-0.00443868
-0.00248546
-0.00156795
-0.00125702
-0.000654915
-0.000517889
0.0010609
-0.00025287
0.00126127
-0.000949963
-0.00144847
-0.00152622
-0.00310628
0.00136552
0.000151301
0.000108073
0.000458971
0.000162465
0.00211664
0.00426419
-0.00558185
0.0132318
0.0148932
-0.21085
0.204755
-0.269054
0.000881092
0.0596351
-0.0238881
-0.0969705
-0.00157533
0.124393
-0.0488246
0.159866
-0.0893371
-0.0714785
0.147325
0.00129373
-0.0220302
-0.0458641
0.0119264
0.00562123
-0.0257167
0.000361241
0.00245108
-0.000149857
-0.219
-0.00764097
-0.00717728
0.00103497
-0.00538787
0.000870375
0.000733013
0.10696
0.00151234
0.000523328
-0.000194946
-0.000716822
-0.0006956
-0.000458045
-0.000406285
-0.000467247
-0.000976017
-0.000364652
-0.000312779
-0.000554584
-0.000509382
-0.000450926
4.14136e-05
0.000626003
0.000599547
0.000639981
0.00134756
0.000688255
0.000946615
0.00243505
0.00173986
-7.66985e-05
0.000171738
-1.81488e-05
-0.000178666
-0.000303273
-0.000473754
-0.000926119
-0.000940954
-0.00277638
-0.00704453
-0.00588831
-0.014
0.338304
-0.320718
-0.471375
0.490902
-0.041319
-0.00789475
-0.00361926
-0.0123073
0.0119228
0.00526023
0.00131134
0.00416661
0.0303045
0.0793136
0.312721
0.0116759
-0.313406
0.343315
-0.0032366
-0.00210885
-0.000865363
-0.00144108
-0.00365265
-0.000629557
-5.45074e-05
-0.000373745
2.5149e-05
-0.0001909
-0.433521
0.000116681
0.429668
-0.430427
-7.36788e-05
0.431001
-0.434913
0.432689
-0.437945
-0.000100303
0.439228
-0.435675
0.433953
-0.434255
0.000294124
0.438499
-0.432903
0.428153
-0.426194
0.436885
4.42549e-05
0.421073
-0.443084
-0.000859707
0.441519
-5.9763e-05
0.422039
-0.443796
-0.000478761
0.44301
-3.94786e-05
0.422215
-0.443466
0.430928
-0.435028
-0.000203039
-0.431737
0.434012
-0.000366103
-0.439817
-0.000344205
0.438795
-0.43637
0.43486
-0.000114852
0.496338
-0.304886
-0.000278025
-0.495557
0.00056497
0.496259
-0.305949
-9.03067e-05
-0.492377
0.430698
-0.429044
0.000755738
0.433326
-0.000203389
-0.427224
0.000310553
0.423251
-0.00138774
-0.437602
0.000902363
0.416374
-0.419978
0.381662
0.000362617
-0.381093
-0.00157018
-0.422264
0.381816
-0.00017003
-0.381445
-0.000573352
0.382261
-0.000309907
-0.381618
0.000139834
-0.422548
4.75495e-05
0.421957
-0.441854
0.44329
-0.000218463
-0.431662
-0.000239632
0.429627
-0.433815
0.433801
-0.000735607
-0.4405
-0.000554219
0.43693
-0.436658
0.434414
-0.000915832
0.495976
-0.304877
-0.000886548
-0.497284
0.305133
-0.00146777
0.000148751
-4.1719e-05
-0.000588334
0.000697248
-0.00167062
-0.000217964
-0.0132548
-0.0145664
-0.0859705
-0.143425
-0.388367
-0.133722
-0.369935
-0.00137889
0.21199
-0.442367
0.403702
-0.00217057
0.406856
-0.407645
1.66639e-06
0.418036
-0.41632
0.412718
-0.411706
0.419893
-0.409123
0.377445
0.00264645
-0.376664
-0.0036677
-0.0021594
-0.00929358
-0.00180616
-0.00231286
-0.00828997
-0.00825036
0.00518533
0.00221865
-0.00079626
-0.000870443
0.000929142
-0.00049425
-0.000991572
-0.421525
0.422712
-0.00157924
-0.000440772
-0.000458168
-0.000210712
-0.0006103
-0.000501656
-0.000117625
-0.42161
0.430965
-0.00138567
-0.412173
-0.00591454
-0.00161578
-0.00295699
0.430017
-0.0118877
-0.00384033
0.0776372
-0.156719
0.176604
-0.321235
-0.000528391
-0.182003
0.171621
-0.119722
-0.0879242
-0.180583
-0.0174854
0.00134647
0.0102235
0.019694
0.002179
-0.00732441
-0.0808339
-0.0514096
0.327407
0.111202
0.0833805
0.260367
0.157223
0.149574
-0.0519189
-0.0840911
0.0124597
0.00915221
0.0387932
0.00532325
-0.00736986
-0.00287832
-0.00480266
-0.00373287
-0.00278211
-0.00256194
-0.00379303
-0.00786908
0.0995772
0.000163142
-0.000804515
-0.000459443
0.0820512
-0.000282193
-0.00382171
-0.00746131
0.00189802
0.0191521
-0.0075595
-0.0016242
-0.00168087
-0.00670058
-0.00175754
0.274875
-0.0207416
0.134195
-0.0135343
-0.00215083
-0.00131933
-0.000756752
7.83467e-06
-0.000271983
-0.00097953
-0.00195686
0.490295
-0.443339
0.00353097
0.295931
-0.00862946
0.402
0.0184787
0.00526822
0.393148
-0.00490818
0.334051
0.0022697
-0.33391
-0.313176
0.006076
0.012056
0.00295454
-0.00222776
-0.00849641
-0.0208012
-0.0355897
7.39528e-05
0.206069
0.345409
0.287099
0.170966
-0.380919
-0.40683
-0.0199448
0.27839
0.0114194
-0.368694
0.0098493
0.325863
-0.00214742
-0.361306
-0.347465
0.00785965
0.366561
-0.000978993
-0.317625
0.00211891
0.315819
-0.316756
-0.000355952
0.31863
-0.316332
-0.00257003
0.320853
0.0019425
0.00026679
0.37598
3.52936e-05
-0.372686
-0.0008662
-4.65795e-05
0.000854125
0.00210171
0.00503795
0.0213901
-0.154936
0.279994
-0.020183
0.284486
0.0134609
-0.336267
0.00799011
0.302755
-0.00533532
-0.013505
-0.0165875
0.331376
0.258597
0.173759
-0.393697
-0.393941
0.269136
0.259066
0.254031
0.211414
0.331355
-0.392792
-0.0165676
-0.0134629
0.267178
0.0137457
-0.334229
-0.391254
0.0100607
0.314687
-0.00211319
-0.365148
0.00853719
0.342017
-0.00109789
-0.357057
-0.344214
0.00322696
0.373475
-0.000388503
-0.377513
0.000237977
0.342962
-0.342522
-0.352993
0.348257
-0.000407939
0.338739
-0.000907933
-0.00260144
0.331629
-0.00629785
0.317851
-0.037558
-0.00131017
-0.00630313
-0.00537207
0.299381
-0.00130322
-0.317776
-0.388135
0.0082473
0.326309
-0.00109557
-0.363068
0.0038691
0.356102
0.00102542
0.00221092
0.0047067
-0.00256905
-0.00259046
-0.00106539
-0.00104583
-0.000129208
-0.000203042
-0.000270758
-0.000377322
-0.000794776
-0.00148004
-0.0029131
-0.00452775
-0.0123521
-0.0317312
-0.00504618
-0.00227173
-0.00164893
-0.00177602
-0.00108177
-0.000829652
-0.00101935
-0.00112886
0.00023089
-0.00045433
-0.000516169
-0.0002185
-0.000390393
1.40633e-05
-0.00089942
-0.000240426
0.000532431
0.00164962
-0.00749463
0.00911245
0.00246729
0.00157531
-0.000118239
-0.00232774
-0.00255049
-0.00146188
-0.00092874
-0.00109806
0.000367218
-0.0016825
-0.00313468
-0.0145702
0.00899725
0.00269324
0.000474879
-0.000263447
-0.000680061
-0.000409804
-0.000365301
-0.000475658
-0.000533898
-0.000757334
-0.00037348
-0.000362855
-0.000280045
-0.000782404
-0.000864013
-0.000340042
-9.37465e-05
2.34822e-05
-0.000307049
-0.000178237
-2.46526e-05
0.000385959
-0.422843
-0.000294136
-4.50098e-05
0.000383984
0.00175209
0.00512435
-0.00502728
-0.00121384
0.2276
-0.233669
-0.00663297
-0.00104882
-0.00345767
0.234792
-0.242586
0.00396184
-0.00116683
-0.131649
0.130755
-0.00162915
-0.000504327
-0.399078
0.396347
-0.000394388
0.395459
-0.399546
-0.000747365
-0.00103567
0.0018493
0.0132996
-0.0114535
-0.029646
-0.0281863
-0.0317355
-0.00938665
-0.00327737
0.492572
-0.309939
0.295516
-0.481532
0.00115382
0.00139032
0.00117966
0.00130582
-0.00225061
-0.000891735
-0.00100395
-0.00145964
-0.000568647
-0.00261714
0.0009017
-0.304878
-0.00177348
0.495081
-0.502456
0.431806
-0.00086932
0.43133
-0.434985
-0.00502683
0.422897
-0.00149331
0.413274
-0.421892
-0.0093516
-0.0102462
0.00650607
0.0158307
0.0314028
0.00812805
-0.000397534
-0.00128367
-0.00166236
-0.00289831
-0.00116486
-0.000262225
0.000390786
0.000310381
-0.000149207
-0.000408384
-0.000613262
-0.000888779
-0.00615601
-0.00232053
-0.434265
0.424893
-0.000150526
0.411457
-0.414061
-0.00283989
-0.407406
0.397939
0.000413359
0.402431
-0.403978
-0.00223269
0.000537721
-0.00118382
-0.00691851
-0.0792599
-0.0546444
0.298836
0.0718186
0.122539
0.246009
0.148388
0.16177
0.0377787
-0.0442804
0.00860927
0.012989
0.0120066
0.00208348
-0.00724165
-0.00617212
-0.00780753
-0.00122574
-0.000944884
-0.00270745
-0.00234182
-0.00462454
-0.0069853
-0.00334983
-0.000499248
-0.00055368
-0.000499327
-0.00143485
-0.00132664
-0.439882
0.431899
-0.000193192
0.42553
-0.429435
-0.0021017
-0.422807
0.437528
0.00034068
0.411472
-0.41892
0.000903493
0.40984
-0.002571
0.407875
-0.392459
0.000526412
2.19399e-05
0.000162541
0.00048101
0.000398223
-0.0477064
0.02125
0.0024035
-0.00862772
-0.000454197
0.00290166
0.0193434
-0.0482464
-0.0444393
0.0135776
0.00211701
-0.00382277
0.00100709
0.00887517
-0.0127635
0.00660372
0.0128012
-0.179211
-0.169295
-0.192957
0.0130578
-0.00815387
-0.00645691
-0.320125
-0.0051696
0.352905
0.0146884
-0.376737
-0.000754813
0.378169
0.00806997
-0.382306
1.84587e-05
0.382069
0.00201961
-0.382066
-0.00018724
0.382508
-0.000688734
0.000328811
-0.000104962
-0.000224698
-0.000115283
0.000174138
0.000448403
0.000438023
-0.00293924
-0.408234
0.00602896
0.396631
-0.00747242
-0.347893
0.0128358
0.326053
0.0668082
-0.0490511
-0.483885
0.153637
0.0625688
-0.0332101
0.0536979
0.348189
0.227109
0.287764
0.270804
0.199059
0.16229
0.345417
-0.0014916
-0.0227625
-0.0126403
-0.00201512
-0.381181
0.311556
-0.000565321
-0.00394836
0.000654122
0.00484277
0.012539
0.00586363
0.00667419
0.35115
-0.00747797
-0.334891
-0.339698
0.352304
0.000867026
0.346513
0.00215934
7.30073e-05
-0.00156144
-0.00919803
-0.0227809
-0.00263625
-0.00213637
0.3709
-0.0135999
-0.023166
0.0218348
0.0540489
-0.0332907
-0.00774087
-0.473811
0.00846949
0.441158
0.0092731
0.000891993
0.0030148
-0.0602247
-0.000839035
-0.468323
0.00299988
0.308073
-0.000441378
-0.311792
-0.38518
0.000942268
0.332383
-0.000115169
-0.358317
-0.00248771
0.364551
0.00181174
0.00151501
0.307498
0.000880316
-0.31363
-0.375251
0.388104
-0.327289
0.475961
-0.000836124
-0.467069
0.0597106
-0.0616375
-0.00207998
0.468582
-0.000468002
-0.00014767
5.35548e-05
0.00145814
0.000518204
-0.000130093
0.00150601
0.0596415
0.45832
-0.00567644
-0.0021852
-0.00113008
-0.00307255
-0.0062607
-0.0193378
-0.0128606
-0.0957004
-0.00975987
0.0286254
-0.168635
0.00174989
0.520524
-0.123276
-0.0784877
-0.0454257
-0.0286512
-0.226603
0.145088
0.0151446
-0.0339011
-0.00135854
-0.00412321
-0.0293594
-0.192798
-0.458178
-0.235717
-0.33696
-0.0121011
0.02366
0.0346595
0.019596
0.00603772
-6.03558e-05
6.92363e-05
0.384386
-0.000684749
0.379823
-0.000972939
-0.332557
0.360841
0.0178043
-0.327707
-0.232415
-0.00225345
-0.222186
-0.329534
0.0182786
0.0157974
-0.00171599
-0.210514
-0.344941
-0.357698
-0.0552889
-0.0111323
-0.00314728
-0.0261058
-0.128682
-5.14066e-05
0.46411
0.00280175
0.0806272
0.387112
-0.0184499
-0.483264
0.15414
0.0628197
0.0897803
0.122464
0.348172
0.0695518
-0.0482115
0.227192
0.270287
0.162286
-0.00155212
0.302176
0.212249
-0.338903
0.347314
0.000573264
0.000685615
-6.09588e-05
0.000693543
0.000719981
0.00143567
0.00182942
0.00183392
-0.00544209
-0.0166872
0.0113091
0.0026334
-0.00175599
0.00437991
0.420415
-0.436835
0.000268848
-0.420983
0.00144224
0.00115917
-2.86629e-05
-0.000180065
-0.000768488
-0.000437131
-0.000312327
-0.000412078
-0.00187893
-0.00199886
0.00271066
0.0328604
-0.250146
0.00589686
0.00750077
0.00195048
-0.00114665
-0.000995995
-0.000538534
-0.000221684
0.00027762
0.000201014
0.442579
-0.429916
-0.00139309
6.338e-06
0.000359852
-0.00193621
-0.00527255
0.024196
0.0749086
-0.0220359
-0.00797404
-0.00780114
0.00023295
-0.0083464
-0.00285373
0.00338702
0.00137497
4.62823e-05
-0.00011407
-0.00114746
0.000210855
0.00620259
0.00403888
-0.0229261
0.0123121
0.000219891
0.00252756
-0.414992
-0.0016217
-0.000348083
0.000256145
0.000726942
0.00258388
0.002021
-0.000146997
-0.00598002
0.00108267
0.276888
-0.0903934
-0.0188535
-0.00413151
0.0104606
-0.39249
0.00239822
0.000399638
-0.394803
-0.0208216
-0.00419481
0.000879681
-0.00266274
0.00330123
0.0171082
0.0897999
0.01758
-0.397044
0.392547
0.000892222
-0.396977
0.0183218
-0.00781409
-0.00614076
0.00123586
0.00311599
0.00247062
0.00200105
0.0219131
0.122102
0.0691747
0.0275008
-0.136744
0.269022
-0.00103973
-0.0188892
0.26991
-0.499421
0.30707
-0.00333413
-0.000499128
-0.00239828
0.311158
-0.0062917
-0.00287999
-0.00220509
0.0173735
-0.000197283
0.301242
0.00387578
-0.0200502
-0.00156897
0.368715
0.32903
-0.344071
0.349591
-0.353452
0.285798
0.279874
-0.389316
0.244364
-0.173648
0.0229388
-0.107729
0.000960119
0.108319
-0.135716
-0.000411748
0.303814
0.000868911
0.00144467
-0.000155562
0.00239228
0.274772
0.274492
-0.00495181
0.00136159
0.0187821
-0.855451
0.00866991
0.00252627
-0.0306677
0.00105545
0.171191
-0.0237656
9.53471e-06
0.0207706
)
;

boundaryField
{
    face
    {
        type            calculated;
        value           nonuniform List<scalar> 
217
(
0.0347212
-0.00285665
-0.00861736
-0.00835794
-0.00247968
-0.0223809
-0.0269981
-0.00428333
-0.00449669
0.00542575
-0.00150325
0.080432
0.0378581
-0.00983912
0.00145947
0.0305875
-0.0158342
-0.00233017
0.0370103
0.0593122
-0.0236022
-0.0101818
-0.0042375
-0.00356742
-0.000420238
-0.00662491
-0.00313984
0.0246624
0.00389249
0.00748394
0.075936
0.085988
-0.108485
0.0310619
0.0303982
0.0493441
0.0478861
-0.00196071
-0.00270237
0.0449926
0.0471758
-0.00239217
-0.0011363
0.0447322
0.00186209
-0.00251562
-0.00176613
-0.0186912
-0.0163667
-0.176648
-0.151174
-0.00123849
-0.00097727
-0.0156487
-0.0155999
-0.00206842
-0.0129242
-0.150143
-0.165678
-0.161517
0.021432
-0.123514
0.00481691
0.245847
0.191969
0.0668223
0.163092
0.105936
0.0909412
0.185443
0.0944891
-0.00360442
-0.138306
0.134033
-0.00643009
-0.142908
0.135719
-0.00383105
-0.00624723
-0.315428
-0.299511
0.0980846
0.184416
0.0860635
0.126042
0.190114
0.0956275
0.28337
-0.134384
-0.00871288
-0.0102338
-0.00759569
-0.150118
0.139349
-0.0114126
-0.116304
0.133407
0.124315
-0.49087
-0.304826
-0.323983
-0.0776666
0.218169
-0.191596
0.204361
-0.266613
-0.0779217
-0.12918
-0.10507
-0.218103
0.213994
-0.229063
0.193791
-0.0969097
-0.126777
-0.073652
-0.19908
-0.245607
-0.179696
0.0214056
0.00681934
0.0348945
-0.0176743
-0.00749367
0.000511393
0.00019698
0.00602547
-0.0350343
0.0187953
0.0234583
0.000192192
0.00620781
0.0344889
0.00639247
-0.00190153
-0.00856213
-0.00102617
-0.0185635
-0.0217309
-0.000379758
0.00052337
0.0188179
0.00787481
-0.00556216
-0.0344742
0.0491035
0.0460032
0.00039121
-0.0017921
0.045997
0.049142
-0.00182769
0.000207906
0.00100713
0.00160195
-0.049003
-0.0478722
0.0016627
-0.000338183
-0.0462999
-0.0490018
0.101743
0.18175
0.0870805
0.147052
0.198871
0.212425
-0.114281
0.0290371
0.129098
-0.118298
-0.00197288
0.123346
-0.12311
7.61434e-05
0.130755
-0.131649
-0.00116683
0.122156
-0.00637632
-0.020547
-0.191345
-0.244439
-0.0660435
-0.107191
-0.163335
-0.0876215
-0.0950465
-0.179141
0.212183
-0.114769
0.0287395
0.199059
0.147026
0.0868489
0.181576
0.101748
0.0947008
0.186689
0.0947646
0.128892
-0.122098
-0.00522996
0.12597
-0.131341
-0.00616498
0.118213
-0.12838
0.00216125
-0.0996559
-0.0857517
-0.178295
-0.14665
0.114079
-0.21161
-0.0291144
-0.198774
)
;
    }
    outlet
    {
        type            calculated;
        value           nonuniform List<scalar> 
217
(
0.00589197
-0.0133003
0.017934
0.0128183
0.000470765
0.00135069
-0.0106343
0.0124513
-0.0189294
-0.0217806
-0.0117022
-0.0177632
-0.0123356
0.0112414
0.0148422
0.0103669
-0.000167416
0.0181217
0.0204105
-0.000382191
-0.000390958
-0.0181793
-0.00985433
-0.0115205
0.0120333
-0.0436016
-0.0495439
0.00107551
0.000223852
-0.0482416
-0.0437219
0.000297767
0.000293652
-0.000795556
0.000147292
0.0437518
0.0501842
8.78736e-05
-0.00108534
0.0500791
0.0435176
-0.0893038
-0.167091
-0.0725806
-0.141431
-0.193462
-0.218615
0.160239
-0.00880716
-0.120916
0.132059
0.0113306
-0.131535
0.137281
0.00554069
-0.144932
0.129763
-0.00684253
-0.154836
-0.0361029
-0.0120276
0.196074
0.238478
0.0545402
0.0969558
0.150518
0.078113
0.0782736
0.162106
0.0362037
0.154732
0.0121075
-0.238245
-0.196322
-0.0545923
-0.151873
-0.0984694
-0.0769175
-0.168216
-0.0840484
-0.129762
0.144866
0.00681845
-0.142657
0.14261
-6.9558e-05
-0.140762
0.128208
-0.00444714
0.096403
0.0543496
0.149329
0.195068
-0.153797
-0.0354951
-0.0122465
0.235457
-0.0127635
0.00660372
0.0128012
0.0135776
0.00211701
0.0193434
0.02125
0.00290166
0.0024035
-0.00732441
-0.00538787
-0.0808339
-0.0542271
0.00103497
-0.0193672
-0.0514096
-0.0386842
0.0102235
-0.0174854
0.00134647
0.019694
0.0119264
0.002179
0.000870375
0.00562123
0.00245108
-0.00382277
-0.0442804
-0.00691851
-0.00862772
-0.0792599
-0.0840911
0.0377787
-0.0546444
-0.0519189
-0.0444393
-0.0482464
0.000162541
0.00048101
-0.0477064
-0.0458641
0.000398223
0.000733013
-0.0257167
0.000361241
-0.00118382
-0.000454197
0.00860927
0.012989
0.16177
0.148388
-0.000459443
-0.000804515
0.0124597
0.00915221
-0.000149857
0.00410666
0.149574
0.157223
0.147591
-0.00843915
0.159789
-0.218294
-0.192957
-0.140995
-0.0744574
-0.169295
-0.0886616
-0.0858902
-0.179211
-0.0803472
0.0130578
0.13388
-0.121065
0.277132
0.0718186
0.122539
0.0992062
0.216965
-0.219
0.218465
-0.193511
0.0963493
0.111202
0.0833805
0.136835
0.135
0.150889
0.325399
0.00887517
0.144382
-0.135263
-0.00764097
-0.00165403
0.327407
0.334287
-0.0893371
-0.173648
-0.0714785
-0.119722
-0.180583
-0.0879242
-0.321235
0.176604
0.0148932
0.00413844
0.00100709
0.141895
-0.150223
-0.0188892
0.0681433
-0.166696
-0.20773
0.531815
0.298836
0.325379
0.134195
-0.21085
0.204755
-0.212437
)
;
    }
    wall
    {
        type            calculated;
        value           nonuniform List<scalar> 
1558
(
0
0
0
0
0
0
0
0
0
0
0
0
0
0
0
0
0
0
0
0
0
0
0
0
0
0
0
0
0
0
0
0
0
0
0
0
0
0
0
0
0
0
0
0
0
0
0
0
0
0
0
0
0
0
0
0
0
0
0
0
0
0
0
0
0
0
0
0
0
0
0
0
0
0
0
0
0
0
0
0
0
0
0
0
0
0
0
0
0
0
0
0
0
0
0
0
0
0
0
0
0
0
0
0
0
0
0
0
0
0
0
0
0
0
0
0
0
0
0
0
0
0
0
0
0
0
0
0
0
0
0
0
0
0
0
0
0
0
0
0
0
0
0
0
0
0
0
0
0
0
0
0
0
0
0
0
0
0
0
0
0
0
0
0
0
0
0
0
-0.00334399
-0.047013
0.161127
0.00164212
0.000415909
0.0001817
-0.000603431
0.000233043
0.277963
0.0115612
0.00227357
-0.0680206
0.0104315
-0.00295731
0.00464928
0.0065461
0.00392463
0.0125399
-0.0393063
-0.00485598
0.00196829
0.0072625
0.00081833
0.0027749
0.00295591
0.00173775
0.00598363
0.000123939
-0.00285448
-0.00125912
-0.00195395
-6.06997e-05
-0.000512397
-0.000185146
-0.000779554
0.000375465
-3.44607e-05
0.000411805
9.02124e-05
0.000733969
-0.000751129
0.0013129
0.00103813
0.00394778
-0.00257977
0.00755322
-0.00495532
0.0249626
0.0176526
0.0882057
-7.49713e-05
-0.000869921
0.00040486
0.000361757
0.000627332
0.000236457
-0.00513536
-0.0171814
0.01768
0.0176101
0.00337887
0.00694377
0.00136116
0.00264837
0.00140165
0.00146928
0.00115135
3.96022e-06
0.000830804
0.00276992
0.00533297
-0.0718707
-0.0472812
0.00225582
0.00285365
0.00126968
0.00105229
-0.0138771
-0.00385222
0.00108642
0.000940916
0.00154724
0.00114876
0.00277132
0.00217215
0.000344584
0.00407121
-0.0231925
0.0034768
0.000562411
2.11105e-05
6.40225e-05
-0.000934991
0.000114875
0.00101379
-0.000327022
-0.00257807
-0.000358536
-0.00482174
0.00566211
0.0188316
0.00154613
0.00288181
0.0256919
0.00315215
0.00967859
0.0433494
0.154702
-0.197444
0.194123
-0.00114781
-0.198644
0.187363
-0.00255779
-0.209665
0.159304
-0.0162694
-0.00920485
-0.0227663
-0.0372081
-0.309136
0.300722
-0.283288
0.317517
-0.273948
0.300265
-0.277909
0.116623
-0.233342
0.232161
-0.233479
0.286791
-0.282261
0.285559
-0.279803
0.291797
-0.265238
0.31164
-0.190782
0.239987
-0.243568
0.239696
-0.2398
0.393396
0.368585
0.118162
0.00927998
-0.0112365
-0.00209537
-0.00526508
-0.0231956
-0.0100547
-0.167846
-0.608907
-0.241389
-0.00220777
-0.0889776
-0.322724
-0.199419
0.0167114
0.00645157
0.13219
0.0713874
0.305412
0.183463
0.1686
0.032625
-0.0062398
-0.00610871
0.00727176
-0.0174802
-0.0078269
-0.0705858
0.00825285
0.0136581
0.0061995
-0.144824
0.228523
0.0288769
-0.198197
0.20104
7.57601e-05
-0.204195
0.19548
-0.00257593
-0.199597
0.194549
-0.00137045
0
0
0
0
0
0
0
0
0
0
0
0
0
0
0
0
0
0
0
0
0
0
0
0
0
0
0
0
0
0
0
0
0
0
0
0
0
0
0
0
0
0
0
0
0
0
0
0
0
0
0
0
0
0
0
0
0
0
0
0
0
0
0
0
0
0
0
0
0
0
0
0
0
0
0
0
0
0
0
0
0
0
0
0
0
0
0
0
0
0
0
0
0
0
0
0
0
0
0
0
0
0
0
0
0
0
0
0
0
0
0
0
0
0
0
0
0
0
0
0
0
0
0
0
0
0
0
0
0
0
0
0
0
0
0
0
0
0
0
0
0
0
0
0
0
0
0
0
0
0
0
0
0
0
0
0
0
0
0
0
0
0
0
0
0
0
0
0
0
0
0
0
0
0
0
0
0
0
0
0
0
0
0
0
0
0
0
0
0
0
0
0
0
0
0
0
0
0
0
0
0.0298974
0.0867565
0.0330618
-0.0150217
-0.00677815
-0.00240103
-0.00195133
0.013241
0.00922395
0.00122959
0.0019111
0.00014906
0.000802935
0.00238985
0.00124465
-1.76231e-05
0.000677638
-0.00211642
-0.00190696
-0.000798113
-0.000959482
0.000106037
0.000477249
2.50063e-05
0.000162268
-0.000174042
-0.000216827
0.000110247
8.16386e-05
-0.000662992
0.00169835
0.000346982
0.0013603
-0.00262317
0.00747671
-0.00503941
0.0249319
0.0123156
0.0831629
-0.018875
0.0171427
4.81016e-05
-0.000135437
-0.00140456
-0.00149451
0.00030231
0.000126934
0.000781699
8.98901e-06
-0.0135331
-0.00776788
-0.0847974
-0.0256954
0.00242382
-0.000127785
0.00467578
-0.000157
0.000324077
-0.011955
-0.00112879
-0.0361801
-0.0841266
-0.00120329
-0.0104798
-0.000498089
-4.05221e-05
-0.0176761
-0.00010609
3.41246e-05
0.0011926
-0.018485
0.0172209
-0.000728071
0.0265863
0.0107247
-0.000588101
0.0140736
-0.000352179
-0.00156549
-0.000233586
-0.00136161
-5.92355e-05
-0.000398958
-0.00103427
-0.000532359
0.000116341
-9.80424e-06
0.000209331
-0.00173881
-0.00355585
0.00455442
0.00132466
0.00485991
0.00152094
0.0041372
-0.0356649
-0.00942727
0.00096533
0.00209621
0.000498825
0.00081811
-0.00136494
0.000326153
0.00101096
6.31551e-05
0.000424811
0.000322072
0.00117978
0.00055572
0.000119159
-0.0130949
0.00272679
0.00105515
0.00512812
0.00157534
-0.0208703
-0.00189131
0.000884456
0.000195938
2.33142e-05
-8.36313e-05
-0.000777454
-0.000168912
-0.000955066
-0.000506736
-0.00229056
-0.00106042
-0.00476363
-0.00049073
0.0121285
-0.000692993
0.0019802
0.0199754
0.00195768
0.143946
-0.00905714
-0.00832336
0.0286457
0.00589451
0.00728453
0.0039016
0.0013267
0.000189354
0.00284712
0.00552405
0.0300354
0.146147
-0.0118744
-0.0227011
-0.00138107
-0.00690701
-0.259828
0.228326
-0.271152
-0.268043
-0.389707
0.164055
-0.297828
0.285181
-0.281459
0.296976
-0.278348
0.290415
-0.280396
-0.287777
0.285559
-0.2878
0.286034
-0.294408
0.271883
-0.311829
0.203824
-0.39558
-0.11979
-0.370437
0.242122
-0.242812
0.250429
-0.246748
0.286181
-0.28139
0.285662
-0.280596
0.290922
-0.270279
0.307389
-0.203372
0.246695
-0.250408
0.242648
-0.241775
0.393203
0.369702
0.120034
-0.0311807
-0.148336
-0.00538558
-0.00455805
-0.214338
-0.0313091
0.00626072
0.0226732
0.0117413
-7.34147e-05
0.133348
0.373764
0.393772
-0.212432
0.249764
-0.247587
0.239279
-0.203554
0.311137
-0.272507
0.294455
-0.285143
0.288326
-0.284948
0.287719
-0.247449
0.247902
0.276888
0.00108267
0.0123121
0.00620259
-0.00114746
0.000210855
-0.00598002
-0.0016217
-0.000408384
-0.00100395
-0.00261714
-0.00145964
-0.000149207
-0.000891735
-0.00011407
0.000359852
4.62823e-05
6.338e-06
-0.000348083
0.000256145
-2.86629e-05
-0.000180065
-0.000104962
-0.000224698
0.000310381
-0.00225061
-0.000588334
-0.00167062
0.00139032
-0.00938665
0.0018493
-0.0317355
-0.0132548
-0.0859705
0.0132996
-0.029646
0.000726942
0.00195048
-4.50098e-05
-0.000115283
0.000383984
0.000174138
0.00750077
0.00589686
0.00175209
0.000448403
0.00512435
0.000438023
-0.0083464
-0.00780114
-0.00527255
0.024196
0.0749086
-0.00193621
0.00650607
-0.000888779
-0.00128367
0.0158307
-0.000397534
-0.000613262
-0.00166236
-0.250146
-0.00502728
-0.00104882
-0.0229261
0.00403888
0.000219891
0.00338702
0.00252756
0.00137497
0.00115917
0.00027762
0.000328811
-0.000221684
0.00023295
-0.00797404
-0.0220359
-0.00285373
-0.0102462
-0.00232053
-0.00615601
0.0314028
0.00812805
-0.00139309
-0.00289831
-0.000768488
-0.00116486
0.0009017
-0.000568647
-0.000294136
-0.000538534
-0.00114665
-0.000995995
-0.00199886
-0.00187893
0.00271066
-0.00293924
0.0328604
-0.00121384
-0.000437131
-0.000262225
-0.000312327
0.000390786
-4.1719e-05
0.000697248
-0.000412078
0.00117966
-0.00103567
0.00115382
-0.000217964
-0.0145664
-0.00345767
-0.0114535
-0.0281863
-0.168084
0.295481
-0.284438
0.27871
-0.294478
0.275268
-0.28766
0.277073
-0.084771
0.238808
-0.222722
0.2276
-0.283419
0.277939
-0.282844
0.277028
-0.287982
0.266117
-0.304605
0.196828
-0.233669
0.234792
-0.242586
0.21199
-0.388367
-0.369935
-0.133722
0.00396184
-0.00137889
0.00258388
-0.192535
0.197546
0.00330123
-0.186276
0.20046
0.0171082
-0.157443
0.210813
0.0897999
0.00431392
0.24278
-0.000562356
-0.0207752
0.218068
0.0314888
-0.00602634
0.302865
0.213414
-0.0108811
-0.00663297
0.116343
-0.234492
0.235074
-0.236242
0.246546
-0.255602
0.251354
-0.258705
0.244513
0.256615
0.395748
-0.322678
-0.198877
-0.0903934
-0.244228
-0.00305556
0.0187824
0.0113161
-0.0188535
-0.212442
0.157165
-0.00413151
-0.200487
0.186401
-0.0073137
-0.00412482
-0.000146997
-0.195176
0.194425
0.002021
-0.194133
0.197408
-0.00308249
-0.00557045
-0.0296871
-0.143425
0
0
0
0
0
0
0
0
0
0
0
0
0
0
0
0
0
0
0
0
0
0
0
0
0
0
0
0
0
0
0
0
0
0
0
0
0
0
0
0
0
0
0
0
0
0
0
0
0
0
0
0
0
0
0
0
0
0
0
0
0
0
0
0
0
0
0
0
0
0
0
0
0
0
0
0
0
0
0
0
0
0
0
0
0
0
0
0
0
0
0
0
0
0
0
0
0
0
0
0
0
0
0
0
0
0
0
0
0
0
0
0
0
0
0
0
0
0
0
0
0
0
0
0
0
0
0
0
0
0
0
0
0
0
0
0
0
0
0
0
0
0
0
0
0
0
0
0
0
0
0
0
0
0
0
0
0
0
0
0
0
0
0
0
0
0
0
0
0
0
0
0
0
0
0
0
0
0
0
0
0
0
0
0
0
0
0
0
0
0
0
0
0
0
0
0
0
0
0
0
0
0
0
0
0
0
0
0
0
0
0
0
0
0
0
0
0
0
0
0
0
-0.000166566
-0.0689445
0.00582861
0.00126684
-2.49508e-05
0.00470614
-2.46341e-05
-0.249271
-0.00447631
0.000154911
0.0776372
-0.00558185
0.000555511
-0.0122515
0.0370797
-0.0060111
-0.0108054
-0.000198727
0.000381343
-0.00715058
0.0068706
-0.0326258
-0.00748889
0.27841
-0.00384033
0.000162465
0.00426419
-0.000974756
0.00211664
-0.00092721
0.000458971
0.000108073
0.000840074
-7.37166e-05
0.000270646
0.000857872
0.00330481
0.00215862
0.000292712
-0.00324534
-0.00136766
-0.00766649
-0.00477562
-0.00573514
0.000151301
0.00136552
-2.27822e-05
0.000705513
4.08665e-05
0.000157998
0.00698556
0.004605
0.247296
-0.0118877
-0.00295699
-0.00591454
-0.00161578
-0.00255049
-0.00156795
-0.00146188
-0.00125702
-0.00572781
0.0098606
-0.00443868
-0.00117928
-0.00935886
-0.00248546
-0.00256355
-0.00156913
-0.00385931
0.00866991
0.0377242
-0.00092874
-0.000654915
-0.00109806
-0.000517889
-0.00152622
-0.000949963
0.00343522
-0.00144847
0.0338453
0.001535
0.000593719
-0.00188158
0.0010609
-0.00025287
0.00126127
0.00120594
0.0016563
-0.00360356
-0.00136157
-0.0335908
-0.0203375
0.015599
-0.00717728
-0.000811531
0.0814326
0.425264
-0.0243196
0.342758
0.239652
0.00592112
0.0897803
0.302176
0.212249
-0.00774566
9.53471e-06
-0.14173
-0.035015
-0.305195
-0.186899
-0.156719
-0.0210131
0.0145769
0.0132318
-0.114664
0.275776
-0.230759
-0.326295
0.275285
-0.29496
0.123696
-0.084246
0.23722
-0.216687
0.222898
-0.222782
0.216356
-0.236512
0.0839824
-0.0130899
0.0147067
0.00284601
0.0102202
0.263758
-0.0302042
0.0611554
-0.0175923
-0.201777
0.0117939
0.145088
-0.226603
-0.0286512
0.196712
-0.199189
-5.14066e-05
0.202111
-0.193565
0.00259609
0.196979
-0.192161
0.00145814
-0.214114
0.171191
-0.0200268
-0.200227
0.180548
-0.00282996
-0.202183
0.149006
-0.016558
-0.242184
-0.00716036
-0.0877806
0.194297
-0.191076
0.00127351
0.195199
-0.183551
0.00280175
0.206419
-0.154336
0.016855
0.00786015
-0.300073
-0.210428
0
0
0
0
0
0
0
0
0
0
0
0
0
0
0
0
0
0
0
0
0
0
0
0
0
0
0
0
0
0
0
0
0
0
0
0
0
0
0
0
0
0
0
0
0
0
0
0
0
0
0
0
0
0
0
0
0
0
0
0
0
0
0
0
0
0
0
0
0
0
0
0
0
0
0
0
0
0
0
0
0
0
0
0
0
0
0
0
0
0
0
0
0
0
0
0
0
0
0
0
0
0
0
0
0
0
0
0
0
0
0
0
0
0
0
0
0
0
0
0
0
0
0
0
0
0
0
0
0
0
0
0
0
0
0
0
0
0
0
0
0
0
0
0
0
0
0
0
0
0
0
0
0
0
0
0
0
0
0
0
0
0
0
0
0
0
0
0
0
0
0
0
0
0
0
0
0
0
0
0
0
0
0
0
)
;
    }
}


// ************************************************************************* //
