/*--------------------------------*- C++ -*----------------------------------*\
| =========                 |                                                 |
| \\      /  F ield         | OpenFOAM: The Open Source CFD Toolbox           |
|  \\    /   O peration     | Version:  2306                                  |
|   \\  /    A nd           | Website:  www.openfoam.com                      |
|    \\/     M anipulation  |                                                 |
\*---------------------------------------------------------------------------*/
FoamFile
{
    version     2.0;
    format      ascii;
    arch        "LSB;label=32;scalar=64";
    class       volScalarField;
    location    "0.8";
    object      gradTy;
}
// * * * * * * * * * * * * * * * * * * * * * * * * * * * * * * * * * * * * * //

dimensions      [0 -1 0 1 0 0 0];

internalField   nonuniform List<scalar> 
5712
(
13556.6
7824.58
21728.7
14381.9
23818.7
17754.7
36785.7
46454
48636.9
60397.5
31742.2
27824.3
20124.9
16136.7
10198.4
6924.8
21983.1
21814.8
19233.7
22217.6
29589.4
25642.5
34929.7
27439.1
9373.13
6581.29
5338.78
4035.02
10974.3
8908.65
6816.75
5674.16
21349.2
21543.2
21122.3
16839.5
15790.7
12919.2
12742.8
14682.3
20425.3
20546
44073.5
45853.1
30325
31546.8
18504.5
15609.5
19460.9
13718.5
9078.47
9512.79
7996.88
12488.3
4220.28
5463.09
10860.1
16438.1
6592.85
8107.82
11662.6
21873.6
8232
14416.7
3065.85
8464.5
2565.43
6287.17
18879.2
23561
20115.6
23842.2
22716.9
22669.7
23772.5
22756.4
17649.2
24304.1
17587.9
23723.5
20103
23908.6
20261.5
23981.8
24359.9
22697.1
24479.7
22597.9
16504.3
24571.4
16054.7
24764.2
21616.8
26823.5
27288.3
40309.7
22945.1
31610.8
27065.9
44549.4
20495.7
23342.5
27386
38425.1
20333.4
21761.5
27727.5
38065.4
7720.44
10476.9
20025
36512.6
9273.26
10848
25109.5
40396.6
11060.4
11258.5
30879.9
43283
26520.7
26694
24089.1
24852.4
39582.8
26436.8
26330.8
24328.4
22243.2
46297
24287.2
25148.3
23824
25881
51440.8
2768.94
3370.44
6188.25
15505.1
3835.31
4485.86
8148.46
16591.1
5444.78
4630.61
10599.8
17960.5
25147.4
23116.9
23758.6
21588.6
22110.8
18505.2
17502
14621.3
13408.2
20059.4
23371.1
21167.3
24721.1
22932.9
22808.2
20266.4
20210.6
17497.7
14042.1
19593.1
25128.9
27774.6
25248.9
28774.6
23271.1
23430.3
22951.4
24006.5
24096.8
24247.9
23856.9
23424.7
25134.6
29027.9
25122.9
29125.6
22409.2
24515.3
22317.8
24571.1
24182.2
24183.8
24252.1
24234.5
21267.5
20104.1
14034.3
16069.7
21217.5
19697.2
13894.6
16473.1
21490.7
19964
14312.7
15987.7
21582.8
19749.6
14756.2
15947.8
2025.75
1162.58
702.942
1063.01
580.247
511.568
2886.76
1372.38
895.842
1988.19
1376.48
1026.25
3022.87
1945.09
1709.27
3384.87
2361.04
1913.7
19702.1
15350.2
12688.6
18906.7
15249
12846.8
14106.9
11333.6
9784.2
10448.8
7588.1
6299.36
5247.81
3162.47
2364.41
18361.4
14569.8
11972.6
19881.9
15477.4
12600.3
15601.9
11223.1
8884.59
10767.9
7060.48
5510.35
5514.29
3082.75
2151.91
28905.4
27581.6
32120.4
28090.3
33318.9
28206.3
41168.9
30335.5
21515.3
20928.6
21448.8
19187.9
24293.6
21980.2
24172.1
19912.6
23859.6
23217.5
21917.2
22945.1
27907.4
25631.2
30048.3
30789.9
33496.2
34982.1
24443.8
25649.7
21936.5
21447.6
25951.2
26811.4
15684.8
8196.95
14856.7
9092.59
16031.6
8262.81
14910.9
9022.49
15941.4
8282.83
15038.9
9427.27
14758.1
9872.68
15001.3
9738.88
21321.6
17522.5
21660.8
17768.2
24138.7
21233.4
24935.5
21350.5
20683.6
14217.8
21137.4
13819.3
22472.7
17837.8
22909.3
17669.9
25981.1
21378.1
26184.5
21176.8
20751.3
14364.1
20795.3
14275.2
12935.5
8235.12
10783.3
6859.5
11799.4
7306.05
10219.5
6380.01
13394.1
8772.03
11018.7
7073.6
13451.1
9052.48
10976.8
7099.36
2364.85
1189.54
4308.69
2413.72
2492.91
1418.23
4557.16
2808.83
3021.07
2096.65
5006.74
3565.96
11948.7
19461.2
8418.71
7963.11
5703.32
18622.6
12287.6
6836.48
6840.16
4636.41
19976.8
15066.3
11521.8
8670.98
5533.58
598.859
364.618
1467.32
1064.99
795.921
452.702
1898.38
1423.83
1343.76
843.159
2608.64
1991.33
18192.3
16251.4
11573.3
10046.3
7051.88
6290.64
5793.29
4564.09
3828.65
2912.44
17504
14722.7
12830.4
10157.1
9470.44
7378.12
6932.21
5358.03
4701.65
4006.98
13632.8
9864.16
13980.9
9941.28
17312
13384.1
17609.1
13646.1
11028.7
7863.6
10514
7646.56
14145.7
9959.12
14086.1
9966.39
17712.6
14141.6
17602.9
14162.2
11336.6
7868.41
11313.4
7958.26
8178.56
5959.92
5537.26
4976.62
7762.03
5669.46
5268.85
4617.19
8574.31
6138.21
5691.44
5257.38
8748.83
6133.23
5901.95
5319.66
720.174
574.373
441.862
3112.36
1498.27
1133.66
708.101
641.605
529.004
3481.13
1819.18
1426.63
1048.35
1059.88
1000.31
4036.21
2364.3
1936.98
13423.6
10801.2
9234.56
8294.74
6845.69
6043.71
5445.35
4555.87
4117.57
4128.42
3411.3
3016.59
4839.6
3034.05
2496.56
11819.6
9191.14
7620.87
7858.72
6072.91
5117.67
5800.96
4449.9
3768.4
4910.92
3662.62
3017.27
6115.38
3481.31
2785.68
4106.69
2118.26
1109.38
568.625
4616.79
2304.5
1173.78
589.497
4128.32
2120.24
1112.78
570.855
4709.57
2355.22
1209.53
609.413
4128.13
2106.95
1143.01
593.838
4810.75
2388.41
1269.91
647.127
5163.37
2517.16
1256.47
624.824
5269.59
2591.2
1267.05
626.992
4374.59
2244.53
1205.48
616.86
3665.4
1996.01
1113.65
580.961
3866.9
2042.71
1138.96
597.328
3405.49
1889.28
1073.63
565.818
4705.1
2389.77
1240.94
624.173
3815.23
2069.47
1134.84
589.88
4869.87
2478.55
1266.61
636.974
3872.37
2116.79
1155.67
603.358
3113.86
1815.52
1018.07
541.823
2154.01
1474.02
907.611
503.246
3129.49
1812.53
1021.13
543.378
2243.45
1498.26
915.491
506.848
3219.04
1822.79
1042.48
556.771
2501.36
1571.25
943.099
519.072
3208.94
1794.4
1038.34
571.713
2733.02
1628.07
983.115
530.998
3054.47
1760.09
1026.54
557.039
1338.3
1216.64
734.883
217.026
591.523
1083.83
671.442
212.122
1491.85
1268.39
756.005
228.626
748.838
1138.52
689.067
217.428
1796.01
1363.11
784.085
229.707
1037.27
1234.66
713.76
221.246
2192.72
1482.34
834.626
249.984
1384.27
1348.87
751.886
232.42
2502.23
1599.71
898.234
286.336
1572.17
1447.89
788.496
242.618
2735.94
1736.87
925.676
278.925
1592.87
1576.85
856.397
260.8
2645.41
1678.93
908.07
277.608
1509.77
1519.92
822.584
250.704
2780.11
1773.21
927.453
263.655
1609.32
1618.69
872.649
262.252
2833.36
1804.57
943.991
266.991
1681.62
1652.49
890.377
266.989
310.131
167.416
83.9997
37.7639
10.6567
310.248
167.594
84.1626
37.8429
10.6784
314.446
169.471
84.7449
38.0258
10.7212
317.543
170.189
85.1157
38.1865
10.7641
324.733
172.213
85.6563
38.3429
10.7995
327.687
172.959
86.1548
38.5691
10.8607
329.173
175.78
87.4441
39.0756
10.9916
335.268
179.327
89.0758
39.7325
11.1637
334.621
175.394
86.8976
38.8069
10.9173
350.473
178.487
87.7047
39.0527
10.975
335.508
174.385
86.3139
38.5613
10.8525
349.682
177.178
87.0794
38.8051
10.9108
336.498
177.797
88.0239
39.2546
11.0336
356.674
180.782
88.7002
39.4467
11.0775
344.376
181.297
89.5483
39.8619
11.1924
364.923
183.916
90.0037
39.9631
11.2127
313.978
167.676
83.894
37.6952
10.6369
323.101
168.193
83.8492
37.6539
10.6247
318.323
169.334
84.4731
37.894
10.6853
326.915
169.512
84.3072
37.8104
10.6627
327.589
172.051
85.3516
38.1941
10.7588
335.295
171.918
85.1007
38.0824
10.7293
339.713
174.845
86.1959
38.4793
10.8286
345.069
174.448
85.9619
38.3855
10.8044
350.401
176.272
86.6626
38.6438
10.8695
15626
24447.4
16019.4
24438.5
16493.2
24259.8
16491.9
23769.7
15199.8
22087.6
13317.2
15166.6
13578.9
16375.1
13269.9
14810.9
13469.3
14907.6
14155.2
2454.25
534.287
122.538
22.1427
15789.8
4551.92
1124.04
260.454
47.0287
14089.8
2405.84
521.293
119.337
21.5335
15673.8
4478.3
1104.39
255.175
45.7506
13845.7
2342.07
505.388
115.601
20.865
15366.9
4367.51
1075.54
248.393
44.5687
13272.2
2206.82
474.293
108.685
19.6641
14726.9
4168.62
1027.22
237.722
42.7272
12158.9
1975.68
425.7
98.3034
17.888
13536.9
3853.47
956.203
222.71
40.1993
10242.1
1738.23
389.41
92.066
16.9786
10482
3161.45
811.871
193.746
35.5274
10847.3
1808.43
399.33
93.5371
17.1525
11427.7
3430.5
870.099
205.228
37.3211
9977.21
1711.04
385.594
91.54
16.9236
10104.6
3030.75
780.428
187.287
34.514
9896.88
1690.77
380.931
90.541
16.7375
10049.5
2993.71
769.522
185.283
34.1281
37471.2
54895.5
53298.6
36049.9
20313.6
21542.1
30143.9
31886.4
24238
27605.2
39359.1
54808.4
50126.8
67459.3
32328.8
37328.3
24955.1
26963.3
13372.9
14783.8
4426.26
2669.84
315.047
192.02
213.784
174.729
255.35
3945.71
3456.17
1934.41
2490.88
2102.34
822.599
1295.57
1009.39
594.568
705.481
526.349
3670.9
1583.69
737.605
633.578
956.782
790.278
542.531
457.877
361.45
299.044
504.732
443.924
4029.19
2149.36
2546.27
1368.87
998.85
1641.24
541.795
334.141
622.941
8476.65
7561.08
6742.72
6572.83
9528.42
5552.58
5642.52
5404.88
5360.66
5766.35
797.094
1066.95
1224.56
1305.13
1339.03
493.181
675.617
791.644
855.577
883.156
549.319
752.603
881.063
950.68
980.003
450.526
620.822
731.106
792.645
819.237
652.004
884.677
1026.82
1101.68
1132.85
7821.37
7208.29
6264.13
5799.9
8155.91
6846.01
6182.6
5257.84
4759.81
5067.93
4186.49
4443.01
4250.45
4073.71
4125.72
5023.96
4708.37
4054.38
3614.23
3480.96
4239.04
4022.7
3480.76
3063.15
2880.74
1946.65
2351.76
2466.27
2469.18
2463.44
2908.92
3250.2
3206.45
3091.71
3048.98
2307.29
2645.59
2653.27
2565.32
2506.52
1447.62
1823.86
1978.08
2020.83
2028.89
1684
2059.3
2176.23
2181.22
2167.83
1293.7
1652.4
1811.27
1861.32
1871.58
7410.44
7043.18
6288.56
5978.53
8464.67
3540.68
3955.88
3949.73
3901.13
3999.71
1774.08
2196.96
2354.73
2397.18
2414.74
1543.1
1948.9
2126.6
2193.18
2222.7
2251.83
2707.48
2847.08
2881.54
2922.2
1902.05
2362.48
2548.54
2618.72
2660.56
1338.53
1725.58
1919.52
2008.12
2048.57
1141.44
1492.51
1676.39
1760
1793.6
911.166
1210.69
1376.22
1452.49
1480.42
759.593
1021.81
1175.64
1252.5
1282.98
1247.24
1607.78
1780.29
1847.14
1869.8
1106.62
1446.4
1622.68
1700.38
1730.05
7896.13
7274.45
6537.55
6344.4
9114.77
4609.56
4893.5
4804.34
4798.06
5085
5568.95
5839.46
5521.84
5418.15
6091.41
3139.55
3653.04
3779.51
3830.65
3943.44
2363.4
2867.43
3045.44
3113.22
3175.42
3676.11
4129.05
4153.28
4139.23
4278.17
1336.8
1722.45
1913.27
1997.68
2034.7
843.975
1126.01
1287.14
1366.59
1398.68
1521.73
1931.23
2117.63
2193.12
2227.91
21736.3
14638.7
22238.2
16145
28244.2
42008
29808.7
42027.9
22627
23516.5
19646
23041.7
24892.7
23124.1
32896.6
26045.6
17334.6
17089.9
8493.49
7609.4
18732.1
17896.1
9671.8
8209.49
23538.7
25092.4
23539.9
20989.1
24642.9
16152.8
12809.1
14771.3
20769
20670.9
44301.6
46053.2
29926.7
31494.7
19687.8
15899.9
20861
14011.7
10235.5
9820.45
18873.9
21495.1
7830.64
8773.14
20485.1
24198.6
9652.72
10948.5
19043.7
27934.7
10971.1
17609.5
3727.62
9602.3
2707.17
6519.98
20558.9
23174.8
20567.4
23671.8
21412.9
21404.4
22938.5
22098.3
19606.7
24716.6
22367.9
24371.6
20229.7
23833.8
20282.5
23958.6
23981.3
22383
24378.8
22503.7
17238.2
24789.2
16222.8
24828.7
23329
28932.3
28130.6
41313.2
25629.9
34877.9
28427.2
46121.4
21352
24430.9
27831.5
38986.7
20576.4
22081
27861.7
38246.6
26082.2
27974.5
33935.7
51440.2
25844.6
26131.4
36129.9
51810
24851.5
24115.4
38488
50700.7
20674.8
20425.2
23488.9
26732.1
43283.1
19417.2
19002.7
24767.3
23972
50177.4
20259.7
22249.5
23457.7
27469.9
53502
13615.9
11952.5
13846.4
19004.6
14998.4
13210.9
14264.6
19348.9
16695
13833.4
14785.6
19501.9
18255.4
16643.6
17941.6
16576.4
22358.8
19781.5
19276.7
16669
15338.4
20127.7
19465.4
18298.4
21704.9
20931.7
22104.2
20042.4
21323.9
18474
14959.6
19201.8
23913
26435.5
24738.3
28119.5
21527.8
21874
22172.7
23259.6
24057.7
24064.7
23660.6
23076.6
24910.6
28742.2
25059.8
29046.1
22063.4
24167.4
22218.3
24472.2
24170.9
24112.1
24247
24215
21579.3
20250.3
14368.5
16258.9
21760.1
19962
14500.1
16695.9
21649.7
20047.6
14485.5
16108
21631.8
19776.9
14813.8
15989
10593.7
10801.3
4846.46
4344.91
11839.2
11306
5426.26
5089.01
11437.4
10351.3
6098.79
5755.64
15475.6
14312
15959.9
15435
16931
15701.1
13547.1
11503.7
7318.52
5736.02
17368.2
15788.1
19777.5
18023.4
16790.1
14619.5
12826
10253.8
6624.79
4530.1
23300.6
21541.8
29859.3
25203.5
27079
23400.1
38769.3
28075.4
20701.6
16164.6
23208.1
17406.2
20491
16505.6
23322.1
17763.2
21644.3
18445.8
19251.4
17284
20662.2
22722.9
28694.5
30400.9
32569.1
34747.8
23178
25246.9
20689.5
21097.7
24283.9
26255.5
12486.6
8696.29
13195.1
9012.15
12831
8651.64
13489.5
8923.48
12848
8562.52
13647.8
9225.31
13896.2
9647.95
14697.6
9650.83
17259.9
16177.6
19678.5
16930.4
20618.1
19298.1
23155.4
20301.8
18623.7
13752
17105.4
13296.9
21508.6
17391.7
22627.5
17533.7
25176.2
20864
25962.8
21024.4
19697
14078.2
20474.3
14183.8
12292.1
8313.34
10716.9
7006.82
11371.6
7876.17
10422.2
6824.34
12955.1
8721.48
10925.4
7114.92
13306.1
9022.17
10941.8
7109.26
11517.6
10966.9
7954.57
7117.92
11678.5
11134.8
7837.34
7070.38
11659.9
10769.5
7671.01
7049.19
14556.3
18043.9
14677.1
10368.8
7394.05
16512.7
14772.1
15564.2
10142.6
7034.17
18372.6
15367
12846.8
10201.7
6627.71
10439.9
10026.2
6650.97
6525.08
10474.6
9935.14
6642.98
6499.2
9921.08
9217.22
6485.98
6090.85
15793.6
14066.3
13482.7
11998.5
12997.4
12203.8
9549.29
9060.68
6382.46
5805.33
16035.5
13721.4
13494.2
11190.3
11301.4
9585.39
9000.95
7845.75
5985.34
5555.15
13363.7
10169.7
13642.5
9940.21
16247.8
12821.7
16964.8
13283.8
11001.3
8116
10878.3
8484.37
13926.6
9908.68
14014.9
9943.38
17387.5
13940.2
17505.5
14100.7
11248.6
7923.76
11275.7
7962.01
8380.38
6342.16
5782.21
5340.17
8449.66
6677.13
5863.22
5480.45
8608.45
6259.26
5780.34
5413.51
8750.31
6159.7
5926.15
5361.36
10557
10204.3
12313.7
10568.5
10393.1
10037.1
11857.4
10120
9322.6
9219.67
10959.8
9381.53
12741.4
11681.9
10738.2
9920.84
11289
10879.5
9133.53
8545.81
10062.3
8410.46
11754.6
10452.2
9471.99
8640.48
8546.43
8135.63
8038.74
7371.52
9518.74
7389.23
4921.16
2588.45
1336.11
672.898
5125.66
2678.41
1372.89
685
4860.22
2554.03
1319.37
664.912
5112.94
2670.33
1380.36
692.63
4749.38
2485.62
1327.39
678.721
5109.06
2637.44
1412.93
719.087
5305.1
2664.59
1346.03
670.961
5310.9
2640.57
1296.89
642.713
4652.9
2444.84
1321.5
677.025
3864.48
2141.32
1198.37
626.17
4387.1
2351.37
1301.04
676.581
3773.86
2126.48
1194.9
624.657
4834.63
2502.05
1310.23
661.15
3911.56
2147.85
1185.07
618.596
4905.77
2514.69
1289.67
649.557
3900.82
2141.59
1172.31
613.054
4530.19
2431.85
1286.15
659.279
3970.69
2219.06
1218.01
633.394
4442.16
2393.72
1272.78
652.848
3917.51
2198.88
1208.35
630.038
4328.88
2334.45
1269.18
656.358
3895.63
2176.42
1201.84
627.798
4044.71
2217.74
1232.71
659.377
3798.52
2133.56
1203.46
621.733
3659.01
2101.08
1185.99
627.968
3271.15
2018.3
1033.23
286.98
2327.5
1897.93
981.491
291.019
3288.01
2019.48
1039.05
297.133
2387.9
1899.95
982.802
292.837
3330.21
2013.47
1030.93
288.007
2478.66
1895.45
972.657
287.766
3298.95
1994.76
1045.22
302.281
2461.32
1877.63
969.681
289.775
3153.15
1954.65
1062.83
333.076
2196.56
1831.35
959.713
289.637
2907.38
1869.62
1007.58
304.997
1727.2
1722.63
936.833
285.317
2987.67
1903.23
1028.99
313.399
1813.88
1767.05
944.518
285.846
2858.15
1842.63
974.174
278.723
1661.04
1692.77
916.92
276.175
2854.76
1826.01
958.982
271.907
1693.52
1674.69
904.221
271.415
361.743
191.227
94.2403
41.8103
11.7136
357.157
190.03
93.9536
41.7349
11.697
361.535
191.04
94.0351
41.7019
11.6822
358.461
189.641
93.6153
41.5707
11.6507
367.266
191.135
93.7828
41.5599
11.641
362.12
188.982
93.1536
41.359
11.5922
352.251
186.759
92.2814
41.013
11.5006
343.642
183.425
90.897
40.4652
11.3566
365.508
189.794
93.134
41.2872
11.5674
378.728
191.176
93.1575
41.2183
11.5427
375.184
191.644
93.6804
41.475
11.6148
386.618
192.59
93.6216
41.3913
11.5876
356.494
187.535
92.2965
40.9638
11.4826
374.657
189.254
92.3902
40.9213
11.465
351.206
184.633
91.0259
40.4559
11.3488
371.024
186.836
91.2863
40.478
11.3483
373.194
193.179
94.6057
41.892
11.7301
392.343
195.046
94.8719
41.9448
11.7404
374.166
193.15
94.4831
41.8201
11.7087
392.882
194.98
94.777
41.8911
11.7244
378.649
193.276
94.2679
41.6969
11.6728
395.214
194.876
94.5679
41.7816
11.6929
386.611
193.647
94.0717
41.5763
11.6374
398.5
194.428
94.2553
41.6381
11.653
394.502
193.488
93.8991
41.4946
11.6146
17242.8
23139.7
17245.8
23045.2
17243
22825.5
16684.1
22267.9
15244.5
20809.4
13470.1
15250.5
13774.2
16302.8
13366.6
14892.9
13501.9
14937.5
13978.3
2390.29
520.152
119.841
21.7507
15043.1
4390.15
1091.71
254.531
46.1774
13848.6
2339.59
507.434
116.753
21.1628
14900.2
4315.57
1072.55
249.452
44.9457
13525
2274.43
492.305
113.246
20.5338
14582.5
4208.14
1045.38
243.111
43.8382
12929.3
2147.33
463.562
106.817
19.4072
14006.9
4027.94
1001.42
233.309
42.1287
11934.3
1939.33
419.196
97.1769
17.7355
13016.8
3753.21
937.86
219.596
39.7843
10271.8
1739.63
389.241
92.0093
16.973
10495.8
3157.16
810.164
193.39
35.4834
10817.2
1798.52
396.976
93.0899
17.0924
11314.1
3391.98
861.637
203.698
37.1182
10011.4
1714.78
386.065
91.6133
16.9361
10140.3
3036.61
781.216
187.41
34.5365
9910.67
1692.4
381.166
90.5804
16.7438
10064.8
2996.83
770.054
185.377
34.1434
37116.6
54894.8
52989.6
34880.4
26340.8
32462.5
25267.2
32284.9
30640.7
51010.4
32824.7
52469.1
13.7475
18.0995
28.0746
46.2556
77.3985
129.171
17.2221
22.3365
33.9299
54.6476
88.8939
143.212
11.3414
10.2121
15.4817
14.4974
25.1375
24.6915
43.1262
44.3434
73.8655
77.7923
122.101
124.74
213.982
349.006
561.676
891.17
1304.73
1608.48
226.444
348.45
518.178
733.064
954.695
1101.5
36.2892
51.989
63.7074
71.3053
74.996
47.673
68.049
83.0694
92.6851
97.3109
73.7119
104.66
127.059
141.131
147.804
120.972
170.652
205.804
227.381
237.435
201.395
281.757
336.982
369.894
384.895
333.774
461.742
546.245
594.664
616.138
45.3791
64.8172
79.1808
88.3999
92.8438
58.707
83.5033
101.567
112.994
118.442
88.8491
125.606
151.824
168.058
175.674
142.464
199.933
239.89
264
275.097
230.48
320.605
381.337
416.864
432.857
368.757
507.317
597.07
647.61
669.804
29.9797
43.0509
52.8847
59.312
62.4528
27.0152
38.844
47.7816
53.6486
56.525
40.8378
58.4357
71.5167
79.9612
84.0489
38.2689
54.8255
67.182
75.1906
79.0788
66.1076
94.1169
114.576
127.547
133.739
64.9793
92.6158
112.879
125.772
131.942
112.996
159.883
193.401
214.182
223.933
116.255
164.654
199.356
220.926
231.064
192.618
270.412
324.493
357.067
372.017
202.973
285.187
342.461
376.999
392.851
316.422
439.72
522.343
570.274
591.668
323.692
450.709
536.269
586.047
608.259
547.383
745.332
868.787
935.85
964.715
880.05
1172.21
1340.16
1425.41
1461.67
1387.41
1792.34
1998.49
2095.05
2139.43
2136.28
2644.37
2856.41
2949.21
3011.3
3011.88
3539.36
3694.81
3766.93
3872.94
3629.81
4132.97
4228.9
4282.82
4428.89
577.908
784.023
910.891
979.067
1008.29
879.237
1172.15
1340.96
1426.8
1463.2
1288.96
1681.87
1889.87
1989.46
2033.02
1792.45
2280.96
2513.38
2618.78
2671.17
2293.62
2846.86
3080.98
3184.26
3249.18
2618.04
3201.08
3428.68
3528.99
3604.61
13.8858
18.5665
29.0417
48.056
80.5926
134.576
17.3872
22.8814
35.0083
56.525
91.9243
147.736
11.4646
10.3309
15.911
14.924
26.0774
25.6753
45.0101
46.4649
77.4806
82.0203
129.028
133.827
222.067
358.803
570.864
895.563
1303.78
1607.13
232.475
355.303
524.49
737.212
956.309
1101.77
36.6632
52.5473
64.4213
72.1329
75.8837
48.9376
69.9384
85.4881
95.4911
100.322
76.3342
108.587
132.097
146.985
154.092
125.865
178.006
215.27
238.409
249.295
210.109
294.927
354.023
389.822
406.373
348.602
484.342
575.707
629.304
653.576
45.8269
65.4879
80.0416
89.4004
93.9186
60.1863
85.7226
104.419
116.313
122.01
91.7825
130.021
157.515
174.696
182.818
147.587
207.683
249.926
275.747
287.763
238.793
333.274
397.86
436.302
453.872
381.268
526.608
622.488
677.736
702.502
30.3125
43.5462
53.5165
60.0428
63.2359
27.3359
39.3205
48.3886
54.35
57.2761
41.998
60.1642
73.7231
82.5153
86.7865
39.4204
56.5384
69.3653
77.715
81.7829
68.6505
97.9121
119.429
133.172
139.773
67.6385
96.5779
117.937
131.627
138.219
118.102
167.525
203.199
225.56
236.15
121.999
173.232
210.332
233.656
244.721
202.45
285.2
343.539
379.262
395.892
214.466
302.464
364.701
402.905
420.712
335.304
468.213
559.135
613.223
637.907
348.314
487.524
583.406
640.732
666.947
569.85
780.192
914.925
990.684
1024.31
908.07
1217.37
1401.77
1500.17
1543.81
1415.6
1841.56
2069.44
2184.23
2239.26
2154.2
2683.41
2919.53
3033.87
3109.5
3016.47
3559.75
3734.39
3824.78
3943.47
3629.45
4138.46
4241.74
4302.91
4454.29
594.82
810.614
946.51
1021.78
1054.93
898.959
1204.23
1385.09
1480.7
1522.61
1308.07
1714.87
1937.24
2048.9
2099.49
1806.54
2308.12
2555.01
2673.09
2733.15
2300.83
2863.44
3108.51
3221.78
3293.02
2619.98
3206.43
3438.13
3542.26
3620.37
4409.05
2663.53
330.245
203.184
238.042
190.24
275.299
3786.16
3385.38
1965.43
2523.11
903.547
1387.95
669.176
788.963
592.005
3573.91
1603.98
795.487
673.992
994.217
816.162
558.635
486.057
413.343
336.736
559.024
482.728
3980.78
2137.97
2511.51
1369.33
1011.96
1646.25
565.443
360.341
653.924
8454.59
7560.89
6763.48
6617.76
9617.9
5544.82
5646.02
5421.92
5391.93
5810.09
839.845
1134.28
1314.61
1412.83
1456.47
523.864
722.457
852.722
927.362
960.716
614.723
849.621
1004.33
1092.87
1132.16
492.558
683.649
811.486
885.819
919.182
706.845
968.344
1135.74
1229.46
1270.75
7797.11
7689.52
7137.28
6982.02
9796.36
7125.33
7169.14
6784.44
6670.52
7243.37
4390.92
4944.81
5035.85
5077.16
5260.71
5631.42
6049.07
5869.31
5793.25
5861.12
2192.97
2766.67
3035.03
3154.06
3211.63
3235.1
3857.39
4068.53
4145.54
4207.14
1663.3
2170.08
2440.6
2570.12
2625.09
1943.63
2502.3
2783.15
2910.15
2963.6
1484.29
1960.59
2226.08
2356.63
2410.73
7333.69
7223.37
6720.6
6616.32
9427.99
3653.57
4226.87
4383.66
4468.84
4652.9
1947.53
2487.38
2754.84
2881.87
2946.36
1663.02
2148.68
2402.42
2528.53
2591.39
2376.8
2938.8
3184.69
3304.75
3395.78
1984.29
2509.67
2761.62
2885.73
2959.04
1386.99
1808.19
2036.37
2152.98
2209.55
1222.03
1621.85
1851.32
1970.4
2023.59
1052.55
1423.25
1649.01
1769.29
1820.74
861.79
1174.54
1370.82
1478.51
1525.34
1401.59
1852.32
2106.03
2234.04
2289.82
1216.37
1619.74
1853.79
1975.45
2029.03
7841.35
7293.31
6625.28
6507.67
9419.94
4600.29
4915.73
4863.97
4895.12
5212.71
5550.43
5936.84
5744.8
5757.15
6543.65
3158.29
3714.03
3890.03
3986.7
4130.43
2413.07
2969.89
3205.48
3322.92
3415.79
3731.85
4290.34
4431.46
4518.84
4726.15
1406.52
1838.4
2074.14
2194.42
2251.74
916.992
1239.39
1436.71
1543.55
1590.47
1614.21
2086.74
2334.3
2458.43
2520.76
3478.4
3425.36
3310.46
3033.93
2418
999.626
21736
21963.6
24104
25147
20733.2
21548.9
22619.8
21418.3
18445.2
25108.7
18937.4
25445.1
21643.6
19249.5
32354.8
20483.5
20533.2
22314.2
23040.2
19139.7
19960.1
21234.7
20358.3
18154.8
30341.9
18522.7
29647.8
21707.4
24027.7
34640
18904.8
18798.4
19919.4
20323.2
17717.9
19088.4
19281.1
19042.1
20554.5
25934.7
21271.2
25643.9
23369.2
26529.2
30261.9
17279.1
17199.2
17466.3
17662.1
16568
18182.7
17043
17149.6
18541.9
21836.5
19199.2
20932.6
20479.5
22729
24881.3
15678.3
15637.9
15616.4
15705.2
15624.5
17332.4
15364.2
15661.4
16914.9
16997.8
17583.3
15944
17938.2
17761.4
19250.5
14848.6
14867.9
14314.5
14359.2
14739
15974.9
14222
14422.4
15618.1
13780.6
16010.5
13186.5
15984.3
14494.9
16515.4
22469.6
21341.9
24377.6
25944.9
20215.9
19827.1
22231.5
20783.4
18864.4
12952
18700.4
13007.3
16342.7
14567
16871.6
20663.2
19833.4
21967.1
23027.9
19089
18917.4
20492
19274
16767.7
11849.7
16649.8
11942.4
14262.3
12388.3
14743.2
18149.5
17635.5
18932.3
19490.1
17156.8
16991
18131.5
17322.7
14947.5
10809.5
14613.5
10596.5
12766.9
10481.5
13525.3
15407.3
15094.6
16222.7
16513.4
14739.5
14498.2
15865.8
15193.8
12833.7
10006.1
12627.2
9819.25
11168.1
9719.79
12496
13576.1
13357.3
14419.2
14593.5
12919.6
12686.1
14252.7
13754.2
11548.2
9931.47
11394.6
9834.69
10357.3
9540.67
11928.4
12232.5
12042.6
13227.6
13357
11747.8
11773.4
13055.3
12769.2
10774.3
9852.12
10701
9828.21
9861.58
9556.46
11813.8
13347.6
7578.38
21718.3
14388.9
23842.7
17737.9
36817.2
46468.4
48694.7
60424.8
31800.1
27823.5
20135.1
16168.9
9903.63
6612.61
21985.6
21816.8
19230.9
22218.1
29603.7
25648.5
34938.4
27443.6
9182.73
6442.88
5159.07
3911.36
10940.2
8896.64
6813.57
5690.52
21342.5
21536.6
21119.8
16839.4
15785.1
12922.6
12743.5
14683.9
20426.8
20547.8
44081.2
45858.5
30328.5
31549.3
18505.4
15611.3
19462.5
13720
9079.69
9514.09
7852.29
12301.6
4107.53
5332.96
10863
16454.9
6611.32
8130.16
11664.4
21882.1
8239.92
14427.1
3067.58
8468.54
2566.03
6288.71
18880
23562
20116.8
23843.2
22719.7
22671.1
23774.9
22757.5
17651.3
24305.4
17587.9
23724.5
20104.2
23909.6
20262.6
23982.7
24361.6
22697.9
24480.8
22598.4
16505.8
24572.7
16055.9
24765.6
21619.2
26828.5
27290.5
40313
22947
31616.2
27068
44553.4
20497.9
23346.1
27388
38428
20335.6
21764.4
27729.5
38068.3
7609.74
10370.3
19788.2
36260.9
9280.41
10852.4
25131
40423.7
11063.7
11261.2
30889.6
43293.3
26520.4
26694.5
24088.3
24853.9
39588.4
26437
26330.2
24326.9
22244
46303
24288
25148.6
23824.5
25883
51445.6
2720.69
3335.63
6070.17
15373
3840.87
4492.16
8165.8
16606.4
5447.44
4631.95
10605.2
17963.7
25147.2
23116.6
23758
21588.2
22109.6
18504.6
17502.9
14622.2
13410.9
20061.3
23371.2
21167.1
24721.1
22932.8
22808.5
20266.7
20212
17498.8
14043.8
19594.4
25129.3
27774.6
25249.4
28774.6
23271.4
23430.1
22951.7
24006.4
24097.7
24248.4
23857.7
23425.2
25135
29027.9
25123.3
29125.6
22409.4
24515.1
22317.9
24570.9
24183
24184.3
24252.8
24235
21268.6
20105
14035.3
16070.6
21218.8
19698.2
13895.9
16474.1
21491.7
19964.8
14313.6
15988.5
21583.8
19750.3
14757.1
15948.6
2001.96
1145.91
690.71
1060.95
575.722
506.043
2897.89
1377.74
897.36
1997.31
1381.46
1028.17
3023.25
1945.67
1709.94
3385.66
2362.34
1914.91
19701.9
15350.4
12688.9
18906.7
15249.5
12847.5
14107.2
11334.4
9785.09
10449.4
7588.93
6300.28
5248.4
3163.18
2365.06
18361.3
14569.9
11973
19881.9
15477.8
12600.9
15602.2
11223.6
8885.26
10768.5
7061.06
5510.98
5514.79
3083.18
2152.28
28909.9
27582.7
32123.6
28091.4
33334.4
28212.2
41182.5
30340.7
21323.5
20868.7
21218.7
19114.6
24258.5
21948.9
24133.5
19882.3
23853.4
23211.9
21916.9
22942.9
27888.4
25614.4
30049.1
30790
33500
34984.2
24441.5
25648.4
21935.3
21446.4
25942.8
26807.3
15686.8
8202.11
14851.8
9099.55
16011.3
8257.39
14893.6
9018.11
15927.9
8277.71
15027.1
9421.97
14751.4
9868.62
14997.8
9736.33
21319.5
17521.9
21659.4
17767.6
24140.6
21234.2
24937.3
21350.9
20677.5
14216.2
21129.6
13817.5
22472
17837.3
22908.6
17669.3
25982.3
21378.3
26185
21176.7
20747.6
14362.9
20793
14274.1
12931.8
8232.32
10781.3
6858
11795.5
7303.3
10217.3
6378.38
13391.4
8769.65
11017.1
7072.32
13449.1
9050.67
10975.5
7098.28
2354.54
1177.47
4296.69
2399.56
2492.97
1418.9
4556.68
2809.35
3019.93
2096.28
5004.91
3565.16
11949.3
19462.3
8418.16
7961.26
5701.58
18623.4
12287.8
6836.26
6838.76
4635.22
19977.4
15066
11520.5
8669.13
5532.15
588.049
353.748
1453.5
1055.63
796.748
452.506
1898.56
1423.5
1343.8
843.416
2608.34
1991.34
18192.4
16251.2
11572.9
10045.9
7051.38
6290.06
5792.4
4563.6
3827.93
2912.09
17504.2
14722.6
12830.1
10156.8
9469.59
7377.52
6931.11
5357.4
4700.68
4006.33
13632.3
9863.72
13980.5
9940.85
17312.2
13384
17609.3
13646
11027.8
7862.93
10513
7645.85
14145.3
9958.71
14085.6
9965.94
17712.5
14141.4
17602.7
14161.9
11335.8
7867.81
11312.6
7957.68
8177.48
5959.21
5536.33
4975.84
7760.82
5668.72
5267.83
4616.4
8573.37
6137.56
5690.62
5256.63
8747.97
6132.63
5901.21
5318.99
706.826
564.343
434.307
3092.5
1483.25
1120.32
706.849
641.088
529
3479.66
1819.11
1426.71
1048.56
1060.01
1000.39
4035.95
2364.35
1937.08
13423.4
10801.1
9234.59
8294.32
6845.41
6043.52
5444.8
4555.49
4117.29
4128.05
3411.03
3016.37
4839.02
3033.87
2496.48
11819.4
9191.02
7620.87
7858.37
6072.66
5117.51
5800.5
4449.6
3768.2
4910.4
3662.32
3017.07
6114.41
3480.97
2785.49
4106.7
2117.79
1108.85
568.261
4615.79
2303.03
1172.93
589.034
4127.09
2119.8
1112.58
570.775
4708.67
2354.9
1209.37
609.342
4126.72
2106.46
1142.79
593.738
4809.26
2387.91
1269.68
647.024
5161.88
2516.63
1256.24
624.719
5268.41
2590.73
1266.84
626.89
4373.39
2244.01
1205.24
616.746
3664.58
1995.57
1113.41
580.843
3865.77
2042.22
1138.72
597.215
3404.65
1888.84
1073.39
565.7
4703.95
2389.26
1240.7
624.058
3814.48
2069.05
1134.62
589.763
4868.9
2478.1
1266.39
636.865
3871.7
2116.41
1155.46
603.247
3112.46
1815.27
1017.84
541.57
2151.31
1473.28
907.416
503.122
3128.72
1812.17
1020.94
543.302
2242.97
1498
915.36
506.787
3218.12
1822.38
1042.28
556.677
2500.74
1570.92
942.927
518.987
3208.07
1793.98
1038.12
571.598
2732.32
1627.7
982.916
530.896
3053.69
1759.68
1026.32
556.916
1336.52
1215.96
734.851
217.089
590.354
1082.68
671.047
212.009
1491.51
1268.22
755.877
228.577
748.534
1138.45
689.006
217.409
1795.63
1362.85
783.942
229.661
1037.05
1234.45
713.645
221.21
2192.22
1482.02
834.454
249.933
1383.99
1348.59
751.734
232.373
2501.66
1599.34
898.035
286.275
1571.86
1447.56
788.322
242.566
2735.41
1736.49
925.475
278.867
1592.6
1576.51
856.207
260.742
2644.84
1678.55
907.869
277.55
1509.49
1519.58
822.397
250.648
2779.63
1772.86
927.264
263.603
1609.08
1618.37
872.468
262.197
2832.94
1804.26
943.818
266.943
1681.41
1652.21
890.211
266.939
309.873
167.305
83.9597
37.7501
10.6533
309.943
167.454
84.1103
37.8244
10.6738
314.423
169.452
84.7353
38.0217
10.7201
317.513
170.17
85.1056
38.1822
10.763
324.691
172.19
85.645
38.338
10.7982
327.642
172.935
86.143
38.564
10.8593
329.121
175.752
87.4309
39.0699
10.99
335.215
179.299
89.0622
39.7266
11.1621
334.564
175.367
86.8845
38.8012
10.9157
350.401
178.456
87.6905
39.0467
10.9733
335.452
174.359
86.3014
38.5559
10.8511
349.612
177.149
87.0658
38.7993
10.9093
336.438
177.767
88.0099
39.2486
11.0319
356.602
180.749
88.6855
39.4405
11.0758
344.317
181.267
89.5343
39.8558
11.1907
364.853
183.884
89.9891
39.9568
11.211
313.726
167.581
83.8613
37.684
10.6342
322.884
168.113
83.8215
37.6444
10.6224
318.302
169.317
84.4642
37.8901
10.6843
326.9
169.495
84.2987
37.8069
10.6618
327.547
172.028
85.3406
38.1894
10.7575
335.253
171.897
85.0902
38.0779
10.728
339.655
174.818
86.1835
38.474
10.8272
345.011
174.422
85.9498
38.3803
10.803
350.333
176.243
86.6495
38.6382
10.868
15559.4
24372.7
16023.2
24442.1
16495.6
24261.4
16493.4
23770.8
15200.9
22088.5
13317.9
15167.4
13579.8
16376
13270.7
14811.7
13470.1
14908.4
14147
2439.23
530.213
121.567
21.9661
15774.2
4544.14
1121.54
259.815
46.9065
14085.7
2406.9
521.495
119.369
21.5377
15671.4
4477.33
1104.03
255.065
45.7287
13844.8
2342.2
505.408
115.599
20.8635
15366.3
4367.2
1075.41
248.348
44.5587
13272.3
2206.85
474.292
108.681
19.6628
14727
4168.57
1027.18
237.704
42.7226
12159.3
1975.73
425.705
98.3027
17.8876
13537.3
3853.53
956.2
222.704
40.1975
10242.6
1738.31
389.426
92.069
16.9791
10482.5
3161.58
811.9
193.752
35.5282
10847.8
1808.5
399.342
93.5389
17.1527
11428.2
3430.61
870.118
205.23
37.321
9977.71
1711.12
385.611
91.5436
16.9242
10105.1
3030.89
780.461
187.294
34.5152
9897.39
1690.85
380.949
90.5449
16.7381
10050
2993.85
769.558
185.291
34.1294
37472.5
54901.1
53308.2
36052.4
20001
21154.4
30144.3
31877.8
24271.3
27636.5
39393.3
54838.7
50181.9
67504.3
32374.3
37373.3
24923
26922.8
12869.2
14204.6
4426.18
2669.76
315.022
192.003
213.764
174.713
255.328
3945.66
3456.11
1934.35
2490.83
2102.32
822.559
1295.52
1009.36
594.533
705.446
526.316
3670.86
1583.64
737.565
633.541
956.738
790.236
542.496
457.845
361.423
299.02
504.699
443.893
4029.13
2149.3
2546.22
1368.82
998.803
1641.19
541.76
334.115
622.904
8476.4
7560.66
6742.17
6572.09
9527.07
5552.36
5642.18
5404.43
5360.08
5765.62
797.027
1066.85
1224.42
1304.97
1338.86
493.134
675.547
791.553
855.471
883.041
549.266
752.524
880.961
950.562
979.876
450.481
620.755
731.02
792.546
819.13
651.945
884.587
1026.71
1101.54
1132.7
7821.18
7207.89
6263.55
5799.14
8154.46
6845.81
6182.26
5257.39
4759.25
5067.18
4186.33
4442.75
4250.08
4073.23
4125.14
5023.82
4708.14
4054.08
3613.88
3480.56
4238.96
4022.54
3480.54
3062.9
2880.48
1946.53
2351.59
2466.04
2468.9
2463.14
2908.8
3249.99
3206.18
3091.37
3048.6
2307.19
2645.43
2653.06
2565.07
2506.24
1447.52
1823.72
1977.88
2020.6
2028.64
1683.91
2059.15
2176.03
2180.99
2167.57
1293.61
1652.26
1811.09
1861.11
1871.35
7410.25
7042.78
6287.99
5977.76
8463.21
3540.53
3955.62
3949.37
3900.67
3999.15
1773.97
2196.79
2354.5
2396.9
2414.43
1543
1948.74
2126.39
2192.92
2222.41
2251.7
2707.28
2846.81
2881.2
2921.81
1901.93
2362.29
2548.29
2618.41
2660.21
1338.43
1725.43
1919.32
2007.88
2048.3
1141.35
1492.38
1676.22
1759.79
1793.37
911.091
1210.58
1376.07
1452.31
1480.23
759.526
1021.7
1175.51
1252.35
1282.81
1247.15
1607.64
1780.11
1846.93
1869.57
1106.53
1446.27
1622.51
1700.18
1729.83
7895.91
7274.05
6536.99
6343.65
9113.36
4609.37
4893.21
4803.93
4797.52
5084.33
5568.76
5839.12
5521.35
5417.49
6090.5
3139.39
3652.79
3779.16
3830.2
3942.92
2363.26
2867.22
3045.15
3112.85
3175
3675.95
4128.78
4152.9
4138.73
4277.57
1336.7
1722.3
1913.07
1997.44
2034.44
843.904
1125.9
1287
1366.43
1398.5
1521.63
1931.07
2117.41
2192.86
2227.62
21701.2
14552.1
22243.2
16172.2
28227.3
41959.8
29876.2
42131.6
22627
23516.1
19650.2
23042.3
24885.4
23120.8
32879.2
26041.1
17265.8
17014
8397.76
7507.8
18742.4
17904.5
9701.43
8246.83
23545
25094.7
23539.1
20990.1
24650.2
16171.3
12810.3
14772.7
20769.9
20672.4
44300.8
46056.6
29925.2
31495.7
19693.2
15902.6
20864.8
14013.8
10242
9822.88
18780.6
21367.7
7722.71
8649.98
20494.5
24218.8
9683.85
10978.8
19052
27946
10987.7
17625.3
3731.74
9608.43
2708.23
6521.93
20560
23175.2
20569.6
23672.5
21411.2
21403.4
22936.9
22097.7
19613.7
24718.6
22372.2
24373.4
20230.9
23834.5
20283.4
23959.4
23980.8
22382.9
24379.2
22503.9
17241.7
24790.8
16224.5
24830.2
23333.8
28939.5
28133.7
41317.5
25634
34884.8
28430.4
46126.4
21355.6
24435.9
27834.1
38990.3
20579
22084.3
27863.9
38249.7
26025.9
27958.1
33825.9
51350.5
25840.6
26118.3
36146.9
51830.8
24853.8
24114.5
38496.1
50707.8
20675.1
20423.8
23490.8
26734.7
43288.9
19416
19003.1
24767.8
23973.6
50182.7
20258.8
22249.7
23459.1
27472.7
53507.3
13633.8
11960.9
13815.1
18966.6
14990
13204.2
14276.1
19357.7
16693.4
13832
14788
19503.6
18254.7
16643.1
17941.6
16576.2
22358.1
19780.4
19277.4
16669.2
15340
20128.8
19464.7
18297.8
21704.8
20931.6
22105
20042.6
21325.4
18474.8
14961.1
19202.9
23913.1
26435.4
24738.4
28119.3
21527.1
21873.3
22172.1
23259
24058.6
24065.3
23661.6
23077.2
24910.8
28742.1
25060.1
29046.1
22063.1
24167
22218.2
24471.9
24171.7
24112.6
24247.8
24215.5
21580.7
20251.3
14369.7
16259.9
21761.8
19963.1
14501.5
16697
21651
20048.5
14486.5
16108.9
21632.9
19777.7
14814.7
15989.8
10599.5
10819.2
4901.57
4394.34
11830.2
11295
5429.69
5089.41
11436
10350.3
6098.79
5755.9
15475.4
14311.9
15959.6
15434.7
16930.1
15700.3
13546.9
11503.5
7318.62
5736.11
17367.8
15787.9
19777.2
18023.1
16790
14619.3
12826.2
10253.8
6624.99
4530.17
23294.3
21537.6
29849.3
25198.1
27068.2
23395.1
38745.6
28068
20742.9
16185.5
23246.2
17423.7
20488.9
16502.6
23321.2
17762.1
21639.6
18442
19247.5
17281
20658.5
22719.4
28691
30399.6
32566.2
34747.9
23174.3
25244.7
20686.8
21096.1
24280.4
26252.3
12501.2
8705.44
13207.8
9022.61
12829.8
8653.37
13489.1
8925.4
12846.7
8562.4
13646.6
9225.14
13894.7
9647.12
14695.5
9649.32
17257.3
16175.8
19675.6
16928.7
20615.1
19296.2
23152
20300.2
18621.2
13750.6
17103.1
13295.3
21506.5
17390.5
22626.3
17532.8
25174.5
20863
25962.4
21023.9
19694.8
14076.9
20472.4
14182.7
12290.6
8312.65
10715.8
7006.09
11370.2
7875.64
10421.1
6823.73
12953.5
8720.5
10924.3
7114.09
13304.5
9020.81
10940.6
7108.32
11528.6
10974.9
7962.32
7124.95
11676.6
11132.9
7838.18
7070.87
11658.6
10768.3
7670.75
7048.82
14554.5
18041.9
14675.4
10367.7
7393.55
16511.1
14770.6
15562.5
10141.5
7033.7
18370.8
15365.3
12845.3
10200.7
6627.2
10446.1
10037.8
6663.19
6550.59
10472.6
9928.32
6642.97
6496.96
9920.15
9216.56
6485.63
6090.68
15792.6
14065.8
13481.6
11997.9
12996.3
12203.1
9548.49
9060.16
6382.02
5805.02
16034.4
13720.7
13493
11189.6
11300.3
9584.7
9000.17
7845.19
5984.86
5554.73
13362.5
10169
13641.5
9939.51
16246.7
12821
16963.9
13283.2
11000.3
8115.31
10877.3
8483.66
13925.8
9908.1
14014.3
9942.88
17386.9
13939.7
17505.1
14100.3
11247.7
7923.14
11274.9
7961.42
8379.58
6341.59
5781.64
5339.66
8448.86
6676.56
5862.69
5479.99
8607.64
6258.68
5779.73
5412.94
8749.49
6159.13
5925.48
5360.76
10566.7
10213.5
12326.5
10585.9
10379.2
10025.2
11852.7
10117.3
9321.96
9219.07
10959.5
9381.34
12741.2
11681.8
10737.9
9920.65
11288.5
10879.1
9133.14
8545.46
10061.9
8410.17
11754.2
10452
9471.55
8640.19
8545.97
8135.28
8038.28
7371.17
9518.16
7388.86
4925.2
2590.01
1336.49
672.925
5129.01
2679.62
1373.33
685.121
4860.5
2554.06
1319.35
664.902
5113.53
2670.45
1380.37
692.62
4749.41
2485.58
1327.34
678.693
5109.09
2637.39
1412.87
719.05
5304.75
2664.4
1345.92
670.903
5310.14
2640.22
1296.73
642.628
4652.6
2444.66
1321.4
676.972
3864.1
2141.1
1198.24
626.101
4386.9
2351.25
1300.96
676.541
3773.56
2126.31
1194.8
624.6
4834.13
2501.78
1310.09
661.076
3911.08
2147.57
1184.91
618.513
4905.02
2514.32
1289.48
649.463
3900.25
2141.25
1172.12
612.955
4534.81
2433.57
1286.67
659.318
3975.28
2220.46
1218.57
633.565
4442.33
2393.74
1272.76
652.84
3917.52
2198.93
1208.35
630.04
4328.87
2334.43
1269.15
656.338
3895.56
2176.42
1201.83
627.784
4044.55
2217.66
1232.65
659.336
3798.37
2133.51
1203.41
621.701
3658.78
2100.96
1185.9
627.913
3277.62
2019.81
1033.8
287.199
2336.18
1899.17
981.741
291.043
3287.84
2019.61
1039.05
297.118
2387.38
1900.14
982.853
292.846
3330.07
2013.48
1030.93
287.995
2478.44
1895.47
972.664
287.763
3298.79
1994.7
1045.18
302.266
2461.16
1877.58
969.656
289.764
3152.95
1954.54
1062.76
333.054
2196.41
1831.26
959.663
289.62
2907.09
1869.42
1007.47
304.967
1727.05
1722.46
936.733
285.287
2987.43
1903.07
1028.91
313.375
1813.73
1766.91
944.442
285.823
2857.82
1842.39
974.046
278.689
1660.88
1692.56
916.797
276.137
2854.39
1825.73
958.829
271.866
1693.34
1674.44
904.075
271.37
361.653
191.206
94.2415
41.8131
11.7145
357.115
190.02
93.9599
41.7399
11.6986
361.543
191.033
94.0298
41.6994
11.6815
358.455
189.63
93.6086
41.5677
11.6499
367.255
191.124
93.7758
41.5566
11.6401
362.101
188.968
93.1454
41.3553
11.5911
352.218
186.74
92.2712
41.0084
11.4993
343.596
183.4
90.8847
40.4597
11.355
365.478
189.777
93.1249
41.283
11.5662
378.686
191.156
93.1473
41.2137
11.5414
375.162
191.63
93.6725
41.4713
11.6137
386.584
192.572
93.6125
41.3871
11.5864
356.453
187.514
92.2855
40.9588
11.4812
374.605
189.23
92.3784
40.9161
11.4635
351.153
184.607
91.013
40.4502
11.3472
370.961
186.807
91.2728
40.4721
11.3467
373.059
193.153
94.605
41.8938
11.7308
392.233
195.027
94.8715
41.9462
11.7409
374.18
193.145
94.4786
41.8181
11.7082
392.901
194.974
94.7727
41.8892
11.7239
378.644
193.267
94.2618
41.694
11.672
395.212
194.868
94.5623
41.779
11.6921
386.592
193.634
94.0641
41.5727
11.6364
398.483
194.416
94.2482
41.6347
11.6521
394.474
193.473
93.8907
41.4907
11.6135
17208
23099.6
17249.1
23048.1
17244.9
22827
16685.5
22269.1
15245.6
20810.4
13471
15251.4
13775.2
16303.7
13367.5
14893.7
13502.7
14938.3
13977.7
2376.2
516.223
118.894
21.5773
15036.4
4383.45
1089.35
253.912
46.0576
13846.3
2340.84
507.663
116.789
21.1676
14899.2
4315.04
1072.27
249.356
44.9257
13524.8
2274.68
492.349
113.249
20.5331
14582.5
4208.08
1045.31
243.077
43.8299
12929.6
2147.42
463.577
106.817
19.4064
14007.3
4028.02
1001.42
233.299
42.1255
11934.9
1939.42
419.21
97.1783
17.7354
13017.3
3753.34
937.879
219.596
39.7834
10272.4
1739.72
389.259
92.013
16.9736
10496.3
3157.32
810.2
193.398
35.4845
10817.8
1798.61
396.993
93.093
17.0928
11314.7
3392.13
861.669
203.703
37.1187
10012
1714.87
386.084
91.6173
16.9367
10140.8
3036.76
781.254
187.419
34.5379
9911.2
1692.48
381.184
90.5844
16.7445
10065.3
2996.98
770.09
185.385
34.1448
37115.5
54897
52985.7
34875.2
26422.2
32568.5
25258.7
32266.6
30617.9
50935.2
32943.4
52688.4
13.7457
18.0972
28.0713
46.2504
77.3904
129.159
17.2199
22.3337
33.9261
54.6417
88.885
143.199
11.3399
10.2107
15.4797
14.4955
25.1345
24.6884
43.1212
44.3382
73.8576
77.7839
122.089
124.728
213.963
348.98
561.639
891.123
1304.67
1608.41
226.425
348.423
518.143
733.019
954.642
1101.44
36.2843
51.9818
63.6984
71.295
74.985
47.6669
68.04
83.058
92.6721
97.297
73.703
104.647
127.042
141.112
147.784
120.958
170.631
205.777
227.351
237.402
201.373
281.724
336.941
369.846
384.844
333.74
461.692
546.181
594.589
616.058
45.3732
64.8085
79.1699
88.3873
92.8304
58.6996
83.4925
101.553
112.978
118.425
88.8387
125.591
151.804
168.035
175.65
142.448
199.91
239.86
263.966
275.06
230.456
320.569
381.291
416.811
432.8
368.721
507.264
597.001
647.53
669.718
29.9756
43.0448
52.8771
59.3033
62.4435
27.0115
38.8384
47.7746
53.6406
56.5165
40.8324
58.4278
71.5068
79.9498
84.0367
38.2638
54.818
67.1726
75.1799
79.0673
66.0994
94.1048
114.561
127.53
133.72
64.9712
92.6038
112.863
125.754
131.924
112.983
159.864
193.377
214.154
223.902
116.242
164.633
199.33
220.897
231.033
192.597
270.381
324.453
357.021
371.968
202.95
285.154
342.419
376.95
392.798
316.389
439.671
522.28
570.202
591.59
323.658
450.658
536.204
585.972
608.179
547.333
745.256
868.689
935.735
964.591
879.978
1172.1
1340.02
1425.24
1461.49
1387.31
1792.19
1998.28
2094.81
2139.16
2136.15
2644.17
2856.14
2948.87
3010.93
3011.71
3539.11
3694.47
3766.51
3872.46
3629.63
4132.69
4228.53
4282.35
4428.35
577.856
783.945
910.791
978.949
1008.17
879.164
1172.04
1340.81
1426.63
1463.01
1288.86
1681.73
1889.68
1989.23
2032.77
1792.32
2280.77
2513.13
2618.48
2670.84
2293.48
2846.64
3080.69
3183.91
3248.79
2617.88
3200.84
3428.36
3528.6
3604.18
13.8839
18.564
29.038
48.0503
80.5836
134.562
17.3849
22.8785
35.004
56.5185
91.9145
147.722
11.463
10.3295
15.9089
14.9219
26.074
25.672
45.0045
46.4592
77.4717
82.0109
129.014
133.813
222.046
358.772
570.822
895.506
1303.71
1607.05
232.454
355.273
524.45
737.162
956.251
1101.71
36.6582
52.5399
64.4121
72.1224
75.8725
48.931
69.9288
85.476
95.4774
100.308
76.3243
108.572
132.079
146.964
154.07
125.85
177.984
215.242
238.377
249.262
210.085
294.892
353.979
389.773
406.32
348.565
484.289
575.64
629.227
653.495
45.8208
65.479
80.0304
89.3876
93.905
60.1785
85.7112
104.405
116.297
121.993
91.7711
130.005
157.494
174.672
182.793
147.57
207.658
249.895
275.712
287.725
238.767
333.236
397.812
436.248
453.814
381.228
526.551
622.417
677.655
702.416
30.3082
43.5399
53.5086
60.0339
63.2264
27.3319
39.3148
48.3814
54.3418
57.2673
41.9922
60.1557
73.7125
82.5032
86.7737
39.4149
56.5303
69.3551
77.7035
81.7707
68.6415
97.8988
119.413
133.153
139.753
67.6295
96.5647
117.92
131.609
138.199
118.087
167.504
203.172
225.53
236.118
121.983
173.21
210.304
233.624
244.688
202.426
285.166
343.496
379.213
395.84
214.441
302.428
364.655
402.854
420.657
335.268
468.16
559.069
613.148
637.827
348.276
487.469
583.337
640.654
666.864
569.795
780.111
914.824
990.569
1024.19
907.989
1217.25
1401.62
1500
1543.63
1415.49
1841.4
2069.24
2184
2239.01
2154.05
2683.19
2919.26
3033.55
3109.15
3016.29
3559.49
3734.06
3824.38
3943.03
3629.26
4138.18
4241.37
4302.45
4453.76
594.763
810.531
946.407
1021.66
1054.81
898.88
1204.11
1384.95
1480.53
1522.44
1307.97
1714.72
1937.04
2048.67
2099.25
1806.41
2307.93
2554.76
2672.8
2732.84
2300.67
2863.21
3108.22
3221.43
3292.64
2619.82
3206.19
3437.81
3541.88
3619.95
4408.94
2663.44
330.216
203.164
238.018
190.221
275.274
3785.98
3385.25
1965.33
2523.02
903.49
1387.88
669.129
788.911
591.961
3573.74
1603.89
795.433
673.943
994.152
816.106
558.593
486.018
413.309
336.706
558.982
482.689
3980.65
2137.88
2511.39
1369.25
1011.89
1646.16
565.4
360.31
653.876
8454.29
7560.45
6762.93
6617.06
9616.66
5544.58
5645.67
5421.47
5391.36
5809.4
839.768
1134.17
1314.48
1412.67
1456.31
523.812
722.381
852.627
927.254
960.601
614.662
849.533
1004.22
1092.74
1132.03
492.507
683.576
811.395
885.715
919.072
706.777
968.246
1135.62
1229.32
1270.61
7796.68
7688.99
7136.73
6981.45
9795.54
7125.01
7168.74
6784.01
6670.07
7242.86
4390.67
4944.48
5035.48
5076.76
5260.28
5631.2
6048.77
5868.98
5792.9
5860.74
2192.82
2766.47
3034.79
3153.79
3211.34
3234.91
3857.14
4068.24
4145.22
4206.81
1663.18
2169.9
2440.39
2569.88
2624.84
1943.5
2502.11
2782.92
2909.9
2963.33
1484.18
1960.43
2225.88
2356.42
2410.5
7333.28
7222.85
6720.04
6615.72
9427.08
3653.34
4226.56
4383.3
4468.44
4652.47
1947.39
2487.18
2754.6
2881.61
2946.08
1662.89
2148.5
2402.2
2528.28
2591.13
2376.64
2938.57
3184.41
3304.44
3395.45
1984.14
2509.47
2761.36
2885.44
2958.73
1386.88
1808.03
2036.18
2152.76
2209.31
1221.93
1621.7
1851.14
1970.19
2023.37
1052.46
1423.12
1648.85
1769.11
1820.55
861.711
1174.43
1370.68
1478.35
1525.18
1401.48
1852.17
2105.83
2233.82
2289.59
1216.27
1619.59
1853.62
1975.25
2028.82
7841.01
7292.84
6624.73
6507.02
9418.85
4600.05
4915.4
4863.56
4894.62
5212.12
5550.12
5936.42
5744.32
5756.61
6542.97
3158.09
3713.75
3889.69
3986.3
4129.98
2412.9
2969.65
3205.19
3322.59
3415.43
3731.62
4290.03
4431.08
4518.41
4725.68
1406.41
1838.24
2073.94
2194.2
2251.5
916.91
1239.27
1436.57
1543.38
1590.29
1614.09
2086.56
2334.08
2458.19
2520.5
3478.11
3425.08
3310.21
3033.72
2417.84
999.566
21728.7
21966.2
24098
25188.5
20734
21549.3
22616
21416.1
18398
25078.7
18946.1
25437.6
21647.2
19250.4
32355
20478.6
20536.6
22311.4
23070.9
19141
19960.9
21232.4
20356.7
18110.9
30340.2
18530.7
29639.7
21709.9
24026.5
34637.3
18906
18800.8
19919.3
20341.3
17718.7
19088.8
19280.4
19041.3
20536.8
25941.8
21271.8
25640.8
23368.5
26527.3
30257.8
17280.9
17201
17467.1
17671.6
16568.3
18182.6
17043.1
17149.4
18521.9
21826.7
19199
20933.7
20478.8
22727.8
24877.6
15679.6
15639.5
15617.4
15710.3
15624.7
17332.2
15364.6
15661.4
16909.7
17002.4
17582.9
15950.9
17937.7
17760.8
19247.7
14851
14869.6
14315.6
14362.3
14739.3
15974.9
14222.5
14422.5
15623.1
13795.6
16010.8
13191.4
15984.2
14494.6
16513.4
22520.3
21339.7
24369.6
26010.6
20212.5
19824.2
22226.2
20780.2
18898.8
12967
18699.5
13003.4
16340.4
14565
16868.7
20702.7
19833.1
21963.3
23074.5
19086.8
18915.2
20488.6
19271.6
16792.1
11863.7
16649.2
11939.9
14260.9
12387.1
14741
18174.5
17637
18932
19515.8
17156
16989.8
18130.4
17321.5
14965
10820.9
14614.3
10597.8
12766.4
10481.1
13523.7
15422.2
15096.3
16223.5
16527
14739.6
14497.8
15865.8
15193.4
12847.8
10014.9
12628.2
9821.35
11168.1
9719.76
12495
13586.2
13358.9
14420.1
14601.7
12920
12686.1
14253
13754.2
11556.8
9947.16
11395.6
9839.29
10357.4
9540.7
11927.2
12240
12043.8
13228.5
13363
11748.1
11773.5
13055.7
12769.3
10781
9872.55
10701.3
9830.88
9861.45
9556.42
11812.6
)
;

boundaryField
{
    patch1
    {
        type            calculated;
        value           nonuniform List<scalar> 
2440
(
15790.7
27907.4
0
0
0
0
0
0
0
0
15785.1
27888.4
0
0
0
0
0
0
0
0
13556.6
21728.7
23818.7
36785.7
48636.9
31742.2
20124.9
10198.4
54884.9
20313.6
30143.9
24238
39359.1
50126.8
32328.8
24955.1
13372.9
0
0
0
0
0
0
0
0
0
0
0
0
0
0
0
0
0
0
0
0
0
0
0
0
0
0
0
0
0
0
0
0
0
0
0
54883.7
0
0
0
0
0
0
0
0
0
0
0
0
0
0
0
0
0
0
0
0
0
0
0
0
0
0
0
0
0
0
0
0
0
0
0
0
0
0
0
0
0
0
0
0
0
0
0
0
0
0
0
0
0
0
0
0
0
13347.6
21718.3
23842.7
36817.2
48694.7
31800.1
20135.1
9903.63
54890.4
20001
30144.3
24271.3
39393.3
50181.9
32374.3
24923
12869.2
0
0
0
0
0
0
0
0
0
0
0
0
0
0
0
0
0
0
0
0
0
0
0
0
0
0
0
0
0
0
0
0
0
0
0
54885.9
0
0
0
0
0
0
0
0
0
0
0
0
0
0
0
0
0
0
0
0
0
0
0
0
0
0
0
0
0
0
0
0
0
0
0
0
0
0
0
0
0
0
0
0
0
0
0
0
0
0
0
0
0
0
0
0
0
16839.5
22945.1
0
0
0
0
0
14494.9
16515.4
9556.46
11813.8
16839.4
22942.9
0
0
0
0
0
14494.6
16513.4
9556.42
11812.6
21543.2
27950.1
29061.4
24500.3
23566.3
29417
29528.2
24535.5
24596.6
20340.2
16211.6
19843.6
16581.3
20237.1
16146.4
20054.2
16161.6
702.942
511.568
895.842
1026.25
1709.27
1913.7
12688.6
12846.8
9784.2
6299.36
2364.41
11972.6
12600.3
8884.59
5510.35
2151.91
23217.5
441.862
1133.66
529.004
1426.63
1000.31
1936.98
9234.56
6043.71
4117.57
3016.59
2496.56
7620.87
5117.67
3768.4
3017.27
2785.68
0
0
0
0
0
0
0
0
0
0
0
0
0
0
0
0
0
0
0
0
0
0
0
0
0
0
0
0
0
0
0
0
0
0
0
0
0
0
0
0
0
1.52784
-0.595512
1.51618
-0.72454
1.48733
-0.71475
1.43328
-0.681083
1.3742
-0.650709
0.421759
-0.233593
0.894336
-0.461516
0.152935
-0.0868696
0.0306489
-0.0159138
37470.5
53307.7
36051.3
21488.1
31915.1
27613.2
54805.1
67446.2
37366.8
26950.1
14769.4
26600.5
28396.5
24310.4
23211.4
29125.7
29447.1
24460.3
24576
20483.9
16401.9
20107.8
16809.8
20319.7
16267.3
20081.3
16203
10801.4
4344.87
11306
5089.01
10351.3
5755.64
14312
15435
15701.1
11503.7
5736.02
15788.1
18023.4
14619.5
10253.8
4530.1
10204.2
10568.5
10037.1
10120
9219.67
9381.53
11681.9
9920.84
10879.5
8545.81
8410.46
10452.2
8640.48
8135.63
7371.52
7389.23
0
0
0
0
0
0
0
0
0
0
0
0
0
0
0
0
0
0
0
0
0
0
0
0
0
0
0
0
0
0
0
0
0
0
0
0
0
0
0
0
0
1.51361
-0.590803
1.50278
-0.717944
1.47568
-0.708946
1.42454
-0.676962
1.36943
-0.648906
0.421978
-0.234163
0.893254
-0.462267
0.153126
-0.0869986
0.0306811
-0.0159022
37115.5
53000
34882.5
32436.1
32311.5
51065.9
52402.7
14848.8
14867.9
14314.5
14359.3
14739
15974.9
14222
14422.4
15618.1
13780.6
16010.5
13186.5
15984.3
12232.4
12042.6
13227.6
13356.9
11747.8
11773.4
13055.3
12769.2
10774.3
9852.12
10701
9828.21
9861.58
21536.6
27950.1
29061.5
24500.9
23566.8
29417.1
29528.3
24536
24597
20341.1
16212.5
19844.6
16582.3
20237.9
16147.2
20055
16162.3
690.71
506.043
897.36
1028.17
1709.94
1914.91
12688.9
12847.5
9785.09
6300.28
2365.06
11973
12600.9
8885.26
5510.98
2152.28
23211.9
434.307
1120.32
529
1426.71
1000.39
1937.08
9234.59
6043.52
4117.29
3016.37
2496.48
7620.87
5117.51
3768.2
3017.07
2785.49
0
0
0
0
0
0
0
0
0
0
0
0
0
0
0
0
0
0
0
0
0
0
0
0
0
0
0
0
0
0
0
0
0
0
0
0
0
0
0
0
0
1.52603
-0.599368
1.51581
-0.723566
1.48693
-0.714446
1.43306
-0.680976
1.3741
-0.650675
0.421759
-0.233601
0.894313
-0.46153
0.152938
-0.0868729
0.0306496
-0.0159144
37471.7
53317.3
36053.8
21087.4
31906.6
27644.6
54835.4
67491.3
37412
26909.7
14178.9
26600.3
28396.3
24311
23212
29125.6
29447
24460.8
24576.5
20484.9
16402.9
20108.9
16811
20320.6
16268.2
20082.1
16203.8
10819.3
4394.31
11295
5089.41
10350.3
5755.9
14311.9
15434.7
15700.3
11503.5
5736.11
15787.9
18023.1
14619.3
10253.8
4530.17
10213.4
10585.9
10025.2
10117.3
9219.07
9381.34
11681.8
9920.65
10879.1
8545.46
8410.17
10452
8640.19
8135.28
7371.17
7388.86
0
0
0
0
0
0
0
0
0
0
0
0
0
0
0
0
0
0
0
0
0
0
0
0
0
0
0
0
0
0
0
0
0
0
0
0
0
0
0
0
0
1.51181
-0.594616
1.50244
-0.716993
1.47532
-0.708662
1.42436
-0.67687
1.36936
-0.648884
0.421983
-0.234172
0.893243
-0.462285
0.153129
-0.0870019
0.0306819
-0.0159027
37114.4
52996
34877.3
32539.8
32293.4
50991
52616.5
14851.1
14869.7
14315.6
14362.5
14739.3
15974.9
14222.5
14422.5
15623.1
13795.6
16010.8
13191.4
15984.2
12240
12043.8
13228.4
13362.9
11748.1
11773.5
13055.7
12769.3
10781
9872.55
10701.3
9830.88
9861.45
22253.5
6106.91
999.626
22252
6106.7
999.566
21983.1
21814.8
29589.4
25642.5
9373.13
6581.29
10974.3
8908.65
739.878
959.333
6287.6
7053.62
12785.5
13668.6
26997.5
26259.9
22547
643.9
85.9148
4727.25
3582.11
9141.54
7266.4
257.611
205.683
191.674
2594.02
1765.12
1320.63
4945.15
3595.02
3088.37
28905.4
27581.6
33318.9
28206.3
21515.3
20928.6
24293.6
21980.2
110.898
84.3968
1238.34
949.284
1365.8
1503.7
13602.7
20404.7
7707.9
87.4153
102.111
746.52
580.251
1394.35
1238.16
40.3736
35.1886
37.9425
490.464
441.353
410.456
1221.41
1164.88
1086.74
15626
16019.4
16493.2
16491.9
15199.8
13317.2
13578.9
13269.9
13469.3
17242.8
17245.8
17243
16684.1
15244.5
13470.1
13774.2
13366.6
13501.9
21985.6
21816.8
29603.7
25648.5
9182.73
6442.88
10940.2
8896.64
638.173
822.907
6264.97
7034.9
12781.4
13663.8
26997.1
26260.5
22545.9
536.68
-19.635
4744.58
3596.88
9137.85
7265.37
203.383
164.297
162.421
2611.54
1772.51
1322.01
4945.88
3596.2
3089.29
28909.9
27582.7
33334.4
28212.2
21323.5
20868.7
24258.5
21948.9
96.0697
71.4878
1230.21
941.842
1364.75
1502.85
13603.2
20405.7
7707.66
76.1019
96.7449
739.966
575.641
1393.63
1237.41
34.1391
29.2981
31.5621
486.553
439.381
409.232
1220.74
1164.37
1086.4
15559.4
16023.2
16495.6
16493.4
15200.9
13317.9
13579.8
13270.7
13470.1
17208
17249.1
17244.9
16685.5
15245.6
13471
13775.2
13367.5
13502.7
19679.3
14081.7
345.069
174.448
85.9619
38.3855
10.8044
350.401
176.272
86.6626
38.6438
10.8695
24274.2
26248.5
25953.2
24848.4
25932.8
26800.3
398.483
194.416
94.2482
41.6347
11.6521
394.474
193.473
93.8907
41.4907
11.6135
3478.11
3425.08
3310.21
3033.72
2417.84
25402.7
23620.5
24364.6
22724
21646.1
18569.7
20072.5
15608.6
12939.9
19672
15219.4
12612.5
13955.9
10219.2
8304.02
19777.5
18023.4
16790.1
14619.5
12826
10253.8
6624.79
4530.1
13908.6
9651.74
14731.4
9657.01
5305.1
2664.59
1346.03
670.961
5310.9
2640.57
1296.89
642.713
352.251
186.759
92.2814
41.013
11.5006
343.642
183.425
90.897
40.4652
11.3566
10.3309
14.924
25.6753
46.4649
82.0203
133.827
27.3359
39.3205
48.3886
54.35
57.2761
39.4204
56.5384
69.3653
77.715
81.7829
67.6385
96.5779
117.937
131.627
138.219
121.999
173.232
210.332
233.656
244.721
214.466
302.464
364.701
402.905
420.712
348.314
487.524
583.406
640.732
666.947
413.343
1052.55
1423.25
1649.01
1769.29
1820.74
19881.9
15477.8
12600.9
15602.2
11223.6
8885.26
10768.5
7061.06
5510.98
5514.79
3083.18
2152.28
14764.7
9872.84
15032.5
9742.67
18503.6
16190.5
12378.8
9906.94
5824.19
4834.64
13274.1
10682.2
9107.28
7823.82
6540.72
5759.35
4204.46
3644.56
3302.32
5161.88
2516.63
1256.24
624.719
5268.41
2590.73
1266.84
626.89
329.121
175.752
87.4309
39.0699
10.99
335.215
179.299
89.0622
39.7266
11.1621
361.423
911.091
1210.58
1376.07
1452.31
1480.23
10.2107
14.4955
24.6884
44.3382
77.7839
124.728
27.0115
38.8384
47.7746
53.6406
56.5165
38.2638
54.818
67.1726
75.1799
79.0673
64.9712
92.6038
112.863
125.754
131.924
116.242
164.633
199.33
220.897
231.033
202.95
285.154
342.419
376.95
392.798
323.658
450.658
536.204
585.972
608.179
25952.8
24848.8
25941.2
26804.4
398.5
194.428
94.2553
41.6381
11.653
394.502
193.488
93.8991
41.4946
11.6146
3478.4
3425.36
3310.46
3033.93
2418
19679.9
14081.4
345.011
174.422
85.9498
38.3803
10.803
350.333
176.243
86.6495
38.6382
10.868
24270.7
26245.3
50117.2
65463.5
33970.3
37468.6
16915.5
19055.8
2350.55
2524.94
0
0
0
0
0
0
0
0
0
0
0
0
0
0
0
21449.9
19190.1
24172.1
19913.2
24447.2
25655.1
14856.7
9092.65
14898.2
9020.1
4616.79
2304.5
1173.78
589.497
4709.57
2355.22
1209.53
609.413
591.523
1083.83
671.442
212.122
748.838
1138.52
689.067
217.428
1037.27
1234.66
713.76
221.246
1384.27
1348.87
751.886
232.42
1572.17
1447.89
788.496
242.618
1592.87
1576.85
856.397
260.8
1509.77
1519.92
822.584
250.704
1609.32
1618.69
872.649
262.252
1681.62
1652.49
890.377
266.989
310.248
167.594
84.1626
37.8429
10.6784
317.543
170.189
85.1157
38.1865
10.7641
350.473
178.487
87.7047
39.0527
10.975
349.682
177.178
87.0794
38.8051
10.9108
356.674
180.782
88.7002
39.4467
11.0775
364.923
183.916
90.0037
39.9631
11.2127
323.101
168.193
83.8492
37.6539
10.6247
326.915
169.512
84.3072
37.8104
10.6627
335.295
171.918
85.1007
38.0824
10.7293
24591.1
24581.7
24399
23838.9
22140.8
15208.8
16407.1
14859.5
14961
15879.2
4576.4
1130.69
262.021
47.4019
15764.7
4505.57
1111.29
256.829
46.1984
15455.8
4394.2
1082.3
250.019
45.0112
14815.6
4195.28
1033.95
239.34
43.1677
13617.3
3878.33
962.563
224.256
40.6244
10541.7
3180.19
816.673
194.907
35.852
11489.8
3450.37
875.247
206.486
37.6704
10163
3048.85
785.033
188.391
34.8243
10108.2
3011.95
774.21
186.333
34.4394
48669.8
65723.9
27092.2
32261.4
14893.5
17241.6
1726.41
2134.48
213.784
2102.34
1009.39
526.349
549.319
752.603
881.063
950.68
980.003
4239.04
4022.7
3480.76
3063.15
2880.74
2307.29
2645.59
2653.27
2565.32
2506.52
1293.7
1652.4
1811.27
1861.32
1871.58
0
0
0
0
0
0
0
0
0
0
23213.2
17409.8
23322.1
17763.8
23180.6
25252.1
13195
9012.19
13482.2
8922.15
5125.66
2678.41
1372.89
685
5112.94
2670.33
1380.36
692.63
2327.5
1897.93
981.491
291.019
2387.9
1899.95
982.802
292.837
2478.66
1895.45
972.657
287.766
2461.32
1877.63
969.681
289.775
2196.56
1831.35
959.713
289.637
1727.2
1722.63
936.833
285.317
1813.88
1767.05
944.518
285.846
1661.04
1692.77
916.92
276.175
1693.52
1674.69
904.221
271.415
357.157
190.03
93.9536
41.7349
11.697
358.461
189.641
93.6153
41.5707
11.6507
378.728
191.176
93.1575
41.2183
11.5427
386.618
192.59
93.6216
41.3913
11.5876
374.657
189.254
92.3902
40.9213
11.465
371.024
186.836
91.2863
40.478
11.3483
392.343
195.046
94.8719
41.9448
11.7404
392.882
194.98
94.777
41.8911
11.7244
395.214
194.876
94.5679
41.7816
11.6929
23253.1
23159.2
22938.8
22325.9
20855.7
15294.2
16338.1
14942.1
14991
15128.6
4413.91
1098.22
256.073
46.5475
14987.1
4342.06
1079.29
251.08
45.3893
14667.6
4234.13
1052
244.714
44.2766
14092.4
4053.99
1008.04
234.908
42.5663
13095.7
3777.75
944.156
221.131
40.2083
10555.9
3175.95
814.973
194.553
35.8085
11376.4
3411.83
866.776
204.954
37.4677
10198.9
3054.76
785.828
188.517
34.8473
10123.6
3015.1
774.745
186.427
34.4548
17.2221
22.3365
33.9299
54.6476
88.8939
143.212
226.444
348.45
518.178
733.064
954.695
1101.5
45.3791
64.8172
79.1808
88.3999
92.8438
58.707
83.5033
101.567
112.994
118.442
88.8491
125.606
151.824
168.058
175.674
142.464
199.933
239.89
264
275.097
230.48
320.605
381.337
416.864
432.857
368.757
507.317
597.07
647.61
669.804
577.908
784.023
910.891
979.067
1008.29
879.237
1172.15
1340.96
1426.8
1463.2
1288.96
1681.87
1889.87
1989.46
2033.02
1792.45
2280.96
2513.38
2618.78
2671.17
2293.62
2846.86
3080.98
3184.26
3249.18
2618.04
3201.08
3428.68
3528.99
3604.61
17.3872
22.8814
35.0083
56.525
91.9243
147.736
232.475
355.303
524.49
737.212
956.309
1101.77
45.8269
65.4879
80.0416
89.4004
93.9186
60.1863
85.7226
104.419
116.313
122.01
91.7825
130.021
157.515
174.696
182.818
147.587
207.683
249.926
275.747
287.763
238.793
333.274
397.86
436.302
453.872
381.268
526.608
622.488
677.736
702.502
594.82
810.614
946.51
1021.78
1054.93
898.959
1204.23
1385.09
1480.7
1522.61
1308.07
1714.87
1937.24
2048.9
2099.49
1806.54
2308.12
2555.01
2673.09
2733.15
2300.83
2863.44
3108.51
3221.78
3293.02
2619.98
3206.43
3438.13
3542.26
3620.37
238.042
2523.11
592.005
614.723
849.621
1004.33
1092.87
1132.16
5631.42
6049.07
5869.31
5793.25
5861.12
1484.29
1960.59
2226.08
2356.63
2410.73
50175.8
65491
34035
37469.2
16928.7
19112.6
1604.04
1723.29
0
0
0
0
0
0
0
0
0
0
0
0
0
0
0
21219.9
19116.9
24133.5
19882.9
24444.9
25653.8
14851.8
9099.61
14880.8
9015.7
4615.79
2303.03
1172.93
589.034
4708.67
2354.9
1209.37
609.342
590.354
1082.68
671.047
212.009
748.534
1138.45
689.006
217.409
1037.05
1234.45
713.645
221.21
1383.99
1348.59
751.734
232.373
1571.86
1447.56
788.322
242.566
1592.6
1576.51
856.207
260.742
1509.49
1519.58
822.397
250.648
1609.08
1618.37
872.468
262.197
1681.41
1652.21
890.211
266.939
309.943
167.454
84.1103
37.8244
10.6738
317.513
170.17
85.1056
38.1822
10.763
350.401
178.456
87.6905
39.0467
10.9733
349.612
177.149
87.0658
38.7993
10.9093
356.602
180.749
88.6855
39.4405
11.0758
364.853
183.884
89.9891
39.9568
11.211
322.884
168.113
83.8215
37.6444
10.6224
326.9
169.495
84.2987
37.8069
10.6618
335.253
171.897
85.0902
38.0779
10.728
24515.7
24585.3
24400.7
23840
22141.7
15209.6
16408
14860.2
14961.7
15864.3
4568.81
1128.23
261.391
47.282
15762.2
4504.58
1110.91
256.718
46.1759
15455.2
4393.89
1082.17
249.973
45.0009
14815.7
4195.22
1033.91
239.321
43.163
13617.7
3878.39
962.56
224.25
40.6225
10542.2
3180.32
816.703
194.913
35.8527
11490.3
3450.48
875.266
206.488
37.6703
10163.5
3048.99
785.066
188.399
34.8255
10108.7
3012.1
774.246
186.341
34.4407
48725.9
65770.9
27141.8
32313.2
14845.1
17184.6
1160.65
1439.26
213.764
2102.32
1009.36
526.316
549.266
752.524
880.961
950.562
979.876
4238.96
4022.54
3480.54
3062.9
2880.48
2307.19
2645.43
2653.06
2565.07
2506.24
1293.61
1652.26
1811.09
1861.11
1871.35
0
0
0
0
0
0
0
0
0
0
23251.6
17427.5
23321.2
17762.7
23176.8
25249.9
13207.7
9022.65
13481.6
8924.06
5129.01
2679.62
1373.33
685.121
5113.53
2670.45
1380.37
692.62
2336.18
1899.17
981.741
291.043
2387.38
1900.14
982.853
292.846
2478.44
1895.47
972.664
287.763
2461.16
1877.58
969.656
289.764
2196.41
1831.26
959.663
289.62
1727.05
1722.46
936.733
285.287
1813.73
1766.91
944.442
285.823
1660.88
1692.56
916.797
276.137
1693.34
1674.44
904.075
271.37
357.115
190.02
93.9599
41.7399
11.6986
358.455
189.63
93.6086
41.5677
11.6499
378.686
191.156
93.1473
41.2137
11.5414
386.584
192.572
93.6125
41.3871
11.5864
374.605
189.23
92.3784
40.9161
11.4635
370.961
186.807
91.2728
40.4721
11.3467
392.233
195.027
94.8715
41.9462
11.7409
392.901
194.974
94.7727
41.8892
11.7239
395.212
194.868
94.5623
41.779
11.6921
23212.6
23162.2
22940.3
22327
20856.8
15295.1
16339.1
14942.9
14991.8
15122.6
4407.4
1095.91
255.463
46.4301
14986.1
4341.5
1079
250.983
45.3688
14667.6
4234.06
1051.93
244.679
44.2681
14092.8
4054.06
1008.03
234.898
42.563
13096.2
3777.88
944.176
221.13
40.2075
10556.4
3176.11
815.01
194.56
35.8096
11377
3411.99
866.808
204.959
37.4682
10199.4
3054.91
785.866
188.525
34.8487
10124.1
3015.25
774.782
186.435
34.4562
17.2199
22.3337
33.9261
54.6417
88.885
143.199
226.425
348.423
518.143
733.019
954.642
1101.44
45.3732
64.8085
79.1699
88.3873
92.8304
58.6996
83.4925
101.553
112.978
118.425
88.8387
125.591
151.804
168.035
175.65
142.448
199.91
239.86
263.966
275.06
230.456
320.569
381.291
416.811
432.8
368.721
507.264
597.001
647.53
669.718
577.856
783.945
910.791
978.949
1008.17
879.164
1172.04
1340.81
1426.63
1463.01
1288.86
1681.73
1889.68
1989.23
2032.77
1792.32
2280.77
2513.13
2618.48
2670.84
2293.48
2846.64
3080.69
3183.91
3248.79
2617.88
3200.84
3428.36
3528.6
3604.18
17.3849
22.8785
35.004
56.5185
91.9145
147.722
232.454
355.273
524.45
737.162
956.251
1101.71
45.8208
65.479
80.0304
89.3876
93.905
60.1785
85.7112
104.405
116.297
121.993
91.7711
130.005
157.494
174.672
182.793
147.57
207.658
249.895
275.712
287.725
238.767
333.236
397.812
436.248
453.814
381.228
526.551
622.417
677.655
702.416
594.763
810.531
946.407
1021.66
1054.81
898.88
1204.11
1384.95
1480.53
1522.44
1307.97
1714.72
1937.04
2048.67
2099.25
1806.41
2307.93
2554.76
2672.8
2732.84
2300.67
2863.21
3108.22
3221.43
3292.64
2619.82
3206.19
3437.81
3541.88
3619.95
238.018
2523.02
591.961
614.662
849.533
1004.22
1092.74
1132.03
5631.2
6048.77
5868.98
5792.9
5860.74
1484.18
1960.43
2225.88
2356.42
2410.5
19881.9
15477.4
12600.3
15601.9
11223.1
8884.59
10767.9
7060.48
5510.35
5514.29
3082.75
2151.91
14771.5
9876.9
15036
9745.23
18503.5
16190.7
12379.2
9907.37
5824.38
4834.97
13274.3
10682.2
9107.26
7824.18
6541
5759.55
4204.86
3644.89
3302.58
5163.37
2517.16
1256.47
624.824
5269.59
2591.2
1267.05
626.992
329.173
175.78
87.4441
39.0756
10.9916
335.268
179.327
89.0758
39.7325
11.1637
361.45
911.166
1210.69
1376.22
1452.49
1480.42
10.2121
14.4974
24.6915
44.3434
77.7923
124.74
27.0152
38.844
47.7816
53.6486
56.525
38.2689
54.8255
67.182
75.1906
79.0788
64.9793
92.6158
112.879
125.772
131.942
116.255
164.654
199.356
220.926
231.064
202.973
285.187
342.461
376.999
392.851
323.692
450.709
536.269
586.047
608.259
25402.6
23620.2
24363.9
22723.5
21644.6
18568.7
20072.4
15608.8
12940.3
19671.9
15219.9
12613.2
13955.8
10219.9
8304.8
19777.2
18023.1
16790
14619.3
12826.2
10253.8
6624.99
4530.17
13907.1
9650.92
14729.4
9655.5
5304.75
2664.4
1345.92
670.903
5310.14
2640.22
1296.73
642.628
352.218
186.74
92.2712
41.0084
11.4993
343.596
183.4
90.8847
40.4597
11.355
10.3295
14.9219
25.672
46.4592
82.0109
133.813
27.3319
39.3148
48.3814
54.3418
57.2673
39.4149
56.5303
69.3551
77.7035
81.7707
67.6295
96.5647
117.92
131.609
138.199
121.983
173.21
210.304
233.624
244.688
214.441
302.428
364.655
402.854
420.657
348.276
487.469
583.337
640.654
666.864
413.309
1052.46
1423.12
1648.85
1769.11
1820.55
)
;
    }
    patch2
    {
        type            calculated;
        value           nonuniform List<scalar> 
348
(
3495.88
3495.58
4396.08
2045.69
1406.12
2239.95
4868.06
2268.26
1601.78
2540.35
4395.44
2045.43
1405.94
2239.65
4867.56
2268.01
1601.61
2540.08
9381.59
6101.6
1347.13
889.534
986.637
825.343
1139.94
7863.43
5244.52
4223.07
3494.27
2852.93
2465.64
3053.77
2493.56
2030.66
2164.12
1872.96
8207.04
4098.86
2423.62
2233.48
2950.62
2679.34
2060.78
1802.08
1486.35
1289.74
1875.36
1737.28
8993.99
5315.95
6483.53
4019.88
3209.51
75.9013
98.4394
149.419
239.843
388.447
621.16
93.9292
119.764
177.506
277.738
436.622
674.983
63.2259
57.2343
85.0495
80.0321
135.243
133.443
226.277
233.503
375.567
396.612
596.675
613.446
971.443
1470.51
2152.52
3038.5
3937.22
4526.66
1015.12
1471.97
2044.69
2688.38
3275.94
3639.52
76.8045
101.504
155.818
251.919
410.326
659.327
95.0232
123.397
184.781
290.643
458.049
708.355
64.0224
57.9981
87.8343
82.7823
141.382
139.828
238.71
247.399
399.875
424.979
643.766
673.168
1032.3
1554.63
2255.31
3140.77
4012.05
4553.95
1062.8
1532.87
2113.08
2752.56
3321.68
3656.05
9471.85
6150.72
1467.14
968.598
1141.37
927.035
1280.48
9498.66
7482.12
5400.17
5929.92
3230.71
4239.77
2639.24
2977.94
2423.72
9201.58
4780.88
2967.97
2611.27
3439.02
2986.76
2226.21
2037.28
1832.81
1536.35
2304.09
2042.56
9297.23
5456.31
6977.52
4217.37
3459.17
9380.23
6100.79
1346.95
889.418
986.508
825.235
1139.79
7862
5243.7
4222.45
3493.84
2852.66
2465.32
3053.38
2493.27
2030.41
2163.86
1872.73
8205.59
4098.25
2423.31
2233.18
2950.21
2678.98
2060.51
1801.84
1486.16
1289.57
1875.11
1737.05
8992.57
5315.21
6482.52
4019.33
3209.08
75.8902
98.4253
149.398
239.81
388.395
621.079
93.9156
119.748
177.481
277.701
436.564
674.895
63.2164
57.2257
85.0372
80.0204
135.224
133.424
226.246
233.471
375.516
396.559
596.595
613.364
971.317
1470.32
2152.24
3038.1
3936.71
4526.09
1014.99
1471.78
2044.43
2688.04
3275.53
3639.07
76.7931
101.489
155.796
251.885
410.272
659.245
95.0094
123.379
184.755
290.605
457.99
708.267
64.0127
57.9893
87.8213
82.7699
141.361
139.807
238.677
247.365
399.823
424.923
643.685
673.084
1032.17
1554.45
2255.05
3140.42
4011.58
4553.4
1062.67
1532.69
2112.84
2752.24
3321.29
3655.61
9470.61
6149.95
1466.98
968.482
1141.23
926.924
1280.33
9497.87
7481.58
5399.71
5929.52
3230.42
4239.43
2639
2977.68
2423.49
9200.7
4780.43
2967.69
2611
3438.68
2986.45
2225.97
2037.07
1832.62
1536.18
2303.86
2042.34
9296.12
5455.67
6976.79
4216.91
3458.8
3590.08
1912.76
1402.48
3982.43
2229.55
1677.1
4636.6
2733.05
2127.81
5462.64
3284.05
2567.24
6408.83
3668.67
2795.62
12822.5
11202.3
12383.4
10643
11725.6
9769.24
11056
8799.67
10134.3
7800.58
3578.56
1900.37
1390.35
3980.88
2229.9
1677.44
4635.73
2732.92
2127.83
5461.73
3283.73
2567.1
6407.72
3668.24
2795.4
12842.8
11219.3
12380.6
10643.6
11724.6
9768.84
11055.3
8799.22
10133.7
7800.12
)
;
    }
    patch3
    {
        type            calculated;
        value           uniform 0;
    }
    patch4
    {
        type            calculated;
        value           nonuniform List<scalar> 
384
(
7337.27
14258.8
17702.1
46410.9
60124.2
27519.7
16185.2
6538.79
14547
16230.5
42182.5
41787.9
7059.94
14265.3
17685.2
46425.2
60151.4
27518.5
16217.5
6169.53
14455.5
16258.4
42134.9
41876.3
12751.1
14662.7
44102.3
45804.5
12818.4
14751.1
44331.6
46003.9
12751.7
14664.3
44110
45809.9
12819.6
14752.5
44330.9
46007.3
9065.46
9498.07
10227.7
9807.57
3070
8468.78
2575.46
6293.53
3737.87
9614.14
2719.65
6528.94
10221.1
9805.16
9066.68
9499.36
5356.57
4046.97
6816.79
5675.65
18497.6
15601.2
4220.28
5463.06
6585
8107
8513.41
7622.9
9671.85
8211.01
19678.9
15891
7830.43
8773.15
9642.71
10946.9
5177.61
3923.82
6813.62
5692.03
18498.5
15602.9
4107.53
5332.93
6603.28
8129.27
8418.35
7521.63
9701.48
8248.37
19684.3
15893.6
7722.52
8650
9673.59
10977.1
3733.73
9608
2718.58
6526.99
3071.74
8472.82
2576.06
6295.07
70596.5
74598.2
74163.5
76464.8
70605.5
74604.6
74171.9
76472
14251.9
5951.73
18664.2
8704.86
25915
15685.3
9152.59
6782.41
30068.2
50530.3
37798.1
58796.6
25415.8
46791.8
23445.4
45777.4
22733.6
9159.64
25994.9
11517.4
31708.6
18838.2
10341.4
7037.51
32243.1
51626.4
41090.7
60410.9
26560.5
47418.9
23786
45980.7
14048.8
5813.77
18684.1
8729.84
25926.1
15697.4
9157.22
6784.19
30074
50534.4
37804.7
58801.6
25419.8
46795.4
23448.6
45780.8
22585.8
9027.81
26018.5
11550.6
31722.1
18855.1
10348
7039.71
32250.9
51631.6
41098.8
60417.1
26565.9
47423.1
23789.6
45984.3
25035.6
53071.4
31103.7
58959
39263.1
63347
53137.7
37761.9
66702.4
41410.8
69507.8
46513
70173.7
56785.3
24763.3
52712.9
31129.2
58999.6
39276
63362.1
53145.3
37602.9
66498.7
41434.1
69544.5
46525
70186.5
56793
14155.2
14089.8
13845.7
13272.2
12158.9
10242.1
10847.3
9977.21
9896.88
13978.3
13848.6
13525
12929.3
11934.3
10271.8
10817.2
10011.4
9910.67
14147
14085.7
13844.8
13272.3
12159.3
10242.6
10847.8
9977.71
9897.39
13977.7
13846.3
13524.8
12929.6
11934.9
10272.4
10817.8
10012
9911.2
2454.25
2405.84
2342.07
2206.82
1975.68
1738.23
1808.43
1711.04
1690.77
2390.29
2339.59
2274.43
2147.33
1939.33
1739.63
1798.52
1714.78
1692.4
2439.23
2406.9
2342.2
2206.85
1975.73
1738.31
1808.5
1711.12
1690.85
2376.2
2340.84
2274.68
2147.42
1939.42
1739.72
1798.61
1714.87
1692.48
534.287
521.293
505.388
474.293
425.7
389.41
399.33
385.594
380.931
520.152
507.434
492.305
463.562
419.196
389.241
396.976
386.065
381.166
530.213
521.495
505.408
474.292
425.705
389.426
399.342
385.611
380.949
516.223
507.663
492.349
463.577
419.21
389.259
396.993
386.084
381.184
122.538
119.337
115.601
108.685
98.3034
92.066
93.5371
91.54
90.541
119.841
116.753
113.246
106.817
97.1769
92.0093
93.0899
91.6133
90.5804
121.567
119.369
115.599
108.681
98.3027
92.069
93.5389
91.5436
90.5449
118.894
116.789
113.249
106.817
97.1783
92.013
93.093
91.6173
90.5844
22.1427
21.5335
20.865
19.6641
17.888
16.9786
17.1525
16.9236
16.7375
21.7507
21.1628
20.5338
19.4072
17.7355
16.973
17.0924
16.9361
16.7438
21.9661
21.5377
20.8635
19.6628
17.8876
16.9791
17.1527
16.9242
16.7381
21.5773
21.1676
20.5331
19.4064
17.7354
16.9736
17.0928
16.9367
16.7445
)
;
    }
}


// ************************************************************************* //
