/*--------------------------------*- C++ -*----------------------------------*\
| =========                 |                                                 |
| \\      /  F ield         | OpenFOAM: The Open Source CFD Toolbox           |
|  \\    /   O peration     | Version:  2306                                  |
|   \\  /    A nd           | Website:  www.openfoam.com                      |
|    \\/     M anipulation  |                                                 |
\*---------------------------------------------------------------------------*/
FoamFile
{
    version     2.0;
    format      ascii;
    arch        "LSB;label=32;scalar=64";
    class       volScalarField;
    location    "1.4";
    object      gradTy;
}
// * * * * * * * * * * * * * * * * * * * * * * * * * * * * * * * * * * * * * //

dimensions      [0 -1 0 1 0 0 0];

internalField   nonuniform List<scalar> 
5322
(
0.0451121
0.00570085
0.00174609
0.00103011
0.00150111
0.00144828
0.00111438
0.000767652
0.000496332
0.000291575
9.62837e-05
-0.000216742
-0.000196969
-0.000184531
-0.000173372
0.000415393
0.000539372
-8.93684e-06
0.000466048
-0.000788726
0.000960185
-0.0014371
0.00179819
-0.00264069
0.00331046
-0.0044899
0.00547767
-0.00744812
0.00889173
-0.0112673
0.0131969
-0.0163233
0.0191875
-0.0195594
0.0204447
-0.0120301
0.0243234
0.0294069
0.0149208
0.0169126
0.0217375
0.0182881
0.0197535
0.020324
0.0193873
0.0201406
0.0196983
0.0210586
0.0205103
0.0187328
0.0236878
0.0103503
0.0122876
-0.037217
-0.00174489
-0.0213214
0.0119084
-0.0277162
-0.00124194
-0.0240747
0.0120831
-0.0272272
-0.00110207
-0.0239005
0.0121399
-0.0282617
-0.00154841
-0.023214
0.0123353
-0.0316667
0.000899274
0.023754
0.0131616
0.0184803
0.0137203
0.0174589
0.0145105
0.0174158
0.0148311
0.0208921
0.00142784
0.00849921
0.0123222
0.0193357
-0.00115283
-0.00665988
0.00264215
0.00496697
0.0110324
0.00167146
0.0029765
0.000515374
6.73851e-05
6.14343e-05
0.0225594
-0.0133172
0.000440895
0.0134636
0.000427774
-0.000824461
0.00264702
0.000456517
0.0144411
-0.0219295
0.019689
0.000528707
-0.000465575
-5.3214e-05
1.51072e-05
4.3094e-05
3.78802e-05
2.68834e-05
1.78627e-05
1.08043e-05
1.93366e-06
3.52909e-06
0.000151852
-5.2301e-05
-2.62699e-05
-0.000105005
0.000135081
-5.91951e-05
-0.000124544
-0.000177556
-0.000197032
-7.10708e-06
0.00015057
-0.000110027
1.14369e-05
0.000122776
-0.000121286
5.42718e-06
0.000127092
-0.000130724
-4.72272e-06
0.000117602
-0.000142412
-1.22653e-05
-3.99556e-05
0.000219957
0.000177685
-0.000131199
8.36081e-05
6.46982e-05
-0.000147848
2.23628e-05
-0.000138139
0.000106122
0.000113552
-0.000126804
-1.83251e-06
-0.000112655
0.000114597
0.000129735
-0.000111899
1.2353e-07
-0.00010244
0.000136684
-3.55319e-06
1.49315e-07
0.000467497
-0.000359127
0.000512435
-0.000726725
3.90131e-05
-0.000313743
1.41853e-05
3.75594e-05
-3.2795e-05
0.000115868
-0.000229523
0.000230849
-0.000445357
2.28336e-06
0.000458215
-0.000580057
0.000604802
-0.000819514
5.46219e-06
0.000812379
-0.00113488
0.00117969
-0.00159971
9.43312e-06
0.00157377
-0.00215352
0.00223224
-0.00296867
1.49906e-05
0.00291869
-0.00387465
0.00401144
-0.00518605
2.48788e-05
0.00509834
-0.0065771
0.00680502
-0.00851586
4.19323e-05
0.0083625
-0.0105267
0.0108832
-0.0131117
6.44171e-05
0.0128299
-0.0158108
0.0163174
-0.0186244
9.53565e-05
0.0181047
-0.0219991
0.0221769
-0.0133655
-0.000101704
-0.00161116
0.000816727
-0.000473973
-2.28678e-05
0.000117683
0.000196603
1.73433e-05
0.0225828
-0.0133089
5.59655e-05
0.0160234
-0.0025299
-0.00116347
0.00101769
-0.000932648
0.0133728
-0.0222461
0.000140175
9.65171e-05
0.000276933
0.000141726
5.26006e-05
1.1668e-05
-2.99614e-06
-6.98275e-06
-6.28673e-06
2.89436e-07
-2.79795e-06
-0.000120172
-0.000129682
-0.000130254
-0.000119877
3.30436e-05
3.46114e-05
1.74299e-05
-0.000153414
6.59269e-05
-0.000148919
3.42215e-05
3.31222e-05
1.79616e-05
-0.000147046
4.40245e-05
0.00013762
8.35099e-05
-0.000153497
6.62385e-05
0.00014961
0.000210016
0.000232339
-0.000453826
-0.000453506
-0.000485534
0.000457048
-0.000735344
0.00093588
-0.00135711
0.00180209
-0.00248094
0.00326497
-0.00433783
0.00554095
-0.00721687
0.00880621
-0.0114
0.0131168
-0.0168738
0.0180981
-0.00308932
0.0118037
-0.00171917
0.000574562
0.0156732
-0.0155245
0.00099181
0.0118908
-0.0107756
0.000662314
0.00815505
-0.00686942
0.000438991
0.00518085
-0.00412556
0.000280436
0.00306037
-0.00235498
0.000167828
0.00168132
-0.00128621
9.34855e-05
0.000859237
-0.000696512
7.37768e-05
0.000401205
-4.12335e-05
0.000401445
-0.000695862
7.38596e-05
0.000458832
-0.000483844
0.000177115
0.000271116
0.000191604
0.000187599
-0.00042461
0.000363529
-0.000659389
0.000823813
-0.00121494
0.00163148
-0.00223165
0.00297988
-0.00392444
0.00505999
-0.00658246
0.00803809
-0.0104294
0.0119366
-0.0149806
0.0159558
-0.00162496
0.00888247
-0.00651214
0.000913616
0.0221063
-0.0218487
0.00122723
0.0173077
-0.0146589
0.000754744
0.0117074
-0.00911045
0.000465843
0.00734224
-0.00542529
0.000289894
0.00434355
-0.00308292
0.000171391
0.00242119
-0.00166938
9.6843e-05
0.00127191
-0.000895096
7.72754e-05
0.000615905
-0.000532252
0.000174582
0.000379505
0.000327885
-0.000163087
0.000396793
-8.85613e-05
4.34966e-05
0.000435029
-0.00038535
0.000454382
-0.000581175
0.000931016
-0.000828765
-9.60134e-06
-0.00069413
0.000593648
-0.000475052
9.43735e-06
0.000489678
1.78868e-05
-2.24701e-06
-0.000122855
1.06634e-05
-9.68538e-06
6.38114e-06
-4.73548e-06
-2.71012e-06
0.000455435
-0.000456693
0.000588944
-0.000812005
1.94723e-06
0.00115222
-0.00157424
0.00218803
-0.00291779
1.15767e-05
0.0039418
-0.0050917
0.00670157
-0.00834369
3.04354e-05
0.0107334
-0.0127976
0.0160753
-0.0181036
-3.40141e-05
3.20684e-05
5.15757e-05
0.00014804
7.07082e-05
7.69299e-05
0.0108552
-0.0127993
5.55322e-05
0.0152283
-0.0183848
0.0164134
-0.0179368
0.000162905
0.0219238
-0.0246984
0.0159047
-0.0122899
-0.0235461
-0.00185905
7.70787e-05
-0.00843407
-0.0022927
0.000293998
0.0116604
0.0140849
0.000875002
-0.0179062
0.0115379
-6.20836e-05
-0.00984606
0.00748367
-0.000161689
-0.00573787
0.00458545
-0.000105365
-0.00324097
0.00262223
-8.47551e-05
-0.00179174
0.00147232
-6.09795e-05
-0.000899759
0.000797563
-6.12913e-05
-0.000442047
9.0567e-05
0.000161811
-0.000296728
-3.00915e-05
0.000559283
-0.000737557
0.00082182
-0.00111643
0.00154229
-0.00206629
0.00333985
-0.00294061
-1.82544e-05
-0.00251379
0.00218585
-0.00159205
-1.55108e-05
0.00179848
9.84615e-06
-4.57366e-05
-2.36489e-05
-4.63491e-05
-0.000173149
-2.22677e-05
1.74038e-05
-4.61827e-06
4.37607e-05
3.77278e-05
1.57263e-05
-2.28364e-05
0.000357834
0.000113304
1.74483e-05
9.32712e-05
-2.20192e-05
-8.49687e-05
-6.29994e-05
6.3158e-05
0.000107122
-0.000110804
-0.000169574
-0.00144603
-9.53581e-05
0.00181529
-0.0026338
0.00276915
-0.00360471
0.00473741
-0.00592378
0.00972008
-0.00837762
-2.13259e-07
-0.00763515
0.00673358
-0.00512201
-1.63144e-05
0.00586191
4.956e-05
-8.1435e-05
-6.75718e-05
3.98383e-05
-0.000623087
-0.000310855
-0.000219771
-0.000358891
-0.000153532
-0.000110705
0.000998855
-5.26914e-05
-2.27724e-05
0.000164644
-0.000276986
-9.07397e-05
0.000219878
0.000404416
0.000724898
2.14538e-05
-3.90317e-06
7.78429e-05
4.08906e-05
-0.000732318
-5.31298e-05
0.000941419
0.000859084
-0.00128323
9.38049e-05
-0.00135567
-0.000106182
0.00181085
0.00168284
-0.00234767
0.000168828
-0.00248874
-0.000179253
0.00327099
0.00307003
-0.00411302
0.000282842
-0.00437063
-0.000214502
0.00552511
0.0052166
-0.00685813
0.000445048
-0.00731048
-2.14579e-05
0.00868629
0.00827609
-0.0108146
0.000676104
-0.0115803
0.000971303
0.0125949
0.0122647
-0.0158206
0.00101488
-0.0168989
0.00432271
0.0166059
0.0166033
-0.00224899
0.000584934
-0.00277229
0.055484
-0.0275604
-0.0285145
0.0415242
0.010976
0.0037954
-0.0315394
-0.00753869
-0.0046
0.0130966
-0.0137708
-0.000266061
0.000679909
-0.00275038
-0.00305397
-0.000653245
0.000810971
0.00042129
-0.000207726
-0.000492332
-0.00016675
0.000202615
5.45119e-05
2.51928e-05
1.00049e-05
3.21171e-08
-5.86032e-06
-2.13853e-05
-9.82109e-06
0.000237422
-0.000237833
1.02381e-06
1.59094e-06
-0.000242761
0.000238837
-7.58457e-07
7.55353e-07
-9.33931e-07
-1.79718e-05
-1.15376e-05
4.31068e-05
1.27209e-06
4.95071e-05
-1.75944e-05
-2.17308e-05
-1.52626e-06
8.33232e-05
-9.9788e-05
0.000101705
-8.14217e-05
-8.30504e-05
-6.80713e-05
4.05785e-06
0.000101355
8.82059e-05
-8.66944e-05
-2.54138e-06
-0.000100656
5.11256e-07
1.13959e-06
9.3608e-07
-1.11872e-05
-1.17967e-05
-5.10004e-05
-4.60455e-05
-9.17908e-05
-0.000145128
-0.000184928
-0.000137647
-5.7102e-05
0.000714831
-0.00187578
-0.000835859
-0.00027442
0.00560947
-0.00691922
0.00767857
-0.00933396
0.0116676
-0.000568955
-0.0110171
-0.000588853
0.00934517
-0.00029616
-0.001055
0.000168777
0.000115789
0.000235851
0.000281758
-0.000262804
-0.00311533
0.0107341
-0.00519222
-0.0175135
-0.00280056
-0.00354134
-0.042551
-0.0120965
0.00157804
-0.0181085
0.0130385
0.000664156
0.000563615
0.0157451
0.013174
0.00166389
-0.00152276
0.0172783
0.0155489
0.00175707
-0.00181557
0.0157321
0.0176842
0.00164164
-0.00405297
0.0131363
0.0178912
-0.00641977
0.0105152
-0.00911755
0.0097615
-0.0382096
-0.0206199
0.00324287
-0.00944864
0.0177192
-0.00112051
-0.0286592
0.0167579
-0.000308768
-0.0197489
-0.0196797
-0.0282078
0.00915813
-0.0146417
-0.00990928
0.015015
-0.0255283
-0.00399558
0.01578
-0.0154203
-0.00140402
0.011454
-0.00929477
-0.000735763
0.00742944
-0.00558548
-0.000495688
0.00450919
-0.00325574
-0.000322906
0.0025934
-0.00180443
-0.000180539
0.00142163
-0.000953194
-6.05363e-05
0.000779139
-0.000467465
7.81058e-05
0.000393024
-0.00016972
0.0003254
0.000378256
-0.000536868
0.000614497
-0.000904121
7.80533e-05
0.000362226
-0.000425125
0.000174099
0.00018636
0.000192888
0.00027078
0.000231763
0.00017689
0.000352266
0.000218916
-9.65703e-05
-0.000286297
-0.000484132
-0.000484619
-0.000800999
-0.00134899
-0.0010483
-0.000514746
-0.000308712
0.00324059
-0.00435649
-0.000217385
-0.000147663
-0.000276434
2.41476e-05
-0.00450545
0.00394661
1.78103e-05
0.00297331
-0.00395682
1.98626e-05
0.0052053
-0.0067081
4.51278e-05
0.00856196
-0.0107158
8.91686e-05
0.0131746
-0.0160342
0.000125042
0.0185568
0.000150069
0.000357401
6.8768e-06
-3.02256e-05
-7.11749e-05
1.0894e-05
2.62125e-05
1.86065e-05
1.01292e-05
4.26934e-06
1.34231e-06
5.35441e-07
2.04015e-06
6.50516e-06
-0.000231963
4.83419e-06
1.4233e-05
-1.66363e-06
-5.32519e-06
-1.01707e-05
-1.72317e-05
-3.19025e-05
-6.4677e-05
-0.000128837
-0.000173876
0.000726794
-0.000220427
-0.000573793
-0.000789053
0.0152254
-0.0163096
0.0189672
1.65188e-05
-0.00267411
0.00222249
0.00683779
2.04578e-05
-0.00616312
0.00575722
0.00587029
2.46904e-06
-0.00655852
0.00611319
0.00528389
-1.13276e-05
-0.00828309
0.00785035
0.00742013
-0.000165715
0.0106269
-0.0111776
0.0109035
-0.0116966
-0.00109503
-0.00576774
0.00815483
-0.000738022
-0.00787141
-0.000187603
-5.71399e-05
0.0270265
-8.55433e-05
-0.0272029
0.0173796
-0.000625083
-0.0179793
0.0180291
-0.000400774
-0.0188877
0.0273887
-0.000266974
-0.027408
0.0234499
-0.0233762
0.0232129
-0.0237966
0.000118549
-0.0271014
0.0268076
-2.48668e-05
-0.0180316
-0.000699717
0.0181734
-0.0155324
8.03581e-05
0.0276549
0.0100413
0.0264259
0.00982943
-0.0110378
0.0159568
0.00221362
-0.0111753
0.0107973
0.000885543
-0.00804792
0.00706667
0.000576856
-0.00523648
0.00449474
0.000371544
-0.00318419
0.00262931
0.000242682
-0.00183487
0.00149075
0.000116126
-0.00100168
0.000753114
1.2504e-05
-0.000563174
0.000319057
-0.000152944
-0.000435187
-0.000113743
-0.000356987
0.000239289
2.30029e-05
1.23332e-05
0.000142635
4.07243e-05
-0.000220944
-0.000177446
-4.35709e-05
-0.000139145
-8.46758e-05
-6.3995e-05
-0.000154543
-7.05809e-05
-7.55919e-05
-0.000153191
-0.000225881
-0.000245529
-0.000175159
0.000483659
4.13128e-05
-0.00036626
-7.17259e-05
0.000653484
0.000768667
5.02258e-05
-0.000783524
-9.28156e-05
0.00117329
0.00170253
-6.28702e-06
-0.00243485
7.50767e-05
0.00312177
-3.44711e-05
-0.00436648
0.000129188
0.00542736
-6.4308e-05
-0.00737186
0.000149455
0.00887717
-0.000100251
-0.011701
0.000217507
0.0136263
-0.000187635
-0.017509
0.000111988
0.0194182
-0.000480083
-0.0247396
-0.000611615
0.000642751
-0.0149416
0.0244022
0.000136403
0.0134029
0.000407003
-0.0108462
0.0178162
-4.42219e-05
0.00911339
0.000321045
-0.00733142
0.0120334
-3.41506e-05
0.00591323
0.00023216
-0.00461573
0.00761999
-1.68543e-05
0.00360755
0.000167344
-0.00274363
0.00453111
-8.60359e-06
0.00207797
0.000102893
-0.00153062
0.00253725
-3.57235e-06
0.00112203
6.08125e-05
-0.000820767
0.00134937
-4.239e-06
0.000588872
3.30294e-05
-0.000453992
0.0007021
-1.63969e-05
0.000387657
-4.21496e-05
8.92863e-05
-0.000378701
-0.000324445
0.000168079
-0.000395779
-8.04401e-05
-1.22916e-05
-0.000724742
-0.000404466
-0.000354564
-0.000224102
-0.000175815
0.000432544
0.000497951
4.96379e-05
-0.000346673
-7.59111e-05
0.00091474
1.87737e-05
-0.00127878
5.87187e-05
-0.000154178
-7.28695e-05
-3.92571e-05
-0.000479365
1.26964e-05
0.000147456
-1.48826e-05
-3.12261e-05
-3.71047e-05
0.000154886
-4.84355e-05
2.0834e-05
1.8215e-05
7.27977e-07
1.46699e-06
1.31697e-06
2.02482e-06
1.6537e-06
2.96419e-06
-2.46457e-06
-2.15464e-07
0.0011503
-0.00133466
6.83002e-06
-1.34888e-06
-8.9136e-06
1.09927e-06
-0.000601463
6.55851e-07
0.000819148
-0.00116548
2.72316e-06
0.00159908
-0.00220308
7.83805e-06
6.23516e-06
-2.78715e-08
6.53819e-06
7.73782e-06
2.71004e-05
3.89422e-05
2.4816e-05
1.32167e-05
6.47424e-06
5.12007e-06
1.17495e-05
6.86518e-06
4.36659e-07
0.000806914
-0.00111104
0.00100334
-0.00138545
0.00189579
-0.00255045
5.23796e-05
-0.000847992
5.73588e-05
0.000795233
4.67994e-05
-0.000477245
3.14648e-05
0.000375825
-2.03953e-05
3.63716e-06
0.00013137
-1.86719e-05
-0.000281535
0.00172144
7.05198e-05
-0.0014937
-0.000159866
0.00202668
0.00266673
0.000196048
-0.00279074
-0.000256418
0.00369885
0.0044807
0.000332671
-0.00476554
-0.000399669
0.00597697
0.00731871
0.000481657
-0.00770317
-0.000583737
0.0089428
-0.0116066
-0.000789333
0.012147
-0.0166419
-0.0003047
-0.000603986
-0.000117399
-2.09738e-05
2.27728e-05
2.79624e-05
2.24558e-05
1.6214e-05
1.04775e-05
1.54883e-06
3.44865e-06
0.00012074
0.000129936
0.000131078
-2.86527e-05
0.000150976
1.28962e-05
1.16032e-05
0.000155793
-2.38553e-05
0.00015505
-4.71271e-05
6.84452e-06
-1.13828e-05
1.28382e-05
-2.855e-06
7.90628e-06
7.73525e-07
-0.000573718
3.0625e-05
1.54731e-05
6.62813e-06
1.49318e-06
5.28626e-07
-8.69879e-05
8.79164e-05
4.113e-06
-6.95599e-05
0.000118389
-3.05321e-05
8.6525e-06
4.52723e-05
1.70016e-05
-8.05472e-06
0.000155065
-0.000561709
4.12535e-05
-0.000382909
-7.54598e-05
0.00063153
0.000786604
4.23746e-05
-0.000795634
-8.77112e-05
0.00142474
0.0001008
-0.00152932
-0.000157618
0.00215386
0.00260666
0.000194098
-0.00282918
-0.000265055
0.00367819
-0.00482058
-0.000406868
0.0059527
0.000344265
0.000248558
0.000163754
9.6969e-05
4.76379e-05
8.68013e-06
6.34124e-07
2.19215e-06
6.94076e-06
2.79229e-06
-2.36531e-06
-1.15975e-05
-6.38178e-06
-3.56667e-06
-5.7465e-06
-4.51381e-05
-4.45448e-05
-9.44103e-05
-9.88506e-05
-0.000153183
-0.000179255
-0.000778528
-0.0012875
-0.00222103
-0.00240072
-0.00450765
-0.00387625
-0.00221026
-0.00847263
-0.0254273
0.00145847
-0.040696
-0.0304265
-0.0232011
-0.0154926
-0.0136081
0.00511141
-0.0119905
-0.000624382
0.00309018
0.000365651
-0.000134242
0.0147364
-0.0170713
0.0193129
0.000174829
-0.00240199
0.00362056
0.00793617
0.000279249
-0.00555564
0.00742917
0.00741082
0.000289751
-0.00593654
0.00765102
0.00696713
0.000211689
-0.00795611
0.00872681
-0.000391713
0.000339953
0.000499926
0.00346538
-0.014634
-0.0210294
0.00104537
0.0172713
0.000348799
9.81464e-05
0.0108592
0.0001385
-0.0177608
0.0213008
2.56191e-05
-0.0238174
0.0140767
-0.0138007
0.0119991
-0.00241785
-0.0158956
0.000456099
-0.0195156
0.0265984
-0.0232808
0.0209724
-3.67714e-05
-0.020998
2.98358e-05
0.0207951
-6.37566e-05
-0.0208942
1.09571e-05
0.0209848
-7.84927e-05
-0.0210644
0.0236926
-0.0271281
0.00193394
-0.0216495
0.0298912
0.0015916
0.000902935
-0.00981693
0.0104361
-0.0108155
3.80703e-05
-0.0078974
0.00726657
0.000518787
-0.00903658
0.00654405
-0.00772556
0.000685773
0.0151996
-0.00834398
0.00492184
0.00102309
-0.00921407
0.00728215
-0.000163849
-0.000136494
-9.69277e-06
0.000228308
0.000107416
3.35377e-05
2.85107e-06
-6.51816e-06
-8.13172e-06
-6.56137e-06
1.40179e-07
-2.65353e-06
6.9729e-05
8.35068e-05
1.97736e-07
-1.86989e-05
-1.16628e-05
0.000138519
4.40239e-05
-0.000130884
6.47461e-05
8.33451e-05
-0.000139475
8.00635e-07
-0.000142896
-1.21088e-05
-4.05447e-05
-0.000125004
0.000178161
0.000222213
1.09807e-05
4.32324e-05
-1.04234e-05
5.95972e-06
0.000106598
-0.000115394
-1.16231e-06
-0.000127824
0.000128712
0.000116549
-0.000105286
1.87464e-07
-0.000131178
1.43404e-07
0.000131604
2.87049e-07
8.63241e-07
-5.25634e-06
-2.41068e-06
1.35989e-05
8.39621e-06
0.00072421
0.000403809
0.000215812
-9.78341e-05
-0.000290615
-0.000500155
-0.000807345
-0.00131407
-0.00221434
-0.00393194
-0.00398655
-0.00781499
-0.00851229
-0.0184035
-0.0299433
-0.0271373
-0.0272658
0.0112857
-0.0158163
-0.00807679
-0.00872597
-0.0252696
-0.0305229
-0.0276033
-0.0276251
-0.027456
-0.0274428
-0.0313897
0.011435
-0.00137755
-0.00604805
0.0339067
-0.00938034
-0.0228656
-0.0211466
-0.0061907
-0.00753185
-0.0172835
-0.0178521
-0.00216726
-0.00401158
0.000547714
0.000885743
0.000720737
0.0004843
0.000299172
0.00023064
0.000117897
0.000115119
3.9393e-05
7.26872e-05
-0.000196604
-0.000381123
-0.000630396
-0.00100875
-0.00164826
-0.00295476
0.000912949
0.000685222
0.000612971
0.000684895
0.000565978
0.000385853
0.000381493
0.000226786
0.000286904
0.000155464
0.000820813
0.00126284
-0.00167674
0.00240178
-0.00307799
0.000171024
0.00162172
-0.00122018
9.74717e-05
-3.80431e-06
-4.43605e-05
-4.52975e-05
-0.000662205
-1.09048e-05
-0.000147851
8.40888e-05
-4.67785e-05
-6.40811e-06
-1.17515e-05
2.21013e-05
-0.000148357
0.000113274
-6.79537e-07
-1.44125e-07
-1.18876e-07
1.60544e-07
7.01524e-05
-2.43213e-06
8.14486e-07
6.91191e-07
9.94941e-07
-4.2722e-05
6.90469e-07
1.82886e-05
1.15551e-05
1.52475e-05
-1.06183e-05
1.04419e-05
9.81535e-10
1.37344e-06
-4.26575e-05
0.000148848
0.00014027
-8.2074e-05
-2.10033e-05
-6.51569e-05
0.000131969
1.38873e-05
5.67393e-06
1.05348e-06
4.44235e-07
-3.71843e-06
-2.75748e-06
-2.98911e-06
-2.34766e-05
-7.94666e-06
-4.58421e-05
1.86438e-05
-9.00697e-05
-9.58118e-05
-0.000145672
-0.000172231
-0.0022356
0.00295562
0.0043107
-0.00538664
0.00728239
-0.00895555
0.000446074
0.00500462
-0.00391571
0.000283897
1.1967e-05
-6.87532e-05
5.33852e-05
-8.45236e-05
0.000122349
-0.000193681
-0.000225997
-0.00020039
-0.000227918
-0.000166117
-7.9863e-05
0.000106517
0.000165937
7.4625e-05
0.00324135
0.000131163
0.000128526
5.4188e-05
1.94932e-05
3.96915e-06
-2.60192e-06
6.7064e-07
-9.58157e-07
-7.72457e-06
1.00997e-05
2.95678e-06
-4.88259e-06
2.88618e-05
1.15569e-05
1.26852e-05
6.3518e-06
8.75835e-07
9.17257e-06
8.44796e-06
2.43182e-06
5.24407e-06
1.02325e-05
1.83751e-05
7.46203e-06
6.78629e-05
2.96684e-05
4.53955e-05
0.000151371
6.33439e-05
0.000134383
0.000320776
0.000249323
0.000697945
-0.00244226
-0.00283839
-0.000455912
0.000382491
0.00052904
0.000279623
-0.00681761
-0.000164389
-9.07978e-05
-9.51208e-05
-0.000715236
-0.000236967
0.0160148
-0.000222719
-0.0196052
-0.00015623
-0.000830007
-0.0182446
-0.000844161
-0.00101299
-0.0122849
-0.00633642
-0.0103014
-0.0245996
0.00259724
0.00615466
0.000370713
-0.000340121
-0.000294293
-0.000530075
7.88359e-05
-0.0143724
0.0187635
0.000113144
-0.00421845
0.00192605
0.00633904
4.41144e-05
-0.00794975
0.00506825
0.00511777
-1.12787e-05
-0.00819027
0.00540756
0.004548
-6.24212e-05
-0.00754408
0.00184833
-0.0113393
0.00560988
0.0086537
-0.0105577
0.00308575
0.00126589
-0.000623545
-0.000101821
-1.47563e-05
2.95789e-05
3.18266e-05
2.42196e-05
1.68028e-05
9.83734e-06
4.27275e-06
9.55542e-06
4.06389e-05
0.00154568
-0.00210737
5.9704e-05
0.00285381
-0.00379114
0.00339864
-0.00445299
0.00575042
-0.00733916
0.000107437
-0.00268111
0.00012822
0.00255591
7.48145e-05
-0.00153812
9.15796e-05
0.00148218
2.06973e-05
7.70617e-05
0.000491689
-6.57129e-05
-0.000856731
0.00546841
0.000238534
-0.00455687
-0.000399836
0.00575777
0.00747833
0.000491437
-0.00755993
-0.000577623
0.0109253
0.000783095
-0.0114932
-0.000853904
0.012135
0.0154649
0.00080919
-0.019849
-0.000515646
-0.0165102
-0.0196205
0.000933302
0.0150227
0.012469
-0.0162139
-0.000454603
-0.000615618
0.000591473
0.000476368
0.000371045
0.000262632
0.000169414
9.74012e-05
4.58994e-05
8.05003e-05
1.79483e-05
-8.4253e-08
2.65056e-05
-9.16545e-07
0.00497379
-0.00643438
0.000145178
0.00815454
-0.0103106
0.00920258
-0.0113729
0.0140015
-0.0161794
-0.000428879
-0.00652924
6.36981e-05
0.00660807
7.56482e-05
-0.00445412
0.000141847
0.00417368
1.08249e-05
0.000229634
0.00153201
-2.24646e-05
-0.00190406
0.0137403
0.000466902
-0.0106217
-0.000849472
0.0127426
0.015383
0.000809983
-0.020418
-0.000424852
-0.0146011
-0.0262749
0.000260352
0.0190858
-0.00165817
0.00870525
-0.000253613
0.00583289
0.00518003
0.00258683
0.0016359
0.0108439
-0.00640984
-0.000285905
0.00128883
0.000713346
0.000481652
0.000337593
0.000222581
0.000133355
6.57641e-05
3.11963e-05
0.000284823
-0.000188292
-0.000309384
-7.56913e-05
6.07934e-05
-0.000178458
0.000576092
-0.000223403
-0.000263292
-0.000265883
-0.000167333
0.000433285
0.000490414
4.08372e-05
-0.000389802
-7.22399e-05
0.000764534
4.47931e-05
-0.000780673
-8.84578e-05
0.00119195
0.001429
0.000103432
-0.00154871
-0.000162562
0.0021317
-0.000278967
-0.000216956
-0.00189592
-0.000111032
-0.00098411
0.000296849
0.000298424
9.72568e-05
-0.000228634
-0.000370497
-0.000230389
-0.000184796
-0.000404517
-0.000113498
-6.45306e-05
3.61053e-05
5.58864e-06
0.000929212
3.23214e-05
-0.000783279
-9.11603e-05
0.00112033
0.00146175
9.83773e-05
-0.00153606
-0.000155574
0.0025965
0.000199342
-0.00279485
-0.000260181
0.00370251
0.00450603
0.000315842
-0.00582289
-0.000551882
-0.000364296
-0.0034315
0.00073516
0.000739213
0.000489343
-0.000124005
-0.000965219
-4.6642e-05
-0.000434239
0.000101162
-0.000153583
-0.000177655
9.12983e-05
0.000298904
-0.000159561
-0.00118154
0.000259818
3.82277e-05
0.000269974
-4.12665e-05
0.00314964
0.000142893
-0.00269253
-0.00026228
0.00350952
0.00460907
0.000325894
-0.00474329
-0.000392471
0.00725569
0.000511946
-0.00762264
-0.00058968
0.00894513
0.0110931
0.00072319
-0.0139561
0.000434311
-7.02741e-05
-2.33667e-05
1.88604e-05
1.39124e-05
8.3638e-06
4.48852e-06
2.22046e-06
-1.417e-06
3.50206e-07
9.11542e-06
1.1566e-06
-1.83238e-06
2.46513e-06
1.34308e-05
3.76546e-05
6.2527e-05
2.63911e-05
8.42797e-06
1.67221e-06
2.2395e-06
-6.61774e-07
8.18374e-07
0.00116436
1.63997e-06
-0.00115879
0.00159796
3.18396e-06
-0.00219361
0.00220357
-0.00159026
0.0016116
4.05437e-06
-0.00222551
0.00219259
-0.00159817
0.0011586
-9.66224e-07
-0.00117976
0.000826984
-0.000821393
0.000825226
-0.000823244
3.95293e-06
-0.00115341
0.00118503
5.23478e-06
-0.00160485
1.89897e-06
-0.00218434
0.00223608
7.54971e-06
-0.00297706
8.00039e-08
-0.0039199
0.00399856
-0.00393023
0.00394683
5.65993e-06
0.00295776
-0.00294404
2.95391e-06
0.00298847
1.08021e-05
-0.00398046
0.00393324
-0.00294953
-2.05844e-05
-0.00252193
0.00153798
7.58867e-06
0.00180557
-1.56436e-05
-0.00134253
0.000824484
6.07206e-06
0.000938024
-0.000832673
0.000598768
-3.50802e-06
-0.00060973
4.71706e-08
0.000597181
8.20163e-07
-0.000594495
3.05539e-06
0.000611777
4.94699e-06
-0.000595856
0.000836199
-0.000935673
1.18621e-05
1.18331e-05
6.90001e-06
2.17566e-05
1.26469e-05
-0.000238922
0.000248916
-0.00024456
0.000245136
2.10629e-07
-3.5811e-07
-6.90848e-07
-0.000248627
0.000239619
-1.22613e-05
-6.91288e-06
0.000118571
-0.000134048
1.47689e-07
-1.19933e-06
0.000462224
-0.000468274
0.000469808
-0.000460558
0.000480187
-0.000492012
-8.46651e-06
-5.96138e-07
-0.00011801
7.28085e-06
0.000134228
-5.48384e-06
6.71644e-06
6.45959e-06
1.91648e-06
3.78107e-06
6.71373e-06
8.11149e-06
8.11307e-06
-0.0051269
7.45324e-06
-0.00662109
0.00664519
-0.00669742
0.0066401
2.07691e-05
0.00520995
-0.00512928
-2.33605e-05
-0.00450452
0.00275041
1.72606e-05
0.00334083
-0.00207109
-9.6419e-05
-0.00145785
0.00182163
-0.000221578
-0.00260787
0.00319823
-0.000322753
-0.00437558
0.00536076
-0.00038475
-0.00689702
0.00852507
-0.000534423
-0.010522
-0.00117599
-0.000399868
-0.000614178
-0.000215819
-0.000401144
-0.000166147
-0.000276176
-0.000117183
-0.000178533
-6.77518e-05
-0.000122596
0.000998888
-0.0011204
-5.75341e-05
-0.0007529
0.00055898
-1.35964e-05
-1.77713e-05
-0.00010369
-3.46524e-05
-0.000319582
-3.16872e-05
0.000456487
1.70801e-05
-0.000700195
-9.27416e-06
-8.96664e-06
3.83321e-05
1.48108e-05
-2.28481e-05
-0.000239345
0.000357641
0.000114751
0.000434468
0.000151128
8.59161e-05
1.0067e-05
4.25282e-05
-0.000388346
0.000493482
-0.000479007
9.00306e-06
-3.13776e-08
-2.2738e-05
-5.73959e-06
4.35936e-08
4.45032e-05
6.41959e-05
0.000102095
0.000163536
3.82886e-05
-0.00758244
0.00464209
-0.00361141
0.00583342
1.59897e-05
4.4792e-06
-2.08854e-06
2.03487e-06
9.02379e-06
1.98006e-05
3.47421e-05
4.38325e-05
-1.64754e-05
-0.0083719
3.25308e-05
-0.0105694
0.0105252
-0.0119999
0.00736417
7.98648e-05
0.00958988
-0.00594384
-0.000164837
-0.000151667
0.000708821
0.000561919
0.000695403
0.000922466
0.00788974
0.011575
-0.014172
0.00153796
8.26175e-05
-5.9682e-05
0.000386984
-0.000172849
-0.000114484
-0.00651796
5.98497e-05
0.000594871
-0.0102251
0.000684583
9.53233e-05
4.00223e-05
9.16894e-05
0.000208346
0.000307414
0.000141749
5.16806e-05
2.31122e-05
1.97203e-05
1.94771e-05
2.79636e-05
3.776e-05
2.35581e-05
1.7588e-05
2.36205e-05
1.47072e-05
1.28796e-05
1.04402e-06
1.0482e-05
1.19456e-05
9.26226e-05
2.65633e-05
1.64484e-05
1.09828e-05
1.12508e-05
7.88259e-06
4.15975e-06
8.1136e-06
7.77564e-06
7.35587e-06
-2.26623e-05
1.20369e-05
2.60524e-05
1.93712e-05
3.51831e-05
5.68257e-05
6.34212e-05
0.000112466
5.45068e-05
0.000105876
5.00522e-05
0.0125377
-0.0155637
0.000267364
0.0178294
0.000346478
6.65108e-05
0.000200615
0.00125936
-0.00352561
0.0124027
-0.0104014
0.0219223
0.00316304
0.0133312
-0.0117142
0.0101581
-0.00982712
0.00711125
0.00806346
-0.0106522
0.00239571
-0.0115563
0.00751521
0.00776584
0.0145382
-0.000781394
-0.00031711
-0.00182312
-0.000136805
-0.0072189
-0.000155241
-3.19442e-05
3.19689e-05
4.55913e-05
7.72352e-05
3.99311e-05
3.45728e-05
4.10667e-05
3.49001e-05
-4.79824e-06
3.63365e-05
-3.02331e-06
0.000278392
0.000185958
0.00012622
-0.00713751
0.00895221
0.000354656
-0.00721578
-0.000586394
0.0089179
0.0112699
0.000719764
-0.0113367
-0.000829013
-0.0138425
0.000478755
0.00037507
-1.87875e-05
1.06668e-05
-5.08458e-06
0.000220431
3.79858e-05
1.9292e-05
2.56496e-05
1.95181e-05
-4.85993e-06
0.000172727
9.99847e-05
4.67778e-05
-0.000950618
-0.000108874
0.00119281
-3.86845e-05
0.000659254
-0.00044673
-0.00035443
0.00044626
-0.000250062
-0.000224716
-0.000226136
9.85492e-05
-0.000215563
-0.000240562
-0.00190622
0.000518572
-0.000240121
-0.000499673
0.000437026
0.000813381
-0.000376191
-0.00418614
0.000671095
0.000124008
0.000851716
-7.71278e-05
-0.00136501
-0.00054153
0.00102871
0.00171304
0.00121262
-0.000402854
-0.00348577
-0.000364194
-0.00338862
0.0010686
-0.000611999
-0.00594206
-0.00055259
0.00599748
0.00141083
-0.000882696
-0.00950801
-0.000585406
-0.0115155
0.00192809
0.00068892
0.00335597
0.000205531
-0.0177294
0.000426843
0.00226475
0.00274393
0.00387227
0.012776
0.0299621
0.0157551
0.0232141
-0.00216659
-0.00127224
-0.0143423
0.00151417
0.00110801
0.00278898
0.0154861
0.0225335
-0.00208569
-0.00116007
-0.000795546
0.00905891
-0.00920892
0.00133708
0.00105066
0.00128004
0.000680489
0.00222004
0.0142341
0.0227337
-0.00214462
-0.00116875
-0.000797572
-0.00928567
-0.000978085
-0.00068525
-0.000460525
0.00060415
0.000371928
0.000190803
5.57823e-05
0.000175936
0.000897879
0.00121597
0.0014341
-0.00131557
-0.00173025
0.00215394
0.012981
0.025415
-0.00435762
0.00529939
0.00234093
0.00193128
0.00018597
-0.000141827
-7.26183e-05
-3.56928e-05
-1.73812e-05
-8.17758e-06
-2.70883e-06
2.78234e-06
1.46155e-06
6.55329e-07
-2.69169e-07
3.70345e-06
2.01032e-06
2.01816e-06
1.02142e-06
-1.57241e-05
-3.79534e-05
-4.28367e-05
7.51612e-06
2.07644e-05
-0.0018035
0.00160598
8.74297e-06
6.80067e-06
7.96677e-06
6.79552e-06
4.27812e-06
8.29782e-06
2.6101e-05
3.5186e-06
0.000124143
-0.000620538
5.47422e-05
5.14471e-05
7.23593e-06
9.27855e-06
1.15208e-05
5.07002e-07
-6.52256e-06
1.63019e-05
1.20279e-05
1.02384e-05
9.27436e-06
1.05054e-05
1.26205e-05
3.99731e-05
3.73919e-05
0.0104868
3.08609e-06
-0.0104617
0.0128496
-1.89452e-05
-0.0154438
0.0154394
-0.0128294
0.0130553
2.96071e-05
-0.0155775
0.0155879
-0.012801
1.77059e-05
0.014833
-0.0092989
-0.000113594
-0.000123752
0.000111776
0.000252973
0.00030862
-0.000167321
-0.00143239
-0.00292741
-0.00550273
1.03964e-05
-0.00207982
-0.000851943
-0.000257408
0.000261627
0.000242163
5.02578e-05
5.04937e-05
4.87995e-05
2.48682e-05
0.00852092
-0.00837633
0.00840371
-0.00849545
-1.7099e-05
-0.0104695
0.0105979
-6.40416e-07
-0.0130415
-4.68577e-05
-0.0155029
0.0155929
-1.79765e-05
-0.0186383
0.0183573
-0.0210797
-1.39168e-06
-0.00015005
-5.30749e-05
1.58872e-05
2.97175e-05
0.000111108
0.000270503
0.000614063
0.00373676
-0.00234078
0.0559509
-0.00150675
-0.000250889
-0.00106176
-0.0111838
0.00253031
0.00651369
0.000501396
-0.000122485
-0.00570697
-0.000150005
0.00012915
0.000276513
2.35745e-05
3.06271e-05
0.000554497
0.000323821
-0.0182237
0.0161342
-0.000784625
-0.000472932
-0.000160577
0.00320876
-0.000870496
0.00262959
0.00430698
0.00775661
0.0148952
0.00323457
-0.00824277
0.00333883
-0.0115243
0.00265949
0.00120804
-0.00788154
0.000567371
-0.000132451
9.61982e-06
-2.75684e-05
1.04036e-05
0.000113294
-8.27502e-05
-0.000195923
-6.04749e-05
-0.000214313
-4.80769e-05
6.70887e-06
-2.70264e-06
1.14966e-05
-7.59863e-06
-1.6586e-06
-3.97245e-05
4.3469e-06
6.21725e-05
0.00013764
0.000297626
0.00549736
0.0236236
0.0012399
-0.00299556
0.0151005
0.000836893
-0.00212039
-0.00149276
-0.0025131
0.0556057
-0.00124018
-0.000270272
0.000492406
0.000104713
0.000239166
-0.00520484
-0.000166308
-0.00015892
-0.00112286
-0.0112871
-0.0104692
-0.00677546
-0.0238515
0.00256626
0.00580419
0.000255288
-0.000333086
-0.000355854
-0.000216562
-0.00630651
-0.000341117
0.00308193
-0.00205396
0.00331373
-0.00023175
-0.00579474
-0.000364278
-0.000157558
-5.05203e-06
0.000469155
0.00219148
0.00054338
0.000595195
0.00211129
0.00204161
0.000261731
-0.000100943
-2.75492e-05
4.49482e-05
0.000147698
-8.68077e-05
-3.872e-06
0.00132964
0.0188953
0.00172838
0.000736505
-0.000193561
-0.000190506
-0.000138574
-9.10641e-05
-5.98079e-05
4.81206e-06
0.00296418
-0.00333894
2.92783e-05
8.081e-05
4.81742e-06
3.84095e-05
-0.00582231
0.00515295
-4.25652e-06
-0.00661308
0.00672348
-0.00519137
9.41651e-06
0.00514822
4.87927e-06
5.89379e-06
3.17305e-06
5.66671e-06
4.69471e-06
4.29636e-06
1.216e-05
7.62986e-06
1.56403e-06
-2.93659e-05
7.9273e-05
0.0185485
-0.0182835
0.0182587
-1.66914e-05
-3.82096e-06
2.93346e-06
8.20035e-06
-1.02665e-05
0.00840865
-0.00954371
4.38718e-05
0.000148456
0.000116255
-4.24921e-05
3.36571e-05
-0.0146835
0.0128684
-3.48255e-05
0.000556792
0.00039768
0.00029445
0.000179347
0.000105997
3.42292e-05
-1.06316e-05
-8.72766e-05
1.66158e-05
6.73693e-05
0.000130312
3.6377e-07
0.000179927
0.000281625
0.000395894
-7.77459e-05
-3.32084e-05
7.31871e-05
-2.68272e-05
-9.39717e-05
4.44725e-06
-4.40739e-05
-2.93136e-05
-0.00012821
6.73465e-05
-0.000127521
-0.000473224
-4.65269e-05
-0.000159866
-0.000963683
0.00078678
0.00214276
0.000168414
5.49421e-05
-0.018188
9.24443e-05
0.00116518
0.00604041
-0.000164477
-0.000200865
-0.00128688
-0.0132371
-0.00818937
0.00192271
-0.000235848
-0.000192032
-0.000170151
-0.00171439
-0.000349708
0.0128443
0.00345732
-0.000668883
0.00255843
0.0191092
0.00152369
-0.000315274
-0.000496369
-0.000561469
-0.000809256
-0.0181683
-0.0159545
9.33786e-05
0.0015069
0.000748589
0.00307617
-0.00574769
1.84882e-05
0.00017601
-0.000858983
0.000266624
-0.00576654
0.00115714
0.00077765
0.000519292
0.000334788
0.000113773
2.48966e-05
-0.00230555
0.00214922
-0.00185889
0.000488579
0.0144455
0.011549
0.00047518
-0.000114919
-0.000140468
-9.00581e-05
-0.000588756
-5.38624e-05
-5.5382e-05
-7.76999e-05
7.3034e-06
-0.000100088
-1.92989e-07
-0.0191776
0.000497246
-0.0172107
-0.000109154
0.000718998
2.35385e-06
-0.000112381
4.95691e-05
-0.000433948
0.000641008
2.14509e-05
-0.00027732
0.00220762
0.00666511
1.71618e-05
2.06246e-05
0.000120873
2.1825e-05
0.000175785
0.000352839
-0.0122422
9.92556e-05
-0.000183282
9.95511e-05
0.000297425
0.00029635
0.000485864
0.000727903
0.00102947
0.00128395
0.00117676
0.000494354
0.00220894
0.0140412
0.019165
0.0182179
0.0120212
-0.0264081
-0.0252021
-0.00101545
0.0221691
-0.000649927
-0.023666
0.00386051
0.000945252
-0.0026906
0.00198789
0.000358451
-0.00192634
0.00125922
0.000224754
-0.00123476
0.000793982
0.00015303
-0.000765349
0.00045427
8.50245e-05
-0.000459045
0.000236646
3.56346e-05
-0.000268264
0.000107349
-9.68548e-07
-0.00017207
2.58059e-05
-6.5964e-05
-0.000175379
-7.67434e-05
-0.000223164
-0.000264537
-0.000269977
-0.000230257
-0.000235305
-0.000256644
-0.000245126
-0.00025396
-0.000252116
-0.000250658
-0.000249753
-0.000249091
-0.000266236
-0.000252687
-0.000245845
-0.000325211
-0.000171915
-0.000150748
0.000655222
5.8142e-05
0.000376861
-0.000169505
0.000494986
4.84581e-05
0.000440827
-0.000174861
0.000470578
4.29109e-05
0.000455244
-0.000175318
0.000463667
4.33689e-05
0.000477717
-0.000167752
0.000439883
4.40686e-05
0.00057047
6.0233e-05
-3.09401e-05
-0.000308931
3.66144e-05
-0.000317452
0.000372065
-0.000483056
0.000792378
-0.000854537
0.00148614
-0.00151043
0.00257966
-0.00258514
0.00416527
-0.00412496
0.00640366
-0.0059912
0.00959223
-0.00698118
0.0146713
0.00161824
0.0225016
0.0159716
-0.00629833
0.0174074
-0.0162605
-0.000839325
-0.000451033
-0.00957513
0.0100253
-0.00899421
0.0166634
0.00214533
0.0025365
-0.000687975
-0.00142108
-2.45264e-05
0.00144273
0.000146484
-0.0128688
-0.00554202
0.0080134
-0.0049667
-0.00657107
0.00877317
-0.000946413
0.00970635
-0.00145428
-0.000791927
0.00758678
-0.0151457
-0.0190043
-0.0240883
-0.0291515
0.0313085
-0.0235773
0.0245302
0.000245799
-0.0133468
0.0231068
-0.0122849
-0.0147789
-0.0166505
-0.0215405
0.0279408
-0.0182058
0.019618
-0.0152687
0.0137848
-0.0108903
0.0091478
-0.00709407
0.00571836
-0.00429165
0.00338792
-0.00242626
0.0019141
-0.00128806
0.00103923
-0.000661702
0.000167057
-0.000163937
0.000111872
7.26373e-05
-0.000550316
0.000911866
9.41612e-05
-0.0011315
0.00173156
0.000164683
-0.00217144
0.00307749
0.000267256
-0.00380949
0.00510556
0.00040859
-0.00614596
0.0079601
0.000594578
-0.00915568
0.0118023
0.000839968
-0.0124255
0.0168431
0.00045741
-0.0140859
0.0240856
-0.0121135
-0.0179668
-0.0185861
-0.0196482
0.0267441
-0.0121102
-0.019526
-0.0186457
-0.018212
0.0268084
-0.0165833
0.0198014
-0.0149894
0.0139425
-0.0108166
0.00915826
-0.00685388
0.00548751
-0.00400653
0.00310575
-0.00219995
0.0017712
-0.00116593
0.000962178
-0.000616463
0.000124644
-0.000150086
0.000204725
6.7736e-05
-0.000541234
0.00133155
9.58395e-05
-0.00154423
0.00241215
0.000151995
-0.00294456
0.00418521
0.000203837
-0.00524126
0.00528015
0.000448488
-0.00680851
0.00762453
0.000617941
-0.00925352
0.0111626
0.000805361
-0.0125565
0.0164259
0.000300972
-0.0149859
0.0248426
-0.0120151
-0.0214722
-0.0211817
-0.0171581
0.0318933
-0.0222182
0.0236366
0.000613876
0.00223127
-0.0103388
0.00347775
-0.00497357
-0.0222954
-0.00517002
-0.0017756
-0.0146202
0.000205668
-0.0186259
0.0202086
0.000173306
0.0197114
-0.022671
0.0257872
-0.00150315
-0.0214321
-0.0013343
-0.00226254
0.00983549
0.00895051
-0.00216506
-0.0166072
-0.0156346
-0.011815
0.00824406
-0.0080123
-0.00431739
0.0091678
-0.00144124
0.00841859
-0.00714297
-0.00736159
0.00810431
-2.7316e-05
0.00728631
-0.00725987
-0.00805558
0.0074182
4.53791e-05
0.00717922
-0.00840541
-0.00911799
0.00440869
0.00144718
0.00803251
-0.00822712
0.00718603
0.0118457
0.0156408
0.0166741
0.00216282
-0.00896127
0.0100311
-0.000214661
-0.00928972
0.00964816
8.38318e-06
-0.00962279
0.00929051
0.000233971
-0.00996961
-0.00150172
-0.00342618
-0.0025269
0.000646886
-0.000503241
-7.20979e-05
-0.000504884
-0.0254758
0.0254424
-0.022356
0.0202547
-0.0202396
0.0207192
5.79258e-06
0.0223759
-0.023055
0.0255237
0.000144641
-0.0254293
4.10067e-06
2.72776e-06
1.71006e-06
1.79442e-05
-0.000612419
0.000512046
8.49727e-05
0.000511874
-0.0257987
0.0214995
-0.0198179
0.01866
-6.52959e-05
0.0144896
0.00136313
0.00171262
0.00528454
-0.00626199
0.00150498
0.0172862
-0.0158253
0.0162232
-0.0162076
-0.000139148
0.0158103
-0.0172297
0.00624983
-0.0157415
0.0174602
-0.00110547
-0.00576539
-0.00430594
-0.00889775
-0.0231177
-0.0115225
-0.00238586
-0.00168121
-0.00272888
-0.00108499
-0.00410513
0.00244338
-0.0186245
0.0165631
-0.0131028
0.0107046
0.000179767
0.00142273
-0.00218862
0.00024113
0.000181472
0.00587724
-0.00636861
0.000278011
-0.00911478
0.0100794
-6.95327e-05
0.0109513
-0.0121666
0.014867
-3.74274e-05
-0.013411
-0.000237288
-0.000214243
-0.00047636
-0.000654123
-0.000453761
-0.00924674
-0.000898644
0.00657315
-0.00116544
-0.000690575
-0.000172228
-0.000610777
-0.00155009
0.000409062
-0.00205234
0.00184829
-0.00231818
-0.0139941
-0.0236597
-0.0226058
0.0249271
0.00111722
-0.0150752
-0.0169188
0.0192688
0.000395575
0.0169574
-0.00089591
-0.0127568
-0.0147034
0.0135904
0.000823651
0.0118208
-0.000792217
-0.0093452
-0.0105931
0.00896816
0.000590654
0.00804698
-0.000654358
-0.00634051
-0.00685759
0.00553092
0.000406027
0.00527609
-0.000502565
-0.00398273
-0.00409937
0.00323652
0.000259288
0.00322199
-0.000331726
-0.002293
-0.00229894
0.00182146
0.000161842
0.00181948
-0.000237602
-0.00119603
-0.00121867
0.000986458
9.50032e-05
0.000963185
-0.000202725
-0.000577158
-0.0006246
0.000147284
7.2804e-05
0.000132162
-0.000991637
0.000391008
0.000362835
-0.000914453
7.36701e-05
1.64689e-07
0.000191842
3.7658e-05
-0.00042717
0.000546496
-0.000568257
-4.78243e-05
0.00146335
-0.00175227
-6.4564e-05
0.00253759
-0.00284546
-0.000134285
0.00333869
-1.82133e-05
-0.00192802
0.00408377
-0.00485326
0.000425542
-0.000106692
-0.000982618
-0.00795998
0.000230133
-0.00141994
-0.000797
-0.000455
-0.00443793
0.000541093
0.000929465
0.00192158
-0.00329028
0.00276415
-0.0045462
0.00389446
-0.000113667
0.00544692
-0.00502994
0.00655549
-4.65678e-05
-0.00621499
-0.00159288
-0.000466595
-0.000381565
0.000128643
8.46439e-05
-1.21425e-05
-0.00027899
0.000277746
0.000633216
-0.00236406
-9.58503e-05
1.47708e-05
2.76399e-06
3.64867e-06
9.53469e-06
2.00952e-05
1.94538e-05
0.00013609
3.1914e-05
-4.14851e-06
-0.000166238
9.55259e-05
0.00316067
-8.02541e-05
-0.00267774
0.000864728
-0.000403109
-0.00263016
0.00168796
-0.00214529
0.00154111
-0.00120579
0.000802932
-0.0012434
0.00106357
6.48608e-06
0.00181695
-0.0016099
0.0021469
-2.49656e-05
-0.00250479
7.62867e-06
-6.1666e-05
-9.87398e-05
-0.000185611
-0.000389264
-0.000246626
-0.000342416
-0.00156205
-0.00162736
-0.000901193
0.000556726
-0.00193546
-0.000618433
0.00115021
-0.000794738
-0.00135357
-0.00124758
-0.000850854
-0.000549555
-0.000280756
-0.00029919
-0.000223964
-0.000272336
-0.00165542
0.000902344
6.38068e-05
-0.000395977
-0.000588592
-2.71085e-05
-0.000190317
0.000478576
7.38481e-05
2.20788e-06
7.33471e-06
-0.000160586
0.000326935
-4.19285e-05
0.000794179
-0.000848125
-2.37476e-06
-0.00112323
0.00108994
-0.00109507
0.00113144
-1.20207e-06
0.00157525
-0.00160988
0.00218446
1.03886e-06
-0.00212201
4.12243e-06
-0.0015842
-6.06707e-06
0.00160251
2.85487e-06
-0.00217163
0.00213401
-2.38417e-06
0.00296902
-0.00292691
0.00387209
-0.00383965
0.00394329
3.32086e-06
0.00503176
-0.00515481
0.00663979
4.71412e-06
-0.00646925
7.36489e-06
-0.00504266
5.70488e-07
-0.0039319
1.51037e-05
-0.00297742
0.00331895
-2.25636e-05
1.14531e-06
-1.85903e-05
-2.13683e-05
0.00700409
-0.00788936
4.37479e-05
-0.0104274
0.0102239
-0.010192
0.0104571
-2.01963e-06
0.0124551
-0.0128162
0.0153923
-1.67111e-05
-0.0150072
8.6425e-07
-0.0124315
2.13584e-05
0.0128013
2.97497e-05
-0.0153582
0.0150277
3.29074e-05
0.0182294
-0.0176728
-1.57143e-07
0.0176947
-0.0182486
2.37028e-05
-0.0202154
0.0175083
-0.0158171
0.0134142
-0.0110843
0.00899337
7.968e-05
0.00624756
0.000272369
-0.00589761
-2.84495e-05
0.0094031
0.000469699
-0.00683393
0.000942798
0.000942662
-0.00274981
-0.000273696
0.00201708
-0.0167514
0.000647096
0.00887197
-0.000589462
-0.00750122
-0.00921143
0.000538008
0.00628183
-0.000398536
-0.00502758
-0.00541553
0.000353994
0.00408669
-0.000259151
-0.00309255
-0.0030285
0.000201249
0.00253518
-0.000161408
-0.00180901
-0.0015745
7.63085e-05
0.00169599
-1.86724e-05
-0.00116143
0.000915906
5.46332e-06
-0.00055311
-0.000400664
-0.000413762
-0.000422687
-0.000405238
-0.000427972
-0.000403845
-0.000438935
-0.000389945
-0.000500891
-6.1953e-05
-0.00012907
-0.000204273
-0.000364052
7.22882e-05
0.000217014
-2.30869e-05
-3.59758e-05
-0.000111538
1.28344e-05
-9.24297e-06
1.5941e-05
2.16521e-06
6.63636e-08
-0.000833631
0.00036124
-6.72518e-06
-0.00035741
-3.46527e-06
1.13121e-05
-1.45664e-05
-1.48198e-06
-0.000367302
0.000827065
-0.000723924
1.08956e-05
1.21386e-05
8.41517e-06
1.31278e-05
1.8186e-05
2.32355e-05
2.18927e-05
-6.55129e-06
-6.71727e-05
0.000503566
-5.69306e-05
0.00473282
0.00545779
0.00542423
0.00475598
-0.000183265
-0.00630066
-0.00557691
0.00565406
0.000192455
0.00630261
1.31397e-05
-0.00628985
-0.000177518
-0.005559
9.33265e-06
0.00557633
0.00636673
0.000191839
-0.00472246
-0.00536181
0.00802234
0.00791389
0.00750259
-0.00138908
-0.00309805
-0.00197731
0.0101588
-0.00725117
0.0114032
-0.00266838
-0.00137523
0.00729075
8.51152e-05
-0.000479288
-0.00233209
0.0115435
-0.00708148
-0.014004
-0.0081764
0.0101158
-0.00247245
-0.00320966
-0.000294994
0.00144904
-1.48382e-07
-0.00018052
0.000144921
0.00178009
0.000596529
-0.0140695
-0.00780958
-0.00332943
-0.00344121
-0.00258366
0.000494367
-0.000661468
-0.00728565
0.00747847
9.00899e-05
0.00802041
-0.00807805
-0.00746698
0.00721361
0.000163093
0.00986329
-0.000458468
-0.0102688
-9.83811e-05
-2.48161e-05
-5.41931e-05
-0.000476735
9.84468e-05
-0.00465862
-0.00541627
6.62697e-05
-0.000555977
-0.00223645
0.0011536
-0.00215013
-0.0136586
-0.0226541
-0.0129157
-0.00217996
-0.00112242
-0.00071701
-0.00125282
-0.00123232
-0.000887422
-0.00053441
-0.00025082
-2.11479e-05
-3.71957e-05
-1.94476e-05
0.000184179
0.000524742
-0.000649486
0.000354264
0.000569685
0.000359737
0.000766789
-9.80084e-05
0.000581342
0.000434693
0.000478222
0.000306173
0.000110756
0.000129799
-0.000280555
-3.48635e-05
-4.01428e-05
-0.0002156
-0.000230315
-3.3268e-05
1.06657e-05
-0.000243959
-0.00023769
-3.23819e-05
1.72113e-05
-0.000228443
-0.000263918
-3.33562e-05
4.95752e-05
-0.000197984
-0.000287073
7.52342e-05
-0.00015484
5.87054e-05
-0.000199299
0.000487934
0.0002522
-7.25e-05
8.48615e-05
-0.000309179
6.85885e-07
0.000476186
-0.000254689
-2.04998e-05
0.000241559
0.000248889
0.00039729
-0.000244573
0.000231921
0.000143303
-0.000291152
0.000909993
6.69982e-06
-0.000815264
0.00154136
-0.000165978
-0.00173485
0.00266498
-0.00035283
-0.003224
0.00451329
-0.000555763
-0.00549101
0.00733129
-0.000800093
-0.00877446
0.0112505
-0.00117584
-0.0132168
0.0161132
-0.00224962
-0.0191311
0.019336
-0.00669003
-0.0203827
0.0117856
0.00426469
-0.00539983
0.0212434
-0.0019185
0.0267211
-0.018724
0.010659
-0.0156313
-0.00225687
0.0108903
-0.0105461
-0.000885855
0.00783319
-0.0069479
-0.0006016
0.00508544
-0.00440013
-0.000431839
0.00307262
-0.00264346
-0.000304594
0.00172935
-0.00149758
-0.000176713
0.000919667
-0.000751565
-1.3227e-05
0.000495462
-6.35006e-05
0.000455869
-0.000680067
0.000582269
-1.7001e-06
0.000465478
-0.00048566
-1.85524e-06
0.000249811
-1.25914e-06
-0.000254459
0.000245274
1.10597e-05
-0.000234774
0.00023341
1.90494e-05
-0.000230544
0.000115394
-0.000187667
-6.76731e-06
0.000149952
-0.000110068
0.000124239
-0.000124664
0.000133555
-0.000139274
0.000130622
2.53107e-06
6.55501e-05
-0.000133536
4.01835e-06
0.000110931
-0.000112176
1.43886e-06
0.000116483
-0.000102508
-3.21673e-06
0.000137548
-0.000104088
0.000154132
-0.000196497
-0.000123904
0.000137491
-5.38461e-05
-2.59777e-05
0.000153534
-0.000112832
-2.08881e-07
0.000131534
-0.000126408
-2.38603e-06
0.000120398
-0.000148001
3.38712e-06
-4.24188e-06
-8.96685e-05
-0.000209037
0.000885317
0.00134034
8.78746e-05
-0.00161132
-7.75102e-05
-8.11458e-05
-0.00109036
-2.68312e-07
0.00177573
-0.00133558
-1.35256e-06
0.000900632
-0.000533355
0.000823132
-4.69028e-05
-0.000210966
-0.0008286
0.000251558
-0.000162591
0.00010221
6.38906e-05
-0.000531637
0.000210543
-3.68424e-05
-0.000278869
-0.000595062
-0.000992861
-0.0013892
-0.00152138
0.000805
0.000816139
0.00085602
0.000669199
0.00248298
-0.00136987
-0.000429271
0.000247522
0.000605806
0.000410619
0.000504382
0.000322578
0.000274585
0.00018339
0.000225887
0.000183815
0.000239826
0.000222709
0.000470233
0.000372733
0.000376541
-0.000159472
0.000293577
7.50371e-05
7.67807e-05
0.000298631
0.000462651
0.00038316
0.000374423
0.000408682
0.000386864
0.000428964
0.000329158
0.000206491
-0.000601302
1.21808e-05
8.74786e-06
-0.000989385
0.000198944
0.000213904
0.000168732
0.000170505
0.000183605
0.000279098
0.000409355
0.000584799
0.000707322
-0.00120519
-0.00146403
-0.00180443
-0.00571163
-0.0448775
-0.0253025
0.00164989
0.00205329
0.00198693
0.00111074
0.00112509
0.00128317
-0.0123279
-0.0192876
0.0173761
-0.0135018
0.0116269
0.000584488
-0.00906099
0.0117629
0.000772428
0.000135639
-0.000563065
-0.00077258
0.0167621
-0.00224183
0.0111382
-0.00874886
0.00155704
0.00059442
0.000582047
0.000577887
-0.000671078
-0.000493706
-0.000391125
-0.000296997
-0.000217812
-0.000139689
-8.94634e-05
-0.000122767
0.000271411
6.94636e-05
0.000531914
-0.000623698
-0.000140387
-9.34731e-05
-5.53332e-06
-4.37065e-06
-1.80455e-05
-4.72843e-06
-9.55517e-05
0.000355532
-2.30695e-05
-5.5975e-07
-0.000189824
0.000129957
0.000468478
0.000306057
0.000136944
-3.92408e-05
-5.27554e-05
-1.9082e-05
3.90616e-06
0.000215089
-0.000309381
-9.1504e-06
1.81705e-05
-5.13278e-05
-0.000139582
-9.16062e-06
8.10989e-05
-0.000121121
-0.00012623
-9.05755e-06
8.94892e-05
-0.000128494
-0.000116072
-8.87394e-06
7.45077e-05
-8.38267e-05
-1.19074e-06
8.80273e-05
-6.87439e-05
2.33144e-06
0.000117444
-2.11512e-05
0.000155899
-6.06203e-05
-7.46495e-05
0.000159346
-3.25058e-05
-2.92841e-05
0.000132807
-8.29417e-05
4.7362e-06
0.000103622
-9.87456e-05
-1.18445e-06
-5.45793e-06
-1.35767e-05
-1.36172e-05
-1.70934e-05
-2.55835e-05
-2.88925e-05
-1.68456e-05
1.44908e-05
8.14636e-05
3.00304e-05
-2.82548e-05
-0.0174426
0.0157135
3.21945e-05
-0.000343148
9.56181e-05
0.0230381
1.27002e-05
-0.0206838
9.05025e-05
0.000127307
9.81207e-05
-0.000634727
-0.000902069
-0.000492832
-0.000810564
-0.000392774
-0.000602078
-0.000299841
-0.000447858
-0.000218129
-0.000328194
-0.000150015
-0.000249703
-9.47827e-05
-0.000212004
5.56646e-06
1.17569e-05
3.51727e-05
0.000260775
1.4726e-05
4.137e-05
1.0387e-05
-1.78548e-05
4.50569e-06
-0.000364488
0.000349733
1.86406e-06
9.56426e-06
-8.26394e-06
3.18019e-06
-4.55163e-07
-1.04435e-05
-8.02857e-06
-9.4955e-06
-6.41666e-06
2.72595e-06
1.06845e-05
2.58703e-05
6.59477e-06
6.41574e-06
-1.82811e-05
-1.48612e-05
-3.44464e-05
-0.0148637
0.0122503
0.00010436
-0.0100409
0.00801225
-0.0072214
0.00568594
-0.00441606
0.0033815
5.07924e-05
0.00255778
0.000152385
-0.00254328
7.09703e-05
0.00409047
0.000200304
-0.00408981
8.85323e-05
0.000195017
-0.00134252
-0.000129347
0.000798632
-0.00703722
0.00025462
0.0035536
-0.000268288
-0.00278223
-0.00340111
0.000211002
0.00223443
-0.000157001
-0.00174731
0.000104807
0.00130255
-8.7193e-05
-0.000860902
-0.00086377
4.53027e-05
0.00075323
-7.47671e-05
0.000653442
3.71325e-05
-0.000824189
-0.000915258
0.00139236
-9.11254e-05
0.00117245
4.54003e-05
7.74703e-05
1.00019e-05
1.92786e-05
2.38507e-05
2.15357e-05
-8.44039e-06
-7.09437e-05
0.000498693
-5.3445e-05
-0.00727522
0.00239943
0.00136497
0.00288805
-0.0101143
0.00833248
0.00778935
0.0146331
0.00779172
0.00833293
0.0142633
0.0191597
0.0199531
0.0121286
-0.0256116
-0.000957927
0.0157184
-0.000374999
-0.0182489
-0.0177141
0.00101652
0.0145699
-0.000800532
-0.0136775
-0.0114517
0.000631696
0.0133521
-0.000188329
-0.0111559
0.00876364
-0.000119275
-0.00700127
0.0053771
-7.46808e-05
-0.0041231
0.00310296
-4.18913e-05
-0.0022694
-0.000243682
-0.000360113
-0.000509854
-0.000676165
-0.000548736
0.018624
-0.000294459
-0.0167144
0.000234918
0.000503092
-2.58957e-05
5.84763e-05
0.000465292
-0.00853247
0.00801458
0.00143665
0.0043863
-0.00828328
0.0118467
0.00717215
0.0142503
0.000363932
-0.000264367
0.000393517
-0.00135765
4.1391e-05
-1.41097e-06
0.000205654
-0.000149227
4.21615e-05
-0.00164577
-2.27034e-05
-0.00790343
0.00289658
-0.0114428
0.00223894
0.00236741
-0.0115207
0.00240697
-0.0100904
0.00318958
0.00344116
0.00256226
-0.00986031
0.00230681
0.000515481
0.000240241
0.000164857
3.40891e-06
-2.49254e-05
-0.00838381
0.00816832
-0.00815019
0.00650923
-0.00661291
0.00514763
3.5132e-05
5.19279e-06
2.60384e-05
0.00838672
1.04355e-05
-2.56943e-06
1.00703e-05
3.88538e-05
0.000121947
0.000201534
4.95552e-05
2.44157e-05
7.7165e-05
8.61491e-06
-1.70771e-05
3.48794e-05
9.84251e-06
-2.327e-05
7.55541e-06
-2.55018e-05
-2.36497e-05
1.59064e-07
-8.20161e-06
-4.61368e-06
-7.84481e-06
5.58038e-06
7.44173e-06
5.50082e-06
-7.77312e-07
4.52397e-06
7.00476e-06
6.66979e-06
-7.45846e-05
-0.000110209
9.13143e-06
8.70557e-06
4.3941e-06
2.34424e-06
3.05221e-06
1.37205e-06
2.86375e-07
2.0911e-06
6.41123e-06
0.00290915
-0.0029753
-4.6341e-06
-0.00376296
0.00285091
-0.00254029
0.00188262
-0.00138484
0.000974146
7.21604e-05
0.000805317
8.45735e-05
-0.000809468
4.90596e-05
0.00151203
0.000114271
-0.00147528
5.30413e-05
6.94227e-05
-0.000540462
-7.47214e-05
0.000225628
-0.00228767
9.01183e-05
0.00108597
-8.88276e-05
-0.000824778
-0.000945757
5.44073e-05
0.000660059
-7.13028e-05
0.000733415
4.74118e-05
0.000703189
-7.13899e-05
0.000703079
4.55955e-05
9.18518e-06
1.42897e-05
6.80968e-07
-1.72336e-05
-2.08171e-05
-2.23684e-05
-1.54996e-05
2.1343e-05
0.000102178
0.000208237
-0.000442755
-0.00072459
-0.000356598
-0.000528948
0.00789394
-0.00602283
-0.00875599
0.00733851
-0.0053163
0.00438224
0.000266083
-0.00369593
0.0050201
0.000407439
1.39541e-05
-0.000152688
9.06335e-05
-0.000172592
-0.000274904
0.000495597
-0.00135084
-0.000921213
0.000570331
-0.00109079
0.00897239
-0.00733448
9.72934e-05
0.000140562
-0.00014538
1.5438e-05
-7.49595e-05
0.00344137
0.00319102
-0.00790534
0.000589964
-7.71425e-05
-3.81878e-05
-2.66967e-05
3.74576e-05
-0.000122449
-0.000565854
-0.000152612
0.0227235
0.00034335
0.000283629
-0.000259123
-0.000619935
0.000115096
0.00238776
-0.0175865
0.00112769
0.00115583
1.71521e-05
-6.34965e-05
-5.28277e-05
-3.02578e-05
-1.35882e-05
7.88149e-06
2.56105e-06
2.72768e-07
2.36615e-07
3.15538e-06
4.00818e-06
-0.000209685
0.000213836
-0.000298514
-1.66691e-06
2.95819e-05
-2.59538e-05
-0.00011496
-1.39092e-06
9.48123e-05
-9.0275e-05
-9.6545e-05
-1.31655e-06
9.99404e-05
-8.09704e-05
6.5416e-07
0.000127599
-2.9826e-05
0.000153299
-7.16929e-05
-6.65512e-05
0.000161183
-2.59384e-05
-2.88892e-05
0.000126197
-7.49338e-05
4.54982e-06
5.5045e-06
-6.92799e-07
-7.98241e-08
1.4261e-07
-9.52429e-07
1.11576e-06
-0.000824913
-5.68437e-06
0.000819671
-1.05648e-05
7.64157e-06
1.3112e-05
-4.13211e-06
4.38596e-06
-1.74799e-06
-4.76171e-06
-9.80004e-06
-2.20976e-05
4.27663e-05
-6.56303e-06
6.65786e-05
-4.73084e-05
-7.71996e-05
-3.43592e-05
4.74458e-05
0.000679182
0.000474682
0.000336673
0.000228713
0.000144853
-2.73833e-06
4.64589e-06
-4.96519e-06
1.51902e-05
1.4564e-05
-0.000207696
0.000202704
-0.000288095
2.46119e-06
6.03569e-05
-1.59453e-05
-0.000101794
7.54409e-07
0.000138657
-4.42184e-05
0.00015213
-7.50298e-05
-5.78599e-05
0.000152484
1.11585e-05
-3.05078e-05
-4.50021e-05
1.20542e-05
5.77897e-06
-2.46934e-05
5.0784e-07
2.3271e-06
-3.95797e-07
-0.000216677
-7.58588e-06
-7.61408e-06
5.48317e-07
-5.64307e-06
9.43221e-07
1.09988e-06
0.00011749
1.91782e-06
3.49668e-06
4.35906e-06
5.97803e-06
7.18883e-06
7.00992e-06
7.26738e-06
-2.44357e-06
-1.5786e-05
1.94277e-05
2.28478e-05
9.47884e-07
-5.03983e-06
-4.31296e-06
9.2677e-06
7.77985e-05
4.52154e-05
3.54135e-05
7.71894e-05
4.27019e-05
5.2369e-05
0.000132655
0.000101405
4.78357e-06
1.7904e-05
8.66428e-06
3.95477e-06
2.8064e-06
1.92863e-06
-7.25962e-06
1.16034e-05
-0.000272302
-0.000396255
-0.000199133
-0.000304119
0.00301318
-0.0020936
-0.00302334
0.00248626
-0.000131833
-7.16878e-05
-9.63257e-05
-3.89167e-05
-0.000529604
-0.000858018
0.000493714
0.000335426
-0.000258589
-2.95612e-05
0.000328714
0.000223153
-0.00109101
0.00169539
0.000160213
-3.17372e-06
1.54773e-06
-0.000124896
3.2869e-05
-3.84189e-06
6.58569e-06
5.13312e-07
1.16101e-05
5.62516e-06
-0.0126934
7.79959e-06
0.0125961
-0.0102792
3.38086e-06
0.00822947
-0.00828997
0.0103409
-0.0104517
1.90886e-05
0.00838466
-0.0083181
0.0103627
-0.0127371
3.63111e-05
0.0128553
-0.0153914
0.0152366
-0.0151646
0.0155554
-2.6235e-05
0.012356
-0.0129854
-1.10289e-05
0.0105535
-2.16352e-05
0.0080619
-0.00846407
3.45959e-06
0.00668837
-1.25785e-05
0.00493796
-0.00517403
0.00503965
-0.00507495
2.21129e-06
-0.0065071
0.00655099
2.12772e-06
-0.00662573
1.10157e-05
0.00512872
-0.00509746
0.00655332
-3.75769e-05
0.00942299
-0.00583925
2.4206e-05
-0.0118819
-3.29686e-05
0.0144876
-0.0090195
2.87282e-05
-0.0175936
0.0153222
-0.0181829
5.0481e-05
0.0183385
2.43226e-06
-0.018069
1.61124e-05
0.0179179
-4.07488e-05
-0.0185199
3.1596e-05
0.0176694
-0.0149813
0.0135719
0.00027304
-0.0111998
9.69967e-05
-0.0101077
0.00910248
0.000193454
-0.0072917
9.67557e-05
0.00574944
0.000137254
-0.00445856
7.64711e-05
-0.00378356
-6.74431e-06
0.00284119
-0.00296792
0.00397512
7.32738e-06
-0.00386138
2.13467e-06
0.00289575
-0.00291421
0.00388958
-9.4371e-07
-0.00393797
7.38418e-06
0.00294338
-0.00293337
0.0038848
-3.27157e-05
0.00575372
-0.00356756
1.0891e-05
-0.00752502
0.00459009
-0.000254682
-0.000160684
-0.000402115
-0.000286728
-0.000532752
-0.000432797
-0.000742471
-0.00117441
-0.00173986
-0.00600231
-0.00979815
-0.0260716
-0.0100683
-0.0273751
-3.06679e-05
0.0155087
-0.0294384
0.0264887
-0.000193368
0.0233305
-0.0234715
-9.75109e-05
0.0207803
-0.0207265
0.0205361
-0.020493
0.0209406
-0.020395
0.018844
0.000472232
-0.0159887
2.73358e-05
-0.000125573
-0.000575665
-7.88591e-05
-0.000110115
-0.000571972
-0.000570467
0.00070647
0.000502486
-3.80329e-05
-7.37501e-05
0.000371868
-1.05076e-05
9.16599e-05
-0.0063507
0.00492794
6.22976e-05
-7.13924e-07
7.83236e-06
-1.16648e-05
7.09488e-06
5.00774e-06
-2.27526e-06
-0.00208277
0.00155489
2.34718e-05
-0.00107896
-1.19653e-05
-1.84237e-06
-3.83143e-06
0.000819737
-1.04008e-05
7.59624e-05
0.000119724
-0.000150277
0.000164831
-0.000302893
2.77685e-06
-0.000193781
0.000163459
-0.0001051
-7.57909e-05
-0.000166515
-1.60096e-05
2.81858e-06
1.11666e-05
2.0076e-05
2.39474e-06
-7.69108e-06
-7.9055e-05
-5.16381e-05
0.000300522
8.8181e-05
6.15384e-05
0.000308115
0.000147227
0.00014092
-5.21671e-05
-8.21803e-05
1.28008e-05
9.33715e-06
3.51048e-05
9.62958e-06
-5.06811e-06
-6.40841e-07
-3.11709e-06
-1.86472e-05
-6.30082e-06
-4.11904e-06
-5.9238e-06
-1.40884e-05
0.000106832
-8.02995e-07
-9.49699e-07
-5.18243e-07
8.61208e-05
-1.30923e-06
-5.78527e-06
-1.9722e-06
5.60465e-06
1.19031e-05
-1.40547e-05
-4.59277e-07
-7.35134e-07
-5.54819e-07
2.66226e-06
0.000298333
-1.66915e-05
0.000134085
1.56058e-05
4.84406e-05
9.88488e-05
0.000168603
0.000260153
0.000113778
7.31398e-05
4.16988e-05
0.00174491
-0.00115185
5.40141e-05
0.000562786
-7.09072e-05
0.000778259
-4.55827e-05
-0.000132213
0.00142832
0.0001121
0.00122367
-8.77268e-05
-0.000895886
-0.000838268
-0.000110832
0.000457435
0.000704132
0.00101003
0.00126674
0.00116177
0.000485022
0.00220191
0.0140286
0.0237685
0.021483
0.0120158
-0.0251045
-0.0264462
-0.000965936
0.0157419
-0.00037158
-0.0183577
0.00102908
0.0136583
-0.000824731
-0.0128174
-0.0123362
0.000819855
0.0106891
-0.000591255
-0.00760722
0.000387448
0.00595986
-0.00478479
0.000245555
0.00367642
-0.00283296
0.000148149
0.00212916
-0.000240469
-0.000402915
0.00437905
-0.000267742
-0.00331583
0.000167072
0.000258849
0.000370198
0.000499255
0.000700615
0.00235737
-0.0115494
0.0158313
-0.000979908
0.0160927
-0.000301886
-0.0168576
0.00079361
0.0126645
-0.00122645
-0.00193524
-0.00203759
0.0227762
0.0192475
0.0121311
-0.025546
-0.0256046
0.0199996
0.0192815
0.0197928
0.0143738
0.0227742
-0.0255252
-0.00203666
-0.00193409
0.0151329
-0.000286168
-0.016751
-0.0195133
0.00102761
0.0131887
-0.000823548
-0.0129566
0.000852653
0.0099644
-0.000584436
-0.00848939
-0.00819246
0.00052934
0.00710097
-0.000409567
-0.00566871
0.000339064
0.00398914
-0.00513919
-0.00528856
0.006621
-0.000398493
0.00643088
-0.000563426
-0.000814882
0.00965426
-0.00117643
0.0133201
0.000369649
0.00211407
-0.00117674
-0.00122983
0.0125195
-0.000796966
-0.0113398
-0.0137998
0.000831039
0.00950041
-0.000584371
-0.00863528
0.000554074
0.00676438
0.000382623
0.000508814
0.000684414
-0.000196973
-0.000197748
-3.90715e-05
-3.1337e-05
3.47688e-06
2.72273e-06
2.90529e-06
2.51786e-06
-2.92633e-06
-7.45857e-06
-8.28313e-06
-5.68939e-06
-0.000139851
-0.000242195
-3.13742e-06
2.1191e-06
-7.10123e-06
-7.68397e-06
-8.6475e-06
1.87089e-07
-9.8779e-09
-2.4653e-07
5.05555e-06
6.31103e-06
7.8325e-06
-1.26004e-05
-3.05562e-05
0.000267384
0.000172152
1.83768e-05
1.35594e-05
8.22875e-06
-7.44958e-07
8.6244e-06
2.12017e-06
4.94497e-06
2.77472e-06
3.71337e-05
-4.31205e-06
6.7322e-07
-3.33396e-07
-1.74109e-05
-3.3516e-06
9.99125e-05
4.7386e-05
1.60338e-05
8.42196e-06
2.62391e-06
5.44124e-06
6.72307e-06
1.17033e-06
8.09232e-06
7.37987e-06
-2.82095e-06
-1.43249e-06
-1.65941e-05
3.97318e-06
7.95439e-06
-7.67795e-06
-3.71112e-05
-7.37908e-05
-3.01641e-05
-1.19348e-05
2.49643e-06
8.82541e-06
9.9383e-06
0.0001169
0.000164765
-0.00638449
7.23673e-06
-5.54813e-05
-5.41495e-05
3.57337e-05
0.000306993
-0.000307978
-6.73009e-05
0.0165518
-0.0169876
-0.000473099
-9.47429e-05
-0.00023224
0.0170933
-0.0176377
0.000328919
-3.95439e-05
-0.0102464
0.0102433
-0.000134001
-5.15861e-05
-0.0262643
0.0260534
-1.74271e-05
0.0226994
-0.0229174
-3.86334e-05
-4.9359e-05
0.00011712
0.000827842
-0.000826911
-0.0021318
-0.00244669
-0.00185607
-0.000213262
-0.000160413
0.0207759
-0.0132646
0.0147083
-0.0241142
1.29497e-05
9.59973e-05
7.21331e-05
-1.21422e-05
0.000168276
0.000177459
0.000129661
-0.000209763
-0.000280119
-0.000145866
-0.000170865
-0.00204499
3.38878e-06
0.00329901
-0.0025132
0.00216075
4.86958e-06
0.00158737
-0.00158968
-2.18013e-05
0.0011344
1.05774e-06
0.000814684
-0.000824223
-1.87347e-05
-1.53649e-05
4.5779e-05
-1.07429e-05
-9.52968e-07
-8.05036e-05
-8.1252e-05
5.67704e-05
8.47921e-05
-1.96481e-06
5.2179e-06
1.7236e-05
3.86866e-05
5.31973e-05
3.29715e-05
2.16373e-05
1.4582e-05
9.60084e-06
-8.1187e-06
-2.50359e-06
-0.001164
0.00114575
8.9313e-07
0.000810225
-0.000813005
-3.31338e-06
-0.000600511
0.000589
1.52355e-06
0.000463094
-0.000464267
-2.10137e-06
6.00885e-07
-1.12509e-06
-7.0359e-06
-7.69688e-05
-5.4555e-05
0.000273056
4.92802e-05
0.000100813
0.000293766
0.000139707
0.000152096
3.26219e-05
-4.30762e-05
9.1572e-06
1.33901e-05
3.50481e-06
6.16324e-06
-1.32325e-06
-1.3486e-05
-1.32873e-05
7.63347e-08
1.27797e-07
-6.05567e-06
-3.94188e-06
-7.24729e-06
-9.10534e-06
-4.15363e-06
9.02318e-07
1.42709e-06
1.95446e-06
-3.88044e-06
-2.57292e-06
-0.0021998
0.00216982
1.70749e-06
0.00156554
-0.00157412
-3.22001e-06
-0.0011363
0.00117719
-9.07065e-07
0.000805532
-0.000820916
3.83808e-06
0.000605125
4.23698e-07
0.00046885
-0.000448666
1.87195e-06
1.23122e-06
5.24415e-07
1.00604e-06
9.20245e-07
-4.67722e-05
2.17862e-05
2.69814e-06
-8.94823e-06
-4.53121e-07
3.14379e-06
1.96169e-05
-4.72047e-05
-4.34736e-05
1.35552e-05
2.22108e-06
-3.81094e-06
6.37866e-07
8.53618e-06
-1.08592e-05
7.63314e-06
1.36456e-05
-0.000164845
-0.000155191
-0.000176994
1.30169e-05
-3.24176e-06
6.95577e-08
-0.000360705
1.43945e-05
0.000513157
4.29422e-05
-0.000731384
3.20511e-05
0.00100605
5.18672e-05
-0.00139586
5.82458e-05
0.00190347
5.34756e-05
-0.00256524
9.30135e-05
0.00341205
5.47999e-05
1.28499e-05
-3.87928e-05
-1.49278e-06
-2.28023e-06
3.5232e-06
1.32793e-05
1.72163e-05
-0.000152765
-0.0234184
0.00046934
0.0229024
-0.000186109
-0.0200093
0.00136003
0.0216444
0.0052276
-0.00357568
-0.0319345
0.0101903
0.00431864
-0.00240947
0.00187711
0.0231618
0.0171121
0.0215335
0.0211926
0.0156568
0.0111561
0.0237708
0.00218733
0.00138843
0.00170798
-0.00086911
-0.0090838
0.00903435
-0.000609484
0.00157196
0.00119391
0.000814848
0.000518557
-0.00012363
-0.00010812
0.00128623
0.000101412
-0.00166881
-0.00168992
0.00236864
-0.000156192
0.00232346
-0.000216198
-0.000368843
0.00100007
0.00122614
0.00106334
-0.000815942
-0.000874245
0.0108062
0.00167816
0.00137173
0.00244836
0.00189865
-0.00240888
-0.000616744
-0.0236797
0.000811312
0.0186183
-0.000554722
0.00126057
0.000334336
-0.00202147
-0.000181163
-0.0111947
0.000400935
0.00580809
-0.00040953
-0.00470002
-0.00578131
0.000347716
0.00386703
-0.00025994
-0.00318442
0.000209269
0.00244602
-0.000219185
-0.000248898
0.0020324
-0.000161408
-0.00155847
-0.00186351
0.00259321
-0.00162624
0.00314897
0.000157328
-0.00415388
0.000464939
-0.000849816
-9.71756e-05
0.00541833
-0.000376281
0.000674415
0.000127622
6.37367e-05
-0.00053675
0.000945114
-0.000701035
0.00127397
0.0133684
0.00153462
0.00115695
0.000774487
0.000426799
-0.000268572
0.000198166
4.30654e-06
-0.00038532
-5.49573e-05
4.70645e-05
-0.000315845
-1.33378e-05
0.000970648
-0.000255039
-2.37295e-05
-5.72291e-05
-3.86967e-05
-0.000473042
0.00033722
6.34963e-05
-0.000231932
0.000467744
0.000238287
5.00153e-05
-0.000196239
-0.000503435
-0.000255029
-0.000363538
7.5289e-05
0.000269579
0.000293893
0.000480497
0.000713534
-0.0003708
-0.000408352
0.0044665
-0.000613437
0.00721151
-0.000564782
-0.00295266
0.00420025
-4.02063e-05
-0.000356071
-0.000257231
9.16014e-05
-0.000246958
-0.000357854
-3.92661e-05
-4.72352e-05
9.29941e-05
-0.000234013
-0.00037243
-0.000405065
-0.000156902
-0.000167053
0.000259597
8.62039e-05
-0.000116227
2.44307e-05
0.00879449
0.000169236
0.00390256
0.0221512
-0.000990202
-0.0318939
0.010222
0.00433581
0.00586338
0.00866733
0.0231581
0.00489404
-0.00351542
0.0171155
0.0211526
0.0111548
0.00218385
0.0224465
0.0158799
-0.00805987
0.0101133
-2.61806e-06
6.19513e-06
7.5315e-06
5.98231e-06
8.25799e-06
5.37173e-06
5.34714e-06
5.76524e-06
8.13878e-07
1.28066e-05
1.49157e-05
7.80373e-06
9.68504e-05
4.03903e-05
0.00154143
-0.00160088
-3.40222e-06
-0.00210732
5.60367e-05
1.20585e-05
-2.40003e-05
4.24806e-07
3.06414e-06
6.39176e-06
8.38558e-06
-1.01508e-06
-7.85262e-05
-4.75342e-05
0.000313219
0.00232766
-0.0176571
0.00113915
0.00118881
0.000705045
-1.7219e-05
-3.08302e-05
-9.5814e-06
-1.08848e-06
2.34986e-06
7.45272e-06
0.00222196
-0.00215315
5.08789e-08
1.29365e-06
1.14573e-06
3.09998e-06
-4.87174e-06
3.73073e-05
9.36663e-05
-2.53548e-05
-8.66655e-06
-5.98151e-06
2.74695e-07
-1.01483e-05
-3.34232e-06
6.1898e-06
4.38609e-06
-1.41439e-05
-7.16562e-06
-2.67127e-06
2.79802e-07
6.08125e-06
5.23873e-06
-2.23688e-05
1.47122e-05
7.35298e-06
1.09069e-05
-0.00111135
0.000131153
0.000222074
0.000341781
0.000491708
0.000108828
7.20204e-05
2.86696e-05
6.36158e-05
3.00585e-05
0.000283191
-0.000101485
-2.6384e-05
2.35021e-06
3.0915e-05
-0.000574166
7.23207e-06
1.77236e-06
-0.000582508
-7.70545e-06
1.7246e-05
6.05192e-06
4.15986e-05
0.000182441
0.000951352
0.00586356
0.00148111
-0.026108
0.0258715
0.00010143
-0.0261
0.00149707
-0.000117125
-7.52672e-05
0.000461211
0.000725308
0.00100905
0.00130136
0.0024539
0.00864849
0.00486771
0.00228729
-0.00988643
0.0152402
-3.0832e-05
-1.83362e-05
0.00031976
-0.00448
0.00273421
-0.000187233
-0.000116018
-2.65443e-05
0.00153797
-0.000127521
-8.37732e-05
-0.000651281
0.000620566
-0.000416173
0.010713
-0.000124714
-0.00153101
5.80677e-05
0.00135106
0.0137865
-0.0122103
0.0146693
-0.0176136
0.0161623
0.0158041
-0.0194166
0.0182447
-0.000159626
0.00137098
-0.00724895
6.19242e-05
0.00736917
-0.00914723
-0.000326149
0.00724953
-0.000196556
0.000974525
3.23328e-05
1.5966e-06
0.000295044
0.000296672
-4.28634e-06
0.000197539
0.0015257
-0.000992526
-0.000161958
-0.000105442
-6.69612e-05
-0.000164814
0.00370332
-5.08995e-05
3.02635e-06
0.00113705
)
;

boundaryField
{
    face
    {
        type            calculated;
        value           nonuniform List<scalar> 
217
(
0.00255843
-0.000349708
-0.000781394
-0.000668883
-0.000192032
-0.00171439
-0.00205396
-0.000333086
-0.000355854
0.000370713
-9.51208e-05
0.00615466
0.00309018
-0.000715236
0.000365651
0.00259724
-0.000624382
-0.00031711
0.00262959
0.00430698
-0.00182312
-0.000870496
-0.000340121
-0.000294293
-0.000160577
-0.000530075
-0.000235848
0.00192271
0.000255288
0.000501396
0.00580419
0.00651369
-0.00818937
0.00256626
0.00253031
0.00345732
0.00331373
-0.000170151
-0.00023175
0.00308193
0.00323457
-0.000216562
-0.000136805
0.00320876
7.88359e-05
-0.000200865
-0.00015892
-0.00128688
-0.00112286
-0.0132371
-0.0112871
-0.000122485
-9.07978e-05
-0.00106176
-0.00101299
-0.00015623
-0.000830007
-0.0111838
-0.0122849
-0.0119905
0.00152369
-0.00981693
0.000685773
0.0191092
0.0151996
0.00560988
0.0128443
0.0086537
0.00751521
0.0145382
0.00776584
-0.000315274
-0.0108155
0.0104361
-0.000496369
-0.0111776
0.0106269
-0.000236967
-0.000134242
-0.0245996
-0.0232011
0.00806346
0.0144455
0.00711125
0.0101581
0.0148952
0.00775661
0.0219223
-0.0104014
-0.000784625
-0.000789053
-0.000561469
-0.0116966
0.0109035
-0.000809256
-0.00911755
0.0105152
0.0097615
-0.0382096
-0.0238515
-0.0252696
-0.00574769
0.0161342
-0.0143724
0.0152254
-0.0206199
-0.00677546
-0.0104692
-0.00872597
-0.0163096
0.0160148
-0.0170713
0.0147364
-0.00807679
-0.0103014
-0.00633642
-0.0154926
-0.0181085
-0.0136081
0.00157804
0.000393517
0.00256226
-0.00135765
-0.000612419
4.1391e-05
1.79442e-05
0.000494367
-0.00258366
0.00144273
0.00178009
0.000146484
0.000596529
0.0025365
0.000363932
-0.000264367
-0.000687975
-7.49595e-05
-0.00142108
-0.00164577
-2.45264e-05
4.21615e-05
0.00144904
0.000646886
-0.000294994
-0.0025269
0.00344137
0.00319102
1.5438e-05
-0.00014538
0.00318958
0.00344116
-0.000149227
-1.41097e-06
9.72934e-05
0.000140562
-0.00344121
-0.00332943
0.000144921
-1.48382e-07
-0.00320966
-0.00342618
0.00833293
0.0142633
0.00718603
0.0118457
0.0156408
0.0166741
-0.00896127
0.00216282
0.0100311
-0.00928972
-0.000214661
0.00964816
-0.00962279
8.38318e-06
0.0102433
-0.0102464
-3.95439e-05
0.00970635
-0.000791927
-0.00145428
-0.0151457
-0.0190043
-0.00554202
-0.00874886
-0.0128688
-0.00725117
-0.00780958
-0.0140695
0.0166634
-0.00899421
0.00214533
0.0156568
0.0118467
0.00717215
0.0142503
0.00833248
0.00778935
0.0146331
0.00779172
0.0100253
-0.00957513
-0.000451033
0.00986329
-0.0102688
-0.000458468
0.00929051
-0.00996961
0.000233971
-0.0081764
-0.00708148
-0.014004
-0.011815
0.00895051
-0.0166072
-0.00216506
-0.0156346
)
;
    }
    outlet
    {
        type            calculated;
        value           nonuniform List<scalar> 
217
(
6.84452e-06
-1.13828e-05
1.8215e-05
1.28382e-05
7.27977e-07
1.46699e-06
-1.04234e-05
1.09807e-05
-1.86989e-05
-2.17308e-05
-1.16628e-05
-1.75944e-05
-1.06183e-05
1.15551e-05
1.52475e-05
1.04419e-05
9.81535e-10
1.82886e-05
2.0834e-05
-1.44125e-07
-1.18876e-07
-1.79718e-05
-9.68538e-06
-1.15376e-05
1.06634e-05
-4.26575e-05
-4.84355e-05
1.37344e-06
6.90469e-07
-4.71271e-05
-4.2722e-05
8.14486e-07
6.91191e-07
-6.79537e-07
1.97736e-07
4.32324e-05
4.95691e-05
1.60544e-07
-9.33931e-07
4.95071e-05
4.31068e-05
-7.55919e-05
-0.000153191
-5.91951e-05
-0.000124544
-0.000177556
-0.000197032
0.00015057
-7.10708e-06
-0.000110027
0.000122776
1.14369e-05
-0.000121286
0.000127092
5.42718e-06
-0.000134048
0.000118571
-6.91288e-06
-0.000142896
-4.05447e-05
-1.21088e-05
0.000178161
0.000222213
4.40239e-05
8.40888e-05
0.000138519
6.59269e-05
6.62385e-05
0.00014961
4.07243e-05
0.000142635
1.23332e-05
-0.000220944
-0.000177446
-4.35709e-05
-0.000139145
-8.46758e-05
-6.3995e-05
-0.000154543
-7.05809e-05
-0.00011801
0.000134228
7.28085e-06
-0.000131178
0.000131604
1.43404e-07
-0.000130724
0.000117602
-4.72272e-06
8.35099e-05
4.40245e-05
0.00013762
0.000177685
-0.000142412
-3.99556e-05
-1.22653e-05
0.000219957
-1.08592e-05
7.63314e-06
1.36456e-05
1.35552e-05
2.22108e-06
1.96169e-05
2.17862e-05
3.14379e-06
2.69814e-06
-7.69108e-06
-5.64307e-06
-7.9055e-05
-5.27554e-05
5.48317e-07
-1.9082e-05
-5.16381e-05
-3.92408e-05
1.11666e-05
-1.60096e-05
2.81858e-06
2.0076e-05
1.20542e-05
2.39474e-06
9.43221e-07
5.77897e-06
2.3271e-06
-3.81094e-06
-4.30762e-05
-7.0359e-06
-8.94823e-06
-7.69688e-05
-8.21803e-05
3.26219e-05
-5.4555e-05
-5.21671e-05
-4.34736e-05
-4.72047e-05
5.24415e-07
1.00604e-06
-4.67722e-05
-4.50021e-05
9.20245e-07
1.09988e-06
-2.46934e-05
5.0784e-07
-1.12509e-06
-4.53121e-07
9.1572e-06
1.33901e-05
0.000152096
0.000139707
-5.18243e-07
-9.49699e-07
1.28008e-05
9.33715e-06
-3.95797e-07
3.90616e-06
0.00014092
0.000147227
0.000136944
-6.76731e-06
0.000149952
-0.000196497
-0.000176994
-0.000123904
-6.06203e-05
-0.000155191
-7.46495e-05
-7.16929e-05
-0.000164845
-6.65512e-05
1.30169e-05
0.000124239
-0.000110068
0.0002522
4.92802e-05
0.000100813
7.67807e-05
0.000213836
-0.000216677
0.000215089
-0.000189824
7.50371e-05
8.8181e-05
6.15384e-05
0.000110756
0.000129957
0.000129799
0.000306057
8.53618e-06
0.000133555
-0.000124664
-7.58588e-06
-5.5975e-07
0.000300522
0.000306173
-7.50298e-05
-0.000159626
-5.78599e-05
-0.0001051
-0.000166515
-7.57909e-05
-0.000302893
0.000164831
1.4564e-05
4.00818e-06
6.37866e-07
0.000130622
-0.000139274
-1.83362e-05
5.87054e-05
-0.00015484
-0.000199299
0.000487934
0.000273056
0.000298631
0.000134085
-0.000207696
0.000202704
-0.000209685
)
;
    }
    wall
    {
        type            calculated;
        value           nonuniform List<scalar> 
1558
(
0
0
0
0
0
0
0
0
0
0
0
0
0
0
0
0
0
0
0
0
0
0
0
0
0
0
0
0
0
0
0
0
0
0
0
0
0
0
0
0
0
0
0
0
0
0
0
0
0
0
0
0
0
0
0
0
0
0
0
0
0
0
0
0
0
0
0
0
0
0
0
0
0
0
0
0
0
0
0
0
0
0
0
0
0
0
0
0
0
0
0
0
0
0
0
0
0
0
0
0
0
0
0
0
0
0
0
0
0
0
0
0
0
0
0
0
0
0
0
0
0
0
0
0
0
0
0
0
0
0
0
0
0
0
0
0
0
0
0
0
0
0
0
0
0
0
0
0
0
0
0
0
0
0
0
0
0
0
0
0
0
0
0
0
0
0
0
0
-0.000262804
-0.00311533
0.0107341
3.11963e-05
-5.32519e-06
1.34231e-06
-1.66363e-06
5.35441e-07
0.000284823
1.4233e-05
2.04015e-06
-0.00352561
0.000726794
-0.000220427
0.000281758
0.000679909
0.000235851
0.000810971
-0.00275038
-0.000653245
0.000115789
0.00042129
5.45119e-05
0.000202615
-0.000207726
-0.00016675
0.00128883
0.000713346
-0.000173876
-7.11749e-05
-0.000128837
1.0894e-05
0.000481652
0.000337593
-6.4677e-05
2.62125e-05
-3.19025e-05
1.86065e-05
2.51928e-05
0.000107122
1.00049e-05
6.3158e-05
-0.000110804
-6.29994e-05
3.21171e-08
4.37607e-05
-5.86032e-06
3.77278e-05
-4.61827e-06
9.32712e-05
0.000222581
0.000133355
-1.72317e-05
1.01292e-05
-1.01707e-05
4.26934e-06
6.57641e-05
-2.13853e-05
1.57263e-05
0.00125936
0.000200615
0.000346478
6.65108e-05
0.000105876
5.45068e-05
5.00522e-05
3.51831e-05
-3.02256e-05
6.8768e-06
0.000150069
0.000357401
-0.00519222
-0.00305397
0.000112466
0.000168777
5.68257e-05
6.34212e-05
-0.001055
-0.000492332
2.65633e-05
1.93712e-05
1.64484e-05
1.09828e-05
1.20369e-05
8.1136e-06
7.35587e-06
7.77564e-06
-2.26623e-05
4.83419e-06
2.60524e-05
2.41476e-05
1.12508e-05
7.88259e-06
-0.000276434
-0.000169574
4.15975e-06
-1.34888e-06
1.09927e-06
-8.9136e-06
-8.49687e-05
-2.20192e-05
1.59094e-06
1.02381e-06
1.74483e-05
-0.000219771
-0.000110705
1.74038e-05
0.000161811
-0.00153812
0.00148218
2.06973e-05
-0.000847992
0.000795233
7.3034e-06
-0.000477245
0.000375825
-2.03953e-05
-9.82109e-06
-2.28364e-05
-0.00354134
-0.0175135
0.0130966
-0.0110171
0.00934517
-0.00691922
0.00560947
-0.00435649
0.000115868
-0.000229523
0.000230849
-0.000231963
0.00324059
-0.0026338
0.00181529
-0.00144603
0.000998855
-0.000737557
0.000559283
-0.000296728
0.000238837
-0.000242761
0.000237422
-0.000237833
0.000435029
0.000357834
0.000113304
0.00101769
-0.00116347
-0.000109154
7.70787e-05
-0.00185905
-0.000433948
-0.0120965
-0.042551
-0.000313743
3.75594e-05
-0.000100088
-0.000309384
-0.000188292
1.71618e-05
6.50516e-06
0.0110324
0.00496697
0.0193357
0.0123222
0.0124027
0.00264702
-0.000824461
-0.000472932
0.000816727
-0.00161116
-0.000573793
-0.0046
-0.000588853
-0.00027442
-0.000308712
-0.00640984
0.0108439
0.0016359
-0.00652924
0.00660807
0.000113773
-0.00445412
0.00417368
1.08249e-05
-0.00268111
0.00255591
2.48966e-05
0
0
0
0
0
0
0
0
0
0
0
0
0
0
0
0
0
0
0
0
0
0
0
0
0
0
0
0
0
0
0
0
0
0
0
0
0
0
0
0
0
0
0
0
0
0
0
0
0
0
0
0
0
0
0
0
0
0
0
0
0
0
0
0
0
0
0
0
0
0
0
0
0
0
0
0
0
0
0
0
0
0
0
0
0
0
0
0
0
0
0
0
0
0
0
0
0
0
0
0
0
0
0
0
0
0
0
0
0
0
0
0
0
0
0
0
0
0
0
0
0
0
0
0
0
0
0
0
0
0
0
0
0
0
0
0
0
0
0
0
0
0
0
0
0
0
0
0
0
0
0
0
0
0
0
0
0
0
0
0
0
0
0
0
0
0
0
0
0
0
0
0
0
0
0
0
0
0
0
0
0
0
0
0
0
0
0
0
0
0
0
0
0
0
0
0
0
0
0
0
0.00214276
0.00604041
0.00193128
-0.000963683
-0.000473224
-0.000159866
-0.000127521
0.00116518
0.00018597
0.000395894
-0.000193561
3.47421e-05
0.000163536
-0.000215819
-0.000166147
1.98006e-05
0.000102095
-0.000141827
-9.39717e-05
-7.26183e-05
-2.93659e-05
0.000281625
-0.000190506
0.000179927
-0.000138574
-3.56928e-05
1.56403e-06
-1.73812e-05
7.62986e-06
9.02379e-06
6.41959e-05
-0.000117183
-6.77518e-05
4.35936e-08
4.45032e-05
-5.73959e-06
3.83321e-05
-1.77713e-05
8.59161e-05
-2.2738e-05
1.48108e-05
0.000130312
-9.10641e-05
6.73693e-05
-5.98079e-05
-8.17758e-06
5.89379e-06
-2.70883e-06
3.17305e-06
1.66158e-05
-4.28367e-05
-8.72766e-05
-3.79534e-05
2.78234e-06
1.46155e-06
6.90001e-06
6.55329e-07
-2.93136e-05
-0.000851943
-4.40739e-05
-0.00207982
-0.00550273
4.44725e-06
-0.000167321
5.02578e-05
0.00030862
-0.00143239
-0.000399868
5.04937e-05
0.000252973
-1.57241e-05
2.17566e-05
-3.5811e-07
0.00234093
0.00078678
-4.65269e-05
0.00172838
0.000736505
-3.32084e-05
-2.68272e-05
-7.77459e-05
-1.66914e-05
0.000556792
0.00039768
-3.48255e-05
-3.82096e-06
-1.02665e-05
2.93346e-06
-0.00012821
-0.000257408
1.03964e-05
6.73465e-05
0.000261627
7.9273e-05
0.000242163
-0.00292741
-0.00117599
4.87995e-05
0.000111776
2.48682e-05
4.38325e-05
-0.000614178
-0.000401144
0.00029445
0.000179347
3.6377e-07
4.87927e-06
4.81206e-06
4.69471e-06
0.000105997
3.42292e-05
7.51612e-06
4.29636e-06
1.18331e-05
3.70345e-06
-1.06316e-05
1.02142e-06
2.01032e-06
1.216e-05
1.59897e-05
5.66671e-06
4.4792e-06
-0.000276176
-0.000178533
2.03487e-06
-2.08854e-06
-2.69169e-07
-8.96664e-06
-0.00010369
-3.46524e-05
-6.90848e-07
-3.13776e-08
1.0067e-05
8.03581e-05
0.00982943
-0.000699717
-0.000625083
0.00221362
0.000885543
-0.00038475
-0.000322753
0.000576856
0.000371544
-0.000221578
-0.000122596
-1.35964e-05
0.000151128
-1.22613e-05
-2.28481e-05
0.000242682
0.000116126
-0.0188877
0.0167579
-0.0197489
-0.0196797
-0.0282078
0.00915813
-0.0158956
0.0119991
-0.010522
0.00852507
-0.00689702
0.00536076
-0.00437558
-0.00318419
0.00262931
-0.00183487
0.00149075
-0.00100168
0.000753114
-0.000563174
0.000319057
-0.000435187
-0.000113743
-0.000356987
0.000239289
-0.000238922
0.000248916
-0.00024456
0.00319823
-0.00260787
0.00182163
-0.00145785
0.000998888
-0.0007529
0.00055898
-0.000319582
0.000245136
-0.000248627
0.000239619
-0.000239345
0.000434468
0.000357641
0.000114751
1.2504e-05
-0.000152944
-0.000400774
-0.000308768
-0.0146417
-0.00241785
-0.000534423
2.30029e-05
1.26469e-05
2.10629e-07
0.0100413
0.0276549
0.0264259
-0.0155324
0.0181734
-0.0180316
0.0173796
-0.0110378
0.0159568
-0.0111753
0.0107973
-0.00804792
0.00706667
-0.00523648
0.00449474
-0.0179793
0.0180291
0.000283191
3.00585e-05
1.47122e-05
6.08125e-06
-2.67127e-06
2.79802e-07
6.36158e-05
0.000131153
2.16373e-05
0.000129661
-0.000145866
-0.000209763
3.29715e-05
0.000177459
-7.16562e-06
1.14573e-06
-1.41439e-05
1.29365e-06
0.000222074
0.000341781
-2.40003e-05
4.24806e-07
-3.87928e-05
-1.49278e-06
5.31973e-05
0.000168276
-0.000286728
-0.000432797
9.59973e-05
-0.000213262
0.00011712
-0.00185607
-0.00117441
-0.00600231
0.000827842
-0.0021318
0.000491708
0.000705045
-5.54813e-05
-2.28023e-06
-5.41495e-05
3.5232e-06
0.00118881
0.00113915
3.57337e-05
1.32793e-05
0.000306993
1.72163e-05
-1.01483e-05
-5.98151e-06
-4.87174e-06
3.73073e-05
9.36663e-05
3.09998e-06
4.5779e-05
9.60084e-06
5.67704e-05
-1.07429e-05
-8.1252e-05
1.4582e-05
8.47921e-05
-0.0176571
-0.000307978
-9.47429e-05
-2.23688e-05
5.23873e-06
7.35298e-06
6.1898e-06
1.09069e-05
4.38609e-06
1.20585e-05
2.34986e-06
1.28499e-05
-1.08848e-06
2.74695e-07
-8.66655e-06
-2.53548e-05
-3.34232e-06
-1.53649e-05
-2.50359e-06
-8.1187e-06
-9.52968e-07
-8.05036e-05
5.08789e-08
-1.96481e-06
3.06414e-06
5.2179e-06
-0.000170865
-0.000280119
7.23673e-06
-9.5814e-06
-1.7219e-05
-3.08302e-05
-4.75342e-05
-7.85262e-05
0.000313219
-0.000152765
0.00232766
-6.73009e-05
6.39176e-06
1.7236e-05
8.38558e-06
3.86866e-05
-0.000402115
-0.000532752
-1.01508e-06
7.21331e-05
-4.9359e-05
1.29497e-05
-0.000742471
-0.00173986
-0.00023224
-0.000826911
-0.00244669
-0.000244573
0.000495462
-0.000751565
0.000919667
-0.00149758
0.00172935
-0.00264346
0.00307262
-0.00629833
0.0174074
-0.0162605
0.0165518
-0.00440013
0.00508544
-0.0069479
0.00783319
-0.0105461
0.0108903
-0.0156313
0.010659
-0.0169876
0.0170933
-0.0176377
0.0155087
-0.0260716
-0.0273751
-0.0100683
0.000328919
-3.06679e-05
0.000108828
-0.00412496
0.00416527
0.000182441
-0.0059912
0.00640366
0.000951352
-0.00698118
0.00959223
0.00586356
0.00161824
0.0146713
-1.25914e-06
-2.04998e-05
0.000231921
-1.3227e-05
-0.000176713
0.0225016
0.0159716
-0.000839325
-0.000473099
0.000115394
-0.000230544
0.00023341
-0.000234774
0.000245274
-0.000254459
0.000249811
-0.000254689
0.000241559
0.000248889
0.00039729
-0.000308931
-0.000187667
-0.000101485
-0.000317452
3.66144e-05
1.90494e-05
1.10597e-05
-2.6384e-05
-0.000483056
0.000372065
2.35021e-06
-0.000854537
0.000792378
-0.000304594
-0.000431839
2.86696e-05
-0.00151043
0.00148614
7.20204e-05
-0.00258514
0.00257966
-0.0006016
-0.000885855
-0.00225687
-0.00979815
0
0
0
0
0
0
0
0
0
0
0
0
0
0
0
0
0
0
0
0
0
0
0
0
0
0
0
0
0
0
0
0
0
0
0
0
0
0
0
0
0
0
0
0
0
0
0
0
0
0
0
0
0
0
0
0
0
0
0
0
0
0
0
0
0
0
0
0
0
0
0
0
0
0
0
0
0
0
0
0
0
0
0
0
0
0
0
0
0
0
0
0
0
0
0
0
0
0
0
0
0
0
0
0
0
0
0
0
0
0
0
0
0
0
0
0
0
0
0
0
0
0
0
0
0
0
0
0
0
0
0
0
0
0
0
0
0
0
0
0
0
0
0
0
0
0
0
0
0
0
0
0
0
0
0
0
0
0
0
0
0
0
0
0
0
0
0
0
0
0
0
0
0
0
0
0
0
0
0
0
0
0
0
0
0
0
0
0
0
0
0
0
0
0
0
0
0
0
0
0
0
0
0
0
0
0
0
0
0
0
0
0
0
0
0
0
0
0
0
0
0
-4.72843e-06
-9.55517e-05
0.00112769
1.71521e-05
3.64867e-06
0.000283629
2.76399e-06
-0.0175865
-0.000259123
1.47708e-05
0.000119724
-4.96519e-06
2.36615e-07
-1.80455e-05
6.94636e-05
-4.37065e-06
-5.53332e-06
-9.34731e-05
3.1914e-05
-4.14851e-06
0.00013609
-0.000466595
-0.000166238
0.00316067
7.59624e-05
0.000144853
4.64589e-06
2.72768e-07
-2.73833e-06
2.56105e-06
0.000228713
0.000336673
-1.35882e-05
7.88149e-06
-3.02578e-05
1.94538e-05
0.000128643
-0.000381565
8.46439e-05
-0.000690575
-1.21425e-05
-0.00116544
-0.00027899
-0.00110547
0.000474682
0.000679182
-5.28277e-05
2.00952e-05
-6.34965e-05
9.53469e-06
0.00115583
0.000277746
0.0174602
-1.04008e-05
-3.83143e-06
-1.19653e-05
-1.84237e-06
-4.31205e-06
-1.74799e-06
6.7322e-07
-4.76171e-06
-1.05648e-05
7.64157e-06
-4.13211e-06
1.3112e-05
-0.000140387
4.38596e-06
1.14531e-06
5.19279e-06
-1.85903e-05
-0.000161958
9.55259e-05
-3.33396e-07
-9.80004e-06
-1.74109e-05
-2.20976e-05
-3.43592e-05
-4.73084e-05
0.00034335
-7.71996e-05
0.00238776
0.000115096
2.60384e-05
-2.13683e-05
4.27663e-05
-6.56303e-06
6.65786e-05
3.21945e-05
9.56181e-05
-0.000343148
-9.58503e-05
-0.00236406
-1.78548e-05
1.0387e-05
-7.61408e-06
2.20788e-06
7.38481e-05
0.000478576
-2.30695e-05
0.000355532
0.0144896
0.00171262
0.00586338
0.0224465
0.0158799
-0.000619935
3.02635e-06
-0.000111538
-3.59758e-05
-0.000364052
-0.000204273
-0.000150277
-1.45664e-05
1.13121e-05
1.51902e-05
-0.000395977
0.000902344
-0.000623698
-0.00165542
0.00168796
-0.00263016
0.000864728
-0.00626199
0.0172862
-0.0158253
0.0162232
-0.0162076
0.0158103
-0.0172297
0.00624983
-8.26394e-06
9.56426e-06
3.15538e-06
-2.71085e-05
0.000531914
-0.000272336
0.000929465
-0.000342416
-0.00267774
-8.02541e-05
0.00033722
-0.000473042
-3.86967e-05
0.000805317
-0.000809468
2.44307e-05
0.00151203
-0.00147528
5.30413e-05
0.00255778
-0.00254328
6.37367e-05
-0.00443793
0.00370332
-0.000455
-0.00636861
0.00587724
-0.000172228
-0.00924674
0.00657315
-0.000898644
-0.0146202
-0.0017756
-0.00576539
0.00409047
-0.00408981
8.85323e-05
0.00624756
-0.00589761
0.000169236
0.0094031
-0.00683393
0.000942798
0.000633216
-0.0222954
-0.0157415
0
0
0
0
0
0
0
0
0
0
0
0
0
0
0
0
0
0
0
0
0
0
0
0
0
0
0
0
0
0
0
0
0
0
0
0
0
0
0
0
0
0
0
0
0
0
0
0
0
0
0
0
0
0
0
0
0
0
0
0
0
0
0
0
0
0
0
0
0
0
0
0
0
0
0
0
0
0
0
0
0
0
0
0
0
0
0
0
0
0
0
0
0
0
0
0
0
0
0
0
0
0
0
0
0
0
0
0
0
0
0
0
0
0
0
0
0
0
0
0
0
0
0
0
0
0
0
0
0
0
0
0
0
0
0
0
0
0
0
0
0
0
0
0
0
0
0
0
0
0
0
0
0
0
0
0
0
0
0
0
0
0
0
0
0
0
0
0
0
0
0
0
0
0
0
0
0
0
0
0
0
0
0
0
)
;
    }
}


// ************************************************************************* //
