/*--------------------------------*- C++ -*----------------------------------*\
| =========                 |                                                 |
| \\      /  F ield         | OpenFOAM: The Open Source CFD Toolbox           |
|  \\    /   O peration     | Version:  2306                                  |
|   \\  /    A nd           | Website:  www.openfoam.com                      |
|    \\/     M anipulation  |                                                 |
\*---------------------------------------------------------------------------*/
FoamFile
{
    version     2.0;
    format      ascii;
    arch        "LSB;label=32;scalar=64";
    class       volScalarField;
    location    "1.3";
    object      gradTy;
}
// * * * * * * * * * * * * * * * * * * * * * * * * * * * * * * * * * * * * * //

dimensions      [0 -1 0 1 0 0 0];

internalField   nonuniform List<scalar> 
5322
(
0.649612
0.0611161
-0.00429522
-0.027082
-0.0149236
-0.00519572
-4.86874e-05
0.00490716
0.0141512
0.0257253
0.000265077
-0.191156
-0.212456
-0.190717
-0.165568
0.358307
0.47927
-0.000762566
0.330974
-0.39244
0.373282
-0.379307
0.372154
-0.381008
0.379779
-0.372721
0.372466
-0.380429
0.379497
-0.375064
0.377539
-0.377773
0.390249
-0.335458
0.321912
-0.161025
0.316397
0.397104
0.19836
0.214805
0.293076
0.244785
0.253421
0.273565
0.260816
0.258291
0.264976
0.283082
0.262337
0.25048
0.31424
0.15209
0.170288
-0.561122
-0.0306071
-0.324671
0.170693
-0.425778
-0.02422
-0.370045
0.173321
-0.418715
-0.0216243
-0.367299
0.174018
-0.433303
-0.0278583
-0.355225
0.17564
-0.476712
0.0167677
0.418649
0.233185
0.325774
0.243341
0.308201
0.257173
0.306844
0.260543
0.360473
0.0328027
0.121295
0.183295
0.305044
-0.025944
-0.127379
0.0362766
0.0713294
0.132222
0.0151817
0.0346094
0.00639108
0.00100632
0.00118182
0.443573
-0.236905
0.00713796
0.23885
0.00648627
-0.00626574
0.0326267
0.00638465
0.252904
-0.432467
0.386997
0.00522686
-0.00740601
-0.00137927
-0.000226115
0.000415634
0.000471861
0.000577371
0.00131399
0.00263498
-0.00447574
0.00117185
0.13627
-0.0560565
-0.0192639
-0.105184
0.129352
-0.0719985
-0.140294
-0.191908
-0.216862
-0.00873778
0.158948
-0.119946
0.0112365
0.130995
-0.130476
0.00549644
0.136177
-0.139628
-0.00440991
0.127181
-0.152559
-0.0121455
-0.0352078
0.233572
0.193503
-0.126809
0.0840881
0.0653638
-0.13368
0.014413
-0.130983
0.10275
0.105591
-0.116428
-0.00175932
-0.108647
0.109047
0.117704
-0.105742
-0.000356926
-0.101077
0.128308
-0.00837053
-0.00633446
0.403215
-0.316029
0.349458
-0.37115
0.0125333
-0.23948
-0.00513181
-0.00219028
-0.0448294
0.115682
-0.231477
0.230298
-0.386608
0.000881306
0.394874
-0.390136
0.406175
-0.415155
0.00172475
0.40899
-0.419091
0.434673
-0.433443
0.00161077
0.423813
-0.426824
0.440577
-0.438885
0.000986895
0.428657
-0.429882
0.442845
-0.44113
0.000830746
0.430989
-0.432555
0.44548
-0.442278
0.00108151
0.432209
-0.435647
0.448867
-0.441653
0.00142697
0.430981
-0.437355
0.450519
-0.433026
0.00183754
0.420617
-0.433282
0.4369
-0.236871
-0.00106343
-0.017493
0.00728875
-0.00704501
-0.000432472
0.00277637
0.00368179
1.91369e-05
0.44454
-0.235787
0.00199431
0.281103
-0.0382037
-0.0112524
0.00930435
-0.0138423
0.238148
-0.437752
0.00254399
0.00195203
0.00548065
0.00354493
0.00189261
0.00085171
6.04958e-05
-0.00116221
-0.00293143
0.00436444
-0.00156867
-0.1097
-0.116844
-0.116897
-0.109954
0.022468
0.0387164
0.0244119
-0.147715
0.0774846
-0.156652
0.0388063
0.0225121
0.0244573
-0.154817
0.0539126
0.148124
0.0956253
-0.14766
0.077642
0.160796
0.224511
0.237151
-0.388459
-0.387578
-0.417132
0.302638
-0.375491
0.344659
-0.369106
0.357106
-0.367878
0.361732
-0.369852
0.362913
-0.375514
0.361656
-0.384756
0.358256
-0.393667
0.35107
-0.0772466
0.16679
-0.0529285
-0.00910897
0.303941
-0.362525
0.00357969
0.32486
-0.363401
0.00165519
0.335418
-0.356684
0.00077974
0.340109
-0.350728
0.000205243
0.339956
-0.348053
-0.000777706
0.333946
-0.348671
-0.00256183
0.316695
-0.354518
0.00831273
0.265184
-0.0244924
0.264951
-0.355093
0.00832843
0.30422
-0.414731
0.16645
0.275216
0.205685
0.192533
-0.365874
0.240045
-0.341571
0.302146
-0.334819
0.32095
-0.334034
0.327151
-0.336915
0.327963
-0.344242
0.325795
-0.353033
0.320574
-0.350031
0.305937
-0.0504105
0.120714
-0.138
-0.00252263
0.419389
-0.512846
0.00890898
0.460327
-0.500674
0.00450014
0.468429
-0.482477
0.00176757
0.468264
-0.473065
0.000455711
0.467846
-0.470072
-0.000883639
0.466789
-0.469764
-0.00191303
0.458807
-0.473697
0.010583
0.407867
-0.471551
0.165465
0.384423
0.341615
-0.171521
0.32571
-0.0773077
0.0613842
0.390265
-0.337752
0.315154
-0.296737
0.475313
-0.418477
-0.00330842
-0.468287
0.39944
-0.408588
0.0120117
0.430191
0.0192124
0.00833707
-0.121736
0.0119391
-0.00977375
0.00638932
-0.00233092
-0.000832744
0.393298
-0.394065
0.394382
-0.410034
6.66048e-05
0.423098
-0.425901
0.430892
-0.430899
0.000299589
0.434346
-0.432882
0.437765
-0.433408
0.00035485
0.441668
-0.431307
0.44329
-0.420839
-0.000681617
0.000575193
0.000950635
0.00317286
0.00178296
0.00115821
0.445647
-0.430673
0.0022796
0.509324
-0.503382
0.450933
-0.416583
0.00437549
0.506018
-0.481186
0.306679
-0.213452
-0.341198
-0.0231926
-0.00522575
-0.123327
-0.031692
0.00953738
0.226749
0.295887
0.0235839
-0.481714
0.365857
0.00362834
-0.408146
0.372926
-0.000820949
-0.383721
0.377457
0.000160739
-0.370385
0.375904
-0.00265693
-0.369888
0.390347
-0.00668567
-0.352596
0.398446
-0.0250521
-0.314487
0.102074
0.153473
-0.189274
0.00159228
0.309216
-0.263235
0.308944
-0.302102
0.30684
-0.30369
0.494139
-0.433123
-0.00101755
-0.495193
0.431535
-0.430151
-0.0025794
0.48946
-1.64443e-05
-0.0011024
-0.000718473
-0.0283548
0.00638404
0.0395784
0.0430014
0.0175141
0.00751134
0.0247781
0.0175522
-0.0225791
0.365648
0.117227
0.0255005
0.0875168
0.0186795
0.00560142
0.00390782
0.00132365
0.00075534
0.00101881
0.000979752
-0.277839
0.000289145
0.283631
-0.280486
0.306243
-0.304715
0.309485
-0.305527
0.502354
-0.434204
0.000816209
-0.498323
0.439624
-0.434292
-4.95157e-05
0.497403
0.000980852
0.000995394
-0.0001199
-0.0028528
-0.00146173
0.00427013
0.00309462
0.000504732
0.0133612
0.00958041
0.28965
0.00140187
-0.013317
-0.0011134
-0.0194361
0.0024685
0.192363
0.367343
0.675258
0.0707605
-0.0102495
-0.00475072
-0.0183041
-0.373115
0.00162141
0.34725
0.316048
-0.34885
-0.00254084
-0.367747
0.00270512
0.359337
0.333397
-0.347878
-0.000739824
-0.367862
0.00233695
0.362745
0.339941
-0.350413
0.000267395
-0.371274
0.00626038
0.362011
0.341174
-0.3566
0.000905131
-0.378899
0.0176593
0.356518
0.338989
-0.364818
0.00186786
-0.389521
0.0430699
0.343429
0.33389
-0.369057
0.00390908
-0.393623
0.0962085
0.321681
0.32166
-0.0618706
-0.00885166
-0.0716565
0.84747
-0.378736
-0.386735
0.626146
0.162799
0.0675623
-0.584059
-0.120453
-0.0705113
0.299907
-0.313088
-0.00546378
0.0065629
-0.03928
-0.0472331
-0.00487902
0.012536
0.00726521
0.00292003
-0.0038742
0.00171002
0.00279099
0.000825795
9.94926e-05
-0.000737617
-0.00255313
-0.00491039
-0.017039
-0.00913005
0.237781
-0.237874
0.00286662
0.00153544
-0.241615
0.238067
-0.000561725
0.000990188
-0.00107579
-0.0180317
-0.0114262
0.0431714
0.00468146
0.0496799
-0.0176183
-0.0216044
2.45793e-05
0.0795767
-0.0924987
0.0928704
-0.0792793
-0.0802567
-0.0686084
0.00255953
0.0920958
0.0828799
-0.0827301
-0.0024643
-0.0927918
-3.56907e-06
1.48147e-05
0.00589654
0.0167189
0.0149655
-0.0331824
0.000643617
0.000157915
0.000962082
0.00278734
0.0068001
0.002931
0.0239399
-0.0189205
-0.00215602
0.0135386
0.298756
-0.27275
0.314872
-0.310382
0.318482
-0.00766943
-0.282404
0.0081541
0.316269
-0.00117936
-0.0138804
0.00285782
0.00197303
0.0039252
0.00464675
-0.00334087
-0.0469643
0.160975
-0.0718311
-0.308609
-0.0391468
-0.0372491
-0.608466
-0.16775
0.0213958
-0.245496
0.181494
0.00834843
0.0102753
0.219693
0.184292
0.0258221
-0.0206055
0.244363
0.219608
0.027836
-0.024834
0.221739
0.250442
0.0259451
-0.0572422
0.183927
0.255738
-0.0886153
0.133397
-0.116293
0.124301
-0.490797
-0.266557
0.048176
-0.121132
0.263783
-0.0159046
-0.432386
0.228219
-0.00455358
-0.271013
-0.267917
-0.389496
0.163771
-0.214157
-0.137156
0.238197
-0.493811
-0.0554421
0.347239
-0.427206
-0.0110073
0.371686
-0.390894
0.000799597
0.374337
-0.376532
0.0018857
0.372387
-0.372532
0.00207566
0.371926
-0.37145
0.00569906
0.373714
-0.368933
0.0228435
0.385363
-0.33049
0.0929847
0.320559
-0.178987
0.340111
0.384128
-0.476336
0.406538
-0.478164
0.0110112
0.23927
-0.366046
0.165285
0.191607
0.207423
0.27519
0.236677
0.16633
0.320449
0.19083
-0.00161177
-0.027846
-0.015649
-0.00983889
-0.00599286
-0.0116247
-0.0061631
0.00167186
0.00611701
0.285083
-0.276401
-8.73116e-06
0.000469414
8.02294e-05
3.325e-05
-0.496137
0.43531
0.000203519
0.436256
-0.438627
0.000463145
0.439327
-0.44098
0.00110938
0.441376
-0.443601
0.00197623
0.441186
-0.443887
0.00251637
0.430501
0.00276752
0.00533378
0.000829613
4.52194e-06
-0.00125625
-5.9121e-05
0.00037528
0.000410436
0.000359646
0.000234515
0.000179861
0.000230729
0.00225496
0.0064007
-0.231609
0.00344645
0.0114622
-0.000606602
0.000403907
0.000613106
0.000391088
-4.62945e-05
-0.000788198
-0.00195807
-0.00285417
0.0104214
-0.00295548
-0.00782227
-0.0102308
0.204281
-0.21802
0.276315
0.000399636
-0.037195
0.0310774
0.102547
0.000582624
-0.0911263
0.0857784
0.0879513
0.000328431
-0.0974814
0.0915081
0.07854
2.13714e-05
-0.122443
0.116472
0.108859
-0.0020698
0.135705
-0.142889
0.139334
-0.150096
-0.0138578
-0.0828855
0.120424
-0.0099003
-0.114506
-0.00243002
-0.00076054
0.411064
-0.00142838
-0.413473
0.239154
-0.00832035
-0.247319
0.247775
-0.00538249
-0.259692
0.416472
-0.00391586
-0.41628
0.408511
-0.406585
0.404287
-0.414065
0.000943907
-0.412567
0.407075
-0.000829606
-0.24746
-0.00905568
0.249634
-0.212328
0.00195258
0.373594
0.133302
0.393409
0.143833
-0.203174
0.310478
0.0286493
-0.271715
0.293479
0.00593246
-0.283994
0.287042
0.00137265
-0.28351
0.286155
0.000230515
-0.286057
0.283755
-0.00133476
-0.285861
0.284028
-0.00683012
-0.292243
0.269828
-0.0309256
-0.309406
0.202214
-0.147157
-0.392429
-0.118837
-0.367482
0.240174
0.0224834
0.0120056
0.153485
0.0359115
-0.236333
-0.194748
-0.0541556
-0.150649
-0.097679
-0.0762987
-0.16686
-0.0833719
-0.0885838
-0.165743
-0.2427
-0.251507
-0.166116
0.41274
0.0227653
-0.242895
-0.00853672
0.333042
0.391849
-0.00441061
-0.289005
0.00189324
0.323063
0.47929
0.00454804
-0.472199
0.000337726
0.477007
0.00110917
-0.474425
0.00129267
0.475792
0.000617454
-0.476188
-0.000996525
0.474737
0.000500228
-0.478189
-0.000164378
0.473102
-0.00100475
-0.481468
-0.00414726
0.465559
-0.00685917
-0.486916
-0.0170774
0.002152
-0.299306
0.486234
0.00305317
0.31229
-1.95821e-05
-0.303822
0.496867
-0.000163919
0.307765
4.55774e-05
-0.305918
0.499367
-0.000133094
0.306846
-0.000274734
-0.305474
0.499995
9.50431e-05
0.305533
0.000444388
-0.306411
0.500212
0.000324873
0.305705
0.000106787
-0.306716
0.500112
0.00054448
0.303316
0.000514223
-0.310054
0.496945
-0.00136242
0.300083
8.35079e-05
-0.3168
0.473963
-0.0187228
0.340054
-0.0608196
0.0781551
-0.386045
-0.340435
0.177625
-0.324618
-0.0952388
-0.0657859
-0.678756
-0.369476
-0.324212
-0.230365
-0.16656
0.369833
0.427782
0.0310575
-0.230126
-0.0108999
0.484214
0.0143671
-0.463316
0.0054747
0.00348429
0.0073729
0.0186793
-0.319138
-0.0154175
0.155467
-0.0228814
-0.0220363
-0.0419061
0.148631
-0.0491495
0.0202454
0.0177883
0.000466787
0.00133968
0.00122301
0.00071463
0.000609429
0.000185441
-0.00241171
-0.00175404
0.424005
-0.491511
0.00187681
-0.00255014
-0.00477637
-0.00035298
-0.404188
-0.000413393
0.411967
-0.430492
-0.000426535
0.430116
-0.436365
-2.53503e-05
-0.000130656
-0.00105951
-0.000509793
-4.31964e-05
0.000747112
0.000676296
0.00059286
0.000383
0.000250183
0.000153548
0.00119505
0.00186757
0.000734276
0.408794
-0.411679
0.374125
-0.376432
0.377599
-0.377072
0.00209866
-0.197223
6.64773e-05
0.186013
0.00670399
-0.208062
-0.000738
0.158084
-0.0161411
-0.0130149
0.059194
0.00271281
-0.0639161
0.471438
-0.0063986
-0.296099
0.00111805
0.303282
0.394866
-0.00280397
-0.31174
0.000381986
0.316081
0.382327
8.77339e-05
-0.315839
-6.03577e-05
0.313445
0.3834
0.00252234
-0.319422
-0.000655676
0.307465
-0.322893
-0.0011635
0.289865
-0.330523
0.0130039
-0.00940383
-0.00240546
-0.000915546
-2.95783e-05
0.000257718
0.000533543
0.00143253
0.00299262
-0.0044455
0.001356
0.109849
0.115706
0.117093
-0.0348501
0.158322
-0.0166032
-0.0172424
0.162624
-0.0307734
0.148279
-0.0478577
0.00584212
-0.0131955
0.0127136
-0.00318145
0.00287296
-0.00233656
-0.389049
0.0102392
0.0114837
0.00244794
0.000140044
-4.29733e-05
-0.0825895
0.0819145
0.00257801
-0.0696704
0.106843
-0.0217698
0.00917958
-0.00373261
-0.00424103
-0.0207591
0.154094
-0.383194
0.0231475
-0.257324
-0.0105585
0.32595
0.400205
-0.00940384
-0.294369
0.00258374
0.385535
-0.00704907
-0.305084
0.00118292
0.319355
0.386588
-0.0017265
-0.313679
0.000411097
0.317044
-0.316952
-0.000172945
0.314071
0.000621367
0.000237202
-0.000104341
-0.000371178
-0.00127659
0.00938964
-0.00619842
-0.000280898
0.00253208
3.73986e-05
-0.00235878
-0.0110912
-0.00934848
-0.00255035
-0.0025346
0.00234575
0.00660847
0.00125666
0.00582419
0.00159119
0.00375734
-0.00851385
-0.0120251
-0.0256525
-0.0284216
-0.0607685
-0.0510069
-0.0308037
-0.118192
-0.367701
0.0317611
-0.568224
-0.417554
-0.299456
-0.199048
-0.179641
0.0711421
-0.161448
-0.0157875
0.0378646
0.0014804
-0.00621883
0.193741
-0.228968
0.281494
0.0026731
-0.0329779
0.0523646
0.119571
0.00506683
-0.0813579
0.111776
0.112038
0.00551954
-0.0872529
0.115576
0.104837
0.00417897
-0.116674
0.130522
-0.00622142
0.00371692
0.0186636
0.0799973
-0.343284
-0.498005
0.00549364
0.465948
0.0133314
0.00984785
0.301224
0.00182274
-0.494243
0.500477
-0.000747832
-0.473176
0.278108
-0.31913
0.284375
-0.0313041
-0.297245
0.0161085
-0.330924
0.461266
-0.40406
0.41997
-0.00142419
-0.420978
0.000774509
0.417243
-0.00124858
-0.418912
0.000244251
0.420787
-0.00122697
-0.422552
0.410887
-0.473006
0.027219
-0.32783
0.448654
0.020854
0.010802
-0.123509
0.134012
-0.138287
2.77032e-05
-0.115482
0.106077
0.00753857
-0.131886
0.0938672
-0.107155
0.00484301
0.191955
-0.115788
0.0710365
0.017697
-0.136405
0.107269
-0.00212684
-0.00233014
-7.12668e-05
0.00452768
0.00281717
0.00145927
0.000647231
3.16489e-06
-0.0011279
-0.00285914
0.00439808
-0.00136187
0.0688783
0.0792512
0.000146967
-0.0187756
-0.0116031
0.149306
0.0541053
-0.126713
0.0651693
0.084205
-0.132649
0.00432786
-0.153591
-0.0119277
-0.0358082
-0.124056
0.194504
0.23658
0.0123559
0.0434038
-0.0105473
0.00593243
0.103767
-0.111506
-0.00134846
-0.116968
0.116637
0.111501
-0.103722
-0.000716
-0.141512
-6.93263e-05
0.141465
3.12154e-05
7.16379e-05
-0.00257174
0.00845264
0.00375368
0.0632246
0.674637
0.366971
0.188798
-0.00154685
-0.024834
-0.0139676
-0.00773853
-0.010459
-0.022443
-0.0471133
-0.0514997
-0.104746
-0.116031
-0.246813
-0.416715
-0.37101
-0.374238
0.158982
-0.249712
-0.0969336
-0.105085
-0.323931
-0.426272
-0.37846
-0.378021
-0.383219
-0.37684
-0.427267
0.161224
-0.0457722
-0.133907
0.511321
-0.160246
-0.306402
-0.299107
-0.0782546
-0.097112
-0.226503
-0.238044
-0.0625545
-0.0963568
-0.0234712
-0.00762499
-0.00129323
7.73866e-05
0.000278736
-0.000729198
-0.00440694
-0.00516908
-0.0192028
-0.00806821
-0.0029866
-0.00570096
-0.00359441
-0.00492713
-0.0119255
-0.0304446
-0.0126224
-0.0122995
-0.0142857
-0.00676921
-0.00185723
-0.000108915
-0.000296722
-0.00120405
-0.00120109
-0.00362363
0.301321
0.455188
-0.471727
0.46355
-0.470032
-0.000615199
0.319911
-0.335321
-0.00153942
-0.00285955
0.00150121
0.00522804
-0.342108
0.0157349
-0.15587
0.0961775
-0.0299496
-0.00930721
-0.0110521
0.0142372
-0.133897
0.105185
-0.000788438
-0.000379082
-0.000387752
8.78577e-05
0.0686056
-0.00235714
0.000294733
0.000290322
-0.000199449
-0.0433738
0.000221588
0.0179749
0.0111473
0.0147201
-0.0122397
0.0102827
-0.00016616
0.00106635
-0.043255
0.133622
0.132662
-0.0839021
-0.014141
-0.0664431
0.127476
0.0111907
0.00246879
5.45616e-05
6.49782e-06
-0.00253365
-0.00230921
-0.00237621
-0.000475858
-0.0103454
-0.000871474
-0.00235617
0.000786766
0.00531494
0.00120341
0.0034426
-0.33409
0.326013
0.46583
-0.471355
0.467
-0.476904
0.00121572
0.326554
-0.336076
0.0003055
5.16582e-05
8.6163e-05
0.000548282
0.00125516
0.00304479
0.00252544
0.00560523
0.00308057
0.00653899
0.00670889
0.016133
0.0137338
0.0145711
0.00646446
0.0861573
0.00118315
0.00206669
0.000977209
0.000224355
-0.00076738
-0.00276344
-0.00307213
-0.00117471
-0.00110198
-0.000714114
-0.000158721
0.000110673
0.000247969
0.000394959
0.000348154
0.000207121
-0.00103522
0.0013941
0.00131909
3.28982e-05
0.000156271
0.000284113
0.00045555
0.000807727
0.000927263
0.000863461
0.00174197
0.00204936
0.00148495
0.00332032
0.00435779
0.00359404
0.0226286
-0.0287992
-0.0410579
-0.00797865
0.00449822
0.00598878
0.00611424
-0.100987
-0.00170239
-0.000975978
-0.00149848
-0.00983049
-0.00382298
0.213918
-0.00279495
-0.284923
-0.00206544
-0.0129062
-0.263855
-0.0114598
-0.0155808
-0.165609
-0.0736855
-0.126787
-0.315381
0.0305975
0.080413
0.0054238
-0.00423687
-0.00356707
-0.00662358
0.00185702
-0.191528
0.272833
0.00192625
-0.0600571
0.0265114
0.0945305
0.000447127
-0.117827
0.0748458
0.075922
-0.000552058
-0.121917
0.0801563
0.0668339
-0.00130237
-0.111725
0.0253322
-0.151233
0.0668407
0.105948
-0.146973
0.0444046
0.0218577
-0.008909
-0.00198549
-0.000705148
0.000164443
0.000331515
0.000498095
0.0013289
0.00247336
0.00311885
0.00294174
0.0043377
0.41811
-0.417961
0.00181449
0.420277
-0.420449
0.378017
-0.378349
0.378873
-0.380536
0.00137502
-0.198469
-0.000999239
0.193431
0.00137783
-0.19616
-0.000211417
0.19285
-0.00113624
-0.000776173
0.0624035
0.00119896
-0.0619007
0.468234
-0.000228231
-0.29977
5.66532e-05
0.302843
0.391131
0.00186974
-0.315965
-0.000654928
0.373253
0.00712174
-0.321949
-0.0023878
0.289341
0.367347
0.00632476
-0.396672
0.00927852
-0.329682
-0.392817
0.00848492
0.356988
0.296923
-0.324043
0.0101769
-0.00876431
0.00309721
0.00161119
0.000912613
0.000198617
-0.000589911
-0.00160381
-0.000778382
-5.68865e-05
0.000659752
0.00040307
0.000585964
0.000242703
0.421454
-0.422874
0.00173298
0.42246
-0.426458
0.381417
-0.382247
0.387319
-0.374754
-0.0145038
-0.197483
-0.00622486
0.200309
-0.00130876
-0.203237
-0.00271457
0.194548
-0.00255802
0.00220004
0.0698551
0.00504136
-0.0555614
0.465885
0.00201106
-0.295095
-0.00238947
0.302286
0.364621
0.0056732
-0.407111
0.0108223
-0.289065
-0.516216
-0.00218663
0.446092
-0.0299685
0.168283
0.00127604
0.12182
0.0767221
0.0448366
0.0288268
0.227972
-0.144442
-0.0130227
0.00604414
0.000180466
-0.000466028
-0.00014872
-4.56419e-05
-0.000842602
-0.0050842
0.00162444
0.275728
-0.197831
-0.320148
-0.0731327
0.0608249
-0.157181
0.503846
-0.232339
-0.283883
-0.274725
-0.16066
0.37852
0.418517
0.0218537
-0.259046
-0.00939517
0.38756
-0.00832162
-0.28882
0.00278637
0.323697
0.388229
-0.00480372
-0.306886
0.00097418
0.319363
0.00165404
0.0019091
-0.377647
0.00580771
-0.364123
0.0336924
0.0344689
0.00108761
-0.202875
-0.339756
-0.237125
-0.167512
-0.353283
-0.125
-0.0634663
0.0370549
0.0105363
0.4785
-0.00742325
-0.289099
0.00212581
0.307641
0.396636
-0.00739076
-0.306229
0.00115564
0.384007
-0.00264912
-0.312338
0.000360348
0.316592
0.385223
0.000290658
-0.38553
-0.000405286
0.000329619
-0.382886
0.00696708
0.00712117
0.0192241
0.00576788
-0.357235
0.0161822
-0.288823
0.0010951
-0.0529791
-0.0825295
-0.0223515
0.0225759
-0.00915961
-0.441274
-0.00116741
-0.00307303
0.0623288
0.00122999
0.469171
-0.00237607
-0.298692
0.000425646
0.302073
0.393398
-0.000214015
-0.314337
6.00811e-05
0.379698
0.00274498
-0.318487
-0.000862503
0.306383
0.379096
0.00609246
-0.391159
0.00104421
-0.000605193
6.6471e-05
0.000298058
0.000337058
0.000243232
0.00015239
7.97524e-05
-0.00117801
-0.00307192
-0.000730781
-0.000809351
-0.00102413
-0.00011814
0.000431291
0.000665794
0.000832595
0.000195907
0.000315343
-0.000188728
-0.000226946
-0.001095
-0.000553416
0.428446
-1.74408e-05
-0.428288
0.430824
3.74933e-05
-0.435303
0.435514
-0.430299
0.434487
-0.000639336
-0.441423
0.434487
-0.431978
0.427983
-0.00191492
-0.436287
0.416426
-0.414965
0.415356
-0.416614
0.00186828
-0.428297
0.436971
0.000990309
-0.4347
0.000733546
-0.434888
0.442287
0.000591527
-0.440422
0.000263626
-0.436735
0.443281
-0.43705
0.437373
0.000110291
0.435726
-0.435115
-0.000159507
0.440286
-3.88079e-05
-0.442385
0.436421
-0.434977
-0.000940403
-0.497454
0.306539
-0.000448814
0.492124
-0.0023508
-0.494585
0.309572
0.00130424
0.479143
-0.420668
0.403561
-0.00146857
-0.410489
-0.000479626
0.400445
4.41313e-05
-0.400342
0.000898345
0.410808
0.00149262
-0.403665
0.42171
-0.480452
0.00340047
0.00507967
0.00463311
0.0170782
0.0116447
-0.240872
0.248421
-0.244774
0.24472
-7.34825e-05
-0.000723575
-0.000683941
-0.248396
0.240707
-0.011777
-0.00678423
0.128722
-0.143764
0.000509571
-0.000934275
0.399707
-0.404658
0.404893
-0.399907
0.413301
-0.435141
-0.0118469
-0.00453681
-0.128723
0.00676247
0.143699
-0.00593245
0.00263762
0.00253878
7.48058e-05
0.000131613
0.000191991
0.000217621
0.000176695
-0.436908
7.05338e-05
-0.437379
0.43778
-0.442416
0.437372
0.000124797
0.442595
-0.436141
-9.35798e-05
-0.497607
0.30574
3.24432e-05
0.496102
-0.304806
2.64479e-06
-0.278627
0.283737
0.0027913
-0.279615
0.284474
0.0038342
-0.27887
0.28895
0.00719694
-0.277117
0.29579
0.00617543
-0.280544
-0.00946408
-0.000135964
-0.00140909
0.00235919
0.0002858
0.00122441
-0.000198745
0.000334378
-0.00097273
0.00134331
0.00545719
0.288783
-0.302926
-0.000423429
-0.268237
0.305001
0.0297893
0.0122192
-0.000504272
0.0120289
-0.201765
-0.000288154
0.316713
0.0184725
-0.472612
-0.00302916
-0.00471786
0.0247471
0.0170175
-0.0225142
-0.239836
0.366759
0.119091
0.390073
0.144984
0.0825152
0.0198302
0.060228
-0.339984
0.434527
-0.412595
0.0118011
0.00197039
-0.0187182
-0.00499325
-0.0025952
0.00743693
0.0017088
0.000701151
0.000830661
0.000648085
-0.497758
0.305712
-0.306042
0.4983
3.59484e-05
-0.000760939
-0.00226333
-0.00049882
-0.000649008
-6.69877e-06
0.000160471
0.000827669
0.000614365
-0.436305
3.65039e-05
-0.441271
0.437629
-0.497611
0.305417
0.00132516
0.50068
-0.30821
0.00297986
0.000311531
-0.000906734
-0.001721
-0.00586897
-0.00434105
0.322906
0.467482
-0.487943
0.0401542
0.00706179
0.00330252
0.0117624
0.00569146
0.0137583
-0.341278
0.0119546
0.0327066
-0.347147
0.00280856
0.00151232
0.00107691
0.00197902
0.0030237
0.00412044
0.00189733
0.00123635
0.000711953
0.000534043
0.000414926
0.000610395
0.000808342
0.000569773
0.00044541
0.000581906
0.000728851
0.000607338
0.00106046
0.00110209
0.000578717
0.00129448
0.00107234
0.0015289
0.00113732
6.79962e-05
-0.000918599
-0.000321043
0.00215215
0.00403576
0.000332694
-0.0230177
0.00274249
0.00056463
0.000932026
0.00114295
0.00127022
0.00106073
0.00225449
0.00139409
0.00263242
0.00145489
0.42185
-0.430472
0.00216095
0.414097
0.00692301
0.00135602
0.00337206
0.0175968
-0.0678836
0.168517
-0.134364
0.283315
0.0413967
0.193487
-0.155795
0.126047
-0.135897
0.086078
0.0981
-0.148414
0.0339559
-0.154715
0.0909579
0.0945028
0.18542
-0.00862537
-0.00234172
-0.023599
-0.00114001
-0.10755
-0.00167303
-0.000752796
0.000656889
0.000886273
0.00167726
0.000990784
0.000653793
0.000852208
0.000645309
0.00015967
0.000588115
0.000343638
0.00240832
0.00115465
0.000498023
-0.469971
0.468132
0.00108985
-0.299208
-0.000772113
0.304993
0.3844
0.0051233
-0.317771
-0.00196089
-0.388245
0.00168964
0.000950798
0.000222771
0.000467577
0.000234114
0.00250864
0.000601828
0.00027874
0.000454842
0.000434645
0.000440725
-0.000574323
-0.0013851
-0.00309287
-0.351198
0.0062391
0.323523
0.0185166
0.335318
-0.296441
-0.323467
0.381658
-0.255822
-0.240874
-0.199577
0.00227385
0.00209588
0.00190687
-0.379782
0.0129443
-0.00152461
-0.061676
-5.02649e-05
0.00504137
-0.000571799
-0.465577
3.03363e-05
-7.633e-05
0.0632714
0.00226748
-0.0613738
0.000382834
0.00297039
0.00103217
0.00177124
0.000348687
-0.388804
0.000401071
-0.378448
0.00138139
-0.000310892
-0.392924
-0.000298272
0.314208
-0.00298486
-0.00149334
-0.396134
0.00614524
-0.476949
0.0188985
0.0127788
0.0969893
0.010111
-0.490249
0.033741
0.00152817
0.00415564
0.028086
0.186149
0.440795
0.228906
0.336626
-0.0165674
-0.00475868
-0.400377
-0.0112309
-0.0225252
0.0107724
0.227111
0.327516
-0.0172673
-0.00564542
-0.00176097
0.30987
-0.38495
-0.00559334
0.000535953
-0.0173622
-0.0313938
0.000796168
0.209725
0.329852
-0.0182108
-0.00601575
-0.00204479
-0.387906
-0.00203382
-0.000336126
6.81819e-05
0.00188963
0.00472188
0.00145717
-0.0256495
-0.00728746
-0.000204155
-0.00251569
-0.00623224
-0.00408786
-0.00695662
-0.00111762
0.19151
0.369317
-0.0690095
0.0596359
0.0265988
0.0330075
0.00917589
-0.00211807
-0.000805267
-0.000184325
9.88918e-05
0.000290554
0.000767516
0.00239816
-0.000126731
-0.000156034
-0.00104853
0.00156022
0.000874667
0.000966986
-0.00188463
-0.0183522
-0.0255065
-0.00772639
0.00269737
0.00272761
-0.494017
0.433253
0.00130335
0.00135982
0.00136206
0.00260977
0.0032408
0.00308249
0.000649365
-0.00840424
0.123296
-0.412728
0.0209932
0.00117935
0.00108949
0.000614822
0.000596291
0.00108056
0.000392625
0.000363888
0.000330457
0.000526071
0.000181973
0.000241671
0.000235761
0.000902776
0.000896944
0.436791
-0.000162442
-0.436477
0.436896
-0.000650633
-0.432761
0.432468
-0.43642
0.443026
-0.000439776
-0.436916
0.43535
-0.434733
0.00166862
0.503421
-0.312851
0.00591107
0.00259594
0.00210141
0.00122194
-4.63283e-06
-0.010424
-0.0176809
-0.0356733
-0.084038
0.00452854
-0.03612
-0.011947
-0.00355271
0.00485367
0.00413703
-0.000484499
4.67044e-05
0.000967114
0.000502124
0.443538
-0.437356
0.438022
-0.443384
-0.00015115
-0.43678
0.44187
-1.2282e-05
-0.443224
-0.000642576
-0.434238
0.43718
-0.000251965
-0.438945
0.431957
-0.498001
-0.00159884
-0.00240392
-0.00102446
0.000309424
0.00058663
0.00221671
0.00513587
0.0213172
0.0857286
-0.0267478
0.855526
-0.0204713
-0.00448137
-0.0156333
-0.150083
0.0304044
0.0859615
0.00747922
-0.00123834
-0.0839109
-0.00136874
0.00257031
0.00622309
0.000396854
0.000481568
0.00656269
0.00348516
-0.264588
0.218073
-0.00872095
-0.00610967
-0.000431326
0.044703
-0.0101874
0.0369832
0.0592767
0.0956332
0.190091
0.0471351
-0.122709
0.0483198
-0.154442
0.0378884
0.0210496
-0.117266
0.00661408
-0.00238934
0.00027315
-0.000585961
6.30162e-06
0.00221045
-0.0010429
-0.00233178
-0.000330866
-0.00273033
-0.00095725
1.31249e-05
-0.000145516
0.000179398
-6.45321e-05
-0.000156593
-0.000878595
4.14138e-05
0.00122895
0.00248305
0.0101955
0.108321
0.454792
0.026047
-0.0807335
0.292169
-0.0046156
-0.062352
-0.0207874
-0.0299065
0.849204
-0.0162421
-0.00471823
0.00533818
0.00215545
0.00543867
-0.0759251
-0.00163795
-0.00176565
-0.0163518
-0.151119
-0.129189
-0.0779619
-0.304782
0.0310616
0.0759157
0.00389052
-0.00428175
-0.00449571
-0.00239427
-0.0937288
-0.00464083
0.0449536
-0.0269919
0.0478474
-0.0027036
-0.0855051
-0.00505471
-0.00279803
-7.90087e-05
0.00521323
0.0191195
0.00252059
0.00333288
0.0177784
0.0173446
0.000841202
-0.00177513
-0.000445005
0.00105096
0.0029955
-0.00136342
-0.00110823
0.0135044
0.322876
0.0141169
-0.000295332
0.00187129
0.000441084
0.000129748
-0.00016171
-0.00150617
0.00116163
0.436324
-0.497952
0.00126368
0.000532817
0.00042925
0.000442841
-0.499449
0.437399
9.26396e-05
-0.437196
0.443223
-0.442561
0.000347207
0.437561
0.000315896
0.000126575
9.25746e-06
-7.84071e-05
0.000548101
0.00104368
0.0002001
8.17282e-05
-0.000215022
-0.000955416
0.00152057
0.436794
-0.430853
0.430605
-6.25503e-05
0.000111793
0.000203884
0.000178631
-2.14413e-05
0.437688
-0.500406
-6.09253e-05
-0.000175852
0.000159455
-0.000689802
-0.000723654
-0.50092
0.436829
-0.000541196
-0.000352565
-0.000991828
0.00103534
8.64782e-05
0.000134453
-0.0129875
-0.0207158
-0.0841311
-0.013426
-0.00138802
5.8687e-05
0.000411132
3.62553e-05
0.000123404
0.00124827
-0.00136563
-0.00156162
-0.000354666
-0.000235324
-0.00190232
-0.00119165
-0.00112328
0.000321627
-0.00173706
0.00132357
-0.001949
-0.00677306
-0.000587994
-0.00239979
-0.0150044
0.0107189
0.0298779
-0.000602334
0.00119725
-0.427756
0.00325606
0.0132478
0.0866926
-0.00176595
-0.0025142
-0.0186751
-0.176588
-0.108452
0.0246581
-0.00313755
-0.00247817
-0.00196091
-0.0223764
-0.00286645
0.163076
0.0493077
-0.00835798
0.0347055
0.24581
0.021424
-0.00360655
-0.00642821
-0.00759166
-0.011405
-0.282916
-0.251867
0.00186454
0.0255166
0.00945455
0.0410359
-0.0776369
0.000483074
0.00451836
-0.0115608
0.000194887
-0.382146
0.00541384
0.00115815
-0.000221885
-0.00160929
8.42356e-05
-0.00136006
-0.459511
0.318467
-0.370367
0.019357
0.184393
0.314191
-0.000148906
-0.000350246
0.00109163
-0.0790162
-0.29975
-0.0208292
-0.00475689
-0.00117047
-0.00253831
-0.0882737
0.000668111
-0.278583
0.00709342
-0.270429
-0.00208823
0.0367821
0.00135559
-0.105642
0.0497842
-0.0100255
0.331808
0.000391692
-0.282902
0.0213965
0.089072
0.0165728
1.92596e-05
0.00149184
0.000323886
0.00504349
0.320813
-0.502342
0.00165645
-0.166915
-4.02387e-05
0.021937
0.0344868
0.0193427
0.00662256
-0.000393305
-0.00740005
-0.0200301
-0.035083
0.000369872
0.206048
0.245221
0.243913
0.17091
-0.405848
-0.38196
-0.0188684
0.386642
-0.00823674
-0.472434
0.0795962
0.0130375
-0.0550751
0.0606977
0.00382207
-0.0565826
0.0586825
0.00239114
-0.0543275
0.0592624
0.00191383
-0.0538778
0.0581692
0.000117751
-0.0555427
0.0558186
-0.00401649
-0.0605862
0.0505833
-0.0149741
-0.0800408
0.0301636
-0.064655
-0.155113
-0.0743784
-0.23241
-0.28537
-0.2791
-0.23735
-0.252621
-0.262657
-0.251294
-0.271406
-0.258013
-0.256343
-0.267192
-0.255455
-0.272707
-0.270881
-0.252599
-0.335987
-0.157395
-0.151458
0.580705
0.0369055
0.326972
-0.161553
0.422984
0.0267481
0.375392
-0.166075
0.40048
0.022247
0.387092
-0.166586
0.395984
0.0230069
0.407424
-0.161286
0.384355
0.0245457
0.499516
0.0602709
-0.0430118
-0.320125
-0.00303208
-0.242314
0.155969
-0.210835
0.185068
-0.199066
0.193159
-0.19392
0.19628
-0.193043
0.196604
-0.191636
0.199718
-0.185598
0.210276
-0.157029
0.242442
0.00440974
0.302745
0.21334
-0.0847318
0.238691
-0.222608
-0.0108756
-0.00522862
-0.122079
0.128875
-0.114751
0.212164
0.0287316
0.0344759
-0.00855879
-0.0185571
-0.000375719
0.0187957
0.000204218
-0.163319
-0.0660589
0.111227
-0.0716241
-0.0942539
0.128093
-0.0114028
0.122156
-0.02053
-0.00639299
0.10519
-0.191328
-0.244397
-0.31337
-0.393638
0.471405
-0.415577
0.482889
-0.0138858
-0.236194
0.353729
-0.174739
-0.196357
-0.21144
-0.290185
0.428377
-0.320899
0.392025
-0.362863
0.386391
-0.372757
0.382479
-0.373078
0.379809
-0.370061
0.381174
-0.366559
0.388314
-0.363309
0.397106
-0.357102
0.0790541
-0.169626
0.0428934
0.00687841
-0.297445
0.348306
-0.00426904
-0.319094
0.351911
-0.00184506
-0.327801
0.346994
-0.000716552
-0.328369
0.339713
-4.66164e-06
-0.323356
0.333148
0.000792954
-0.313822
0.33087
0.00204031
-0.29603
0.336525
-0.0102115
-0.249378
0.370207
-0.173423
-0.240385
-0.23782
-0.264003
0.41115
-0.173418
-0.262434
-0.238255
-0.243897
0.411719
-0.292533
0.395771
-0.356012
0.390175
-0.370215
0.381827
-0.360803
0.364098
-0.34686
0.349607
-0.334955
0.357079
-0.332561
0.364264
-0.334461
0.0511504
-0.15816
0.109578
0.00429832
-0.296925
0.494192
-0.00389705
-0.449051
0.476394
-0.00309649
-0.456694
0.462125
-0.00531684
-0.46325
0.351359
0.00166253
-0.360815
0.316534
0.0010791
-0.318304
0.311021
0.00114702
-0.299351
0.326503
-0.0135695
-0.264098
0.376327
-0.170879
-0.286832
-0.270683
-0.227738
0.48244
-0.387377
0.471102
0.00757277
0.030182
-0.155577
0.0476472
-0.0706022
-0.29995
-0.0661535
-0.00724479
-0.241843
0.00921315
-0.372209
0.403967
0.00693147
0.341817
-0.39209
0.391423
-0.0180702
-0.322597
-0.0126348
-0.0273099
0.135846
0.114073
-0.0290827
-0.21158
-0.198765
-0.146659
0.114505
-0.115552
-0.0615201
0.135654
-0.0236252
0.122928
-0.104134
-0.108262
0.119748
-0.000503311
0.106614
-0.106372
-0.119181
0.108952
0.000642806
0.104521
-0.12287
-0.135066
0.062767
0.0235837
0.115764
-0.114371
0.0871047
0.147049
0.198844
0.21239
0.0290247
-0.114264
0.129079
-0.00197595
-0.118285
0.123335
7.86765e-05
-0.123093
0.118207
0.0021697
-0.128357
-0.0185275
-0.048964
-0.0344539
0.00787863
-0.00752455
9.71137e-05
-0.00678432
-0.386145
0.386157
-0.388773
0.405446
-0.405433
0.414293
-0.000267757
0.388966
-0.401097
0.386757
0.00159028
-0.386117
-2.56825e-06
-2.13899e-05
-1.44069e-05
0.000199262
-0.00749171
0.00757201
-1.55609e-05
0.00675358
-0.391813
0.323571
-0.343973
0.372943
-0.00680248
0.239315
0.0129689
0.00600896
0.0676785
-0.0842105
0.0179835
0.237098
-0.216579
0.222784
-0.222663
-0.00163182
0.216255
-0.236391
0.0839443
-0.210345
0.247121
-0.00577772
-0.0876992
-0.0620266
-0.126318
-0.347122
-0.167687
-0.00239404
0.0158998
-0.028197
-0.0164177
-0.0845161
0.0491208
-0.439392
0.460763
-0.445801
0.439237
-0.000250863
0.0388664
-0.0660912
0.000813309
0.00834375
0.179899
-0.199484
0.0134658
-0.379802
0.417631
0.00199413
0.369521
-0.413024
0.414346
0.00295351
-0.375682
0.000283427
-0.00160189
-0.00577913
-0.0053227
-0.00243896
-0.201671
-0.0165261
0.148614
-0.00770642
-0.00327773
-0.00282328
-0.0115434
-0.0103017
-0.0130722
-0.0566672
0.0118763
-0.00248628
-0.205825
-0.343514
-0.328479
0.382884
0.0220711
-0.266353
-0.298784
0.385787
-0.0111937
0.338983
-0.00762445
-0.303799
-0.34974
0.381336
0.00170734
0.331582
-0.00771838
-0.320419
-0.362795
0.375341
0.000654506
0.337011
-0.0103276
-0.333835
-0.360743
0.367998
-6.27535e-05
0.35145
-0.0146369
-0.343672
-0.353452
0.36503
-0.00114207
0.363853
-0.0170167
-0.34622
-0.347178
0.370188
-0.00186149
0.370515
-0.0301543
-0.336916
-0.343577
0.376767
-0.0036076
0.368586
-0.075126
-0.311332
-0.336352
0.0664291
0.00751173
0.0562056
-0.846208
0.382285
0.369487
-0.798371
0.0192137
-0.0158364
0.132767
0.0150247
-0.262395
0.246436
-0.214851
-0.00563632
0.412075
-0.372811
0.00194667
0.37774
-0.334423
-0.000298331
0.31272
-0.0179385
-0.134421
0.25086
-0.351711
0.0383864
0.000866465
-0.0316998
-0.411711
-0.000357612
-0.0645314
-0.029914
-0.0199286
-0.213085
0.0333972
0.0608367
0.179487
-0.288777
0.312952
-0.506694
0.434168
-0.0083505
0.471188
-0.428715
0.430607
0.00231897
-0.411377
-0.117971
-0.0324309
0.00211304
0.00330208
0.000304443
-0.00135562
-0.00476429
0.00460307
0.00786372
-0.033565
-0.00135735
0.000157357
-2.20997e-05
-2.28125e-05
0.000158699
0.000703006
0.000853924
0.0068449
0.000390459
-0.00708349
-0.00744966
0.037463
0.276783
0.0117032
-0.20063
0.122899
-0.018869
-0.293101
0.273434
-0.320491
0.310595
-0.330995
0.293373
-0.476944
0.405078
0.00343786
0.510066
-0.448752
0.43163
-0.00153838
-0.504834
0.00195129
-0.00446044
-0.00258401
-0.0304029
0.0261189
0.00909397
-0.0175089
-0.0194733
0.00169049
0.000750149
-0.00796054
0.00547146
-0.00660704
0.00320422
0.0289267
0.0160263
0.0124858
0.0203601
0.0259313
0.0440834
0.0228711
-0.00433073
-0.0300224
-0.324025
0.273752
0.0425614
-0.113821
-0.22281
0.010136
-0.110611
0.421903
0.0808021
-0.000790586
0.0268309
-0.102268
0.215967
-0.019611
0.423246
-0.447135
-0.00227658
-0.428516
0.411842
-0.416109
0.427827
-0.00206689
0.433279
-0.446212
0.4378
-0.00150883
-0.428034
-0.000588764
-0.44021
-0.00360659
0.441366
-0.00262743
-0.439357
0.427459
-0.00204791
0.441858
-0.438715
0.431031
-0.429898
0.439263
-0.000952201
0.429187
-0.44138
0.438064
-0.000453881
-0.427927
-0.000191987
-0.431827
-0.000947129
-0.44053
-0.000633529
-0.44573
0.500765
-0.00186433
-0.002535
-0.00382243
-0.0018613
0.361739
-0.410846
0.000759597
-0.434552
0.425368
-0.424841
0.435569
-0.000421612
0.423147
-0.435512
0.430638
-0.000680887
-0.420037
-0.000113011
-0.422568
0.000653655
0.434212
-0.000319919
-0.429898
0.420108
0.000789424
0.428901
-0.416277
-0.00010013
0.416589
-0.429806
0.000756866
-0.404533
0.411507
-0.371598
0.376009
-0.375846
0.37583
-0.00127987
0.194479
0.000328018
-0.182881
-0.00495567
0.205896
0.00261293
-0.153928
0.016827
0.012924
-0.0565886
-0.00199088
0.0615564
-0.468187
0.00706166
0.304916
-0.000983707
-0.312141
-0.384906
0.00371472
0.329188
-0.000470464
-0.3337
-0.35932
0.000750349
0.348557
-5.0956e-05
-0.346031
-0.338241
-0.00275594
0.375293
0.000881797
-0.360969
-0.312219
-0.00605649
0.464783
0.00265869
-0.434882
0.472162
0.0103686
-0.37823
-0.269575
-0.275537
-0.28102
-0.268823
-0.284101
-0.268283
-0.293281
-0.264113
-0.350451
-0.0324307
-0.125767
-0.185423
-0.302786
0.0333893
0.133829
-0.0250737
-0.0347491
-0.140609
-0.00486401
-0.0272091
-0.00450505
-0.000442609
3.69391e-05
-0.437025
0.236227
-0.00610449
-0.235824
-0.00386195
0.0144513
-0.0208446
-0.00307624
-0.244096
0.431192
-0.381781
-0.00137195
0.00926216
0.00147907
0.000212384
-0.000423509
-0.000407829
-0.000380855
-0.000886491
-0.00180863
0.00563062
-0.00135157
0.0692904
0.0804501
0.0800033
0.0695484
-0.00281305
-0.0938981
-0.0825088
0.0834379
0.00285303
0.0937661
0.000133543
-0.0936776
-0.00273852
-0.0822444
8.13252e-05
0.0823477
0.0946479
0.00281394
-0.0692906
-0.0791712
0.119411
0.117898
0.111162
-0.0234051
-0.0444502
-0.0271478
0.141457
-0.0876371
0.152474
-0.0377986
-0.0231547
0.108101
0.00165208
-0.00537679
-0.0211724
0.154628
-0.0857668
-0.178275
-0.0996699
0.140978
-0.0347879
-0.0462624
-0.00555061
0.0188166
-0.00033421
-0.00216499
0.00166635
0.0234549
0.00621577
-0.17912
-0.0950605
-0.0478337
-0.0489648
-0.0350141
0.00603018
-0.00942828
-0.106378
0.109347
0.00138445
0.118561
-0.119613
-0.109472
0.104906
0.00171754
0.125962
-0.00615743
-0.13132
-0.00125703
-0.000578237
0.000139412
-0.00534501
0.00184976
-0.0682914
-0.0800551
0.0014849
-0.00637686
-0.0195504
0.0225064
0.000371531
-0.201709
-0.32865
-0.190831
0.000561422
0.0252679
0.0308462
0.0189379
0.012073
0.0146516
0.0242556
0.0453097
0.0970759
0.0946807
0.115747
0.127328
0.299229
-0.304395
0.146367
0.329746
0.231387
0.694431
-0.0878624
0.584745
0.4299
0.467946
0.331637
0.135752
0.149695
-0.266783
-0.0328836
-0.0254374
-0.208302
-0.218353
-0.0288983
0.0179961
-0.23211
-0.225984
-0.028037
0.023162
-0.218269
-0.25152
-0.0295223
0.0515321
-0.190639
-0.272764
0.073612
-0.165365
0.0676069
-0.206078
0.527579
0.274927
-0.0640894
0.0992317
-0.282003
0.00395226
0.414152
-0.256647
-0.0206026
0.242578
0.254582
0.392623
-0.166761
0.216342
0.145847
-0.24234
0.4958
0.0572067
-0.348139
0.427049
0.0115041
-0.371625
0.390921
-0.000903433
-0.374814
0.37746
-0.00244715
-0.374212
0.374835
-0.00273502
-0.375153
0.375013
-0.00606597
-0.37787
0.372867
-0.0225206
-0.388987
0.331715
-0.0895779
-0.320752
0.157714
0.0676993
-0.0609752
0.321785
-0.0269886
0.466214
-0.319967
0.196464
-0.303966
-0.029682
0.265348
-0.287035
-0.00561127
0.275923
-0.281598
-0.0031223
0.276547
-0.281889
-0.00414906
0.275432
-0.285859
-0.00730599
0.273424
-0.292425
-0.00601522
0.276671
-0.282299
0.0312291
0.293195
-0.020535
0.321163
-0.464854
0.391819
-0.00150439
0.401046
-0.42032
-0.000838385
0.249359
-0.000556762
-0.25357
0.244588
0.0112253
-0.234366
0.233205
0.0186293
-0.232636
0.11541
-0.197313
-0.00837772
0.158513
-0.120105
0.132811
-0.134186
0.143231
-0.149026
0.140765
0.00444278
0.0671745
-0.127194
0.00419615
0.1071
-0.108583
0.00144483
0.111024
-0.101299
-0.00345766
0.129296
-0.104542
0.153259
-0.21657
-0.139877
0.131555
-0.057286
-0.0188563
0.137348
-0.106191
-0.000248524
0.118857
-0.115817
-0.00146987
0.110787
-0.133387
0.00017171
-0.00740601
-0.0201393
-0.0787028
0.335326
0.496553
-0.00672935
-0.466923
-0.0141245
-0.0107723
-0.299421
-0.00291427
0.486937
-0.497602
-0.00271665
0.463129
-0.279909
0.313965
-0.0126737
-0.11249
-0.457874
0.12775
-0.169319
0.036512
0.000589865
-0.290773
0.0785565
0.0951167
0.045096
0.0219769
0.0114333
0.00910112
0.0149001
0.00191084
0.00207668
0.000621736
0.00256469
0.116882
-0.098916
0.00748399
0.00529272
0.00265239
0.00300045
0.00459243
0.0047295
0.00529169
0.0107789
0.0111125
0.064178
0.256288
0.241639
0.450391
0.367528
0.369434
-0.165234
0.243916
0.0955844
0.0984177
0.322792
0.440984
0.37549
0.369514
0.388914
0.37807
0.426615
0.330552
0.156511
-0.533202
0.0134537
0.0263623
-0.84902
0.227239
0.234428
0.0585928
0.059741
0.0107208
0.00541234
0.00245288
0.00153791
0.000836146
0.00383572
0.00580868
0.00319353
-0.0614017
-0.646412
-0.367701
0.00558398
0.0165883
0.0155776
0.00440835
0.00477167
0.00316422
-0.294021
-0.462632
0.477869
-0.469261
0.475242
0.000556319
-0.31164
0.327466
0.000818752
0.00210123
-0.00279379
-0.00546871
0.333118
-0.0198296
0.148395
-0.107203
0.0281604
0.00849641
0.00824941
0.00909507
-0.00476138
-0.00262056
-0.00275947
-0.00373622
-0.00685956
-0.0112363
-0.0194216
-0.0520134
0.119279
0.0368032
0.26174
-0.229025
-0.0093111
-0.000214191
-0.0107127
-0.00595897
-0.012151
-0.000163338
-0.0683899
0.340051
-0.0241138
-0.00162811
-0.191966
0.133935
0.451144
0.322825
0.146422
-0.0383779
-0.0537905
-0.0192085
0.00407573
0.216729
-0.282933
-0.00789447
0.0253682
-0.052329
-0.124842
-0.00741764
0.0773827
-0.109689
-0.113639
-0.00729299
0.0836803
-0.115115
-0.10661
-0.00753204
0.0723586
-0.0803078
-0.00181633
0.0822354
-0.069301
-6.11847e-05
0.106059
-0.0288376
0.16257
-0.0738675
-0.0879574
0.151838
-0.0380783
-0.0207556
0.117683
-0.0800369
0.00349961
0.0936513
-0.0910597
-0.000258022
-0.00369038
-0.00604715
-0.00592924
-0.0033715
-0.00224749
-0.00124545
-0.00021322
0.000610534
0.00180055
0.000607997
-0.00107133
-0.410011
0.368433
0.0012071
-0.00360364
0.00165673
0.400564
0.000416832
-0.41376
0.00171114
0.00234935
0.0019434
-0.00400603
-0.00777692
-0.00225617
-0.00812467
-0.00224238
-0.00743339
-0.00347485
-0.00975162
-0.0065708
-0.0158269
-0.0128298
-0.0320706
-0.0208911
-0.0788497
0.025715
0.0295232
0.0442062
0.244424
0.0163704
0.0389561
0.0154751
-0.0201715
0.00721088
-0.239162
0.229575
0.00249259
0.0145825
-0.0129791
0.00272727
-0.000987171
-0.00623304
-0.00433311
-0.00330129
-0.00144585
-4.04133e-05
0.000233619
0.000492097
-1.22035e-05
5.18215e-06
-0.000624141
-0.000645241
-0.000163667
-0.415202
0.416066
-0.00127132
-0.417785
0.417926
-0.376473
0.376785
-0.377316
0.378814
-0.000983869
0.195855
0.000822121
-0.191079
-0.000818418
0.193372
0.000144783
-0.19018
0.0012728
0.000762642
-0.0602841
-0.00086974
0.0597209
-0.464977
0.000709711
0.306738
-0.000155057
-0.310001
-0.380238
-0.00146127
0.330943
0.000651486
-0.3486
-0.00728699
0.351944
0.00241912
-0.318471
-0.319466
-0.00890862
0.383125
-0.0103727
0.337201
-0.00633065
-0.304435
-0.339326
0.377698
0.00204343
0.321978
-0.000876584
-0.000348214
6.49981e-05
-9.47952e-05
-0.000263482
-0.00037688
-0.000954613
-0.00191121
0.00549082
-0.00134741
-0.108007
0.0334926
0.0228154
0.0410356
-0.141152
0.101762
0.0947238
0.186674
0.0947872
0.101765
0.181736
0.245161
0.268387
0.173599
-0.39422
-0.0200116
0.277828
0.0112543
-0.365758
-0.354595
0.00981438
0.346061
-0.00145286
-0.383382
-0.31967
0.00642231
0.455408
-0.000871066
-0.46421
0.459196
2.09835e-05
-0.461843
0.460528
0.000451099
-0.459121
0.462229
0.00114083
-0.453169
-0.00160382
0.00137323
0.00235354
0.00258229
0.00943579
0.439758
-0.00233205
-0.466965
0.00130912
0.00599648
-0.000839959
-0.000524623
0.00693018
-0.124772
0.11541
0.0234471
0.0624444
-0.115211
0.147033
0.0868659
0.181557
0.00638254
-0.00190799
0.00681005
-0.0176696
0.000513644
0.000209137
0.00242519
-0.00182613
0.000526145
-0.0217239
-0.000961723
-0.117838
0.0411112
-0.153462
0.0195664
0.0216375
-0.154449
0.0336831
-0.1408
0.0459605
0.049109
0.0348775
-0.136265
0.0278908
0.00630728
0.00151388
0.000427041
-0.000382542
-0.000238263
-0.437948
0.42609
-0.425692
0.42902
-0.437284
0.439083
0.000682354
-0.00155292
0.000596344
0.437088
0.000251869
-0.000431007
0.000163132
0.000183986
0.0016675
0.00235062
0.000886134
0.000727985
0.000483972
1.45166e-05
-0.000284259
-5.76514e-05
-0.000670518
-0.00283724
-0.00112703
-0.000986725
-0.00198794
-0.00227101
-0.00226837
-0.00186064
-0.00139874
-0.000265802
-1.57928e-05
-3.38624e-05
-0.000450935
-0.000126111
-1.16302e-05
2.7399e-05
-0.00165016
-0.00228892
5.56171e-05
9.00294e-06
-0.000145128
-0.000313207
-0.000285297
-0.000591862
-0.000973051
-0.000845596
-0.000480454
0.432639
-0.445339
-0.00019308
-0.420134
0.4238
-0.379534
0.380381
-0.384444
0.373688
0.015791
0.195299
0.00653582
-0.197769
0.0016544
0.200789
0.00264593
-0.192315
0.00258162
-0.00221743
-0.067915
-0.00494556
0.0536437
-0.46094
-0.00171926
0.300694
0.00289653
-0.308078
-0.351952
-0.00477699
0.335074
-0.00947047
0.371926
-0.00848556
0.355775
-0.00943107
0.356966
-0.00365863
0.00203967
0.000710587
-0.000820982
-0.00354926
-0.00178898
-0.00081341
-0.000155975
0.000787454
0.00217027
0.00260243
-0.00135374
-0.00621641
-0.0015525
-0.00506044
0.327685
-0.318475
-0.469428
0.474577
-0.468692
0.477975
-0.00124373
-0.320566
0.330896
-0.000233111
-0.000112134
-0.000288981
-0.00120779
0.000424193
-0.0010266
0.0073626
-0.0138586
-0.0169641
0.00891787
-0.0184114
0.132865
-0.107937
0.00101234
0.00160673
-0.00178993
0.000394657
-0.00102148
0.0490708
0.045968
-0.117926
0.00679405
-0.00183183
-0.00103661
-0.000860413
0.000743213
-0.00204179
-0.00906087
-0.00676553
0.392914
0.00343928
0.00469949
-0.00446889
-0.00774564
0.0015358
0.0338238
-0.249097
0.00587811
0.0070319
0.00125807
3.00211e-05
-3.52975e-05
0.000256839
0.000823667
-7.24407e-05
-0.000920282
-0.000967868
0.00054868
0.00282292
0.0041062
-0.210747
0.215239
-0.2742
-0.00192189
0.0335137
-0.0310224
-0.105109
-0.00186049
0.0871359
-0.0846925
-0.0897965
-0.0019039
0.0910417
-0.078988
-0.00191265
0.113527
-0.0362896
0.159768
-0.0852083
-0.0797096
0.153357
-0.0323598
-0.0203673
0.112824
-0.0736922
0.00328601
0.00160908
-0.00137442
-0.00121304
-0.00132418
-0.00149315
-0.000399522
-0.431967
-0.00319058
0.428415
-0.00568469
0.00979198
-0.0011591
-0.00440185
-0.00246238
-0.00156026
-0.00125245
-0.000655314
-0.000519344
0.00106169
-0.000243974
0.00126251
-0.000949049
-0.00144495
-0.00152432
-0.00308616
0.00141157
0.000191795
0.00014252
0.000484725
0.000183837
0.00209165
0.00422377
-0.00554196
0.0131214
0.0147721
-0.209178
0.203124
-0.26692
0.000871077
0.0591566
-0.0237017
-0.0962036
-0.00156483
0.123402
-0.0484413
0.158587
-0.088628
-0.0709127
0.146142
0.00127601
-0.021865
-0.0455031
0.0118298
0.00557441
-0.0255153
0.000357462
0.00243136
-0.000148307
-0.217257
-0.00757972
-0.00711659
0.00102778
-0.00534404
0.000863364
0.000726194
0.10611
0.00149733
0.000516631
-0.000195622
-0.00071293
-0.000691681
-0.000455785
-0.000403078
-0.00046426
-0.000971156
-0.000361083
-0.000309617
-0.000549542
-0.000503716
-0.000445474
4.48925e-05
0.000633321
0.000606685
0.000644863
0.00135071
0.000691797
0.000948106
0.00243418
0.00174192
-7.28822e-05
0.000175603
-1.48063e-05
-0.000175305
-0.000299646
-0.000469348
-0.000917659
-0.00092695
-0.00278369
-0.00703974
-0.00586779
-0.013937
0.336188
-0.31857
-0.468212
0.487495
-0.0410007
-0.00783831
-0.00359799
-0.0122018
0.0117436
0.005111
0.00137816
0.00420052
0.030005
0.0786551
0.310241
0.0116381
-0.311114
0.340927
-0.00317263
-0.00208552
-0.000850875
-0.00143674
-0.00360329
-0.000619211
-4.71248e-05
-0.000367259
3.02015e-05
-0.000184663
-0.431818
0.00011837
0.427984
-0.428514
-7.24729e-05
0.428863
-0.432754
0.430769
-0.43599
-8.97871e-05
0.437059
-0.433505
0.432034
-0.432544
0.000302766
0.436788
-0.431442
0.42672
-0.424763
0.435416
3.75391e-05
0.419416
-0.441351
-0.000856947
0.439552
-6.83245e-05
0.419936
-0.441602
-0.000478439
0.4406
-4.88679e-05
0.419725
-0.440867
0.428395
-0.43247
-0.000201437
-0.429396
0.43166
-0.00035913
-0.437423
-0.000332554
0.436226
-0.433797
0.432511
-0.000107839
0.493887
-0.303365
-0.000262006
-0.493346
0.000567614
0.494321
-0.304744
-7.81423e-05
-0.490719
0.429261
-0.42784
0.000761288
0.432124
-0.000197306
-0.426026
0.000312916
0.422071
-0.00138262
-0.436381
0.000898415
0.415211
-0.418576
0.380373
0.000378657
-0.379609
-0.00155774
-0.420397
0.380106
-0.000157493
-0.379567
-0.000567705
0.380174
-0.000299212
-0.379389
0.000139111
-0.419908
3.82828e-05
0.419143
-0.438924
0.440502
-0.000219954
-0.428956
-0.000238077
0.42677
-0.43093
0.431082
-0.00072657
-0.437729
-0.000541602
0.434034
-0.433746
0.431698
-0.000903629
0.493072
-0.303076
-0.000866826
-0.494575
0.303488
-0.00147521
0.000135698
-7.80179e-05
-0.000605166
0.000649511
-0.00169261
-0.000273334
-0.0132633
-0.014608
-0.0859074
-0.143305
-0.38801
-0.133678
-0.369777
-0.00137074
0.211893
-0.441939
0.403297
-0.00216558
0.406199
-0.406981
4.46222e-07
0.41712
-0.415397
0.411813
-0.410796
0.418971
-0.408223
0.376615
0.00266565
-0.375618
-0.00364617
-0.00215764
-0.00928112
-0.00179934
-0.00230574
-0.00828335
-0.00824401
0.00520969
0.00224805
-0.000797875
-0.000872581
0.000959309
-0.000496664
-0.000981203
-0.419246
0.420219
-0.00156577
-0.000443201
-0.000458294
-0.000217922
-0.000609258
-0.000501846
-0.000124277
-0.418677
0.427825
-0.0013772
-0.409092
-0.00587784
-0.0016073
-0.00293718
0.426706
-0.0118002
-0.00379885
0.0770229
-0.155487
0.175192
-0.31869
-0.000541222
-0.180563
0.17025
-0.118772
-0.087231
-0.179146
-0.0173524
0.00132939
0.0101362
0.0195356
0.00216154
-0.0072651
-0.0801842
-0.0510007
0.324806
0.110319
0.0827176
0.258315
0.155974
0.148384
-0.0515043
-0.0834151
0.0123636
0.00908238
0.0384909
0.00528759
-0.00730441
-0.00284961
-0.0047595
-0.00370314
-0.00275946
-0.00254038
-0.00376207
-0.00780542
0.0987868
0.000162085
-0.00079782
-0.000455627
0.0814001
-0.000280781
-0.00379101
-0.00739535
0.00188851
0.0190058
-0.0074988
-0.00161194
-0.00166806
-0.00665017
-0.00174731
0.272684
-0.0205822
0.133124
-0.0134274
-0.00212822
-0.00129462
-0.000728481
3.7479e-05
-0.000262675
-0.000967524
-0.00194022
0.486721
-0.440021
0.00351044
0.293653
-0.00858803
0.398905
0.0183113
0.00519003
0.390289
-0.00484854
0.331627
0.00222379
-0.331415
-0.310834
0.00599756
0.0120559
0.00304833
-0.00207925
-0.00830257
-0.0205611
-0.035333
0.000233364
0.20588
0.345132
0.286991
0.170847
-0.380536
-0.406394
-0.0199009
0.27792
0.0113239
-0.367883
0.00987038
0.324943
-0.0022027
-0.360091
-0.346297
0.00788039
0.365116
-0.00103433
-0.316216
0.0021401
0.314247
-0.315041
-0.000327249
0.316753
-0.314351
-0.00253141
0.318716
0.00187825
0.000202108
0.373766
-1.14422e-05
-0.370353
-0.000837905
-1.76314e-05
0.000883655
0.00213133
0.00506282
0.0214376
-0.154876
0.27952
-0.0201379
0.284006
0.0133588
-0.335534
0.00800345
0.301898
-0.00540553
-0.0135713
-0.0166436
0.331108
0.258497
0.173634
-0.393271
-0.393519
0.269028
0.258967
0.253993
0.211226
0.331084
-0.39237
-0.0166241
-0.0135298
0.266728
0.0136427
-0.3335
-0.390396
0.01008
0.3138
-0.00216832
-0.36392
0.00855759
0.340672
-0.00114843
-0.355468
-0.342682
0.00325885
0.371617
-0.00044011
-0.375469
0.000277752
0.340946
-0.340662
-0.351077
0.346528
-0.00045467
0.337058
-0.000969828
-0.00266464
0.330324
-0.00635763
0.316954
-0.0372974
-0.00114918
-0.00636281
-0.00544228
0.298534
-0.00136269
-0.316712
-0.386833
0.00826696
0.325026
-0.00114582
-0.361453
0.00389982
0.354334
0.00105773
0.00224215
0.00473268
-0.00256911
-0.00259032
-0.00106107
-0.0010414
-0.000125343
-0.000199648
-0.000267634
-0.000373927
-0.000785884
-0.00146407
-0.0028866
-0.00448585
-0.0122746
-0.0315236
-0.00500076
-0.00224804
-0.0016351
-0.00176137
-0.00107238
-0.000822922
-0.00101151
-0.00112053
0.000227475
-0.00045166
-0.000512414
-0.000222139
-0.000393313
4.6212e-05
-0.000868288
-0.000238733
0.000526866
0.00163348
-0.00743722
0.00903332
0.0024421
0.00155677
-0.000122999
-0.00231026
-0.00253995
-0.00146004
-0.00093202
-0.0011003
0.00035913
-0.00165364
-0.00310358
-0.0144538
0.00891899
0.00266618
0.000469544
-0.000262285
-0.000674484
-0.000406962
-0.00036247
-0.00047261
-0.000531412
-0.000756259
-0.000374869
-0.000361403
-0.000285095
-0.0007848
-0.000866326
-0.000343532
-9.8469e-05
1.6827e-05
-0.000306284
-0.000181151
-1.89909e-05
0.000392174
-0.42056
-0.000302087
-5.83503e-05
0.000371648
0.00174292
0.00511914
-0.00501716
-0.00120777
0.227486
-0.233541
-0.00662404
-0.00104445
-0.00344868
0.234681
-0.242454
0.00396733
-0.00116049
-0.131622
0.130746
-0.00162453
-0.000498568
-0.398667
0.39595
-0.000389738
0.394819
-0.39889
-0.000740903
-0.00102835
0.00185318
0.01329
-0.0114423
-0.0296262
-0.0281981
-0.0316817
-0.00933852
-0.00326358
0.491199
-0.309078
0.294869
-0.480475
0.00115436
0.00139582
0.00118653
0.00130437
-0.00221099
-0.000854646
-0.000967214
-0.00146708
-0.000596049
-0.00261382
0.000870553
-0.302842
-0.00174875
0.491798
-0.498946
0.428806
-0.000855288
0.428207
-0.431821
-0.00498414
0.419739
-0.00147634
0.410105
-0.418646
-0.00927316
-0.0101599
0.006474
0.0157057
0.0311541
0.00805113
-0.00040524
-0.00125177
-0.00162467
-0.00286681
-0.00114496
-0.000247414
0.000402021
0.000320729
-0.000136607
-0.000394681
-0.000598992
-0.000873655
-0.00610045
-0.00230019
-0.43101
0.421714
-0.000150084
0.408295
-0.410882
-0.00281554
-0.404219
0.394829
0.000409112
0.399244
-0.40078
-0.00221443
0.000533516
-0.00117397
-0.00686208
-0.0786222
-0.0542096
0.29646
0.0712476
0.121564
0.244067
0.147206
0.160482
0.0374786
-0.0439232
0.00854408
0.0128887
0.0119181
0.00207209
-0.00717733
-0.00612157
-0.00774435
-0.00121652
-0.000938013
-0.00268533
-0.00232181
-0.00458462
-0.00692736
-0.00332221
-0.000495851
-0.000549478
-0.000495322
-0.00142156
-0.00131361
-0.436811
0.428892
-0.000191974
0.422441
-0.426319
-0.00208328
-0.419646
0.434248
0.000330228
0.408302
-0.415709
0.000894573
0.406631
-0.00255624
0.40464
-0.389357
0.000520799
2.06349e-05
0.000160083
0.000476096
0.000394046
-0.0473303
0.0210793
0.00238409
-0.00855787
-0.000450362
0.00287821
0.0191875
-0.047866
-0.0440894
0.0134678
0.00210002
-0.00379107
0.00100127
0.00880504
-0.012667
0.00654562
0.0126937
-0.177783
-0.167946
-0.191426
0.0129515
-0.00809159
-0.00641189
-0.317603
-0.00513669
0.350134
0.0145597
-0.373853
-0.000749852
0.375326
0.00800074
-0.379542
2.25702e-05
0.379396
0.00199799
-0.379537
-0.000178439
0.380096
-0.000692528
0.000317054
-0.000118182
-0.000223954
-0.000114565
0.000174657
0.000449458
0.000441003
-0.00293099
-0.407566
0.00603081
0.395996
-0.00744178
-0.347327
0.0128628
0.325738
0.066805
-0.0490245
-0.483396
0.153487
0.0625213
-0.033191
0.0535185
0.347851
0.227034
0.287659
0.270768
0.19904
0.162156
0.34514
-0.00132258
-0.0225126
-0.0124047
-0.00208793
-0.37949
0.310326
-0.000635723
-0.00375448
0.000804737
0.00493971
0.0125478
0.00578298
0.00659114
0.348602
-0.00740065
-0.332559
-0.337334
0.349961
0.000825237
0.34421
0.00209863
1.54297e-05
-0.00141869
-0.00900304
-0.0225356
-0.00269931
-0.00220913
0.369438
-0.0133608
-0.0229156
0.0218903
0.0538686
-0.0332727
-0.0077413
-0.472775
0.00848022
0.439918
0.00916755
0.000998677
0.00302504
-0.0600113
-0.000854559
-0.46625
0.00301614
0.306539
-0.000491715
-0.310102
-0.383093
0.000978263
0.33043
-0.000156593
-0.356069
-0.00243653
0.362126
0.00175331
0.00145306
0.305449
0.000836159
-0.311446
-0.372641
0.385517
-0.325009
0.472783
-0.000808656
-0.464146
0.0593246
-0.0612942
-0.00208216
0.465817
-0.000519554
-5.83655e-05
6.96455e-05
0.00145297
0.000451781
-3.38575e-05
0.00142821
0.05936
0.456511
-0.00547543
-0.00201858
-0.000993479
-0.00297976
-0.00626103
-0.0191395
-0.0127561
-0.0950159
-0.00969772
0.0284042
-0.167339
0.0017261
0.516505
-0.122331
-0.0778511
-0.0450751
-0.0284342
-0.224877
0.143982
0.0150284
-0.0336806
-0.00124887
-0.00402693
-0.0290966
-0.191263
-0.454549
-0.233835
-0.334289
-0.0119754
0.0235364
0.0344534
0.0195402
0.00610941
-0.000117135
5.30561e-06
0.382121
-0.000754848
0.377933
-0.00103462
-0.330469
0.358719
0.0176443
-0.32511
-0.230566
-0.00220382
-0.220417
-0.326921
0.0181154
0.0156517
-0.00166965
-0.208834
-0.342208
-0.354866
-0.0548774
-0.0110823
-0.00306638
-0.0258686
-0.127654
-4.92e-05
0.461794
0.00279744
0.0804402
0.386476
-0.0184148
-0.482782
0.153988
0.0627701
0.0896861
0.122384
0.347838
0.0694995
-0.0481875
0.227113
0.270253
0.162156
-0.00138301
0.302054
0.212181
-0.337394
0.345947
0.000563459
0.00067432
-6.22828e-05
0.000685895
0.000710279
0.00141952
0.00181259
0.0018176
-0.00540145
-0.0165554
0.0112123
0.00260624
-0.00172858
0.00434517
0.417356
-0.433673
0.000258855
-0.41806
0.00143155
0.00114208
-4.09794e-05
-0.000179608
-0.000758786
-0.000429265
-0.000304945
-0.00040484
-0.0018742
-0.00199461
0.00271819
0.0328423
-0.249973
0.00594858
0.00754622
0.00199326
-0.00114915
-0.000995249
-0.000540522
-0.000225502
0.0002707
0.000196456
0.43949
-0.426923
-0.00137927
5.15328e-06
0.000355835
-0.00191511
-0.00522744
0.0240161
0.0743332
-0.0218512
-0.00790649
-0.00772902
0.000232254
-0.00827758
-0.00282974
0.00335647
0.00135981
3.51411e-05
-0.00012301
-0.00114642
0.000208304
0.00615268
0.00400425
-0.0227565
0.0122091
0.000208668
0.00249974
-0.411896
-0.00159088
-0.000319388
0.00028709
0.000762885
0.00257269
0.0020104
-0.000145072
-0.00592536
0.00106711
0.27468
-0.0896826
-0.0187091
-0.00410099
0.0103749
-0.389433
0.00237568
0.000395988
-0.391719
-0.0206653
-0.004167
0.000870184
-0.00265508
0.00329351
0.0170789
0.0897085
0.0175889
-0.396635
0.392156
0.000896534
-0.396569
0.0183264
-0.00777514
-0.0061149
0.00130294
0.00318722
0.00255891
0.0021034
0.0219722
0.122025
0.0691284
0.0275091
-0.136666
0.268569
-0.00103378
-0.018734
0.267779
-0.496277
0.305152
-0.00332556
-0.000505515
-0.00237536
0.308995
-0.00625684
-0.00286707
-0.00223735
0.01732
-0.000223935
0.300236
0.00384544
-0.0200382
-0.0015687
0.366038
0.328101
-0.342913
0.348603
-0.352674
0.285315
0.279399
-0.388461
0.244274
-0.172266
0.0229053
-0.10763
0.000962156
0.10823
-0.135593
-0.000430146
0.302473
0.000850451
0.00153315
-0.000146004
0.00237403
0.272591
0.27231
-0.0049144
0.00138481
0.0187847
-0.84867
0.00857608
0.00249272
-0.0304293
0.00103837
0.170398
-0.023577
1.2278e-05
0.0207339
)
;

boundaryField
{
    face
    {
        type            calculated;
        value           nonuniform List<scalar> 
217
(
0.0347055
-0.00286645
-0.00862537
-0.00835798
-0.00247817
-0.0223764
-0.0269919
-0.00428175
-0.00449571
0.0054238
-0.00149848
0.080413
0.0378646
-0.00983049
0.0014804
0.0305975
-0.0157875
-0.00234172
0.0369832
0.0592767
-0.023599
-0.0101874
-0.00423687
-0.00356707
-0.000431326
-0.00662358
-0.00313755
0.0246581
0.00389052
0.00747922
0.0759157
0.0859615
-0.108452
0.0310616
0.0304044
0.0493077
0.0478474
-0.00196091
-0.0027036
0.0449536
0.0471351
-0.00239427
-0.00114001
0.044703
0.00185702
-0.0025142
-0.00176565
-0.0186751
-0.0163518
-0.176588
-0.151119
-0.00123834
-0.000975978
-0.0156333
-0.0155808
-0.00206544
-0.0129062
-0.150083
-0.165609
-0.161448
0.021424
-0.123509
0.00484301
0.24581
0.191955
0.0668407
0.163076
0.105948
0.0909579
0.18542
0.0945028
-0.00360655
-0.138287
0.134012
-0.00642821
-0.142889
0.135705
-0.00382298
-0.00621883
-0.315381
-0.299456
0.0981
0.184393
0.086078
0.126047
0.190091
0.0956332
0.283315
-0.134364
-0.00872095
-0.0102308
-0.00759166
-0.150096
0.139334
-0.011405
-0.116293
0.133397
0.124301
-0.490797
-0.304782
-0.323931
-0.0776369
0.218073
-0.191528
0.204281
-0.266557
-0.0779619
-0.129189
-0.105085
-0.21802
0.213918
-0.228968
0.193741
-0.0969336
-0.126787
-0.0736855
-0.199048
-0.245496
-0.179641
0.0213958
0.00681005
0.0348775
-0.0176696
-0.00749171
0.000513644
0.000199262
0.00603018
-0.0350141
0.0187957
0.0234549
0.000204218
0.00621577
0.0344759
0.00638254
-0.00190799
-0.00855879
-0.00102148
-0.0185571
-0.0217239
-0.000375719
0.000526145
0.0188166
0.00787863
-0.00555061
-0.0344539
0.0490708
0.045968
0.000394657
-0.00178993
0.0459605
0.049109
-0.00182613
0.000209137
0.00101234
0.00160673
-0.0489648
-0.0478337
0.00166635
-0.00033421
-0.0462624
-0.048964
0.101765
0.181736
0.0871047
0.147049
0.198844
0.21239
-0.114264
0.0290247
0.129079
-0.118285
-0.00197595
0.123335
-0.123093
7.86765e-05
0.130746
-0.131622
-0.00116049
0.122156
-0.00639299
-0.02053
-0.191328
-0.244397
-0.0660589
-0.107203
-0.163319
-0.0876371
-0.0950605
-0.17912
0.212164
-0.114751
0.0287316
0.19904
0.147033
0.0868659
0.181557
0.101762
0.0947238
0.186674
0.0947872
0.128875
-0.122079
-0.00522862
0.125962
-0.13132
-0.00615743
0.118207
-0.128357
0.0021697
-0.0996699
-0.0857668
-0.178275
-0.146659
0.114073
-0.21158
-0.0290827
-0.198765
)
;
    }
    outlet
    {
        type            calculated;
        value           nonuniform List<scalar> 
217
(
0.00584212
-0.0131955
0.0177883
0.0127136
0.000466787
0.00133968
-0.0105473
0.0123559
-0.0187756
-0.0216044
-0.0116031
-0.0176183
-0.0122397
0.0111473
0.0147201
0.0102827
-0.00016616
0.0179749
0.0202454
-0.000379082
-0.000387752
-0.0180317
-0.00977375
-0.0114262
0.0119391
-0.043255
-0.0491495
0.00106635
0.000221588
-0.0478577
-0.0433738
0.000294733
0.000290322
-0.000788438
0.000146967
0.0434038
0.0497842
8.78577e-05
-0.00107579
0.0496799
0.0431714
-0.0885838
-0.165743
-0.0719985
-0.140294
-0.191908
-0.216862
0.158948
-0.00873778
-0.119946
0.130995
0.0112365
-0.130476
0.136177
0.00549644
-0.143764
0.128722
-0.00678423
-0.153591
-0.0358082
-0.0119277
0.194504
0.23658
0.0541053
0.0961775
0.149306
0.0774846
0.077642
0.160796
0.0359115
0.153485
0.0120056
-0.236333
-0.194748
-0.0541556
-0.150649
-0.097679
-0.0762987
-0.16686
-0.0833719
-0.128723
0.143699
0.00676247
-0.141512
0.141465
-6.93263e-05
-0.139628
0.127181
-0.00440991
0.0956253
0.0539126
0.148124
0.193503
-0.152559
-0.0352078
-0.0121455
0.233572
-0.012667
0.00654562
0.0126937
0.0134678
0.00210002
0.0191875
0.0210793
0.00287821
0.00238409
-0.0072651
-0.00534404
-0.0801842
-0.0537905
0.00102778
-0.0192085
-0.0510007
-0.0383779
0.0101362
-0.0173524
0.00132939
0.0195356
0.0118298
0.00216154
0.000863364
0.00557441
0.00243136
-0.00379107
-0.0439232
-0.00686208
-0.00855787
-0.0786222
-0.0834151
0.0374786
-0.0542096
-0.0515043
-0.0440894
-0.047866
0.000160083
0.000476096
-0.0473303
-0.0455031
0.000394046
0.000726194
-0.0255153
0.000357462
-0.00117397
-0.000450362
0.00854408
0.0128887
0.160482
0.147206
-0.000455627
-0.00079782
0.0123636
0.00908238
-0.000148307
0.00407573
0.148384
0.155974
0.146422
-0.00837772
0.158513
-0.21657
-0.191426
-0.139877
-0.0738675
-0.167946
-0.0879574
-0.0852083
-0.177783
-0.0797096
0.0129515
0.132811
-0.120105
0.274927
0.0712476
0.121564
0.0984177
0.215239
-0.217257
0.216729
-0.191966
0.0955844
0.110319
0.0827176
0.135752
0.133935
0.149695
0.322825
0.00880504
0.143231
-0.134186
-0.00757972
-0.00162811
0.324806
0.331637
-0.088628
-0.172266
-0.0709127
-0.118772
-0.179146
-0.087231
-0.31869
0.175192
0.0147721
0.0041062
0.00100127
0.140765
-0.149026
-0.018734
0.0676069
-0.165365
-0.206078
0.527579
0.29646
0.322792
0.133124
-0.209178
0.203124
-0.210747
)
;
    }
    wall
    {
        type            calculated;
        value           nonuniform List<scalar> 
1558
(
0
0
0
0
0
0
0
0
0
0
0
0
0
0
0
0
0
0
0
0
0
0
0
0
0
0
0
0
0
0
0
0
0
0
0
0
0
0
0
0
0
0
0
0
0
0
0
0
0
0
0
0
0
0
0
0
0
0
0
0
0
0
0
0
0
0
0
0
0
0
0
0
0
0
0
0
0
0
0
0
0
0
0
0
0
0
0
0
0
0
0
0
0
0
0
0
0
0
0
0
0
0
0
0
0
0
0
0
0
0
0
0
0
0
0
0
0
0
0
0
0
0
0
0
0
0
0
0
0
0
0
0
0
0
0
0
0
0
0
0
0
0
0
0
0
0
0
0
0
0
0
0
0
0
0
0
0
0
0
0
0
0
0
0
0
0
0
0
-0.00334087
-0.0469643
0.160975
0.00162444
0.000403907
0.000179861
-0.000606602
0.000230729
0.275728
0.0114622
0.00225496
-0.0678836
0.0104214
-0.00295548
0.00464675
0.0065629
0.0039252
0.012536
-0.03928
-0.00487902
0.00197303
0.00726521
0.000825795
0.00279099
0.00292003
0.00171002
0.00604414
0.000180466
-0.00285417
-0.00125625
-0.00195807
-5.9121e-05
-0.000466028
-0.00014872
-0.000788198
0.00037528
-4.62945e-05
0.000410436
9.94926e-05
0.00075534
-0.000737617
0.00132365
0.00101881
0.00390782
-0.00255313
0.00751134
-0.00491039
0.0247781
0.0175141
0.0875168
-4.56419e-05
-0.000842602
0.000391088
0.000359646
0.000613106
0.000234515
-0.0050842
-0.017039
0.0175522
0.0175968
0.00337206
0.00692301
0.00135602
0.00263242
0.00139409
0.00145489
0.00114295
4.52194e-06
0.000829613
0.00276752
0.00533378
-0.0718311
-0.0472331
0.00225449
0.00285782
0.00127022
0.00106073
-0.0138804
-0.0038742
0.00107234
0.000932026
0.0015289
0.00113732
0.00274249
0.00215215
0.000332694
0.00403576
-0.0230177
0.00344645
0.00056463
3.325e-05
6.79962e-05
-0.000918599
8.02294e-05
0.000979752
-0.000321043
-0.00255014
-0.00035298
-0.00477637
0.00560142
0.0186795
0.00153544
0.00286662
0.0255005
0.00309462
0.00958041
0.0430014
0.153473
-0.19616
0.19285
-0.00113624
-0.197223
0.186013
-0.00253831
-0.208062
0.158084
-0.0161411
-0.00913005
-0.0225791
-0.0372491
-0.308609
0.299907
-0.282404
0.316269
-0.27275
0.298756
-0.276401
0.115682
-0.231477
0.230298
-0.231609
0.285083
-0.280486
0.283631
-0.277839
0.28965
-0.263235
0.309216
-0.189274
0.238067
-0.241615
0.237781
-0.237874
0.390265
0.365648
0.117227
0.00930435
-0.0112524
-0.00208823
-0.00522575
-0.0231926
-0.0100255
-0.16775
-0.608466
-0.23948
-0.00219028
-0.0882737
-0.320148
-0.197831
0.0165728
0.0064007
0.132222
0.0713294
0.305044
0.183295
0.168517
0.0326267
-0.00626574
-0.00610967
0.00728875
-0.017493
-0.00782227
-0.0705113
0.0081541
0.0135386
0.00611701
-0.144442
0.227972
0.0288268
-0.197483
0.200309
8.42356e-05
-0.203237
0.194548
-0.00255802
-0.198469
0.193431
-0.00136006
0
0
0
0
0
0
0
0
0
0
0
0
0
0
0
0
0
0
0
0
0
0
0
0
0
0
0
0
0
0
0
0
0
0
0
0
0
0
0
0
0
0
0
0
0
0
0
0
0
0
0
0
0
0
0
0
0
0
0
0
0
0
0
0
0
0
0
0
0
0
0
0
0
0
0
0
0
0
0
0
0
0
0
0
0
0
0
0
0
0
0
0
0
0
0
0
0
0
0
0
0
0
0
0
0
0
0
0
0
0
0
0
0
0
0
0
0
0
0
0
0
0
0
0
0
0
0
0
0
0
0
0
0
0
0
0
0
0
0
0
0
0
0
0
0
0
0
0
0
0
0
0
0
0
0
0
0
0
0
0
0
0
0
0
0
0
0
0
0
0
0
0
0
0
0
0
0
0
0
0
0
0
0
0
0
0
0
0
0
0
0
0
0
0
0
0
0
0
0
0
0.0298779
0.0866926
0.0330075
-0.0150044
-0.00677306
-0.00239979
-0.001949
0.0132478
0.00917589
0.00124827
0.00187129
0.000160471
0.000830661
0.00235919
0.00122441
-6.69877e-06
0.000701151
-0.00211807
-0.00190232
-0.000805267
-0.000955416
0.000123404
0.000441084
3.62553e-05
0.000129748
-0.000184325
-0.000215022
9.88918e-05
8.17282e-05
-0.000649008
0.0017088
0.000334378
0.00134331
-0.0025952
0.00743693
-0.00499325
0.0247471
0.0122192
0.0825152
-0.0187182
0.0170175
5.8687e-05
-0.00016171
-0.00138802
-0.00150617
0.000290554
0.000126575
0.000767516
9.25746e-06
-0.013426
-0.00772639
-0.0841311
-0.0255065
0.00239816
-0.000126731
0.00463311
-0.000156034
0.000321627
-0.011947
-0.00112328
-0.03612
-0.084038
-0.00119165
-0.010424
-0.000484499
-4.63283e-06
-0.0176809
-0.000135964
4.67044e-05
0.00122194
-0.0183522
0.0170782
-0.000723575
0.0265988
0.0107189
-0.000587994
0.0141169
-0.000295332
-0.00156162
-0.000235324
-0.00136563
-6.25503e-05
-0.000352565
-0.000991828
-0.000541196
0.000111793
-2.14413e-05
0.000203884
-0.00173706
-0.00355271
0.00452854
0.00132357
0.00485367
0.00152057
0.00413703
-0.0356733
-0.00946408
0.000967114
0.00210141
0.000502124
0.000827669
-0.00140909
0.0002858
0.00103534
8.64782e-05
0.000411132
0.000315896
0.00116163
0.000548101
0.000134453
-0.0129875
0.00269737
0.00104368
0.00507967
0.00156022
-0.0207158
-0.00188463
0.000874667
0.0002001
3.59484e-05
-7.84071e-05
-0.000760939
-0.000198745
-0.00097273
-0.00049882
-0.00226333
-0.00104853
-0.00471786
-0.000504272
0.0120289
-0.000683941
0.00197039
0.0198302
0.00195258
0.143833
-0.00905568
-0.00832035
0.0286493
0.00593246
0.00719694
0.0038342
0.00137265
0.000230515
0.0027913
0.00545719
0.0297893
0.144984
-0.011777
-0.0225142
-0.00133476
-0.00683012
-0.259692
0.228219
-0.271013
-0.267917
-0.389496
0.163771
-0.297245
0.284375
-0.280544
0.29579
-0.277117
0.28895
-0.27887
-0.286057
0.283755
-0.285861
0.284028
-0.292243
0.269828
-0.309406
0.202214
-0.392429
-0.118837
-0.367482
0.240174
-0.240872
0.248421
-0.244774
0.284474
-0.279615
0.283737
-0.278627
0.288783
-0.268237
0.305001
-0.201765
0.24472
-0.248396
0.240707
-0.239836
0.390073
0.366759
0.119091
-0.0309256
-0.147157
-0.00538249
-0.00455358
-0.214157
-0.0313041
0.00617543
0.0224834
0.0116447
-7.34825e-05
0.133302
0.373594
0.393409
-0.212328
0.249634
-0.24746
0.239154
-0.203174
0.310478
-0.271715
0.293479
-0.283994
0.287042
-0.28351
0.286155
-0.247319
0.247775
0.27468
0.00106711
0.0122091
0.00615268
-0.00114642
0.000208304
-0.00592536
-0.00159088
-0.000394681
-0.000967214
-0.00261382
-0.00146708
-0.000136607
-0.000854646
-0.00012301
0.000355835
3.51411e-05
5.15328e-06
-0.000319388
0.00028709
-4.09794e-05
-0.000179608
-0.000118182
-0.000223954
0.000320729
-0.00221099
-0.000605166
-0.00169261
0.00139582
-0.00933852
0.00185318
-0.0316817
-0.0132633
-0.0859074
0.01329
-0.0296262
0.000762885
0.00199326
-5.83503e-05
-0.000114565
0.000371648
0.000174657
0.00754622
0.00594858
0.00174292
0.000449458
0.00511914
0.000441003
-0.00827758
-0.00772902
-0.00522744
0.0240161
0.0743332
-0.00191511
0.006474
-0.000873655
-0.00125177
0.0157057
-0.00040524
-0.000598992
-0.00162467
-0.249973
-0.00501716
-0.00104445
-0.0227565
0.00400425
0.000208668
0.00335647
0.00249974
0.00135981
0.00114208
0.0002707
0.000317054
-0.000225502
0.000232254
-0.00790649
-0.0218512
-0.00282974
-0.0101599
-0.00230019
-0.00610045
0.0311541
0.00805113
-0.00137927
-0.00286681
-0.000758786
-0.00114496
0.000870553
-0.000596049
-0.000302087
-0.000540522
-0.00114915
-0.000995249
-0.00199461
-0.0018742
0.00271819
-0.00293099
0.0328423
-0.00120777
-0.000429265
-0.000247414
-0.000304945
0.000402021
-7.80179e-05
0.000649511
-0.00040484
0.00118653
-0.00102835
0.00115436
-0.000273334
-0.014608
-0.00344868
-0.0114423
-0.0281981
-0.166761
0.293195
-0.282299
0.276671
-0.292425
0.273424
-0.285859
0.275432
-0.0847318
0.238691
-0.222608
0.227486
-0.281889
0.276547
-0.281598
0.275923
-0.287035
0.265348
-0.303966
0.196464
-0.233541
0.234681
-0.242454
0.211893
-0.38801
-0.369777
-0.133678
0.00396733
-0.00137074
0.00257269
-0.191636
0.196604
0.00329351
-0.185598
0.199718
0.0170789
-0.157029
0.210276
0.0897085
0.00440974
0.242442
-0.000556762
-0.0206026
0.216342
0.0312291
-0.00601522
0.302745
0.21334
-0.0108756
-0.00662404
0.11541
-0.232636
0.233205
-0.234366
0.244588
-0.25357
0.249359
-0.256647
0.242578
0.254582
0.392623
-0.320125
-0.197313
-0.0896826
-0.242314
-0.00303208
0.0186293
0.0112253
-0.0187091
-0.210835
0.155969
-0.00410099
-0.199066
0.185068
-0.00730599
-0.00414906
-0.000145072
-0.19392
0.193159
0.0020104
-0.193043
0.19628
-0.0031223
-0.00561127
-0.029682
-0.143305
0
0
0
0
0
0
0
0
0
0
0
0
0
0
0
0
0
0
0
0
0
0
0
0
0
0
0
0
0
0
0
0
0
0
0
0
0
0
0
0
0
0
0
0
0
0
0
0
0
0
0
0
0
0
0
0
0
0
0
0
0
0
0
0
0
0
0
0
0
0
0
0
0
0
0
0
0
0
0
0
0
0
0
0
0
0
0
0
0
0
0
0
0
0
0
0
0
0
0
0
0
0
0
0
0
0
0
0
0
0
0
0
0
0
0
0
0
0
0
0
0
0
0
0
0
0
0
0
0
0
0
0
0
0
0
0
0
0
0
0
0
0
0
0
0
0
0
0
0
0
0
0
0
0
0
0
0
0
0
0
0
0
0
0
0
0
0
0
0
0
0
0
0
0
0
0
0
0
0
0
0
0
0
0
0
0
0
0
0
0
0
0
0
0
0
0
0
0
0
0
0
0
0
0
0
0
0
0
0
0
0
0
0
0
0
0
0
0
0
0
0
-0.000163338
-0.0683899
0.00587811
0.00125807
-2.28125e-05
0.00469949
-2.20997e-05
-0.249097
-0.00446889
0.000157357
0.0770229
-0.00554196
0.00054868
-0.012151
0.0368032
-0.00595897
-0.0107127
-0.000214191
0.000390459
-0.00708349
0.0068449
-0.0324309
-0.00744966
0.276783
-0.00379885
0.000183837
0.00422377
-0.000967868
0.00209165
-0.000920282
0.000484725
0.00014252
0.000823667
-7.24407e-05
0.000256839
0.000853924
0.00330208
0.00211304
0.000304443
-0.00327773
-0.00135562
-0.00770642
-0.00476429
-0.00577772
0.000191795
0.00141157
-3.52975e-05
0.000703006
3.00211e-05
0.000158699
0.0070319
0.00460307
0.247121
-0.0118002
-0.00293718
-0.00587784
-0.0016073
-0.00253995
-0.00156026
-0.00146004
-0.00125245
-0.00568469
0.00979198
-0.00440185
-0.0011591
-0.0093111
-0.00246238
-0.002535
-0.00155292
-0.00382243
0.00857608
0.037463
-0.00093202
-0.000655314
-0.0011003
-0.000519344
-0.00152432
-0.000949049
0.00343928
-0.00144495
0.0338238
0.0015358
0.000596344
-0.0018613
0.00106169
-0.000243974
0.00126251
0.0012071
0.00165673
-0.00360364
-0.00135735
-0.033565
-0.0201715
0.0154751
-0.00711659
-0.000790586
0.0808021
0.421903
-0.0241138
0.340051
0.239315
0.00600896
0.0896861
0.302054
0.212181
-0.00774564
1.2278e-05
-0.140609
-0.0347491
-0.302786
-0.185423
-0.155487
-0.0208446
0.0144513
0.0131214
-0.113821
0.273752
-0.229025
-0.324025
0.273434
-0.293101
0.122899
-0.0842105
0.237098
-0.216579
0.222784
-0.222663
0.216255
-0.236391
0.0839443
-0.0129791
0.0145825
0.00282292
0.010136
0.26174
-0.0300224
0.0608367
-0.0175089
-0.20063
0.0117032
0.143982
-0.224877
-0.0284342
0.195299
-0.197769
-4.92e-05
0.200789
-0.192315
0.00258162
0.195855
-0.191079
0.00145297
-0.213085
0.170398
-0.0199286
-0.199484
0.179899
-0.00282328
-0.201671
0.148614
-0.0165261
-0.241843
-0.00724479
-0.0876992
0.193372
-0.19018
0.0012728
0.194479
-0.182881
0.00279744
0.205896
-0.153928
0.016827
0.00786372
-0.29995
-0.210345
0
0
0
0
0
0
0
0
0
0
0
0
0
0
0
0
0
0
0
0
0
0
0
0
0
0
0
0
0
0
0
0
0
0
0
0
0
0
0
0
0
0
0
0
0
0
0
0
0
0
0
0
0
0
0
0
0
0
0
0
0
0
0
0
0
0
0
0
0
0
0
0
0
0
0
0
0
0
0
0
0
0
0
0
0
0
0
0
0
0
0
0
0
0
0
0
0
0
0
0
0
0
0
0
0
0
0
0
0
0
0
0
0
0
0
0
0
0
0
0
0
0
0
0
0
0
0
0
0
0
0
0
0
0
0
0
0
0
0
0
0
0
0
0
0
0
0
0
0
0
0
0
0
0
0
0
0
0
0
0
0
0
0
0
0
0
0
0
0
0
0
0
0
0
0
0
0
0
0
0
0
0
0
0
)
;
    }
}


// ************************************************************************* //
