/*--------------------------------*- C++ -*----------------------------------*\
| =========                 |                                                 |
| \\      /  F ield         | OpenFOAM: The Open Source CFD Toolbox           |
|  \\    /   O peration     | Version:  2306                                  |
|   \\  /    A nd           | Website:  www.openfoam.com                      |
|    \\/     M anipulation  |                                                 |
\*---------------------------------------------------------------------------*/
FoamFile
{
    version     2.0;
    format      ascii;
    arch        "LSB;label=32;scalar=64";
    class       faceList;
    location    "constant/c1zone/polyMesh";
    object      faces;
}
// * * * * * * * * * * * * * * * * * * * * * * * * * * * * * * * * * * * * * //


1236
(
4(10 429 483 275)
4(42 433 429 10)
4(10 275 291 42)
4(12 431 484 276)
4(10 429 431 12)
4(12 276 275 10)
4(68 435 496 296)
4(12 431 435 68)
4(68 296 276 12)
4(70 437 497 297)
4(68 435 437 70)
4(70 297 296 68)
4(80 439 498 302)
4(70 437 439 80)
4(80 302 297 70)
4(82 441 499 303)
4(80 439 441 82)
4(82 303 302 80)
4(178 455 512 314)
4(82 441 455 178)
4(178 314 303 82)
4(180 457 513 315)
4(178 455 457 180)
4(180 315 314 178)
4(190 516 260 515)
4(180 457 516 190)
4(190 515 315 180)
4(190 517 320 515)
4(190 516 459 517)
4(189 458 514 259)
4(190 517 458 189)
4(189 259 515 190)
4(4 427 482 254)
4(189 458 427 4)
4(4 254 259 189)
4(3 426 481 253)
4(4 427 426 3)
4(3 253 254 4)
4(0 477 375 475)
4(3 426 477 0)
4(0 475 253 3)
4(0 477 425 476)
4(0 476 250 475)
4(1 376 479 251)
4(0 477 376 1)
4(1 251 476 0)
4(2 377 480 252)
4(1 376 377 2)
4(2 252 251 1)
4(244 423 532 269)
4(2 377 423 244)
4(244 269 252 2)
4(245 535 372 533)
4(244 423 535 245)
4(245 533 269 244)
4(245 535 424 534)
4(245 534 270 533)
4(247 373 537 272)
4(245 535 373 247)
4(247 272 534 245)
4(249 374 538 274)
4(247 373 374 249)
4(249 274 272 247)
4(196 370 521 266)
4(249 374 370 196)
4(196 266 274 249)
4(198 525 324 523)
4(196 370 525 198)
4(198 523 266 196)
4(198 525 371 524)
4(198 524 268 523)
4(197 323 522 267)
4(198 525 323 197)
4(197 267 524 198)
4(194 322 520 264)
4(197 323 322 194)
4(194 264 267 197)
4(193 321 519 263)
4(194 322 321 193)
4(193 263 264 194)
4(193 321 517 190)
4(190 516 263 193)
4(191 193 321 261)
4(191 261 458 189)
4(189 190 193 191)
4(192 194 322 262)
4(192 262 261 191)
4(191 193 194 192)
4(195 197 323 265)
4(195 265 262 192)
4(192 194 197 195)
4(196 370 265 195)
4(195 197 198 196)
4(248 273 265 195)
4(249 374 273 248)
4(248 195 196 249)
4(8 258 262 192)
4(248 273 258 8)
4(8 192 195 248)
4(7 257 261 191)
4(7 8 258 257)
4(7 191 192 8)
4(4 7 257 427)
4(4 189 191 7)
4(5 7 257 255)
4(5 255 426 3)
4(3 4 7 5)
4(8 258 256 6)
4(6 256 255 5)
4(5 7 8 6)
4(246 248 273 271)
4(246 271 256 6)
4(6 8 248 246)
4(247 373 271 246)
4(246 248 249 247)
4(244 423 271 246)
4(244 246 247 245)
4(6 2 377 256)
4(2 6 246 244)
4(1 376 255 5)
4(1 5 6 2)
4(0 3 5 1)
4(229 230 1 0)
4(229 0 3 234)
4(229 234 240 230)
4(234 3 5 240)
4(230 240 5 1)
4(0 229 470 476)
4(230 421 470 229)
4(230 1 251 421)
4(229 470 531 420)
4(229 420 475 0)
4(226 469 530 417)
4(229 470 469 226)
4(226 417 420 229)
4(211 464 529 414)
4(226 469 464 211)
4(211 414 417 226)
4(208 463 528 411)
4(211 464 463 208)
4(208 411 414 211)
4(130 449 507 397)
4(208 463 449 130)
4(130 397 411 208)
4(127 448 506 394)
4(130 449 448 127)
4(127 394 397 130)
4(112 443 505 391)
4(127 448 443 112)
4(112 391 394 127)
4(109 442 504 388)
4(112 443 442 109)
4(109 388 391 112)
4(109 442 460 199)
4(199 408 388 109)
4(110 109 442 389)
4(199 109 110 200)
4(200 110 389 409)
4(113 112 443 392)
4(109 112 113 110)
4(110 113 392 389)
4(128 127 448 395)
4(112 127 128 113)
4(113 128 395 392)
4(131 130 449 398)
4(127 130 131 128)
4(128 131 398 395)
4(209 208 463 412)
4(130 208 209 131)
4(131 209 412 398)
4(212 211 464 415)
4(208 211 212 209)
4(209 212 415 412)
4(227 226 469 418)
4(211 226 227 212)
4(212 227 418 415)
4(227 230 421 418)
4(226 229 230 227)
4(231 230 421 422)
4(231 422 419 228)
4(228 419 418 227)
4(227 230 231 228)
4(2 252 422 231)
4(230 1 2 231)
4(167 244 269 406)
4(231 2 244 167)
4(167 406 422 231)
4(168 245 533 365)
4(167 244 245 168)
4(168 365 406 167)
4(168 407 511 365)
4(245 534 407 168)
4(166 405 510 364)
4(168 407 405 166)
4(166 364 365 168)
4(156 403 509 359)
4(166 405 403 156)
4(156 359 364 166)
4(154 401 508 358)
4(156 403 401 154)
4(154 358 359 156)
4(66 385 495 344)
4(154 401 385 66)
4(66 344 358 154)
4(64 383 494 343)
4(66 385 383 64)
4(64 343 344 66)
4(54 381 493 338)
4(64 383 381 54)
4(54 338 343 64)
4(52 379 492 337)
4(54 381 379 52)
4(52 337 338 54)
4(52 379 387 104)
4(104 351 337 52)
4(56 52 379 339)
4(106 56 339 352)
4(104 52 56 106)
4(60 54 381 341)
4(56 60 341 339)
4(52 54 60 56)
4(64 383 354 146)
4(60 146 354 341)
4(54 64 146 60)
4(150 66 385 356)
4(146 150 356 354)
4(64 66 150 146)
4(158 154 401 360)
4(150 158 360 356)
4(66 154 158 150)
4(162 156 403 362)
4(158 162 362 360)
4(154 156 162 158)
4(170 166 405 366)
4(162 170 366 362)
4(156 166 170 162)
4(174 168 407 368)
4(170 174 368 366)
4(166 168 174 170)
4(174 247 272 368)
4(168 245 247 174)
4(176 249 274 369)
4(176 369 368 174)
4(174 247 249 176)
4(100 196 266 349)
4(176 249 196 100)
4(100 349 369 176)
4(102 198 523 313)
4(100 196 198 102)
4(102 313 349 100)
4(102 350 502 313)
4(198 524 350 102)
4(98 348 501 311)
4(102 350 348 98)
4(98 311 313 102)
4(94 346 500 309)
4(98 348 346 94)
4(94 309 311 98)
4(40 334 489 290)
4(94 346 334 40)
4(40 290 309 94)
4(36 332 488 288)
4(40 334 332 36)
4(36 288 290 40)
4(32 330 487 286)
4(36 332 330 32)
4(32 286 288 36)
4(28 328 486 284)
4(32 330 328 28)
4(28 284 286 32)
4(24 326 485 282)
4(28 328 326 24)
4(24 282 284 28)
4(24 326 336 50)
4(50 295 282 24)
4(23 24 326 281)
4(23 281 294 49)
4(49 50 24 23)
4(27 28 328 283)
4(27 283 281 23)
4(23 24 28 27)
4(31 32 330 285)
4(31 285 283 27)
4(27 28 32 31)
4(35 36 332 287)
4(35 287 285 31)
4(31 32 36 35)
4(39 40 334 289)
4(39 289 287 35)
4(35 36 40 39)
4(93 94 346 308)
4(93 308 289 39)
4(39 40 94 93)
4(97 98 348 310)
4(97 310 308 93)
4(93 94 98 97)
4(101 102 350 312)
4(101 312 310 97)
4(97 98 102 101)
4(197 267 312 101)
4(101 102 198 197)
4(188 319 312 101)
4(194 264 319 188)
4(188 101 197 194)
4(184 317 310 97)
4(188 319 317 184)
4(184 97 101 188)
4(90 307 308 93)
4(184 317 307 90)
4(90 93 97 184)
4(86 305 289 39)
4(90 307 305 86)
4(86 39 93 90)
4(78 301 287 35)
4(86 305 301 78)
4(78 35 39 86)
4(74 299 285 31)
4(78 301 299 74)
4(74 31 35 78)
4(20 280 283 27)
4(74 299 280 20)
4(20 27 31 74)
4(16 278 281 23)
4(20 280 278 16)
4(16 23 27 20)
4(16 278 293 46)
4(46 49 23 16)
4(15 16 278 277)
4(15 277 292 45)
4(45 46 16 15)
4(19 20 280 279)
4(19 279 277 15)
4(15 16 20 19)
4(73 74 299 298)
4(73 298 279 19)
4(19 20 74 73)
4(77 78 301 300)
4(77 300 298 73)
4(73 74 78 77)
4(85 86 305 304)
4(85 304 300 77)
4(77 78 86 85)
4(89 90 307 306)
4(89 306 304 85)
4(85 86 90 89)
4(183 184 317 316)
4(183 316 306 89)
4(89 90 184 183)
4(187 188 319 318)
4(187 318 316 183)
4(183 184 188 187)
4(193 263 318 187)
4(187 188 194 193)
4(180 457 318 187)
4(180 187 193 190)
4(178 455 316 183)
4(178 183 187 180)
4(82 441 306 89)
4(82 89 183 178)
4(80 439 304 85)
4(80 85 89 82)
4(70 437 300 77)
4(70 77 85 80)
4(68 435 298 73)
4(68 73 77 70)
4(12 431 279 19)
4(12 19 73 68)
4(10 429 277 15)
4(10 15 19 12)
4(42 45 15 10)
4(9 10 275 428)
4(9 428 432 41)
4(41 42 10 9)
4(11 12 276 430)
4(11 430 428 9)
4(9 10 12 11)
4(67 68 296 434)
4(67 434 430 11)
4(11 12 68 67)
4(69 70 297 436)
4(69 436 434 67)
4(67 68 70 69)
4(79 80 302 438)
4(79 438 436 69)
4(69 70 80 79)
4(81 82 303 440)
4(81 440 438 79)
4(79 80 82 81)
4(177 178 314 454)
4(177 454 440 81)
4(81 82 178 177)
4(179 180 315 456)
4(179 456 454 177)
4(177 178 180 179)
4(189 259 456 179)
4(179 180 190 189)
4(235 474 456 179)
4(235 4 254 474)
4(235 179 189 4)
4(233 472 454 177)
4(233 235 474 472)
4(233 177 179 235)
4(217 468 440 81)
4(217 233 472 468)
4(217 81 177 233)
4(215 466 438 79)
4(215 217 468 466)
4(215 79 81 217)
4(136 453 436 69)
4(136 215 466 453)
4(136 69 79 215)
4(134 451 434 67)
4(134 136 453 451)
4(134 67 69 136)
4(118 447 430 11)
4(118 134 451 447)
4(118 11 67 134)
4(116 445 428 9)
4(116 118 447 445)
4(116 9 11 118)
4(203 116 445 462)
4(203 41 9 116)
4(115 116 445 444)
4(115 444 461 202)
4(202 203 116 115)
4(117 118 447 446)
4(117 446 444 115)
4(115 116 118 117)
4(133 134 451 450)
4(133 450 446 117)
4(117 118 134 133)
4(135 136 453 452)
4(135 452 450 133)
4(133 134 136 135)
4(214 215 466 465)
4(214 465 452 135)
4(135 136 215 214)
4(216 217 468 467)
4(216 467 465 214)
4(214 215 217 216)
4(232 233 472 471)
4(232 471 467 216)
4(216 217 233 232)
4(234 235 474 473)
4(234 473 471 232)
4(232 233 235 234)
4(3 253 473 234)
4(234 235 4 3)
4(229 420 473 234)
4(226 417 471 232)
4(226 232 234 229)
4(211 414 467 216)
4(211 216 232 226)
4(208 411 465 214)
4(208 214 216 211)
4(130 397 452 135)
4(130 135 214 208)
4(127 394 450 133)
4(127 133 135 130)
4(112 391 446 117)
4(112 117 133 127)
4(109 388 444 115)
4(109 115 117 112)
4(199 202 115 109)
4(109 110 119 115)
4(200 204 119 110)
4(202 115 119 204)
4(112 113 123 117)
4(110 119 123 113)
4(115 117 123 119)
4(127 128 137 133)
4(113 123 137 128)
4(117 133 137 123)
4(130 131 141 135)
4(128 137 141 131)
4(133 135 141 137)
4(208 209 218 214)
4(131 141 218 209)
4(135 214 218 141)
4(211 212 222 216)
4(214 216 222 218)
4(209 218 222 212)
4(226 227 236 232)
4(216 232 236 222)
4(212 222 236 227)
4(232 234 240 236)
4(227 236 240 230)
4(234 240 242 235)
4(236 238 242 240)
4(232 233 238 236)
4(233 235 242 238)
4(235 4 7 242)
4(240 242 7 5)
4(179 189 191 185)
4(242 185 191 7)
4(235 179 185 242)
4(185 187 193 191)
4(179 180 187 185)
4(186 188 194 192)
4(185 186 192 191)
4(185 187 188 186)
4(99 101 197 195)
4(186 99 195 192)
4(186 188 101 99)
4(99 100 196 195)
4(99 101 102 100)
4(175 248 195 99)
4(175 176 249 248)
4(175 99 100 176)
4(243 186 99 175)
4(243 175 248 8)
4(243 8 192 186)
4(182 186 99 95)
4(239 171 175 243)
4(239 182 95 171)
4(171 95 99 175)
4(239 243 186 182)
4(95 97 101 99)
4(182 184 97 95)
4(182 186 188 184)
4(96 98 102 100)
4(95 97 98 96)
4(95 96 100 99)
4(96 347 349 100)
4(98 311 347 96)
4(172 367 369 176)
4(96 347 367 172)
4(172 176 100 96)
4(172 367 366 170)
4(170 174 176 172)
4(164 172 367 363)
4(164 363 362 162)
4(162 170 172 164)
4(92 96 347 345)
4(92 345 363 164)
4(164 172 96 92)
4(94 309 345 92)
4(92 96 98 94)
4(38 333 345 92)
4(40 290 333 38)
4(38 92 94 40)
4(160 361 363 164)
4(38 333 361 160)
4(160 164 92 38)
4(160 361 360 158)
4(158 162 164 160)
4(152 160 361 357)
4(152 357 356 150)
4(150 158 160 152)
4(34 38 333 331)
4(34 331 357 152)
4(152 160 38 34)
4(36 288 331 34)
4(34 38 40 36)
4(30 329 331 34)
4(32 286 329 30)
4(30 34 36 32)
4(148 355 357 152)
4(30 329 355 148)
4(148 152 34 30)
4(146 148 355 354)
4(146 150 152 148)
4(148 355 342 62)
4(62 342 341 60)
4(60 146 148 62)
4(26 30 329 327)
4(26 327 342 62)
4(62 148 30 26)
4(28 284 327 26)
4(26 30 32 28)
4(22 325 327 26)
4(24 282 325 22)
4(22 26 28 24)
4(62 58 340 342)
4(22 325 340 58)
4(58 62 26 22)
4(58 340 339 56)
4(56 60 62 58)
4(58 340 353 108)
4(106 56 58 108)
4(48 22 325 335)
4(108 58 22 48)
4(48 22 24 50)
4(55 56 58 57)
4(107 57 58 108)
4(105 106 56 55)
4(105 55 57 107)
4(59 60 62 61)
4(57 61 62 58)
4(55 56 60 59)
4(55 59 61 57)
4(145 146 148 147)
4(61 147 148 62)
4(59 60 146 145)
4(59 145 147 61)
4(149 150 152 151)
4(147 151 152 148)
4(145 146 150 149)
4(145 149 151 147)
4(157 158 160 159)
4(151 159 160 152)
4(149 150 158 157)
4(149 157 159 151)
4(161 162 164 163)
4(159 163 164 160)
4(157 161 163 159)
4(157 158 162 161)
4(169 170 172 171)
4(161 162 170 169)
4(161 169 171 163)
4(163 171 172 164)
4(173 174 176 175)
4(169 170 174 173)
4(169 173 175 171)
4(171 175 176 172)
4(173 246 248 175)
4(173 174 247 246)
4(241 173 246 6)
4(241 243 175 173)
4(241 6 8 243)
4(167 173 246 244)
4(231 241 173 167)
4(231 2 6 241)
4(167 173 174 168)
4(165 166 168 167)
4(165 169 170 166)
4(165 167 173 169)
4(165 404 406 167)
4(166 364 404 165)
4(165 404 419 228)
4(228 231 167 165)
4(228 213 416 419)
4(155 402 416 213)
4(155 165 404 402)
4(213 228 165 155)
4(213 416 415 212)
4(212 227 228 213)
4(213 416 413 210)
4(210 413 412 209)
4(209 212 213 210)
4(153 155 402 400)
4(210 213 155 153)
4(153 400 413 210)
4(156 155 402 359)
4(153 155 156 154)
4(154 358 400 153)
4(155 165 166 156)
4(155 165 169 161)
4(155 161 162 156)
4(228 165 169 237)
4(223 237 169 161)
4(213 223 161 155)
4(213 228 237 223)
4(237 241 173 169)
4(228 231 241 237)
4(237 239 171 169)
4(237 241 243 239)
4(225 239 171 163)
4(223 237 239 225)
4(223 225 163 161)
4(88 182 95 91)
4(163 91 95 171)
4(225 88 91 163)
4(225 239 182 88)
4(91 93 97 95)
4(88 90 93 91)
4(88 182 184 90)
4(91 92 96 95)
4(91 93 94 92)
4(171 172 96 95)
4(163 91 92 164)
4(37 91 92 38)
4(159 163 91 37)
4(159 37 38 160)
4(37 91 93 39)
4(37 39 40 38)
4(84 37 91 88)
4(84 86 39 37)
4(84 88 90 86)
4(221 84 37 159)
4(221 225 88 84)
4(221 159 163 225)
4(76 84 37 33)
4(151 33 37 159)
4(144 76 33 151)
4(144 221 84 76)
4(144 151 159 221)
4(33 35 39 37)
4(76 78 35 33)
4(76 84 86 78)
4(33 34 38 37)
4(33 35 36 34)
4(151 33 34 152)
4(29 33 34 30)
4(147 151 33 29)
4(147 29 30 148)
4(29 33 35 31)
4(29 31 32 30)
4(72 29 33 76)
4(72 74 31 29)
4(72 76 78 74)
4(140 72 29 147)
4(140 144 76 72)
4(140 147 151 144)
4(18 72 29 25)
4(61 25 29 147)
4(126 18 25 61)
4(126 140 72 18)
4(126 61 147 140)
4(25 27 31 29)
4(18 20 27 25)
4(18 72 74 20)
4(25 26 30 29)
4(25 27 28 26)
4(61 25 26 62)
4(21 25 26 22)
4(57 61 25 21)
4(57 21 22 58)
4(21 25 27 23)
4(21 23 24 22)
4(14 21 25 18)
4(14 16 23 21)
4(14 18 20 16)
4(122 14 21 57)
4(122 126 18 14)
4(122 57 61 126)
4(44 14 21 47)
4(107 47 21 57)
4(207 122 14 44)
4(207 107 57 122)
4(47 49 23 21)
4(44 14 16 46)
4(47 48 22 21)
4(121 122 14 13)
4(43 13 14 44)
4(206 121 13 43)
4(206 207 122 121)
4(125 126 18 17)
4(121 125 17 13)
4(13 17 18 14)
4(121 122 126 125)
4(139 140 72 71)
4(17 71 72 18)
4(125 139 71 17)
4(125 126 140 139)
4(143 144 76 75)
4(139 143 75 71)
4(71 75 76 72)
4(139 140 144 143)
4(220 221 84 83)
4(75 83 84 76)
4(143 220 83 75)
4(143 144 221 220)
4(224 225 88 87)
4(83 87 88 84)
4(220 224 87 83)
4(220 221 225 224)
4(238 239 182 181)
4(224 225 239 238)
4(224 238 181 87)
4(87 181 182 88)
4(242 243 186 185)
4(238 239 243 242)
4(238 242 185 181)
4(181 185 186 182)
4(242 243 8 7)
4(240 241 6 5)
4(240 242 243 241)
4(230 240 241 231)
4(236 240 241 237)
4(227 236 237 228)
4(236 238 239 237)
4(222 236 238 224)
4(222 224 225 223)
4(222 223 237 236)
4(217 233 238 224)
4(216 217 224 222)
4(233 238 181 177)
4(81 177 181 87)
4(217 81 87 224)
4(177 179 185 181)
4(181 183 187 185)
4(177 178 183 181)
4(181 183 184 182)
4(87 181 183 89)
4(87 89 90 88)
4(81 82 89 87)
4(83 85 89 87)
4(79 80 85 83)
4(79 83 87 81)
4(83 85 86 84)
4(75 83 85 77)
4(75 77 78 76)
4(69 75 83 79)
4(69 70 77 75)
4(215 220 83 79)
4(136 143 220 215)
4(136 69 75 143)
4(215 220 224 217)
4(218 220 224 222)
4(214 215 220 218)
4(219 221 225 223)
4(218 219 223 222)
4(218 220 221 219)
4(219 157 161 223)
4(219 221 159 157)
4(153 157 161 155)
4(210 219 157 153)
4(210 213 223 219)
4(153 157 158 154)
4(65 66 154 153)
4(65 149 150 66)
4(65 153 157 149)
4(65 384 400 153)
4(66 344 384 65)
4(210 132 399 413)
4(65 384 399 132)
4(132 210 153 65)
4(132 399 398 131)
4(131 209 210 132)
4(132 399 396 129)
4(129 396 395 128)
4(128 131 132 129)
4(63 65 384 382)
4(129 63 382 396)
4(129 132 65 63)
4(63 64 343 382)
4(63 65 66 64)
4(53 380 382 63)
4(54 338 380 53)
4(53 63 64 54)
4(114 393 396 129)
4(53 380 393 114)
4(114 129 63 53)
4(114 393 392 113)
4(113 128 129 114)
4(111 114 393 390)
4(111 390 389 110)
4(110 113 114 111)
4(51 53 380 378)
4(51 378 390 111)
4(111 114 53 51)
4(52 337 378 51)
4(51 53 54 52)
4(103 386 378 51)
4(103 51 52 104)
4(201 410 390 111)
4(201 111 51 103)
4(200 110 111 201)
4(51 52 56 55)
4(103 51 55 105)
4(53 54 60 59)
4(51 53 59 55)
4(63 64 146 145)
4(53 63 145 59)
4(63 65 149 145)
4(132 65 149 142)
4(138 142 149 145)
4(129 138 145 63)
4(129 132 142 138)
4(142 219 157 149)
4(132 210 219 142)
4(142 144 151 149)
4(142 219 221 144)
4(138 140 147 145)
4(138 142 144 140)
4(124 59 145 138)
4(124 126 61 59)
4(124 138 140 126)
4(114 124 59 53)
4(114 129 138 124)
4(120 124 59 55)
4(111 120 55 51)
4(111 114 124 120)
4(120 122 57 55)
4(120 124 126 122)
4(205 105 55 120)
4(205 120 122 207)
4(201 111 120 205)
4(110 111 120 119)
4(204 119 120 205)
4(113 114 124 123)
4(119 123 124 120)
4(128 129 138 137)
4(123 137 138 124)
4(131 132 142 141)
4(137 141 142 138)
4(209 210 219 218)
4(141 218 219 142)
4(212 213 223 222)
4(141 218 220 143)
4(141 143 144 142)
4(135 136 143 141)
4(134 136 143 139)
4(133 134 139 137)
4(137 139 143 141)
4(67 69 75 71)
4(134 67 71 139)
4(71 73 77 75)
4(67 68 73 71)
4(71 73 74 72)
4(17 71 73 19)
4(17 19 20 18)
4(11 17 71 67)
4(11 12 19 17)
4(118 11 17 125)
4(118 125 139 134)
4(9 11 17 13)
4(116 9 13 121)
4(116 121 125 118)
4(13 15 19 17)
4(9 10 15 13)
4(13 15 16 14)
4(43 13 15 45)
4(41 43 13 9)
4(203 206 121 116)
4(115 119 121 116)
4(204 206 121 119)
4(117 123 125 118)
4(119 121 125 123)
4(123 125 139 137)
4(137 138 140 139)
4(123 125 126 124)
4(119 121 122 120)
4(377 423 271 256)
4(423 535 373 271)
4(256 271 273 258)
4(271 373 374 273)
4(427 257 261 458)
4(257 258 262 261)
4(458 261 321 517)
4(261 262 322 321)
4(477 376 255 426)
4(376 377 256 255)
4(426 255 257 427)
4(255 256 258 257)
4(258 273 265 262)
4(273 374 370 265)
4(262 265 323 322)
4(265 370 525 323)
4(477 425 479 376)
4(426 481 375 477)
4(376 479 480 377)
4(377 480 532 423)
4(427 482 481 426)
4(458 514 482 427)
4(517 320 514 458)
4(321 519 459 517)
4(322 520 519 321)
4(323 522 520 322)
4(370 521 324 525)
4(374 538 521 370)
4(525 371 522 323)
4(423 532 372 535)
4(535 424 537 373)
4(373 537 538 374)
4(477 375 478 425)
4(517 459 518 320)
4(525 324 526 371)
4(535 372 536 424)
4(433 429 277 292)
4(292 277 278 293)
4(429 431 279 277)
4(277 279 280 278)
4(431 435 298 279)
4(279 298 299 280)
4(435 437 300 298)
4(298 300 301 299)
4(437 439 304 300)
4(300 304 305 301)
4(439 441 306 304)
4(304 306 307 305)
4(441 455 316 306)
4(306 316 317 307)
4(455 457 318 316)
4(316 318 319 317)
4(457 516 263 318)
4(318 263 264 319)
4(293 278 281 294)
4(294 281 326 336)
4(278 280 283 281)
4(281 283 328 326)
4(280 299 285 283)
4(283 285 330 328)
4(299 301 287 285)
4(285 287 332 330)
4(301 305 289 287)
4(287 289 334 332)
4(305 307 308 289)
4(289 308 346 334)
4(307 317 310 308)
4(308 310 348 346)
4(317 319 312 310)
4(310 312 350 348)
4(319 264 267 312)
4(312 267 524 350)
4(429 483 484 431)
4(433 490 483 429)
4(431 484 496 435)
4(328 486 485 326)
4(326 485 491 336)
4(330 487 486 328)
4(332 488 487 330)
4(334 489 488 332)
4(346 500 489 334)
4(435 496 497 437)
4(437 497 498 439)
4(439 498 499 441)
4(441 499 512 455)
4(348 501 500 346)
4(350 502 501 348)
4(524 268 502 350)
4(455 512 513 457)
4(457 513 260 516)
4(516 459 519 263)
4(263 519 520 264)
4(264 520 522 267)
4(267 522 371 524)
4(516 260 518 459)
4(524 371 526 268)
4(383 354 356 385)
4(354 355 357 356)
4(385 356 360 401)
4(356 357 361 360)
4(401 360 362 403)
4(360 361 363 362)
4(403 362 366 405)
4(362 363 367 366)
4(405 366 368 407)
4(366 367 369 368)
4(407 368 272 534)
4(368 369 274 272)
4(353 335 325 340)
4(335 295 282 325)
4(340 325 327 342)
4(325 282 284 327)
4(342 327 329 355)
4(327 284 286 329)
4(355 329 331 357)
4(329 286 288 331)
4(357 331 333 361)
4(331 288 290 333)
4(361 333 345 363)
4(333 290 309 345)
4(363 345 347 367)
4(345 309 311 347)
4(387 352 339 379)
4(367 347 349 369)
4(352 353 340 339)
4(379 339 341 381)
4(347 311 313 349)
4(339 340 342 341)
4(381 341 354 383)
4(369 349 266 274)
4(341 342 355 354)
4(349 313 523 266)
4(282 485 486 284)
4(295 491 485 282)
4(284 486 487 286)
4(286 487 488 288)
4(288 488 489 290)
4(290 489 500 309)
4(381 493 492 379)
4(379 492 503 387)
4(383 494 493 381)
4(385 495 494 383)
4(401 508 495 385)
4(309 500 501 311)
4(311 501 502 313)
4(313 502 268 523)
4(403 509 508 401)
4(405 510 509 403)
4(407 511 510 405)
4(534 270 511 407)
4(523 324 521 266)
4(266 521 538 274)
4(272 537 424 534)
4(274 538 537 272)
4(523 268 526 324)
4(534 424 536 270)
4(396 382 384 399)
4(382 343 344 384)
4(399 384 400 413)
4(384 344 358 400)
4(413 400 402 416)
4(400 358 359 402)
4(416 402 404 419)
4(402 359 364 404)
4(419 404 406 422)
4(404 364 365 406)
4(422 406 269 252)
4(406 365 533 269)
4(460 409 389 442)
4(409 410 390 389)
4(442 389 392 443)
4(389 390 393 392)
4(443 392 395 448)
4(392 393 396 395)
4(448 395 398 449)
4(395 396 399 398)
4(449 398 412 463)
4(398 399 413 412)
4(463 412 415 464)
4(412 413 416 415)
4(464 415 418 469)
4(415 416 419 418)
4(469 418 421 470)
4(418 419 422 421)
4(470 421 251 476)
4(421 422 252 251)
4(410 386 378 390)
4(386 351 337 378)
4(390 378 380 393)
4(378 337 338 380)
4(393 380 382 396)
4(380 338 343 382)
4(251 479 425 476)
4(476 250 531 470)
4(252 480 479 251)
4(269 532 480 252)
4(337 492 493 338)
4(351 503 492 337)
4(338 493 494 343)
4(343 494 495 344)
4(344 495 508 358)
4(443 505 504 442)
4(442 504 527 460)
4(448 506 505 443)
4(449 507 506 448)
4(463 528 507 449)
4(358 508 509 359)
4(359 509 510 364)
4(364 510 511 365)
4(365 511 270 533)
4(464 529 528 463)
4(469 530 529 464)
4(470 531 530 469)
4(533 372 532 269)
4(476 425 478 250)
4(533 270 536 372)
4(462 445 428 432)
4(432 428 275 291)
4(445 447 430 428)
4(428 430 276 275)
4(447 451 434 430)
4(430 434 296 276)
4(451 453 436 434)
4(434 436 297 296)
4(453 466 438 436)
4(436 438 302 297)
4(466 468 440 438)
4(438 440 303 302)
4(468 472 454 440)
4(440 454 314 303)
4(472 474 456 454)
4(454 456 315 314)
4(474 254 259 456)
4(456 259 515 315)
4(408 388 444 461)
4(461 444 445 462)
4(388 391 446 444)
4(444 446 447 445)
4(391 394 450 446)
4(446 450 451 447)
4(394 397 452 450)
4(450 452 453 451)
4(397 411 465 452)
4(452 465 466 453)
4(411 414 467 465)
4(465 467 468 466)
4(414 417 471 467)
4(467 471 472 468)
4(417 420 473 471)
4(471 473 474 472)
4(420 475 253 473)
4(473 253 254 474)
4(475 375 481 253)
4(420 531 250 475)
4(253 481 482 254)
4(254 482 514 259)
4(276 484 483 275)
4(275 483 490 291)
4(296 496 484 276)
4(297 497 496 296)
4(302 498 497 297)
4(303 499 498 302)
4(314 512 499 303)
4(388 504 505 391)
4(408 527 504 388)
4(391 505 506 394)
4(394 506 507 397)
4(397 507 528 411)
4(315 513 512 314)
4(515 260 513 315)
4(259 514 320 515)
4(411 528 529 414)
4(414 529 530 417)
4(417 530 531 420)
4(475 250 478 375)
4(515 320 518 260)
4(42 291 490 433)
4(199 460 527 408)
4(200 409 460 199)
4(104 387 503 351)
4(106 352 387 104)
4(50 336 491 295)
4(50 49 294 336)
4(49 46 293 294)
4(46 45 292 293)
4(45 42 433 292)
4(42 41 432 291)
4(41 203 462 432)
4(202 461 462 203)
4(199 408 461 202)
4(199 202 204 200)
4(108 353 352 106)
4(108 48 335 353)
4(48 50 295 335)
4(105 107 108 106)
4(207 44 47 107)
4(44 46 49 47)
4(47 49 50 48)
4(107 47 48 108)
4(206 43 44 207)
4(104 351 386 103)
4(103 386 410 201)
4(201 410 409 200)
4(103 105 106 104)
4(205 207 107 105)
4(201 205 105 103)
4(200 204 205 201)
4(43 45 46 44)
4(41 42 45 43)
4(203 41 43 206)
4(202 203 206 204)
4(204 206 207 205)
)


// ************************************************************************* //
