/*--------------------------------*- C++ -*----------------------------------*\
| =========                 |                                                 |
| \\      /  F ield         | OpenFOAM: The Open Source CFD Toolbox           |
|  \\    /   O peration     | Version:  2306                                  |
|   \\  /    A nd           | Website:  www.openfoam.com                      |
|    \\/     M anipulation  |                                                 |
\*---------------------------------------------------------------------------*/
FoamFile
{
    version     2.0;
    format      ascii;
    arch        "LSB;label=32;scalar=64";
    note        "nPoints:539  nCells:360  nFaces:1236  nInternalFaces:924";
    class       labelList;
    location    "constant/c1zone/polyMesh";
    object      neighbour;
}
// * * * * * * * * * * * * * * * * * * * * * * * * * * * * * * * * * * * * * //


924
(
1
133
134
2
132
135
3
131
136
4
130
137
5
129
138
6
128
139
7
127
140
8
126
141
9
125
142
10
28
11
29
142
12
36
143
13
37
160
14
44
161
15
47
16
44
46
17
43
65
18
42
66
19
41
67
20
68
21
41
85
22
40
86
23
33
87
24
32
88
25
89
26
32
106
27
31
107
28
30
124
29
125
30
36
181
31
35
182
32
34
183
33
184
34
40
185
35
39
186
36
38
277
37
180
38
44
179
39
43
278
40
42
223
41
222
42
225
43
224
44
279
45
46
161
177
179
279
47
63
65
48
161
49
63
162
50
62
163
51
61
164
52
60
165
53
59
166
54
58
167
55
57
168
56
169
57
170
316
58
171
311
59
172
310
60
173
305
61
174
304
62
175
231
63
176
230
64
177
65
228
230
280
66
279
67
224
228
68
225
227
69
85
70
84
227
71
83
234
72
82
233
73
81
302
74
80
307
75
79
308
76
78
313
77
314
78
211
317
79
210
318
80
205
319
81
204
320
82
199
301
83
198
300
84
193
235
85
192
226
86
225
87
192
222
88
185
191
89
184
190
90
106
91
105
190
92
104
195
93
103
196
94
102
201
95
101
202
96
100
207
97
99
208
98
213
99
115
267
100
114
262
101
113
259
102
112
254
103
111
251
104
110
246
105
109
242
106
108
189
107
184
108
124
183
109
123
188
110
122
241
111
121
247
112
120
250
113
119
255
114
118
258
115
117
263
116
266
117
133
350
118
132
349
119
131
344
120
130
343
121
129
292
122
128
291
123
127
288
124
126
287
125
182
126
181
127
286
128
289
129
290
130
293
131
342
132
345
133
348
351
135
151
351
136
150
348
137
149
345
138
148
342
139
147
293
140
146
290
141
145
289
142
144
286
143
181
144
160
180
145
159
285
146
158
284
147
157
295
148
156
294
149
155
341
150
154
346
151
153
347
152
352
153
169
353
154
168
354
155
167
355
156
166
340
157
165
339
158
164
296
159
163
283
160
162
178
161
179
162
163
177
164
176
165
175
166
174
167
173
168
172
169
171
170
171
331
353
172
332
354
173
333
355
174
334
340
175
335
339
176
296
336
177
283
337
178
280
179
281
283
285
180
278
181
277
285
182
286
183
277
287
184
186
188
185
189
186
222
244
187
223
277
188
238
240
244
276
189
241
287
190
242
244
191
195
192
194
244
193
221
194
198
220
195
197
243
196
242
197
201
246
198
200
245
199
219
200
204
218
201
203
252
202
251
203
207
254
204
206
253
205
217
206
210
216
207
209
260
208
259
209
213
262
210
212
261
211
215
212
214
213
268
267
215
268
317
329
216
261
318
328
217
260
319
325
218
253
320
324
219
252
301
323
220
245
298
300
221
235
239
243
222
226
238
244
223
225
224
238
278
225
237
279
226
227
235
237
228
234
229
237
230
232
234
236
231
337
232
304
336
233
299
303
234
300
302
235
236
300
237
239
299
337
238
280
239
281
240
282
298
241
243
248
275
242
247
288
243
246
244
245
246
248
252
247
251
248
250
291
249
274
298
250
252
256
273
323
251
255
292
252
254
253
254
256
260
255
259
256
258
343
257
272
324
258
260
264
271
325
259
263
344
260
262
261
262
264
268
263
267
264
266
349
265
270
328
266
268
269
329
267
350
268
270
350
352
359
271
347
349
358
272
344
346
356
273
341
343
357
274
292
294
338
275
291
295
297
276
282
284
288
277
281
285
287
278
279
281
280
281
337
282
283
297
337
284
296
285
289
295
286
287
289
288
289
291
290
291
293
295
292
293
343
294
342
295
339
341
296
297
339
298
336
338
299
323
300
322
336
301
302
320
322
303
307
304
306
322
305
335
306
310
334
307
309
321
308
320
309
313
319
310
312
326
311
333
312
316
332
313
315
327
314
318
315
317
316
330
331
318
330
319
327
320
326
321
322
324
326
334
323
335
324
338
325
357
326
328
356
327
333
328
330
332
329
358
330
359
331
332
359
333
358
334
356
335
357
336
338
337
339
357
340
341
355
357
342
346
343
345
344
345
349
346
348
347
355
348
352
354
349
351
350
351
352
353
354
359
355
358
356
357
358
359
)


// ************************************************************************* //
