/*--------------------------------*- C++ -*----------------------------------*\
| =========                 |                                                 |
| \\      /  F ield         | OpenFOAM: The Open Source CFD Toolbox           |
|  \\    /   O peration     | Version:  2306                                  |
|   \\  /    A nd           | Website:  www.openfoam.com                      |
|    \\/     M anipulation  |                                                 |
\*---------------------------------------------------------------------------*/
FoamFile
{
    version     2.0;
    format      ascii;
    arch        "LSB;label=32;scalar=64";
    class       volScalarField;
    location    "2.8";
    object      gradTy;
}
// * * * * * * * * * * * * * * * * * * * * * * * * * * * * * * * * * * * * * //

dimensions      [0 -1 0 1 0 0 0];

internalField   nonuniform List<scalar> 
5712
(
11414.7
6581.29
18526.1
12131.3
20197
14942
31734
39272.8
41692
50961.7
26950.8
23400.8
17126.5
13560.2
8591.79
5809.45
19221.1
19723.8
16529.1
19453.3
25958
23252.6
29887.5
24258.2
8080.7
5844.42
4532.89
3365.07
9690.98
7905.9
5862.33
4726.59
17485.8
18212.1
17919.1
15227.4
14042.9
10908
10952.5
12422.1
17666.4
17560.8
36946.5
38178.2
26255.4
27017.5
14895.9
12562.8
16275.2
11616.8
7569.98
7757.36
6142.74
8420.01
3209.16
3819.11
8434.2
11343.3
5007.54
5792.79
9388.93
15475.2
6487.95
10515.8
2480.87
6272.02
2063.74
4690.11
17444.6
21526.6
17923.2
21389
21365.5
21616.1
21678.4
21287.2
15204.1
20569.1
15695.8
20347
17618.5
21214.2
17592.3
21149.2
21809.6
20982.3
21709.9
20765.5
14024.2
20639.5
13525.9
20704.5
16975
19761.5
21445.6
29686.8
17961.3
22701.7
21236.3
32091.7
16105.6
17451.5
21545.7
28618.8
15939.1
16357.8
21785
28440.2
4904.1
6355.72
12458.1
21490.6
6132.26
6925.8
16158.5
24635.9
7716.17
7778.41
20649.7
27815.5
23982
25934.8
20118.7
19262.9
27455.9
26178.8
24589.7
20574
17718.1
31198
23817.8
23395.4
20700.5
20338.7
35935.6
1926.06
2302.16
4077.03
9067.91
2750.27
3084.91
5701.57
10299.1
4146.04
3501.83
7837.94
11999
26078.1
26050
23410.1
23297.8
19858
18440.4
14954.3
13344.1
10401.1
14241.6
23665.5
23088.7
23723.5
23553.3
20475.4
19348.8
16791.1
15131
11129.1
14494.2
23395.7
26422.8
23294.7
27018.6
22729.3
23656.6
22146.3
23751.2
21131.7
21531.2
20970.1
20928.6
23095.6
27111.2
22973.3
27066.9
21474.8
24005.8
21279.9
23929.8
21212.9
21484.1
21198
21463.7
17683
16824
11365.4
12587.6
17546
16359.5
11177.5
12569.2
17943.4
16790.6
11622.4
12672.1
18018.6
16626.8
11988.2
12695.4
1601.05
1115.8
791.159
947.376
675.302
634.075
2214.48
1379.4
1067.39
1886.15
1549.91
1360.79
2626.61
2275.22
2319.77
3335.68
2788.69
2534.86
25295.9
23258
21765.1
23148
21819.6
20673.3
16537.8
15615.7
15117.3
11113.6
9857.7
9337.64
5069.72
3844.65
3303.76
22784.1
21501.2
20298.9
23221.9
21570.8
20201.4
17084.9
15007.5
13809.3
11072.3
9090.86
8289.11
5403.69
3837.11
3125.93
26427.9
25983.1
28697
25858.2
29538
25890
35554.1
27175.4
20537.9
20960
20244.2
18836.2
23052.4
21811.4
22572.6
19332
22315.2
22241.4
20633.4
22184.3
27658.4
24698.2
27173.5
27554.7
29440.4
30410.3
22604.9
23438.2
20294.6
19688.9
24684.5
25286.4
16169.2
8504.25
15042
9444.75
16401.1
8577.05
14976.8
9371.26
16214.2
8628.38
14966.9
9782.72
14527.8
10246.5
14687.6
10159.4
20886.8
17972.3
20675.9
17892.6
23011.5
20877.9
23149.4
20613.1
20274.2
14976
21251
14827.3
21073.5
17774.3
21310
17561.5
23682.1
20406.8
23668.4
20129.9
20015.8
14993.4
19927.6
14893.1
13266.3
8650.48
11821.3
7270.74
12405.6
7724.72
11388
6766.16
13562.7
9212.14
11993.5
7500.92
13563.8
9564.12
11953.9
7552.29
2465.53
1239.81
4353.16
2077.52
2645.42
1562.53
4651.62
2586.75
3297.26
2442.26
5194.96
3566.85
13114.8
20254.1
9404.63
8984.74
6093.76
19919.9
13942.1
8145.85
8166.22
4939.92
20616.5
16317.2
13003.8
10060.9
5877.98
618.819
469.592
961.406
598.364
951.81
650.463
1589.12
1205.6
1761.55
1427.44
2567.71
2042.28
20383
20042.1
13933.6
13649
9082.7
9444.41
7621.09
7272.79
4164.31
3397.25
19037.3
17595
14884.7
13370.3
11655.9
10673.6
8808.88
8265.16
5182.29
5401.24
15167.3
12599.6
15209.9
12231
18068.6
15250.7
17963.4
14944.4
12841.7
10751.6
12489
10845.1
15181.2
12000.2
15077.8
11970.6
17860.4
15174.9
17673.7
15112.6
13053.4
10552.1
13026.7
10693.6
9973.36
8762.65
6238.63
6966.74
9628.79
8609.09
5925.82
6621.58
10397.8
8928.9
6402.05
7412.46
10658.9
8936.91
6676.44
7527.23
2093.53
1860.7
1546.87
9344.29
4952.81
4043.81
2009.42
2012.17
1795.6
10030.7
5812.24
4929.91
2733.23
3109.14
3205.53
10926.4
7212.03
6443.28
19290.4
18394.4
17669.8
13475.7
13360.3
13240.8
10040.5
10151
10250.1
8860.91
8736.12
8594.1
12287.5
8850
8037.7
16387.8
15459.6
14779.2
12503
11942.2
11592.7
10669.1
10159
9823.45
10571.8
9562.24
8931.79
14887.4
9968.42
9015.11
4492.3
2812.14
2129.39
2028.7
5143.58
3106.52
2266.65
2077.3
4505.82
2800.24
2131.85
2045.53
5260.08
3173.29
2307.9
2093.16
4468.03
2747.49
2113.16
2015.65
5360.85
3205.76
2338.19
2064.36
5811.59
3426.02
2421.9
2185.05
5999.65
3574.93
2518.15
2285.31
4788.8
2943.22
2194.67
2030.83
3693.95
2461.38
1961.45
1952.15
4097.02
2602.88
2013.11
1864.75
3326.68
2286.19
1868.79
1863.71
5247.68
3198.11
2326.73
2142.57
3909.7
2588.99
2022.02
2023.58
5503.42
3368.49
2417.02
2216.09
3998.07
2678.3
2068.77
2057.57
3205.58
2320.19
1896.06
1912.17
1744.05
1718.18
1608.48
1790.98
3199.11
2297.27
1887.45
1905.01
1843.6
1744.52
1618.42
1801.22
3266.7
2280.4
1883.19
1904.81
2176.15
1841.22
1655.49
1848.71
3173.02
2186.2
1824.74
1934.88
2454.35
1902.69
1696.76
1827.15
2830.13
2079.93
1760.4
1830.76
181.172
1219.21
1218.37
362.885
-1670.76
932.179
1047.75
395.925
441.45
1303.47
1249.4
385.16
-1326.62
1027.91
1075.94
405.34
925.828
1451.66
1301.62
384.818
-751.797
1187.84
1120.26
411.603
1507.98
1623.43
1367.01
420.649
-160.039
1360.48
1179.2
431.192
1868
1773.9
1446.29
499.2
-59.7602
1482.92
1233.05
448.159
2000.83
1928.65
1488.24
470.693
-516.662
1592.32
1328.08
477.087
1949.06
1860.08
1457.44
471.299
-535.617
1540.92
1281.32
460.138
2003.68
1977.09
1520.6
435.598
-608.459
1637.91
1363.51
481.046
2055.67
2030.61
1569.39
447.791
-500.806
1693.46
1405.76
494.823
2037.22
1632.42
1169.23
699.319
232.48
2013.32
1629.09
1170.06
700.203
232.788
2061.82
1644.77
1175.47
702.302
233.362
2042.29
1644.92
1178.46
704.302
234.015
2106.92
1662.46
1183.6
706.084
234.474
2077.38
1664.02
1188.4
709.163
235.48
2111.78
1686.23
1201.62
715.995
237.584
2162.38
1718.49
1220.64
725.809
240.605
2154.47
1683.97
1195.39
712.002
236.28
2302.02
1710.58
1203.1
714.947
237.1
2163.75
1678.38
1189.66
708.696
235.222
2298.13
1700.92
1196.76
711.601
236.052
2175.76
1703.61
1207.28
718.182
238.193
2344.16
1729.61
1213.92
720.526
238.829
2224.25
1734.84
1225.16
727.335
241.012
2395.58
1757.42
1229.4
728.439
241.276
2094.77
1640.47
1169.15
698.605
232.209
2204.61
1649.41
1169.39
698.194
232.047
2117.63
1650.19
1173.79
700.768
232.839
2222.64
1656.71
1172.92
699.855
232.534
2163.72
1666.51
1181.13
704.167
233.829
2262.34
1669.99
1179.24
702.842
233.407
2240.76
1685.44
1188.56
707.5
234.792
2309.83
1684.35
1186.49
706.31
234.41
2314.52
1695.24
1192.8
709.491
235.381
8915.67
13634.8
9398.19
13962.9
10123.2
14410.4
10662.1
14742.1
10327.1
14284.7
9710.24
10914.3
9671.51
11348.9
9794.61
10869.5
9980.28
11026.4
7857.38
1341.87
285.712
63.8495
11.273
8726.41
2478.71
600.067
135.686
23.9496
7967.54
1335.42
282.139
62.7903
11.054
8837.75
2476
596.829
134.269
23.4913
8096.46
1337.41
279.961
62.0025
10.8889
8956.89
2479.86
594.122
133.1
23.245
8091.82
1307.29
271.03
59.8416
10.4989
8921.68
2445.24
583.349
130.405
22.7437
7746.04
1219.89
252.281
55.8498
9.81802
8517.79
2337.87
559.347
125.355
21.891
7004.24
1147.15
244.942
55.0962
9.7576
7163.81
2060.53
505.768
115.169
20.2972
7209.87
1161.67
245.088
54.7826
9.67092
7534.42
2162.76
526.22
118.889
20.8442
6934.3
1146.87
246.081
55.4928
9.83792
7054.46
2018.29
495.96
113.303
20.0246
6922.67
1140.51
244.581
55.187
9.77633
7080.15
2011.88
493.239
112.967
19.9349
32694.4
46230.5
45200.3
31753.8
18770.8
19733.1
27682.4
28868.1
21606.1
24173.7
34309.9
46696.1
43326.5
57294.4
28319.5
32231.8
22264
23751.6
12096.7
13250.5
4951.57
3321.48
979.718
776.903
867.186
769.794
917.456
4902.55
4911.73
3002.23
4240.31
4113.28
1823.85
2475.14
2278.62
1532.05
1754.09
1456.68
4404.86
2470.32
1641.66
1462.29
1819.76
1590.83
1271.22
1215.13
1157.2
1026.82
1357.66
1232.99
4577.88
2837.05
3237.52
2116.27
1773.56
2438.09
1298.5
1048.04
1417.69
10149.3
10413.9
10823
12411.9
20962.6
7420.91
8655.62
9642.26
11020.9
13003.4
2584.84
3712.61
4586.44
5192.03
5508.48
2063.55
2991.53
3720.52
4224
4482.53
2300.09
3326.01
4124.38
4669.96
4947.57
2046.1
2968.54
3692.53
4190.39
4444.51
2428.53
3502.43
4336.04
4907.85
5201.09
10386.5
10857.9
10915.3
11821.5
18949.7
10373.6
10657.7
10522
10961.3
12667.6
6952.22
8356.81
9163.97
9938.25
10823.7
9242.3
9842.58
9743.18
9802.06
10131.3
8954.1
9608.13
9462.12
9337.4
9403.76
4572.34
6105.1
7118.57
7790.49
8170.5
5923.51
7417.96
8269.21
8856.55
9270.26
5519.48
7009.48
7840.29
8327.37
8590.53
3922.53
5388.83
6407.72
7071
7415.23
4413.93
5914.97
6891.9
7502.79
7816.55
3750.71
5190.81
6200.37
6850.52
7178.42
9519.14
10302.1
10670.2
11850.8
19225.9
5920.16
7484.79
8532.19
9471.83
10393.9
4177.07
5698.41
6765.09
7499.29
7920.49
3762.28
5216.85
6277.57
7018.28
7436.96
4565.8
6127.74
7230.53
8057.89
8618.56
4062.21
5584.29
6702.61
7524.98
8029.26
3306.29
4659.98
5688.42
6421.18
6830.75
3175.33
4498.17
5496.76
6186.46
6553.37
3034.94
4315.16
5272.94
5912.84
6237.26
2707.51
3881.3
4777.86
5385.3
5694.88
3518.87
4921.46
5940.87
6622.92
6979.57
3218.43
4549.23
5542.84
6218.79
6573.25
9626.6
10175.8
10630.9
12096.5
20152.9
6549.38
7962.86
9038.18
10292.5
11836.6
7581.4
9024.8
9884.29
11177.3
13788.7
5198.22
6822.49
8023.69
9082.31
9962.96
4471.69
6055.32
7223.64
8141.98
8770.82
5854.04
7444.89
8565.49
9626.91
10685.2
3374.62
4748.2
5782.53
6511.36
6914.54
2758.95
3947.9
4857.9
5481.08
5803.77
3658.14
5095.96
6160.33
6913.38
7341.2
17903.3
11873.4
18456.9
13161.8
23955.9
34104.6
25014.1
33919.8
18995.9
20133.6
16279.2
19424
21630
20616.6
27449.3
22573.1
13765.1
12807.8
6743.16
5730.56
15014.9
13669.6
7751.95
6304.9
18547.5
20071.7
19052
17419.3
19374.3
12765.7
10734.9
12377.1
17541.8
17517.6
36362.9
38043.1
25497.8
26807.3
15443.2
12676.8
16898.8
11722.5
8180.92
7903.46
13406.9
14793.8
5613.69
6106.72
14774.3
16799.3
7011
7720.8
14128.8
19653.6
8209.77
12611.1
2875.88
6990.11
2142.17
4830.14
17743.9
20320.3
17677.6
20680.7
19430.1
19742.9
20438.9
20232.5
16078.9
20363.8
18232.9
20076
17386
20833.5
17504.4
21025.7
21167.2
20440.6
21519.7
20597.2
14264.2
20502.7
13557.4
20652.8
17819.9
20994.5
21657.6
30048
19398.1
24813
21710.2
32872
16483.6
18036.7
21617.7
28771.3
16034.4
16518.7
21795.3
28479.3
18372.8
19862.9
22958.2
33975.9
18515.2
18970.4
24589.7
34446.6
18292.1
17994.5
26497.7
34234.9
17961.1
18910
19096.5
20208.4
30181.9
18195.7
16931
20406.3
18506.6
34450.3
18981.2
19715.7
19462.9
20969
37319.6
11151.1
10240.3
10258.4
13197.3
12201.7
11221
10637.1
13578.2
13419.5
11687
11140.2
13903.6
17697.4
17110.8
16537.5
16165
18976.7
17833.6
15618.9
14114.5
11682.1
14527.2
18695.7
18581.8
19717.7
19929.5
18825.9
17780.3
16994.8
15128.8
11518.4
14070.7
21447.6
24193.2
22297.5
25813.8
20365.8
21336.1
20997.5
22598.4
20574.6
20821.5
20027.2
19789.4
22604
26522.3
22823.2
26890.6
20933.5
23443.5
21118.7
23764.9
20908.8
21117
21101.3
21352.9
17525.2
16536.3
11387.6
12503.7
17421.9
16034.2
11340.6
12515.1
17827.8
16618
11607.8
12608.8
17976.7
16570.7
11978.1
12671
9402.86
9544.49
4026.43
3716.45
10489.9
10161
4512.46
4325.36
10232.2
9612.83
5144.69
4974.92
16952
16509.6
16444.3
16563.1
16313.3
15868.2
12211.6
10972.6
6060.52
5023.12
18999.3
18306.7
20170
19456.8
15928.5
14833.6
11392.8
9839.8
5581.8
4226.91
21655.3
20657.3
26450.8
23188.5
24041.6
21499.7
32797.4
24832.4
19801.8
16353.8
21514.9
17115.7
19698.8
16646.7
21611.1
17343
20168.2
17945.8
18327.7
17119.7
20860.2
22032.5
25821.4
27141.2
28287.6
30072.9
21250.3
22956.7
19260.9
19392.9
23160
24772.6
13315.3
9711.23
13714.3
9935.56
13602.4
9620.08
13893.4
9779.01
13571.7
9477.78
13878.9
9973.65
13902.9
10280.5
14485.8
10163.7
17035.3
16632
18749.6
17062.8
19474.8
18726.9
21258.5
19410.2
18470.5
14664.2
17622.3
14525.2
20113.7
17331.7
21023.8
17426.9
22754.3
19797.7
23398.1
19945.1
19122.5
14797.5
19667.7
14832
12857.2
9061.49
12023.3
7641.38
12350.4
8787.67
11987.9
7559.53
13243.4
9362.65
12055.3
7672.47
13450.7
9599.45
11969.2
7608.22
12895.6
13233.9
9097.05
8343.31
13058.1
13358.3
8949.21
8271.44
13050.1
12834
8716.13
8174.49
15168.4
17821.3
16002.8
11887.7
8471.24
16562.7
15580.2
17485.2
12000
8173.6
18257.2
16282.2
14516.5
12155.8
7487.32
14068.9
15586.3
8374.45
9234.43
13901.9
15121.7
8287.65
9085.64
12943
13707.2
7891.62
8146.35
16463.4
15734.8
14994
14605.3
15669.4
16361.1
12258.4
13333.6
7632.05
7552.83
16674.7
15439.2
15154.2
14057.5
13731.4
13399.1
11604
11903.7
6992.3
7758.36
14824.6
12930.7
14882.1
12333.8
16625.1
14283.5
17136
14443
12996.6
11310.6
13090.5
12114.6
14976.2
12043.7
15013.9
11982.2
17444.9
14928.6
17549.4
15042.3
13066
10795.2
13016.6
10755
10470.6
9563.44
6721.32
7703.3
10767.3
10282.2
6886.08
8107.67
10595.1
9286.9
6624.94
7808.56
10715.1
9042.08
6752.68
7652.38
19032.5
19032.9
26844.1
22401.7
18178.1
18338
25706
21383.2
15905
16691.4
23546.7
19856.1
15381.6
14953
14349.9
14265.1
16811.1
17417.4
15846.7
15948.3
21585.9
18203.4
14600.6
14009.8
13636.6
13588.4
14147.2
14633.9
15447.6
15191.8
21217.4
16800
5980.18
3815.87
2749.86
2482.45
6248.31
3968.69
2842.08
2502.9
5852.62
3732.55
2697.5
2458.73
6182.6
3919.58
2803.56
2461.44
5617.22
3566.43
2603.4
2372.41
6076.05
3805.94
2750.91
2372.21
6229.36
3803.26
2704.96
2407.39
6139.43
3705.98
2613.38
2362.63
5388.59
3413.9
2532.27
2304.48
4089.88
2792.87
2195.13
2156.73
5039.56
3271.8
2447.45
2194.38
3975.28
2798.87
2176.9
2103.76
5579.1
3478.89
2539.77
2319.04
4122.9
2775.22
2169.87
2164.43
5605.89
3462.53
2490.54
2278.06
4065.09
2738.85
2119.49
2106.02
5416.11
3524.75
2572.69
2394.92
4459.22
3093.6
2339.73
2303.78
5245.8
3437.51
2520.1
2354.42
4341.47
3045.08
2313.45
2291.85
5005.51
3296.08
2447.92
2310.45
4255.73
2983.28
2279.47
2290.47
4502.76
3036.85
2305.75
2287.82
4066.49
2878.21
2220.05
2180.35
3794.39
2775.24
2141.11
2096.25
3023.54
2654.09
1893.66
518.764
773.788
2367.77
1733.42
591.878
3071.27
2654.33
1891.38
537.161
970.709
2374.53
1730.06
593.784
3154.21
2636.38
1868.81
508.877
1243.79
2365.89
1706.5
579.041
3125.66
2583.06
1866.41
537.054
1294.52
2320.28
1684.22
577.593
2842.81
2469.53
1849.2
615.58
724.592
2202.24
1644.35
572.903
2288.68
2219.33
1738.53
564.752
-399.862
1899.63
1547.24
553.823
2486.71
2325.96
1792.68
580.167
-206.248
2029.36
1590.64
559.624
2144.52
2135.41
1673.77
496.575
-576.62
1804.24
1492.6
528.58
2095.51
2080.92
1620.13
468.572
-498.461
1745.35
1447.62
510.555
2403.38
1858.27
1298.2
764.671
252.385
2347.55
1843.49
1293.98
763.226
252.004
2402.15
1850.93
1293.03
761.861
251.504
2337.52
1832.25
1286.6
759.301
250.785
2417.91
1844.55
1286.93
758.382
250.402
2326.56
1819.4
1277.89
754.662
249.354
2283.48
1794.14
1264.02
747.772
247.28
2225.52
1759.2
1244.29
737.883
244.295
2383.65
1824.57
1275.43
752.561
248.638
2521.1
1835.89
1273.46
750.488
247.923
2455.41
1845.28
1283.62
756.171
249.675
2580.88
1851.38
1280.63
753.881
248.919
2327.27
1800.17
1262.62
746.294
246.766
2486.07
1814.62
1261.97
744.864
246.248
2276.77
1768.31
1244.44
737.159
244.017
2444.35
1787.05
1246.22
736.99
243.896
2510.51
1879.72
1303.2
766.167
252.759
2687.27
1899
1306.69
767.116
252.992
2515.47
1875.13
1299.57
764.141
252.115
2688.77
1894.93
1303.81
765.553
252.499
2534.89
1868.82
1293.82
760.927
251.095
2696.27
1887
1298.34
762.638
251.582
2589.81
1866.23
1288.66
757.871
250.112
2707.53
1875.52
1291.6
759.129
250.47
2648.52
1861.93
1285.13
755.97
249.519
11089.3
14577.7
11154.4
14594.3
11295.6
14611.6
11130.3
14454.2
10428.5
13769.3
9714.57
10865.4
9726.77
11270.8
9785.56
10835.7
9975.16
11014
8501.65
1412.11
296.112
65.6456
11.5404
9153.96
2583.45
620.769
139.521
24.5285
8471.68
1389.88
290.343
64.2413
11.2739
9120.32
2553.16
612.911
137.345
23.9623
8374.63
1366.89
284.679
62.9024
11.0324
9027.11
2516.29
603.278
135.037
23.559
8153.74
1313.27
272.352
60.1776
10.5612
8813.6
2445.21
585.93
131.205
22.895
7708.54
1214.31
251.619
55.8004
9.81904
8355.24
2320.79
558.037
125.374
21.92
6984.03
1143.15
244.072
54.9181
9.72956
7131.49
2051.17
503.684
114.763
20.2358
7185.77
1156.26
244.018
54.5929
9.64443
7477
2148.83
523.765
118.513
20.799
6920.34
1144.36
245.529
55.3739
9.81831
7034.93
2012.75
494.636
113.023
19.9793
6917.64
1139.63
244.39
55.145
9.76926
7073.29
2010.04
492.793
112.869
19.9186
32239.8
45918.9
44126.6
30391.9
23790.9
28273.2
23014.8
28169.6
26600.5
42060.4
28176.3
43050.9
286.93
304.679
344.249
408.131
500.609
626.567
301.94
320.109
360.442
424.952
516.479
638.295
275.571
269.962
294.471
290.793
336.727
337.53
405.471
414.917
503.838
524.499
631.399
655.408
791.554
1001.37
1272.73
1631.59
2044.8
2341.85
793.499
984.025
1211
1465.2
1708.07
1865.49
768.334
1127.51
1417.27
1620.41
1725.04
815.643
1196.44
1503.34
1718.31
1828.96
921.127
1350.15
1695.24
1936.59
2060.72
1091.17
1597.37
2003.31
2286.61
2432.15
1336.61
1952.69
2444.52
2786.79
2962.47
1669.13
2430.38
3034.11
3453.11
3668.29
808.376
1185.95
1490.39
1703.71
1813.55
856.744
1256.29
1578.05
1803.29
1919.2
964.114
1412.42
1772.64
2024.4
2153.85
1135.55
1661.08
2081.92
2375.44
2526.24
1377.98
2011.09
2515.7
2866.85
3047.24
1698.89
2470.84
3082.28
3507.09
3725.8
737.971
1083.1
1361.67
1557.02
1657.66
722.964
1061.14
1334.14
1525.64
1624.28
788.401
1156.7
1453.67
1661.76
1768.89
778.571
1142.34
1435.72
1641.32
1747.17
901.131
1321.15
1659.2
1895.71
2017.36
903.292
1324.37
1663.31
1900.44
2022.4
1084.27
1587.74
1991.73
2273.72
2418.56
1109.49
1624.6
2037.84
2326.2
2474.26
1345.58
1966.49
2462.37
2807.34
2984.26
1400.57
2046.39
2561.71
2919.83
3103.32
1682.75
2451.57
3061.34
3483.83
3700.27
1746.59
2544
3175.5
3612.07
3835.21
2100.33
3041.22
3780.52
4293.3
4558.29
2638.83
3785.51
4675.96
5298.23
5626.98
3313.28
4678.23
5723.34
6473.68
6894.21
4157.75
5715.81
6892.9
7798.05
8377.43
5053.62
6691.34
7920.66
8980.84
9808.47
5669.24
7317.96
8558.73
9726.24
10753.8
2104.08
3044.19
3782.9
4296.61
4563.08
2594.4
3724.65
4604.39
5220.33
5545.73
3165.81
4494.6
5518.16
6247.47
6647.44
3785.84
5295.3
6446.66
7294.57
7790.02
4355.79
5993.41
7234.04
8188.53
8792.05
4716.97
6423.13
7713.37
8738.21
9420.63
289.967
313.899
360.112
431.353
532.105
667.314
305.041
329.506
376.486
448.117
547.151
676.385
278.653
273.163
303.887
300.615
353.057
354.689
429.693
440.695
537.053
559.545
675.927
703.547
840.846
1054.97
1323.43
1669.37
2064.7
2347.42
837.563
1030.56
1254.66
1499.85
1729.51
1872.61
776.492
1139.56
1432.55
1638.01
1743.85
840.471
1233.22
1550.02
1772.11
1886.49
963.896
1413.63
1775.99
2029.82
2160.52
1153.92
1690.86
2122.69
2424.85
2580.37
1422.05
2080.77
2609.06
2978.29
3168.36
1780.33
2598.68
3252.35
3708.97
3944.5
816.72
1198.31
1506.09
1721.82
1832.92
882.079
1293.89
1625.87
1858.49
1978.27
1007.43
1476.84
1854.75
2119.36
2255.58
1198.22
1754.64
2201.64
2514.31
2675.27
1461.27
2136.13
2676.61
3054.35
3248.98
1802.86
2628.23
3286.46
3746.55
3984.37
746.253
1095.34
1377.16
1574.84
1676.69
731.564
1073.83
1350.21
1544.11
1644.01
813.738
1194.18
1501.19
1716.47
1827.36
804.992
1181.4
1485.22
1698.29
1808.04
945.131
1386.39
1742.09
1991.32
2119.65
949.518
1392.89
1750.35
2000.82
2129.78
1149.7
1685.14
2116.01
2417.54
2572.72
1179.14
1728.35
2170.29
2479.55
2638.67
1435.71
2101.67
2636.11
3009.61
3201.76
1495.85
2189.71
2746.47
3135.42
3335.44
1804.42
2636.01
3300.91
3765.03
4004.01
1878.47
2744.75
3437.32
3920.38
4168.83
2236.19
3249.91
4055.02
4618.68
4911.68
2788.97
4021.57
4993.02
5680.05
6045.38
3459.56
4917.38
6055.08
6882.88
7348.95
4273.58
5918.18
7187.11
8173.87
8804.93
5122.05
6822.32
8120.48
9245.71
10119.3
5690.89
7362.59
8628.99
9821.7
10868.3
2225.29
3229.85
4026.5
4584.86
4875.86
2723.87
3926.31
4873.08
5542.07
5897.22
3289.38
4691.68
5786.19
6573.51
7006.92
3886.45
5460.87
6677.56
7580.88
8109.54
4420.05
6102.85
7390.31
8385.93
9015.28
4738.82
6461.2
7768.53
8808.7
9501.03
4932.21
3320.1
1043.36
832.123
941.321
830.983
987.504
4554.78
4414.68
2926.92
3679.34
1877.73
2433.78
1606.48
1766.23
1515.07
4248.81
2484.88
1716.07
1541.34
1882.95
1658.01
1334.22
1292.23
1252.5
1116.52
1444.62
1317.97
4521.1
2842.27
3203.02
2147.67
1826.19
2458.81
1369.55
1124.88
1492.72
10146.3
10468.4
10929.8
12587.8
21288.3
7435.12
8705.52
9731.96
11154.6
13179
2763.95
3996.14
4969.43
5654.93
6016.52
2215.99
3226.34
4030.14
4591.61
4882.07
2506.52
3648.1
4554.29
5185.16
5510.37
2215.17
3229.3
4036.83
4599.62
4889.54
2624.82
3811.35
4751.17
5407.52
5748.07
10142.6
11485.2
12379.9
14090.9
22558.2
10047.4
11618.6
12723.6
14262.5
16833.3
7037.54
9011.68
10492
11883.3
13186.9
8881.91
10887.9
12091.7
13334.5
14408.6
4830.43
6718.44
8145.05
9183.95
9784.48
6069.48
8113.55
9615.04
10786
11554.9
4195.64
5948.64
7292.8
8241.54
8755.15
4584.88
6447.72
7860.71
8862.59
9412.87
3975.81
5671.41
6978.15
7892
8376.95
9416.87
10683.3
11587.9
13298
21645
6091.05
7997.13
9453.17
10776.1
11966.3
4444.19
6237.3
7611.63
8617.35
9201.98
4015.07
5679.65
6969.11
7908.8
8446.51
4803.07
6621.48
8018.06
9110.42
9838.73
4279.15
5985.15
7305.84
8307.36
8921.84
3491.45
4969.77
6125.62
6966.3
7439.66
3402.33
4878.97
6034.85
6856.6
7300.13
3314.69
4783.14
5933.45
6735.02
7153.05
2962.5
4290.65
5337.51
6067.42
6446.65
3794.12
5420.6
6682.13
7572.44
8051.15
3472.61
4983.46
6163.94
6997.55
7443.48
9618.54
10346.6
10970.4
12644.2
21162.9
6604.53
8115.59
9301.84
10672.2
12318.1
7626.32
9329.86
10493.6
12104.2
15050.1
5319.15
7075.39
8428.51
9632.71
10616.7
4647.95
6391.24
7738.62
8820.09
9554.09
5999.37
7840.92
9265.29
10620.2
11892.1
3586.51
5108.94
6297.74
7158.01
7638.75
2979.01
4304.49
5348.65
6081.48
6466.57
3890.74
5508.97
6766.65
7687.07
8214.93
10342.1
9721.62
8645.02
7159.79
5173.52
2018.18
18248.5
18598.7
21148
21795.2
17936
19057.8
20260
19675
14941.6
18280.9
15600.2
18845.1
17913.5
16169.3
24899.3
17580.5
17796.3
20003.3
20418.7
17016.4
18120
19410.9
19015.6
14895.4
22074.4
15472.5
21997.6
18099.2
19613
26722.6
16846.6
16938.8
18559.9
18740.9
16354.9
17842.5
18285.5
18368
17104.9
19595.8
17860.8
19629.3
19674.1
21594
24128.6
16171.3
16281.9
17287.2
17316.4
16000
17721.6
17177
17524.5
16090.1
17199.2
16822.3
16793.7
18062.6
19513.8
20954.4
15456.5
15599.7
16443
16391.6
15769.9
17648.2
16474.5
17003.7
15290.6
14274.6
16050.5
13740
16685.5
16563.8
17414.8
15158.1
15342
15893.6
15811.6
15446.1
17015.5
16033.9
16484.1
14646.9
12339.8
15222.7
12120.5
15588.2
14655.9
15845.2
21137.2
20350.5
22131.3
23215.6
19669.1
19700.6
20669.1
19790
18733.1
13902
18717.2
13996.4
16644.6
15154.9
18190.5
20010.1
19447.9
20511.8
21217
19055.2
19244.5
19552.1
18818.4
17463.2
13526.7
17471.9
13636.7
15346.5
13698.7
16928.1
18553
18230.3
18590
18922.1
18021.5
18222.9
18126.3
17698.9
16703.7
13399.7
16525.7
13149.9
14848.6
12602.7
16787
17227.7
17053.3
17167.3
17305.6
16927.4
17071.3
17026
16696
15952
14042.8
15865.6
13728.9
14429.2
12818.4
17354.9
16606.5
16497.7
16421.3
16476.8
16229.4
16366
16411.1
16216.5
15914.6
15344.6
15861.9
15208.2
14683.7
13480.1
18173.7
16164.1
16061.8
16012.7
16041.7
15835.4
16148.1
15975.3
15910.9
15934.5
16167
15941.8
16088.1
14887.7
14114.3
19027.5
11228.2
6370.65
18519.1
12138.4
20217.8
14929.8
31761.4
39286.3
41741.3
50986.2
26999.1
23401.4
17133.9
13585.5
8333.43
5544.15
19224.2
19726.1
16527.8
19454.4
25970.9
23258.2
29895.7
24262.5
7914.87
5728.93
4380.29
3263.97
9664.29
7896.47
5860.94
4739.76
17481.2
18207.6
17917.6
15227.9
14038.8
10910.9
10953.5
12423.6
17668
17562.4
36953.2
38182.8
26258.7
27019.8
14896.8
12564.3
16276.7
11618.1
7571.1
7758.42
6033.26
8286.06
3123.43
3724.81
8435.83
11355
5021.32
5808.83
9390.05
15481
6493.9
10523.3
2482.19
6274.92
2064.2
4691.22
17445.7
21527.7
17924.5
21390.1
21368.2
21617.5
21680.8
21288.4
15205.9
20570.2
15696
20347.9
17619.7
21215.1
17593.3
21150
21811.3
20983.2
21711
20766
14025.5
20640.7
13527
20705.7
16976.9
19765.1
21447.3
29689.2
17962.7
22705.5
21237.9
32094.5
16107.3
17454.1
21547.3
28620.9
15940.7
16359.9
21786.6
28442.4
4824.04
6276.93
12289.1
21306.2
6137.61
6929.53
16173.3
24653.7
7718.56
7780.42
20656.3
27822.3
23982
25935.6
20118.4
19264.1
27459.8
26179.3
24589.6
20573.1
17718.7
31202.1
23818.8
23396
20701
20340.2
35938.9
1886.13
2271.19
3993.07
8979.41
2754.54
3088.98
5712.56
10308.3
4147.98
3502.98
7841.55
12001.2
26078.3
26050
23409.9
23297.8
19857.4
18440.1
14955.1
13344.9
10403
14242.9
23665.8
23088.8
23723.8
23553.5
20475.8
19349.2
16792.2
15131.9
11130.3
14495.1
23396.3
26423
23295.2
27018.8
22729.8
23656.7
22146.8
23751.3
21132.4
21531.7
20970.8
20929.1
23096.1
27111.5
22973.7
27067.1
21475.1
24005.8
21280.1
23929.8
21213.7
21484.5
21198.7
21464.1
17683.9
16824.7
11366.2
12588.3
17547
16360.3
11178.4
12570
17944.2
16791.3
11623.1
12672.7
18019.4
16627.4
11988.9
12696
1578.88
1098.38
776.687
942.7
669.791
627.526
2220.77
1382.8
1068.99
1892.19
1553.82
1363.15
2627.19
2275.98
2320.61
3336.73
2790.11
2536.27
25296
23258.3
21765.5
23148.2
21820.2
20674
16538.1
15616.4
15118.1
11114.3
9858.53
9338.57
5070.39
3845.43
3304.5
22784.2
21501.4
20299.3
23222.2
21571.3
20202
17085.4
15008.1
13810
11072.9
9091.49
8289.79
5404.17
3837.57
3126.34
26432.3
25984.4
28700
25859.5
29551.8
25895.5
35566.3
27180.2
20365.1
20908
20041.2
18773.4
23022.7
21783.9
22539.3
19305.1
22310.1
22237.1
20633.3
22182.7
27642
24683.6
27174.5
27555
29443.9
30412.3
22603.1
23437.3
20293.8
19688
24677.4
25283
16173.7
8509.69
15040.5
9452.09
16382.7
8572.28
14961.2
9367.66
16202.3
8623.89
14956.6
9778.14
14522
10243
14684.6
10157.2
20885.1
17972
20674.9
17892.3
23013.4
20878.8
23151.2
20613.7
20269
14974.8
21244.4
14825.8
21073
17774
21309.6
17561.1
23683.4
20407.2
23669
20130
20012.7
14992.4
19925.8
14892.3
13263.3
8648.12
11819.7
7269.52
12402.3
7722.39
11386.1
6764.82
13560.5
9210.16
11992.2
7499.89
13562.2
9562.63
11952.8
7551.43
2453.04
1223.9
4339.09
2059.18
2645.91
1563.62
4651.54
2587.6
3296.43
2442.15
5193.48
3566.27
13115.5
20255.3
9404.29
8983.28
6092.34
19920.8
13942.4
8145.78
8165.17
4939
20617.3
16317.1
13002.8
10059.4
5876.82
600.91
447.882
942.161
590.169
953.214
650.243
1589.32
1204.86
1761.85
1428.13
2567.66
2042.78
20383.3
20042.1
13933.4
13648.6
9082.39
9443.92
7620.48
7272.55
4163.82
3397.21
19037.6
17595
14884.6
13370.1
11655.2
10673.1
8808.04
8264.72
5181.55
5400.79
15167.1
12599.3
15209.6
12230.7
18069
15250.7
17963.6
14944.4
12841
10751
12488.3
10844.6
15181
11999.9
15077.5
11970.2
17860.5
15174.8
17673.6
15112.4
13052.8
10551.6
13026.1
10693.1
9972.49
8762.05
6237.89
6966.1
9627.83
8608.5
5925.01
6620.93
10397.1
8928.34
6401.41
7411.83
10658.3
8936.39
6675.86
7526.67
2056.61
1829.75
1522.05
9293.44
4907.52
4000.27
2006.34
2010.77
1795.61
10026.4
5812.03
4930.17
2733.97
3109.69
3205.98
10926.4
7212.63
6443.98
19290.3
18394.3
17669.8
13475.2
13359.9
13240.5
10039.9
10150.5
10249.7
8860.74
8735.93
8593.91
12287.1
8850.11
8037.95
16387.7
15459.5
14779.1
12502.7
11942
11592.5
10668.7
10158.7
9823.25
10571.4
9562.05
8931.67
14886.5
9968.21
9015.1
4492.85
2812.21
2129.54
2028.13
5142.37
3104.94
2265.93
2076.27
4504.67
2799.75
2131.51
2045.31
5259.45
3173.05
2307.7
2092.98
4466.77
2747.01
2112.86
2015.44
5359.61
3205.33
2337.93
2064.16
5810.35
3425.57
2421.65
2184.88
5998.69
3574.54
2517.93
2285.15
4787.79
2942.76
2194.4
2030.64
3693.29
2461
1961.21
1951.97
4096.05
2602.42
2012.83
1864.57
3325.98
2285.8
1868.55
1863.53
5246.74
3197.68
2326.49
2142.39
3909.1
2588.64
2021.8
2023.41
5502.64
3368.12
2416.8
2215.93
3997.55
2677.99
2068.57
2057.41
3204.98
2320.71
1896.76
1911.79
1742.07
1717.82
1609.01
1789.88
3198.29
2296.83
1887.11
1904.81
1842.92
1744.22
1618.17
1801.13
3265.84
2279.97
1882.9
1904.62
2175.53
1840.88
1655.25
1848.57
3172.25
2185.79
1824.47
1934.68
2453.72
1902.34
1696.52
1826.98
2829.48
2079.55
1760.16
1830.56
181.411
1218.9
1219.16
362.931
-1668.66
930.823
1047.46
395.766
440.812
1303.37
1249.22
385.152
-1327.4
1028.01
1075.97
405.374
925.388
1451.43
1301.46
384.771
-752.098
1187.69
1120.17
411.581
1507.54
1623.13
1366.82
420.596
-160.271
1360.23
1179.05
431.146
1867.54
1773.57
1446.08
499.136
-59.9711
1482.64
1232.87
448.102
2000.43
1928.34
1488.04
470.639
-516.798
1592.05
1327.9
477.028
1948.62
1859.75
1457.24
471.243
-535.773
1540.63
1281.14
460.079
2003.33
1976.8
1520.42
435.552
-608.567
1637.66
1363.35
480.993
2055.37
2030.36
1569.24
447.751
-500.9
1693.24
1405.61
494.776
2035.65
1631.67
1168.89
699.17
232.436
2011.58
1628.16
1169.62
699.995
232.726
2061.76
1644.69
1175.42
702.278
233.355
2042.19
1644.84
1178.41
704.283
234.013
2106.81
1662.38
1183.55
706.061
234.468
2077.26
1663.94
1188.35
709.141
235.477
2111.65
1686.14
1201.57
715.97
237.578
2162.25
1718.4
1220.58
725.782
240.598
2154.32
1683.88
1195.34
711.976
236.273
2301.85
1710.49
1203.04
714.919
237.092
2163.62
1678.29
1189.61
708.67
235.215
2297.96
1700.83
1196.71
711.574
236.044
2175.62
1703.51
1207.22
718.155
238.186
2343.99
1729.51
1213.86
720.497
238.821
2224.11
1734.75
1225.1
727.308
241.004
2395.42
1757.33
1229.35
728.41
241.268
2093.17
1639.83
1168.89
698.488
232.174
2203.05
1648.88
1169.17
698.103
232.025
2117.61
1650.11
1173.74
700.747
232.835
2222.65
1656.62
1172.87
699.84
232.536
2163.62
1666.43
1181.07
704.144
233.824
2262.25
1669.91
1179.19
702.822
233.405
2240.62
1685.35
1188.51
707.475
234.786
2309.68
1684.26
1186.44
706.286
234.405
2314.35
1695.15
1192.74
709.464
235.374
8867.36
13580.7
9400.43
13964.5
10124.7
14411.2
10663.1
14742.7
10327.8
14285.2
9710.82
10914.9
9672.13
11349.5
9795.16
10870.1
9980.85
11026.9
7846.35
1332.81
283.391
63.3178
11.1792
8710.97
2472.99
598.447
135.3
23.8794
7965.14
1335.99
282.245
62.8071
11.0561
8836.16
2475.4
596.622
134.211
23.48
8095.9
1337.46
279.969
62.0008
10.8881
8956.46
2479.65
594.045
133.075
23.2397
8091.87
1307.3
271.028
59.8393
10.4983
8921.71
2445.19
583.323
130.395
22.7413
7746.29
1219.92
252.284
55.8495
9.81783
8518.02
2337.9
559.345
125.352
21.8901
7004.59
1147.2
244.953
55.0984
9.75794
7164.16
2060.62
505.788
115.173
20.2978
7210.21
1161.72
245.096
54.784
9.67107
7534.74
2162.83
526.232
118.891
20.8443
6934.66
1146.93
246.093
55.4953
9.83835
7054.82
2018.39
495.983
113.308
20.0255
6923.04
1140.57
244.594
55.1897
9.77681
7080.52
2011.99
493.265
112.973
19.9358
32695.6
46235.4
45208.8
31756.2
18490.1
19391.1
27683.5
28860.1
21635.7
24201.2
34339.9
46722.9
43374.2
57334
28359.3
32271.2
22235.1
23715.6
11646.3
12739.8
4951.52
3321.42
979.677
776.868
867.149
769.759
917.417
4902.55
4911.71
3002.19
4240.28
4113.26
1823.8
2475.1
2278.58
1532
1754.05
1456.63
4404.85
2470.27
1641.62
1462.25
1819.72
1590.78
1271.18
1215.09
1157.16
1026.78
1357.62
1232.95
4577.85
2837
3237.49
2116.22
1773.51
2438.04
1298.46
1048
1417.65
10149.1
10413.5
10822.5
12411.2
20961.2
7420.73
8655.31
9641.81
11020.3
13002.6
2584.73
3712.45
4586.22
5191.77
5508.19
2063.45
2991.39
3720.34
4223.79
4482.31
2299.99
3325.86
4124.19
4669.74
4947.33
2046.01
2968.4
3692.35
4190.18
4444.29
2428.42
3502.27
4335.83
4907.61
5200.83
10386.3
10857.6
10914.8
11820.8
18948.3
10373.5
10657.4
10521.6
10960.8
12666.8
6952.09
8356.57
9163.6
9937.77
10823.2
9242.19
9842.36
9742.9
9801.74
10130.9
8954.02
9607.97
9461.91
9337.2
9403.56
4572.22
6104.9
7118.3
7790.16
8170.13
5923.38
7417.75
8268.92
8856.2
9269.86
5519.37
7009.3
7840.05
8327.09
8590.22
3922.41
5388.64
6407.47
7070.7
7414.9
4413.81
5914.79
6891.66
7502.5
7816.23
3750.59
5190.63
6200.13
6850.23
7178.11
9519.02
10301.7
10669.7
11850.1
19224.4
5920.02
7484.54
8531.82
9471.34
10393.3
4176.94
5698.2
6764.81
7498.94
7920.11
3762.15
5216.65
6277.3
7017.94
7436.59
4565.66
6127.51
7230.21
8057.49
8618.1
4062.07
5584.07
6702.31
7524.6
8028.84
3306.16
4659.78
5688.15
6420.85
6830.39
3175.21
4497.98
5496.51
6186.16
6553.04
3034.83
4314.99
5272.71
5912.58
6236.97
2707.4
3881.13
4777.64
5385.05
5694.61
3518.74
4921.27
5940.62
6622.63
6979.24
3218.31
4549.05
5542.6
6218.5
6572.93
9626.44
10175.4
10630.3
12095.8
20151.5
6549.22
7962.57
9037.76
10292
11835.8
7581.25
9024.5
9883.83
11176.7
13787.8
5198.06
6822.23
8023.32
9081.82
9962.39
4471.55
6055.08
7223.31
8141.55
8770.33
5853.89
7444.63
8565.1
9626.39
10684.5
3374.49
4748
5782.26
6511.03
6914.19
2758.84
3947.73
4857.68
5480.81
5803.48
3658.01
5095.75
6160.05
6913.04
7340.82
17870.1
11799.9
18461.1
13184.4
23943.1
34068.4
25058.2
33989.2
18996.2
20133.6
16283.1
19424.8
21624.7
20614.3
27436.4
22569.9
13707.3
12746.5
6664.83
5651.47
15023
13676.2
7775.75
6333.12
18553
20073.7
19051.8
17420.2
19379.9
12779.8
10736.1
12378.3
17542.7
17518.9
36362.5
38045.9
25496.9
26808.4
15447.4
12678.8
16901.7
11724.2
8185.97
7905.34
13336.2
14702.2
5533.76
6018.3
14781.6
16814
7033.76
7742.49
14135
19661.8
8222.03
12622.5
2878.95
6994.55
2142.97
4831.55
17744.9
20320.7
17679.4
20681.3
19429
19742.4
20437.9
20232.2
16084.3
20365.3
18236.2
20077.4
17387.1
20834.2
17505.3
21026.5
21167
20440.6
21520.2
20597.5
14266.9
20504
13558.7
20654
17823.5
20999.7
21659.9
30051.2
19401.2
24818
21712.6
32875.7
16486.3
18040.3
21619.7
28774
16036.4
16521.1
21797
28481.6
18327.4
19844.2
22879.6
33911
18513.1
18962
24601.8
34460.7
18294
17994
26503.6
34240
17961.5
18909.2
19098
20210.4
30186.1
18195
16931.5
20406.8
18507.8
34454.1
18980.6
19716
19464
20971.1
37323.6
11156.6
10244.2
10238.3
13179.4
12196
11214.9
10644.3
13583.2
13418.5
11685.9
11141.7
13904.7
17697
17110.6
16537.6
16164.9
18976.3
17832.9
15619.5
14114.6
11683.2
14527.9
18695.2
18581.5
19717.8
19929.5
18826.6
17780.6
16996
15129.4
11519.5
14071.5
21447.8
24193.2
22297.8
25813.8
20365.3
21335.7
20997.2
22598
20575.4
20822
20028
19789.9
22604.3
26522.4
22823.5
26890.7
20933.4
23443.3
21118.8
23764.8
20909.5
21117.5
21101.9
21353.3
17526.3
16537
11388.5
12504.4
17423.1
16035
11341.6
12516
17828.8
16618.7
11608.6
12609.5
17977.6
16571.3
11978.8
12671.6
9408.36
9557.84
4070.66
3757.34
10480.7
10151.1
4514.31
4325.45
10231.2
9612.05
5144.72
4975.11
16951.9
16509.6
16444.2
16563
16312.7
15867.7
12211.5
10972.5
6060.6
5023.2
18999.1
18306.6
20169.9
19456.7
15928.6
14833.5
11392.9
9839.8
5581.95
4226.97
21650.5
20654.2
26443.2
23184.4
24033.5
21496.1
32779.3
24826.9
19830.7
16369.3
21541.4
17129.7
19697.2
16643.5
21610.1
17341.3
20164.4
17942.8
18324.8
17117.3
20857
22029.4
25818.8
27140.3
28285.5
30073.2
21247.3
22955
19258.9
19391.8
23157.2
24770.1
13328.1
9721.65
13727
9947.95
13600.9
9621.84
13892.3
9780.84
13570.5
9477.68
13877.7
9973.51
13901.6
10279.9
14484.1
10162.5
17033.3
16630.7
18747.4
17061.6
19472.6
18725.5
21256.1
19409.1
18468.6
14663.1
17620.4
14524
20112.2
17330.9
21023
17426.3
22753.1
19797.1
23398
19944.9
19120.9
14796.6
19666.2
14831.1
12855.9
9060.95
12022.4
7640.81
12349.2
8787.23
11987.1
7559.03
13242.1
9361.87
12054.4
7671.82
13449.4
9598.36
11968.3
7607.49
12904.5
13239.6
9105.93
8351.02
13055.8
13356.2
8950.04
8271.82
13048.8
12832.8
8715.81
8173.97
15167.1
17819.9
16001.4
11886.8
8470.77
16561.6
15579.1
17483.8
11999.1
8173.1
18255.9
16281
14515.4
12155
7486.86
14070.9
15598.2
8390.44
9283.56
13899.4
15111.1
8287.07
9081.14
12942
13706.4
7891.1
8146.21
16462.8
15734.6
14993.3
14604.9
15668.5
16360.4
12257.7
13333.1
7631.57
7552.5
16673.9
15438.8
15153.3
14057
13730.6
13398.6
11603.3
11903.2
6991.85
7757.95
14823.7
12930.1
14881.3
12333.3
16624.4
14283
17135.4
14442.6
12995.8
11310
13089.7
12114
14975.7
12043.2
15013.5
11981.8
17444.5
14928.3
17549.2
15042
13065.3
10794.7
13016
10754.5
10470
9562.94
6720.87
7702.86
10766.6
10281.7
6885.64
8107.24
10594.4
9286.41
6624.47
7808.09
10714.4
9041.59
6752.16
7651.88
19035.1
19037.5
26850
22418.5
18153.5
18315.5
25695
21377.2
15904.1
16690.4
23546.3
19855.8
15381.5
14953
14349.7
14264.8
16810.5
17416.7
15846.4
15947.8
21585.4
18203.1
14600.3
14009.6
13636.2
13588.1
14146.7
14633.5
15447.1
15191.4
21216.8
16799.6
5987.46
3819.96
2752.55
2483.48
6254.92
3972.58
2844.84
2504.18
5853
3732.68
2697.48
2458.68
6183.41
3919.94
2803.67
2461.4
5617.3
3566.47
2603.37
2372.35
6076.21
3806.02
2750.91
2372.14
6229.16
3803.18
2704.89
2407.31
6138.85
3705.73
2613.22
2362.5
5388.39
3413.8
2532.2
2304.4
4089.59
2792.71
2195.02
2156.64
5039.42
3271.74
2447.4
2194.33
3975.06
2798.75
2176.81
2103.68
5578.74
3478.7
2539.65
2318.93
4122.54
2775
2169.73
2164.31
5605.32
3462.24
2490.36
2277.93
4064.66
2738.58
2119.32
2105.88
5424.45
3528.89
2575.39
2395.63
4468.2
3096.95
2342.02
2303.42
5245.93
3437.58
2520.05
2354.38
4341.23
3045.21
2313.43
2291.93
5005.48
3296.11
2447.89
2310.42
4255.55
2983.33
2279.48
2290.48
4502.6
3036.82
2305.71
2287.76
4066.31
2878.21
2220.04
2180.31
3794.19
2775.17
2141.04
2096.15
3037.07
2657.62
1895.77
519.14
793.264
2370.6
1734.43
592.004
3070.68
2654.68
1891.45
537.252
969.478
2375.04
1730.29
593.883
3153.89
2636.48
1868.85
508.888
1243.29
2366.03
1706.6
579.079
3125.43
2583.05
1866.41
537.054
1294.24
2320.29
1684.24
577.603
2842.62
2469.46
1849.16
615.57
724.422
2202.18
1644.34
572.897
2288.47
2219.18
1738.45
564.737
-399.956
1899.5
1547.17
553.799
2486.52
2325.85
1792.62
580.159
-206.36
2029.26
1590.59
559.608
2144.29
2135.23
1673.66
496.554
-576.699
1804.08
1492.5
528.549
2095.25
2080.71
1620
468.541
-498.548
1745.16
1447.49
510.515
2402.72
1858.29
1298.36
764.778
252.42
2347.38
1843.71
1294.24
763.384
252.053
2402.2
1850.89
1293.01
761.85
251.501
2337.47
1832.19
1286.56
759.29
250.786
2417.9
1844.5
1286.9
758.369
250.399
2326.5
1819.33
1277.86
754.648
249.353
2283.4
1794.08
1263.98
747.753
247.276
2225.42
1759.12
1244.24
737.859
244.289
2383.58
1824.51
1275.39
752.543
248.634
2521
1835.83
1273.41
750.467
247.917
2455.36
1845.23
1283.59
756.155
249.671
2580.8
1851.32
1280.59
753.863
248.914
2327.17
1800.1
1262.58
746.272
246.76
2485.94
1814.54
1261.93
744.841
246.242
2276.65
1768.23
1244.39
737.133
244.009
2444.21
1786.96
1246.17
736.963
243.888
2509.42
1879.66
1303.31
766.246
252.785
2686.09
1898.95
1306.78
767.188
253.019
2515.57
1875.09
1299.55
764.136
252.116
2688.9
1894.88
1303.79
765.553
252.506
2534.9
1868.78
1293.79
760.917
251.093
2696.3
1886.97
1298.32
762.631
251.584
2589.77
1866.18
1288.63
757.857
250.109
2707.5
1875.47
1291.57
759.116
250.468
2648.45
1861.87
1285.1
755.953
249.515
11065.6
14551.8
11156.6
14596.1
11296.9
14612.6
11131.3
14455.1
10429.3
13770.1
9715.26
10866
9727.52
11271.5
9786.19
10836.3
9975.75
11014.6
8499.2
1403.55
293.824
65.1156
11.4465
9148.08
2579.05
619.327
139.16
24.4613
8470.52
1390.66
290.481
64.2631
11.2767
9119.93
2552.9
612.764
137.296
23.9522
8374.65
1367.07
284.71
62.905
11.0323
9027.26
2516.3
603.249
135.022
23.5552
8154.08
1313.35
272.365
60.1786
10.5611
8813.96
2445.29
585.938
131.202
22.8938
7708.97
1214.38
251.631
55.8022
9.81923
8355.66
2320.9
558.058
125.377
21.92
6984.46
1143.22
244.086
54.921
9.73004
7131.92
2051.29
503.712
114.769
20.2368
7186.21
1156.33
244.031
54.5954
9.64482
7477.45
2148.95
523.791
118.518
20.7996
6920.74
1144.43
245.543
55.3769
9.81882
7035.34
2012.87
494.664
113.029
19.9803
6918.02
1139.7
244.403
55.1479
9.76976
7073.68
2010.15
492.82
112.875
19.9196
32239.1
45920.9
44123.7
30388
23848.1
28348.1
23008.3
28155.2
26583
42002.2
28260.7
43209.5
286.914
304.663
344.231
408.11
500.584
626.537
301.923
320.092
360.423
424.931
516.454
638.265
275.555
269.947
294.455
290.777
336.709
337.512
405.45
414.896
503.813
524.473
631.369
655.377
791.519
1001.33
1272.68
1631.53
2044.75
2341.78
793.464
983.984
1210.96
1465.14
1708.01
1865.43
768.292
1127.44
1417.19
1620.32
1724.95
815.598
1196.37
1503.26
1718.21
1828.86
921.078
1350.07
1695.15
1936.49
2060.61
1091.11
1597.28
2003.21
2286.49
2432.02
1336.54
1952.59
2444.39
2786.65
2962.32
1669.05
2430.26
3033.96
3452.93
3668.1
808.332
1185.89
1490.31
1703.62
1813.45
856.698
1256.22
1577.96
1803.19
1919.09
964.063
1412.35
1772.55
2024.29
2153.73
1135.49
1660.99
2081.81
2375.31
2526.1
1377.91
2010.99
2515.57
2866.7
3047.08
1698.81
2470.72
3082.12
3506.91
3725.61
737.931
1083.05
1361.59
1556.94
1657.57
722.924
1061.08
1334.07
1525.55
1624.19
788.358
1156.63
1453.59
1661.66
1768.79
778.528
1142.27
1435.64
1641.23
1747.08
901.083
1321.08
1659.11
1895.61
2017.25
903.243
1324.3
1663.22
1900.34
2022.29
1084.21
1587.66
1991.63
2273.59
2418.43
1109.43
1624.51
2037.74
2326.07
2474.13
1345.51
1966.39
2462.24
2807.19
2984.1
1400.5
2046.29
2561.58
2919.68
3103.16
1682.67
2451.45
3061.19
3483.65
3700.08
1746.51
2543.88
3175.34
3611.89
3835.02
2100.23
3041.07
3780.33
4293.09
4558.06
2638.71
3785.33
4675.74
5297.96
5626.68
3313.15
4678.03
5723.07
6473.35
6893.84
4157.59
5715.57
6892.57
7797.64
8376.97
5053.46
6691.07
7920.29
8980.37
9807.93
5669.06
7317.68
8558.33
9725.74
10753.2
2103.99
3044.05
3782.71
4296.39
4562.84
2594.29
3724.47
4604.16
5220.06
5545.44
3165.68
4494.4
5517.89
6247.15
6647.09
3785.69
5295.07
6446.35
7294.19
7789.6
4355.62
5993.16
7233.7
8188.11
8791.58
4716.8
6422.86
7713.01
8737.77
9420.13
289.952
313.882
360.093
431.332
532.08
667.284
305.024
329.488
376.467
448.095
547.126
676.355
278.638
273.149
303.871
300.599
353.039
354.671
429.672
440.674
537.028
559.519
675.896
703.516
840.81
1054.93
1323.38
1669.31
2064.64
2347.36
837.527
1030.52
1254.61
1499.8
1729.45
1872.55
776.45
1139.5
1432.48
1637.92
1743.75
840.426
1233.15
1549.94
1772.01
1886.39
963.847
1413.56
1775.9
2029.72
2160.4
1153.86
1690.78
2122.58
2424.73
2580.24
1421.98
2080.67
2608.94
2978.15
3168.21
1780.25
2598.56
3252.2
3708.79
3944.31
816.677
1198.25
1506.01
1721.73
1832.82
882.033
1293.82
1625.78
1858.39
1978.17
1007.38
1476.77
1854.66
2119.25
2255.47
1198.16
1754.56
2201.53
2514.19
2675.14
1461.2
2136.03
2676.48
3054.2
3248.83
1802.78
2628.11
3286.3
3746.38
3984.18
746.213
1095.28
1377.08
1574.76
1676.6
731.524
1073.77
1350.14
1544.02
1643.92
813.695
1194.12
1501.11
1716.38
1827.27
804.949
1181.34
1485.14
1698.2
1807.94
945.082
1386.32
1742
1991.22
2119.54
949.47
1392.82
1750.26
2000.72
2129.67
1149.64
1685.06
2115.9
2417.42
2572.59
1179.09
1728.26
2170.18
2479.43
2638.54
1435.64
2101.57
2635.99
3009.46
3201.61
1495.78
2189.61
2746.34
3135.27
3335.28
1804.33
2635.89
3300.75
3764.85
4003.83
1878.39
2744.63
3437.17
3920.2
4168.64
2236.09
3249.77
4054.84
4618.47
4911.45
2788.86
4021.39
4992.79
5679.79
6045.1
3459.42
4917.17
6054.81
6882.56
7348.61
4273.42
5917.93
7186.79
8173.49
8804.51
5121.86
6822.05
8120.11
9245.26
10118.8
5690.71
7362.3
8628.6
9821.21
10867.7
2225.19
3229.71
4026.32
4584.64
4875.63
2723.75
3926.13
4872.86
5541.81
5896.94
3289.25
4691.47
5785.93
6573.2
7006.59
3886.29
5460.64
6677.26
7580.52
8109.15
4419.89
6102.59
7389.97
8385.52
9014.83
4738.64
6460.93
7768.17
8808.26
9500.54
4932.13
3320.03
1043.32
832.087
941.282
830.947
987.463
4554.66
4414.59
2926.83
3679.27
1877.67
2433.71
1606.42
1766.17
1515.01
4248.69
2484.8
1716.01
1541.28
1882.88
1657.95
1334.17
1292.18
1252.45
1116.47
1444.57
1317.92
4521.01
2842.19
3202.94
2147.6
1826.13
2458.73
1369.49
1124.83
1492.66
10146
10468
10929.3
12587.1
21287.1
7434.92
8705.2
9731.52
11154
13178.3
2763.84
3995.97
4969.21
5654.68
6016.25
2215.9
3226.19
4029.96
4591.4
4881.85
2506.42
3647.95
4554.1
5184.94
5510.13
2215.08
3229.16
4036.65
4599.41
4889.32
2624.71
3811.19
4750.97
5407.29
5747.81
10142.3
11484.7
12379.4
14090.3
22557.3
10047.2
11618.3
12723.2
14262
16832.7
7037.32
9011.37
10491.6
11882.8
13186.4
8881.72
10887.6
12091.4
13334.1
14408.1
4830.27
6718.21
8144.75
9183.6
9784.11
6069.3
8113.28
9614.7
10785.7
11554.5
4195.49
5948.42
7292.52
8241.22
8754.8
4584.73
6447.49
7860.42
8862.26
9412.51
3975.67
5671.2
6977.88
7891.7
8376.62
9416.56
10682.8
11587.4
13297.4
21644.1
6090.84
7996.83
9452.8
10775.7
11965.8
4444.03
6237.06
7611.33
8617.01
9201.61
4014.92
5679.43
6968.83
7908.48
8446.16
4802.89
6621.22
8017.74
9110.04
9838.32
4278.99
5984.91
7305.53
8307.01
8921.45
3491.31
4969.56
6125.35
6965.99
7439.32
3402.2
4878.77
6034.6
6856.3
7299.82
3314.56
4782.95
5933.21
6734.74
7152.76
2962.38
4290.48
5337.29
6067.17
6446.38
3793.98
5420.39
6681.87
7572.13
8050.82
3472.47
4983.26
6163.69
6997.25
7443.17
9618.28
10346.2
10969.9
12643.6
21161.8
6604.32
8115.27
9301.42
10671.7
12317.5
7626.07
9329.49
10493.2
12103.6
15049.4
5318.96
7075.11
8428.14
9632.26
10616.2
4647.78
6390.98
7738.29
8819.7
9553.66
5999.17
7840.62
9264.91
10619.7
11891.6
3586.37
5108.73
6297.47
7157.7
7638.41
2978.89
4304.32
5348.42
6081.22
6466.29
3890.59
5508.75
6766.37
7686.74
8214.58
10341.7
9721.26
8644.71
7159.54
5173.36
2018.12
18236.1
18600.8
21143.4
21820.3
17936.8
19058.3
20257.3
19673.5
14900.5
18252.5
15606.6
18840.1
17916.2
16170.1
24899.6
17570.4
17798.8
20001.2
20436
17017.5
18120.7
19409.2
19014.5
14856.8
22064.7
15478.1
21992
18101.1
19612.3
26720.9
16841.3
16940.7
18559.9
18749.2
16355.6
17842.9
18285.1
18367.5
17084.9
19592.6
17861.3
19627.7
19673.8
21592.7
24125.8
16166.8
16283.5
17288
17318.6
16000.4
17721.8
17177.2
17524.4
16069.4
17185.5
16822.3
16795.2
18062.2
19513.2
20951.8
15451.6
15601.2
16444
16390.5
15770.2
17648.2
16475
17003.8
15278.9
14271.3
16050.6
13746.3
16685.3
16563.5
17412.8
15153.5
15343.6
15894.6
15809.2
15446.6
17015.6
16034.4
16484.3
14642
12343.8
15223.1
12125.2
15588.2
14655.9
15843.7
21172
20349.3
22125.2
23260.7
19666.6
19698.5
20665.2
19787.6
18757.1
13913.2
18716.8
13992
16643
15153.5
18187.6
20036.2
19448.4
20509.1
21247.8
19053.8
19243
19549.7
18816.7
17479.5
13537.1
17471.9
13633.8
15345.6
13697.7
16925.8
18567.5
18232.3
18590.1
18937.3
18021.3
18222.2
18125.6
17698.2
16714.7
13406
16527.1
13151.4
14848.6
12602.4
16785.4
17234.9
17055.6
17168.2
17311.9
16927.8
17071.2
17026.3
16695.9
15962.6
14052.7
15867.4
13731.6
14429.5
12818.5
17353.7
16610.5
16500
16422.3
16479.4
16230.1
16366.2
16411.6
16216.6
15921.8
15372.2
15863.3
15214.5
14684
13480.2
18171.9
16167
16063.5
16013.6
16042.9
15835.8
16148.1
15975.8
15911.1
15939.4
16203.9
15942.2
16091.2
14887.5
14114.3
19025.2
)
;

boundaryField
{
    patch1
    {
        type            calculated;
        value           nonuniform List<scalar> 
2440
(
14042.9
27658.4
0
0
0
0
0
0
0
0
14038.8
27642
0
0
0
0
0
0
0
0
11414.7
18526.1
20197
31734
41692
26950.8
17126.5
8591.79
46221.8
18770.8
27682.4
21606.1
34309.9
43326.5
28319.5
22264
12096.7
0
0
0
0
0
0
0
0
0
0
0
0
0
0
0
0
0
0
0
0
0
0
0
0
0
0
0
0
0
0
0
0
0
0
0
45910.1
0
0
0
0
0
0
0
0
0
0
0
0
0
0
0
0
0
0
0
0
0
0
0
0
0
0
0
0
0
0
0
0
0
0
0
0
0
0
0
0
0
0
0
0
0
0
0
0
0
0
0
0
0
0
0
0
0
11228.2
18519.1
20217.8
31761.4
41741.3
26999.1
17133.9
8333.43
46226.6
18490.1
27683.5
21635.7
34339.9
43374.2
28359.3
22235.1
11646.3
0
0
0
0
0
0
0
0
0
0
0
0
0
0
0
0
0
0
0
0
0
0
0
0
0
0
0
0
0
0
0
0
0
0
0
45912.1
0
0
0
0
0
0
0
0
0
0
0
0
0
0
0
0
0
0
0
0
0
0
0
0
0
0
0
0
0
0
0
0
0
0
0
0
0
0
0
0
0
0
0
0
0
0
0
0
0
0
0
0
0
0
0
0
0
15227.4
22184.3
0
0
0
0
0
14655.9
15845.2
14114.3
19027.5
15227.9
22182.7
0
0
0
0
0
14655.9
15843.7
14114.3
19025.2
18212.1
26589.6
27286.8
21753.8
21056.3
27474.2
27440.3
21794.4
21781.5
17017.8
12696
16482.1
12653.7
17017
12793.7
16879
12860.8
791.159
634.075
1067.39
1360.79
2319.77
2534.86
21765.1
20673.3
15117.3
9337.64
3303.76
20298.9
20201.4
13809.3
8289.11
3125.93
22241.4
1546.87
4043.81
1795.6
4929.91
3205.53
6443.28
17669.8
13240.8
10250.1
8594.1
8037.7
14779.2
11592.7
9823.45
8931.79
9015.11
0
0
0
0
0
0
0
0
0
0
0
0
0
0
0
0
0
0
0
0
0
0
0
0
0
0
0
0
0
0
0
0
0
0
0
0
0
0
0
0
0
0.717138
-0.274415
0.715736
-0.34114
0.710403
-0.341188
0.695631
-0.331171
0.679718
-0.323272
0.21437
-0.120739
0.449023
-0.235839
0.0783711
-0.0451496
0.0157779
-0.00825696
32693.6
45207.9
31755.1
19683.5
28894
24181.3
46693.8
57284.9
32266.2
23740
13237.9
24345.7
26069.6
21033.6
19905.3
26877.5
27261.5
21420.8
21668.8
16723.5
12610.5
16149.8
12599.7
16840.7
12729.4
16821.7
12835.8
9544.54
3716.43
10161
4325.36
9612.83
4974.92
16509.6
16563.1
15868.2
10972.6
5023.12
18306.7
19456.8
14833.6
9839.8
4226.91
19032.9
22401.7
18338
21383.2
16691.4
19856.1
14953
14265.1
17417.4
15948.3
18203.4
14009.8
13588.4
14633.9
15191.8
16800
0
0
0
0
0
0
0
0
0
0
0
0
0
0
0
0
0
0
0
0
0
0
0
0
0
0
0
0
0
0
0
0
0
0
0
0
0
0
0
0
0
0.730343
-0.27944
0.727004
-0.346783
0.7183
-0.344933
0.699615
-0.332741
0.680444
-0.323194
0.213879
-0.120352
0.448376
-0.234789
0.0782084
-0.0450988
0.0157562
-0.00826865
32239.1
44134.5
30393.2
28253.4
28191.1
42103.3
43001.1
15158.1
15342.1
15893.6
15811.7
15446.1
17015.5
16033.9
16484.1
14646.9
12339.8
15222.7
12120.5
15588.2
16164.1
16061.8
16012.6
16041.7
15835.4
16148.1
15975.3
15910.9
15934.5
16167
15941.8
16088.1
14887.7
18207.6
26589.8
27287
21754.3
21056.8
27474.4
27440.5
21794.9
21782
17018.6
12696.7
16482.8
12654.5
17017.6
12794.3
16879.6
12861.4
776.687
627.526
1068.99
1363.15
2320.61
2536.27
21765.5
20674
15118.1
9338.57
3304.5
20299.3
20202
13810
8289.79
3126.34
22237.1
1522.05
4000.27
1795.61
4930.17
3205.98
6443.98
17669.8
13240.5
10249.7
8593.91
8037.95
14779.1
11592.5
9823.25
8931.67
9015.1
0
0
0
0
0
0
0
0
0
0
0
0
0
0
0
0
0
0
0
0
0
0
0
0
0
0
0
0
0
0
0
0
0
0
0
0
0
0
0
0
0
0.716086
-0.276133
0.715569
-0.340684
0.71022
-0.341048
0.695536
-0.331124
0.67968
-0.323261
0.214373
-0.120745
0.449019
-0.235849
0.0783736
-0.045152
0.0157785
-0.00825741
32694.9
45216.4
31757.5
19329.6
28886.1
24209
46720.6
57324.6
32305.8
23704
12717.2
24345.7
26069.6
21034.1
19905.8
26877.6
27261.6
21421.3
21669.2
16724.3
12611.3
16150.6
12600.5
16841.4
12730.1
16822.3
12836.4
9557.88
3757.32
10151.1
4325.45
9612.05
4975.11
16509.6
16563
15867.7
10972.5
5023.2
18306.6
19456.7
14833.5
9839.8
4226.97
19037.5
22418.5
18315.5
21377.2
16690.4
19855.8
14953
14264.8
17416.7
15947.8
18203.1
14009.6
13588.1
14633.5
15191.4
16799.6
0
0
0
0
0
0
0
0
0
0
0
0
0
0
0
0
0
0
0
0
0
0
0
0
0
0
0
0
0
0
0
0
0
0
0
0
0
0
0
0
0
0.729369
-0.281239
0.726865
-0.346335
0.718149
-0.344809
0.69955
-0.332709
0.68043
-0.323194
0.213887
-0.120359
0.448383
-0.234803
0.0782119
-0.0451013
0.0157569
-0.00826904
32238.4
44131.6
30389.3
28326.5
28176.9
42045.3
43155.8
15153.6
15343.7
15894.6
15809.3
15446.6
17015.6
16034.4
16484.3
14642
12343.8
15223.1
12125.2
15588.2
16166.9
16063.5
16013.5
16042.8
15835.8
16148.1
15975.8
15911.1
15939.4
16203.9
15942.2
16091.2
14887.5
18753.2
7252.22
2018.18
18752.3
7252.16
2018.12
19221.1
19723.8
25958
23252.6
8080.7
5844.42
9690.98
7905.9
521.486
651.481
4517.52
4956.88
9242.73
9994.2
24835.8
25677.2
19117.3
489.217
165.818
3667.42
2978.31
7263.78
6218.53
231.242
203.036
209.864
2386.03
1941.81
1713.51
4955.97
4339.56
4115.87
26427.9
25983.1
29538
25890
20537.9
20960
23052.4
21811.4
120.999
87.9531
1366.68
1083.12
1444.05
1733.97
14811.6
21108.6
8612.6
118.064
198.798
991.608
965.881
1835.44
2024.69
97.2583
103.336
122.153
1177.72
1265.97
1284.6
2775.62
3189.83
3312.32
8915.67
9398.19
10123.2
10662.1
10327.1
9710.24
9671.51
9794.61
9980.28
11089.3
11154.4
11295.6
11130.3
10428.5
9714.57
9726.77
9785.56
9975.16
19224.2
19726.1
25970.9
23258.2
7914.87
5728.93
9664.29
7896.47
449.679
558.113
4501.94
4943.45
9239.74
9990.88
24836
25678.1
19116.7
409.792
89.4508
3674.97
2984.71
7261.28
6217.64
184.976
163.55
175.484
2394.26
1944.89
1713.58
4956.19
4340.21
4116.52
26432.3
25984.4
29551.8
25895.5
20365.1
20908
23022.7
21783.9
104.791
74.1451
1358.35
1074.17
1443.11
1733.3
14812.2
21109.6
8612.53
103.447
192.35
981.219
956.824
1834.87
2023.81
82.3473
85.9219
101.775
1167.87
1260.51
1280.85
2774.44
3188.68
3311.53
8867.36
9400.43
10124.7
10663.1
10327.8
9710.82
9672.13
9795.16
9980.85
11065.6
11156.6
11296.9
11131.3
10429.3
9715.26
9727.52
9786.19
9975.75
20896.8
15726.1
2309.83
1684.35
1186.49
706.31
234.41
2314.52
1695.24
1192.8
709.491
235.381
23151.4
24766.1
25876.4
23712.2
24667.3
25276.1
2707.5
1875.47
1291.57
759.116
250.468
2648.45
1861.87
1285.1
755.953
249.515
10341.7
9721.26
8644.71
7159.54
5173.36
26400.2
26570.8
24299.6
24331.1
19269.7
17808.5
25724.5
23636.4
22154.6
23678.1
21686
20261
15469.7
13662.7
12662
20170
19456.8
15928.5
14833.6
11392.8
9839.8
5581.8
4226.91
13914.9
10284.6
14518.9
10170.4
6229.36
3803.26
2704.96
2407.39
6139.43
3705.98
2613.38
2362.63
2283.48
1794.14
1264.02
747.772
247.28
2225.52
1759.2
1244.29
737.883
244.295
273.163
300.615
354.689
440.695
559.545
703.547
731.564
1073.83
1350.21
1544.11
1644.01
804.992
1181.4
1485.22
1698.29
1808.04
949.518
1392.89
1750.35
2000.82
2129.78
1179.14
1728.35
2170.29
2479.55
2638.67
1495.85
2189.71
2746.47
3135.42
3335.44
1878.47
2744.75
3437.32
3920.38
4168.83
1252.5
3314.69
4783.14
5933.45
6735.02
7153.05
23222.2
21571.3
20202
17085.4
15008.1
13810
11072.9
9091.49
8289.79
5404.17
3837.57
3126.34
14535.6
10247.9
14718.9
10164.3
20700.7
20019.7
14822.6
13543.2
7527.1
7375.62
19141.2
18237.9
17487.3
12945.5
12901.4
12713.8
7979.12
8285.61
8320.01
5810.35
3425.57
2421.65
2184.88
5998.69
3574.54
2517.93
2285.15
2111.65
1686.14
1201.57
715.97
237.578
2162.25
1718.4
1220.58
725.782
240.598
1157.16
3034.83
4314.99
5272.71
5912.58
6236.97
269.947
290.777
337.512
414.896
524.473
655.377
722.924
1061.08
1334.07
1525.55
1624.19
778.528
1142.27
1435.64
1641.23
1747.08
903.243
1324.3
1663.22
1900.34
2022.29
1109.43
1624.51
2037.74
2326.07
2474.13
1400.5
2046.29
2561.58
2919.68
3103.16
1746.51
2543.88
3175.34
3611.89
3835.02
25875.8
23712.2
24674.5
25279.4
2707.53
1875.52
1291.6
759.129
250.47
2648.52
1861.93
1285.13
755.97
249.519
10342.1
9721.62
8645.02
7159.79
5173.52
20897.5
15726
2309.68
1684.26
1186.44
706.286
234.405
2314.35
1695.15
1192.74
709.464
235.374
23148.5
24763.5
42839
55070
28496.4
31065.9
14145.1
15692.7
1939.82
2063.46
0
0
0
0
0
0
0
0
0
0
0
0
0
0
0
20245.3
18838.7
22572.6
19332.5
22607.5
23442.9
15042
9444.83
14962.8
9368.07
5143.58
3106.52
2266.65
2077.3
5260.08
3173.29
2307.9
2093.16
-1670.76
932.179
1047.75
395.925
-1326.62
1027.91
1075.94
405.34
-751.797
1187.84
1120.26
411.603
-160.039
1360.48
1179.2
431.192
-59.7602
1482.92
1233.05
448.159
-516.662
1592.32
1328.08
477.087
-535.617
1540.92
1281.32
460.138
-608.459
1637.91
1363.51
481.046
-500.806
1693.46
1405.76
494.823
2013.32
1629.09
1170.06
700.203
232.788
2042.29
1644.92
1178.46
704.302
234.015
2302.02
1710.58
1203.1
714.947
237.1
2298.13
1700.92
1196.76
711.601
236.052
2344.16
1729.61
1213.92
720.526
238.829
2395.58
1757.42
1229.4
728.439
241.276
2204.61
1649.41
1169.39
698.194
232.047
2222.64
1656.71
1172.92
699.855
232.534
2262.34
1669.99
1179.24
702.842
233.407
13711.8
14042.1
14491.5
14784.6
14319.6
10949.3
11377.4
10908.7
11068.8
8774.2
2491.56
603.487
136.464
24.1225
8887.14
2490.56
600.412
135.098
23.703
9006.64
2494.46
597.711
133.929
23.4569
8973.18
2460.3
587.022
131.249
22.9586
8566.89
2352.52
562.941
126.185
22.1026
7202.92
2072.25
508.626
115.818
20.4633
7574.29
2174.95
529.231
119.584
21.0216
7093.04
2029.73
498.724
113.925
20.184
7118.9
2023.43
496.062
113.555
20.0948
42146.6
55903.6
23773
27904.5
13228.4
15135.8
1534.85
1883.33
867.186
4113.28
2278.62
1456.68
2300.09
3326.01
4124.38
4669.96
4947.57
8954.1
9608.13
9462.12
9337.4
9403.76
5519.48
7009.48
7840.29
8327.37
8590.53
3750.71
5190.81
6200.37
6850.52
7178.42
0
0
0
0
0
0
0
0
0
0
21518.9
17118.8
21611.1
17343.6
21253.3
22961.5
13714.3
9935.61
13885.4
9776.88
6248.31
3968.69
2842.08
2502.9
6182.6
3919.58
2803.56
2461.44
773.788
2367.77
1733.42
591.878
970.709
2374.53
1730.06
593.784
1243.79
2365.89
1706.5
579.041
1294.52
2320.28
1684.22
577.593
724.592
2202.24
1644.35
572.903
-399.862
1899.63
1547.24
553.823
-206.248
2029.36
1590.64
559.624
-576.62
1804.24
1492.6
528.58
-498.461
1745.35
1447.62
510.555
2347.55
1843.49
1293.98
763.226
252.004
2337.52
1832.25
1286.6
759.301
250.785
2521.1
1835.89
1273.46
750.488
247.923
2580.88
1851.38
1280.63
753.881
248.919
2486.07
1814.62
1261.97
744.864
246.248
2444.35
1787.05
1246.22
736.99
243.896
2687.27
1899
1306.69
767.116
252.992
2688.77
1894.93
1303.81
765.553
252.499
2696.27
1887
1298.34
762.638
251.582
14648.4
14665.7
14683.4
14491.5
13800.3
10900.1
11299.3
10874.6
11056.4
9203.14
2596.69
624.29
140.317
24.7047
9170.66
2568.08
616.576
138.191
24.1775
9077.02
2531.09
606.911
135.877
23.7732
8864.63
2460.29
589.614
132.053
23.1108
8403.71
2335.36
561.62
126.202
22.1318
7170.45
2062.85
506.53
115.41
20.4014
7516.6
2160.95
526.76
119.204
20.9759
7073.42
2024.17
497.393
113.644
20.1383
7112.02
2021.58
495.614
113.457
20.0784
301.94
320.109
360.442
424.952
516.479
638.295
793.499
984.025
1211
1465.2
1708.07
1865.49
808.376
1185.95
1490.39
1703.71
1813.55
856.744
1256.29
1578.05
1803.29
1919.2
964.114
1412.42
1772.64
2024.4
2153.85
1135.55
1661.08
2081.92
2375.44
2526.24
1377.98
2011.09
2515.7
2866.85
3047.24
1698.89
2470.84
3082.28
3507.09
3725.8
2104.08
3044.19
3782.9
4296.61
4563.08
2594.4
3724.65
4604.39
5220.33
5545.73
3165.81
4494.6
5518.16
6247.47
6647.44
3785.84
5295.3
6446.66
7294.57
7790.02
4355.79
5993.41
7234.04
8188.53
8792.05
4716.97
6423.13
7713.37
8738.21
9420.63
305.041
329.506
376.486
448.117
547.151
676.385
837.563
1030.56
1254.66
1499.85
1729.51
1872.61
816.72
1198.31
1506.09
1721.82
1832.92
882.079
1293.89
1625.87
1858.49
1978.27
1007.43
1476.84
1854.75
2119.36
2255.58
1198.22
1754.64
2201.64
2514.31
2675.27
1461.27
2136.13
2676.61
3054.35
3248.98
1802.86
2628.23
3286.46
3746.55
3984.37
2225.29
3229.85
4026.5
4584.86
4875.86
2723.87
3926.31
4873.08
5542.07
5897.22
3289.38
4691.68
5786.19
6573.51
7006.92
3886.45
5460.87
6677.56
7580.88
8109.54
4420.05
6102.85
7390.31
8385.93
9015.28
4738.82
6461.2
7768.53
8808.7
9501.03
941.321
3679.34
1515.07
2506.52
3648.1
4554.29
5185.16
5510.37
8881.91
10887.9
12091.7
13334.5
14408.6
3975.81
5671.41
6978.15
7892
8376.95
42888.9
55094.6
28549.9
31067.3
14153.7
15736.5
1323.8
1408.36
0
0
0
0
0
0
0
0
0
0
0
0
0
0
0
20042.4
18776
22539.3
19305.7
22605.7
23442
15040.5
9452.17
14947.1
9364.45
5142.37
3104.94
2265.93
2076.27
5259.45
3173.05
2307.7
2092.98
-1668.66
930.823
1047.46
395.766
-1327.4
1028.01
1075.97
405.374
-752.098
1187.69
1120.17
411.581
-160.271
1360.23
1179.05
431.146
-59.9711
1482.64
1232.87
448.102
-516.798
1592.05
1327.9
477.028
-535.773
1540.63
1281.14
460.079
-608.567
1637.66
1363.35
480.993
-500.9
1693.24
1405.61
494.776
2011.58
1628.16
1169.62
699.995
232.726
2042.19
1644.84
1178.41
704.283
234.013
2301.85
1710.49
1203.04
714.919
237.092
2297.96
1700.83
1196.71
711.574
236.044
2343.99
1729.51
1213.86
720.497
238.821
2395.42
1757.33
1229.35
728.41
241.268
2203.05
1648.88
1169.17
698.103
232.025
2222.65
1656.62
1172.87
699.84
232.536
2262.25
1669.91
1179.19
702.822
233.405
13657.1
14043.7
14492.3
14785.1
14320.1
10949.9
11378
10909.2
11069.4
8759.15
2485.94
601.888
136.083
24.0533
8885.5
2489.95
600.201
135.039
23.6914
9006.21
2494.26
597.632
133.904
23.4516
8973.22
2460.25
586.995
131.239
22.9562
8567.11
2352.55
562.939
126.182
22.1017
7203.27
2072.35
508.646
115.822
20.4639
7574.62
2175.03
529.244
119.585
21.0217
7093.4
2029.83
498.748
113.93
20.1848
7119.28
2023.54
496.088
113.561
20.0957
42195.3
55944.9
23816.3
27950
13184.5
15085.1
1031.78
1269.73
867.149
4113.26
2278.58
1456.63
2299.99
3325.86
4124.19
4669.74
4947.33
8954.02
9607.97
9461.91
9337.2
9403.56
5519.37
7009.3
7840.05
8327.09
8590.22
3750.59
5190.63
6200.13
6850.23
7178.11
0
0
0
0
0
0
0
0
0
0
21545.7
17133
21610.2
17341.9
21250.4
22959.8
13727
9948.01
13884.2
9778.7
6254.92
3972.58
2844.84
2504.18
6183.41
3919.94
2803.67
2461.4
793.264
2370.6
1734.43
592.004
969.478
2375.04
1730.29
593.883
1243.29
2366.03
1706.6
579.079
1294.24
2320.29
1684.24
577.603
724.422
2202.18
1644.34
572.897
-399.956
1899.5
1547.17
553.799
-206.36
2029.26
1590.59
559.608
-576.699
1804.08
1492.5
528.549
-498.548
1745.16
1447.49
510.515
2347.38
1843.71
1294.24
763.384
252.053
2337.47
1832.19
1286.56
759.29
250.786
2521
1835.83
1273.41
750.467
247.917
2580.8
1851.32
1280.59
753.863
248.914
2485.94
1814.54
1261.93
744.841
246.242
2444.21
1786.96
1246.17
736.963
243.888
2686.09
1898.95
1306.78
767.188
253.019
2688.9
1894.88
1303.79
765.553
252.506
2696.3
1886.97
1298.32
762.631
251.584
14622.1
14667.5
14684.4
14492.4
13801.1
10900.8
11300.1
10875.2
11056.9
9197.69
2592.39
622.871
139.961
24.6386
9170.22
2567.81
616.425
138.14
24.1671
9077.16
2531.1
606.881
135.861
23.7693
8864.99
2460.38
589.622
132.05
23.1096
8404.14
2335.47
561.641
126.205
22.1319
7170.89
2062.97
506.558
115.416
20.4024
7517.05
2161.07
526.786
119.209
20.9766
7073.83
2024.28
497.421
113.65
20.1394
7112.41
2021.69
495.641
113.463
20.0794
301.923
320.092
360.423
424.931
516.454
638.265
793.464
983.984
1210.96
1465.14
1708.01
1865.43
808.332
1185.89
1490.31
1703.62
1813.45
856.698
1256.22
1577.96
1803.19
1919.09
964.063
1412.35
1772.55
2024.29
2153.73
1135.49
1660.99
2081.81
2375.31
2526.1
1377.91
2010.99
2515.57
2866.7
3047.08
1698.81
2470.72
3082.12
3506.91
3725.61
2103.99
3044.05
3782.71
4296.39
4562.84
2594.29
3724.47
4604.16
5220.06
5545.44
3165.68
4494.4
5517.89
6247.15
6647.09
3785.69
5295.07
6446.35
7294.19
7789.6
4355.62
5993.16
7233.7
8188.11
8791.58
4716.8
6422.86
7713.01
8737.77
9420.13
305.024
329.488
376.467
448.095
547.126
676.355
837.527
1030.52
1254.61
1499.8
1729.45
1872.55
816.677
1198.25
1506.01
1721.73
1832.82
882.033
1293.82
1625.78
1858.39
1978.17
1007.38
1476.77
1854.66
2119.25
2255.47
1198.16
1754.56
2201.53
2514.19
2675.14
1461.2
2136.03
2676.48
3054.2
3248.83
1802.78
2628.11
3286.3
3746.38
3984.18
2225.19
3229.71
4026.32
4584.64
4875.63
2723.75
3926.13
4872.86
5541.81
5896.94
3289.25
4691.47
5785.93
6573.2
7006.59
3886.29
5460.64
6677.26
7580.52
8109.15
4419.89
6102.59
7389.97
8385.52
9014.83
4738.64
6460.93
7768.17
8808.26
9500.54
941.282
3679.27
1515.01
2506.42
3647.95
4554.1
5184.94
5510.13
8881.72
10887.6
12091.4
13334.1
14408.1
3975.67
5671.2
6977.88
7891.7
8376.62
23221.9
21570.8
20201.4
17084.9
15007.5
13809.3
11072.3
9090.86
8289.11
5403.69
3837.11
3125.93
14541.4
10251.4
14721.9
10166.5
20700.4
20019.7
14822.8
13543.5
7527.15
7375.89
19141.3
18238
17487.3
12945.9
12901.8
12714.2
7979.6
8286.16
8320.47
5811.59
3426.02
2421.9
2185.05
5999.65
3574.93
2518.15
2285.31
2111.78
1686.23
1201.62
715.995
237.584
2162.38
1718.49
1220.64
725.809
240.605
1157.2
3034.94
4315.16
5272.94
5912.84
6237.26
269.962
290.793
337.53
414.917
524.499
655.408
722.964
1061.14
1334.14
1525.64
1624.28
778.571
1142.34
1435.72
1641.32
1747.17
903.292
1324.37
1663.31
1900.44
2022.4
1109.49
1624.6
2037.84
2326.2
2474.26
1400.57
2046.39
2561.71
2919.83
3103.32
1746.59
2544
3175.5
3612.07
3835.21
26400.4
26570.8
24299.4
24330.9
19268.9
17807.9
25724.6
23636.7
22155
23678.3
21686.5
20261.7
15469.8
13663.3
12662.7
20169.9
19456.7
15928.6
14833.5
11392.9
9839.8
5581.95
4226.97
13913.6
10283.9
14517.2
10169.2
6229.16
3803.18
2704.89
2407.31
6138.85
3705.73
2613.22
2362.5
2283.4
1794.08
1263.98
747.753
247.276
2225.42
1759.12
1244.24
737.859
244.289
273.149
300.599
354.671
440.674
559.519
703.516
731.524
1073.77
1350.14
1544.02
1643.92
804.949
1181.34
1485.14
1698.2
1807.94
949.47
1392.82
1750.26
2000.72
2129.67
1179.09
1728.26
2170.18
2479.43
2638.54
1495.78
2189.61
2746.34
3135.27
3335.28
1878.39
2744.63
3437.17
3920.2
4168.64
1252.45
3314.56
4782.95
5933.21
6734.74
7152.76
)
;
    }
    patch2
    {
        type            calculated;
        value           nonuniform List<scalar> 
348
(
10522.2
10521.8
11189.6
7027.25
5887.21
7465.26
12473.7
7773
6566.76
8367.15
11188.9
7026.89
5886.92
7464.87
12473.1
7772.66
6566.48
8366.8
20976.6
14137.1
5590.79
4548.33
5017.77
4508.84
5275.84
18530.1
13366.3
11285.3
10354.7
9481.75
8283.94
9426.66
8669.66
7507.21
7901.05
7262.97
18908.2
10838.7
8046.58
7558.77
8818.99
8187.99
6946.16
6651.37
6319.88
5773.69
7074.5
6666.99
20177.9
12663.3
15006.8
10327.6
8990.6
1751.6
1857.03
2092.2
2469.04
3007.01
3722.94
1841.42
1948.59
2186.67
2564.47
3093.02
3781.48
1683.2
1649.32
1796.07
1774.02
2048.21
2053.33
2455.27
2511.77
3029.07
3149.77
3755.11
3891.66
4626.14
5713.33
7012.38
8565.25
10131.6
11191.5
4631.51
5631.03
6756.67
7934.93
8983.73
9648.28
1770.71
1915.52
2193.68
2619.83
3216.62
4004.46
1861.1
2008.66
2290.15
2716.13
3298.45
4045.04
1702.54
1669.36
1855.51
1835.89
2152.21
2162.5
2612.08
2679.03
3250.52
3386.17
4064.74
4231.89
4986.91
6141.55
7479.8
9008.39
10458.2
11312.9
4950.76
5990.46
7125.29
8263.9
9214.7
9731.74
21304.5
14331.9
6110.93
4956.27
5593.21
4963.29
5835.37
22164.2
17764.1
13789.1
14852
9959.69
11812.1
8893.86
9563.86
8504.86
21411.9
12504.7
9374.17
8601.8
10090
9112.62
7572.87
7419.03
7261.07
6544.14
8179.49
7562.11
21182.3
13188.9
16399.2
11017.1
9806.27
20975.2
14136.3
5590.51
4548.1
5017.53
4508.61
5275.58
18528.7
13365.4
11284.7
10354.3
9481.54
8283.56
9426.23
8669.35
7506.88
7900.73
7262.66
18906.8
10838.1
8046.19
7558.39
8818.51
8187.54
6945.79
6651.03
6319.58
5773.41
7074.17
6666.67
20176.5
12662.6
15005.8
10327
8990.1
1751.5
1856.93
2092.09
2468.91
3006.85
3722.75
1841.32
1948.49
2186.55
2564.33
3092.86
3781.28
1683.11
1649.23
1795.97
1773.93
2048.1
2053.21
2455.13
2511.64
3028.91
3149.6
3754.92
3891.46
4625.9
5713.03
7012
8564.77
10131
11190.9
4631.27
5630.73
6756.31
7934.5
8983.24
9647.77
1770.61
1915.42
2193.57
2619.7
3216.47
4004.27
1861
2008.56
2290.03
2716
3298.29
4044.84
1702.45
1669.27
1855.41
1835.79
2152.1
2162.39
2611.95
2678.89
3250.36
3386.01
4064.55
4231.7
4986.68
6141.27
7479.45
9007.96
10457.7
11312.3
4950.52
5990.18
7124.95
8263.49
9214.24
9731.24
21303.2
14331.1
6110.65
4956.04
5592.96
4963.06
5835.12
22163.3
17763.5
13788.5
14851.5
9959.3
11811.7
8893.51
9563.49
8504.52
21411
12504.2
9373.79
8601.45
10089.6
9112.23
7572.53
7418.71
7260.77
6543.86
8179.16
7561.79
21181.3
13188.2
16398.4
11016.6
9805.83
10906.3
6373.1
5044.61
11731
7233.47
5888.66
13013.8
8548.18
7245.78
14571
9918.08
8547.9
16332.2
10855
9295.87
29139.3
25070.6
28174.4
23881.9
26718.9
22135.5
25414
20317
23653.8
18521.8
10881.8
6337.02
5005.78
11726.4
7234.78
5889.96
13012.1
8548.33
7246.28
14569.8
9917.87
8548.04
16331
10854.6
9295.81
29177
25099.9
28167.3
23883.8
26716.6
22134.8
25412.8
20316.3
23652.9
18521.2
)
;
    }
    patch3
    {
        type            calculated;
        value           uniform 0;
    }
    patch4
    {
        type            calculated;
        value           nonuniform List<scalar> 
384
(
6193.69
12033.6
14899.7
39237.2
50736.2
23153.3
13599.2
5499.56
11802.7
13228.1
34242.5
33730.8
5958.28
12040.3
14887.3
39250.7
50760.5
23153.5
13624.5
5188.47
11725.3
13251.1
34206.8
33788.1
10959.2
12406.5
36970.1
38138.6
10742.2
12361.1
36387
38003.2
10960.1
12407.9
36976.8
38143.2
10743.3
12362.3
36386.6
38006.1
7559.81
7745.97
8174.99
7893.62
2484.02
6275.16
2071.2
4694.74
2883.4
6998.64
2151.33
4836.62
8169.95
7891.74
7560.92
7747.03
4546.71
3374.1
5862.37
4727.74
14890.6
12556.4
3209.16
3819.08
5000.75
5791.73
6758.16
5740.54
7751.99
6306.03
15436.6
12669.9
5613.54
6106.73
7003.3
7719.38
4394.68
3273.39
5860.98
4740.92
14891.5
12557.8
3123.43
3724.79
5014.39
5807.72
6680.35
5661.72
7775.79
6334.27
15440.8
12672
5533.62
6018.31
7025.88
7741.02
2880.32
6994.2
2150.52
4835.21
2485.35
6278.07
2071.67
4695.86
45853.6
50736.7
49501.1
52210.7
45859.5
50741
49507.2
52216
9379
4082.42
12555.2
6132.71
17835.7
11230.6
6676.97
4999.42
21752.6
36501.7
26485
41379.5
18728.2
34283.8
17393.2
33700.9
15494.6
6326.35
17830.8
8061.46
21954.1
13334.3
7440.88
5156.16
23065.3
36916.2
28710.9
42240.3
19362.8
34461.6
17570.6
33746.8
9235.31
3983.53
12569.1
6150.47
17843.4
11239.2
6680.28
5000.7
21756.7
36504.6
26489.5
41383
18731.2
34286.4
17395.5
33703.4
15390.3
6232.57
17847.6
8085.06
21963.8
13346.4
7445.63
5157.74
23070.9
36920
28716.8
42244.9
19366.7
34464.7
17573.3
33749.4
15381.1
30870.9
19625.8
35256.8
25616.5
39636.9
35727.2
25226.6
43253.9
27749.9
45253
31407.9
46262
38678.1
15191.3
30620.5
19642.8
35281.9
25625.2
39646.6
35732.3
25117.2
43117.3
27765.9
45277.1
31416.3
46271
38683.7
7857.38
7967.54
8096.46
8091.82
7746.04
7004.24
7209.87
6934.3
6922.67
8501.66
8471.68
8374.63
8153.74
7708.54
6984.03
7185.77
6920.34
6917.64
7846.35
7965.14
8095.9
8091.87
7746.29
7004.59
7210.21
6934.66
6923.04
8499.21
8470.53
8374.65
8154.08
7708.97
6984.46
7186.21
6920.74
6918.02
1341.87
1335.42
1337.41
1307.29
1219.89
1147.15
1161.67
1146.87
1140.51
1412.11
1389.88
1366.89
1313.27
1214.31
1143.15
1156.26
1144.36
1139.63
1332.81
1335.99
1337.46
1307.3
1219.92
1147.2
1161.72
1146.93
1140.57
1403.55
1390.66
1367.07
1313.35
1214.38
1143.22
1156.33
1144.43
1139.7
285.712
282.139
279.961
271.03
252.281
244.942
245.088
246.081
244.581
296.112
290.343
284.679
272.352
251.619
244.072
244.018
245.529
244.39
283.391
282.245
279.969
271.028
252.284
244.953
245.096
246.093
244.594
293.824
290.481
284.71
272.365
251.631
244.086
244.031
245.543
244.403
63.8495
62.7903
62.0025
59.8416
55.8498
55.0962
54.7826
55.4928
55.187
65.6456
64.2413
62.9024
60.1776
55.8004
54.9181
54.5929
55.3739
55.145
63.3178
62.8071
62.0008
59.8393
55.8495
55.0984
54.784
55.4953
55.1897
65.1156
64.2631
62.905
60.1786
55.8022
54.921
54.5954
55.3769
55.1479
11.273
11.054
10.8889
10.4989
9.81802
9.7576
9.67092
9.83792
9.77633
11.5404
11.2739
11.0324
10.5612
9.81904
9.72956
9.64443
9.81831
9.76926
11.1792
11.0561
10.8881
10.4983
9.81783
9.75794
9.67107
9.83835
9.77681
11.4465
11.2767
11.0323
10.5611
9.81923
9.73004
9.64482
9.81882
9.76976
)
;
    }
}


// ************************************************************************* //
