/*--------------------------------*- C++ -*----------------------------------*\
| =========                 |                                                 |
| \\      /  F ield         | OpenFOAM: The Open Source CFD Toolbox           |
|  \\    /   O peration     | Version:  2306                                  |
|   \\  /    A nd           | Website:  www.openfoam.com                      |
|    \\/     M anipulation  |                                                 |
\*---------------------------------------------------------------------------*/
FoamFile
{
    version     2.0;
    format      ascii;
    arch        "LSB;label=32;scalar=64";
    class       volScalarField;
    location    "1.9";
    object      gradTz;
}
// * * * * * * * * * * * * * * * * * * * * * * * * * * * * * * * * * * * * * //

dimensions      [0 -1 0 1 0 0 0];

internalField   nonuniform List<scalar> 
5712
(
7383.62
24252.1
5863.82
24866
4400.55
25707.7
6939.18
39598.4
8524.86
54438.4
8465.13
39668.7
8169.22
32933.5
8491.05
29432.3
5139
3185.8
13738.6
8161.53
5031.52
2715.06
15022.7
7460.13
5624.46
4085.2
18030.2
12706.9
4254.63
3071
17732.7
12902.2
9980.67
4228.5
8626.88
3849.15
3975.93
9320.14
34419.1
9322.79
12332
4163.12
44306.6
12021.3
11533.7
3975.56
24601.5
7630.65
12630.9
4402.43
21407.9
6803.36
6131.3
3039.99
8961
3496.06
6636.95
3586.44
8735.15
3357.19
8402.18
4792.19
7530.04
3277.46
11099.8
3993.56
3816.24
1333.79
12584.3
8745.67
7770.23
5692.07
13995
11523.1
7642.14
6613.96
7388.26
5012.3
10451.5
7022.23
5110.46
3762.32
2584.02
2123.25
4917.8
4248.46
2529.65
2443.61
4919.04
3237.27
2510.45
1615.86
6619.46
3603.36
4981.74
5993.4
9087.37
6469.12
7236.94
10272.9
4368.87
2072.93
2932.83
3426.65
2162.15
900.286
1263.53
1269.26
8126.35
14562.6
5503.79
16247.5
9512.94
14251.4
6763.01
16998
10789.4
12893
8696.08
16569.3
12595.3
14919.7
9566.22
9237.08
10084.2
14917.7
13894.9
13744.3
14143.5
20361.5
12130.7
9423.41
8216.37
9214.8
14382.5
16874.5
15079.1
19557.7
18822.4
15452.8
14330
19307.8
18423.6
13371.7
13052.5
18099.2
17745.9
10906.7
8578.61
10255.2
8964.73
11242.4
10099.6
12125.2
11677.1
16635.2
17070.8
10186.9
8858.24
9802.11
9484.91
10159.6
10837.5
11452.7
12926
14918.7
17329.9
8441.7
6634.17
5783.26
7341.89
11335.9
13771
7848.1
12388.3
4928.24
6458.19
7357.85
6076.79
1416.28
4867.51
723.889
1744.65
4005.22
8315.25
1469.96
2875.72
700.705
4146.37
381.241
1451.11
4856.47
4930.16
5521.56
3453.26
7698.44
6177.99
9051.86
6275.86
1162.28
2701.41
2743.99
1576.21
1522
1967.99
2146.68
1624.01
12025.6
7313.19
2305.9
13603
7817.64
2561.14
11537.7
7237.69
2446.53
13386.9
7827.08
2559.72
10614.7
6649.12
2187.59
13057.4
7862.91
2628.07
5650.45
3091.46
847.136
7288.12
4806.67
1667.29
8727.02
6017.09
2074.48
10112.6
6555.63
2178.12
12927.7
8074.27
2822
6684.94
3791.86
1214.31
6897.18
4970.11
1876.84
8217.46
6067.62
2231.31
10253
7199.29
2577.86
13081.9
8181.54
2906.41
299.547
2021.82
2861.48
4127.05
2209.6
2531.72
5544.82
5254.37
603.545
1029.05
644.333
1071.71
487.249
1413.44
869.78
1853.49
3225.89
1576.61
4079.92
2359.47
2166.4
3783.02
3415.27
909.263
6143.58
1479.34
-1962.84
678.709
1766.26
1301.47
1213.75
1102.6
9779.09
4445.08
2669.51
1645.64
9932.31
4618.78
3365.05
2085.39
9804.14
4968.06
4876.38
3403.43
3495.41
2505.21
1698.82
1625.98
12676.8
11260.6
5963.34
6184.34
13686.8
12838.9
6749.57
6800.86
5281.36
5431.83
10861.6
9065.03
3548.88
3716.65
1968.51
2248.77
4150.48
4124.74
2264.24
2431.77
3080.5
3327.74
1711.88
2125.03
4692.97
3265.71
4676.95
3298.79
7316.99
4299.66
6968.29
4563.51
2818.7
2364.77
2958.32
2130.96
1561.51
1476.2
1879.44
1250.02
11552.7
7972.27
5789.49
5837.93
11506.4
8181.76
5819.26
5810.97
11959
8542.62
5902.58
5657.13
13906.2
15059.1
12650.4
8448.01
4776.29
14268.5
13158.7
12190.6
10051.9
6458.59
13375.3
12052.1
9613
7387.78
4596.31
6704.82
5915.56
6231.17
7072.09
6943.53
5839.46
6308.06
6998.68
7289.73
5854.57
6395.33
6934.83
10763.4
7604.34
9998.42
6953.34
7847.07
6329.88
7318.53
6245.75
5951.18
6897.2
8946.27
7767.53
7881.93
6877.56
6708.57
6077.39
5901.3
5848.86
4680.59
6558.48
7046.26
4765.37
4682.25
2802.6
9239.16
7122.42
6419.86
5171.63
3811.33
2286.21
5530.97
4080.79
4726.01
2234.42
1721.86
989.683
5018.28
3633.69
1743.89
1446.19
4079.56
1816.78
1599.3
839.276
3157.04
2895
2760.83
4037.31
4395.61
4141.66
3515.9
5161.33
3208.41
2069.11
2008.79
2747.58
963.479
462.726
199.758
505.241
4081.08
1703.42
503.175
4679.59
1215.01
323.851
4149.86
1847.83
567.744
4683.34
1267.84
354.753
3910.67
1847.39
478.978
4624.24
1296.85
304.946
4708.62
2399.23
543.494
4217.4
2038.33
483.806
4102.62
1965
532.496
4038.89
1889.88
402.694
4628.66
1280.68
193.163
5942.64
2999.19
808.272
5313.05
2639.5
723.589
4801.4
2368.96
688.995
4520.08
1933.89
476.88
5022.84
1203.49
295.082
1723.63
615.882
126.775
-172.424
718.832
270.724
75.1133
-32.8106
1826.07
674.767
177.868
-102.849
913.519
375.241
181.225
83.7648
1959.94
749.753
267.208
6.71498
1561.67
718.725
272.419
58.7889
1187.57
658.131
219.484
-19.6538
1105.59
712.202
401.762
231.552
1620.76
711.923
211.736
-163.03
1382.39
599.587
259.592
-159.242
1914.77
737.826
239.868
-109.312
1727.97
669.258
267.177
-259.719
1298.12
658.992
255.005
-54.7034
1059.91
527.2
277.254
1.78921
955.291
576.46
333.716
199.573
728.608
442.55
289.901
166.359
2185.45
741.549
128.473
-344.758
2149.69
681.212
186.966
-467.628
2184.04
752.546
147.424
-328.572
2084.24
663.12
194.201
-453.818
2143.4
755.454
222.027
-228.061
1948.64
628.235
236.731
-367.448
1881.77
698.941
302.494
-15.6337
2138.55
703.889
330.628
-427.695
1677.44
624.341
301.262
-98.2472
1691.86
479.035
166.327
-312.738
670.823
173.924
44.7632
-63.2993
1753.21
512.739
184.104
-297.53
701.338
188.604
56.8993
-50.2478
1793.31
551.039
225.423
-259.047
718.198
205.567
72.534
-34.5396
1621.11
520.406
258.363
-201.414
700.45
212.879
99.1481
-6.43229
1488.07
518.148
277.526
-112.976
630.804
225.117
134.252
31.383
1034.87
415.066
200.298
-35.661
594.945
291.709
173.483
89.7471
1196.37
423.606
209.929
-83.6148
601.315
255.457
154.746
61.3574
833.149
399.05
215.601
32.187
531.62
304.226
187.467
117.468
587.268
359.052
239.07
144.424
441.08
299.742
204.573
151.105
-15.59
6.13512
6.16967
4.18063
3.08786
-2.31461
4.20813
3.4913
2.31256
1.70835
7.82382
18.0755
12.6736
8.03662
5.83327
22.9804
17.754
10.9995
6.77041
4.87552
33.2245
32.636
20.9655
13.0955
9.48616
93.0362
60.3107
35.7719
21.835
15.6945
111.093
70.9602
42.1025
25.7737
18.5911
161.892
93.8776
54.0411
32.7685
23.5979
57.9376
47.6531
29.6134
18.3411
13.2053
62.4217
45.0317
27.3417
16.8909
12.169
40.1763
38.3302
24.2532
15.1542
10.9681
74.8822
47.0364
27.5099
16.8505
12.0962
75.5779
56.7881
34.8706
21.5618
15.5703
83.989
53.8476
31.9679
19.625
14.1459
128.597
75.6055
43.6434
26.4905
19.0705
107.55
62.4335
35.9824
21.8418
15.6987
-28.789
3.01307
4.5634
3.21064
2.39193
-15.7216
0.929385
1.79179
1.28594
0.971579
-13.3909
10.5309
8.59028
5.59092
4.10202
-10.2219
3.59236
3.19206
2.09864
1.55651
5.9975
19.281
13.1913
8.35228
6.11379
10.6691
12.4484
7.72743
4.71719
3.43103
49.2277
38.0694
23.0929
14.3126
10.4091
33.0401
24.1056
14.2687
8.76194
6.37088
91.4771
50.0838
28.2948
17.114
12.2785
1747.96
3990.68
1775.51
3956.02
1951.79
3931.16
2321.93
4087.33
2415
4205.77
989.56
1500.84
1603.61
2520.92
536.243
744
196.913
253.569
9064.9
2166.89
497.103
111.159
27.6536
2473.64
666.479
177.385
40.3801
8.79155
8952.44
2122.93
486.599
107.908
27.045
2518.4
742.963
183.256
42.6496
10.6065
8537.84
2010.95
459.28
101.732
25.53
2444.5
718.167
176.654
40.9066
10.21
7806.38
1822.8
415.124
91.8863
23.0692
2373.02
682.551
165.733
38.0407
9.44472
6524.21
1515.89
345.463
76.581
19.2533
2238.35
626.543
150.5
34.3319
8.49978
3076.22
747.492
173.308
38.7079
9.7498
1091.95
310.514
74.0235
16.5992
4.1009
4591.15
1099.93
253.031
56.2323
14.1395
1606.32
450.873
108.36
24.7054
6.15767
1803.9
441.801
102.916
23.1002
5.83033
612.604
181.119
42.9461
9.62946
2.40189
623.788
151.9
35.4778
7.99316
2.01937
246.273
66.2932
14.6133
4.0861
0.802444
55.6689
463.863
4622.17
-884.412
760.592
815.104
2378.33
3046.44
1923.59
3605.03
3036.76
4682.1
3666.5
4549.38
1903.2
2562.11
2025.63
2403.02
1052.96
1094.84
2316.93
1678.46
563.333
-383.012
-675.639
-808.237
-195.332
13182.6
3347.75
4403.71
2919.7
-52.6268
77.73
3068.47
-1251.24
-651.832
-937.761
-492.831
7229.5
3860.38
1435.68
1144.15
3711.21
2105.77
700.163
1432.68
-1352.56
-740.583
781.403
639.735
8776.82
4321.18
5423.12
2901.42
4101.28
4594
1606.87
-770.529
1020.14
1627.66
1317.8
1121.94
993.146
742.829
1322.32
1057.93
821.072
573.263
244.299
493.665
408.493
308.409
195.032
67.6006
-342.044
-285.337
-212.85
-130.732
-44.0145
-603.493
-503.773
-376.363
-231.581
-78.0305
-722.93
-604.577
-452.59
-278.982
-94.0963
-169.65
-134.998
-93.8666
-53.0747
-16.7064
9451.53
8059.32
6745.99
6029.14
5441.74
2903.84
2484.21
2249.89
1826.08
942.035
3348.58
2634.66
2166.7
1653.02
840.802
2218.66
1746.7
1474.01
1107.91
456.703
64.6675
77.4315
162.227
160.997
77.1664
149.044
202.353
217.619
176.488
72.2149
2581.53
2127.97
1649.6
1129.21
456.613
-747.466
-357.415
-136.201
-21.2508
7.32097
-516.253
-364.533
-218.054
-102.294
-25.9977
-653.705
-399.731
-202.108
-76.645
-15.1706
-447.479
-372.619
-272.663
-162.547
-52.9977
5300.35
4716.68
4005.81
3612.66
3273.55
2955.49
2309.81
1878.65
1394.14
663.867
1303.94
1150.24
948.631
664.107
257.765
999.887
844.574
667.372
449.977
168.703
3081.73
2468.15
1860.8
1222.09
465.302
1854.38
1560.07
1212.4
796.148
286.261
608.034
505.641
389.885
255.044
92.161
1258.62
1046.93
796.345
508.082
177.827
-1172.29
-945.027
-681.877
-407.767
-134.917
-651.873
-532.07
-385.748
-229.827
-75.5279
692.694
589.224
464.979
310.141
113.379
569.811
486.764
384.811
255.869
92.599
5636.47
4068.34
3438.39
3088.13
2629
3284.86
2535.7
1936.76
1361.13
603.541
3967.14
3213.75
2558.44
1947.91
931.76
2308.53
1866.26
1437.01
994.223
426.107
3477.01
2826.8
2141.38
1393.57
511.807
3468.35
2552.8
2029.75
1486.22
616.37
1398.76
1155.77
877.725
562.395
198.529
-684.167
-565.051
-415.532
-251.139
-83.4177
893.448
754.171
594.39
398.409
146.69
-28374.3
-46402.1
-23535
-37550.6
-25178.1
-52656.1
-30128.5
-66877.3
-17984
-12311.6
-20204.4
-12601.1
-16564.5
-10646.9
-20487.2
-10798.9
-23510.3
-17744.1
-34196.1
-24669.4
-20199.8
-16127.8
-28568.7
-21491.9
-16170.8
-16547.9
-13284.6
-12792.2
-15669.6
-14729.2
-39293.9
-10839.1
-14987
-5601.01
-48002.8
-13315.7
-13393.7
-4994.51
-29264.6
-9212.9
-15347.6
-5880.16
-26044.3
-8089.55
-12179.3
-4904.61
-15486.5
-5615.24
-11565
-5090.9
-13457.4
-4875.51
-11982.1
-5824.17
-10751.5
-4273.11
-13755.5
-4861.01
-4821.78
-1694.02
-10290.7
-6870.72
-8882.05
-5435.41
-9051.4
-7292.7
-7778.94
-5554.25
-9047.98
-5176.98
-10605.2
-6654.79
-6085.97
-3645.29
-3272.26
-2017.78
-5248.11
-3624.32
-2731.9
-1949.71
-6190.21
-3382.64
-3411.26
-1718.47
-7987.28
-4060.41
-5191.09
-6020.44
-10147.8
-6826.59
-7319.94
-10173.3
-5409.54
-2428.56
-3105.3
-3471.9
-2911.53
-1172.51
-1394.85
-1312.85
-12003.9
-14636.1
-6775.69
-16576.6
-12481.5
-13966
-7783.55
-16946.9
-12612.5
-12710.8
-9275.48
-16121.5
-8600.55
-6924.83
-9450.38
-10486.6
-10467.3
-9454.82
-10967.9
-12763.9
-13760.8
-19542.3
-6524.55
-6769.12
-7386.95
-8936.37
-13923.5
-13915.4
-9712.47
-17671.1
-13606.1
-12899.8
-9558.65
-17411
-13553.5
-11416.8
-8936.43
-16251.7
-13422.3
-7743.05
-6163.16
-8047.48
-6442.92
-9011.04
-7299.8
-9881.55
-8396.9
-14804.7
-13497.3
-7266.14
-6278.97
-7362.23
-6425.22
-8133.28
-7639.01
-9783
-9733.44
-13643.4
-14080.9
-6697.18
-5348.94
-4926.42
-6426.45
-8319.69
-11440.1
-6292.35
-10572.6
-4541.37
-5965.28
-6490.34
-5311.87
-902.85
-4236.25
-276.327
-1257.28
-3041.61
-7258.41
-693.945
-2042.49
-473.021
-3802.68
-167.358
-1177.67
-4677.45
-4649.79
-5387.21
-3256.62
-7245.32
-5643.34
-8721.49
-5753.6
-1061.25
-2516.27
-2654.65
-1452.79
-1423.35
-1816.05
-2066.01
-1518.39
-5897.24
-2028.36
-7985.32
-2723.6
-6028.97
-2117.8
-8175.19
-2933.7
-5983.78
-2085.77
-8654.79
-3335.12
-3632.22
-1025.35
-4553.72
-1744.69
-5164.92
-2003
-6232.33
-2357.86
-9141.73
-3638.18
-4611.65
-1406.2
-4220.29
-2077.91
-5112.79
-2425.39
-6887.19
-3005.41
-9493.61
-3588.86
-6233.67
-5835.77
-4733.39
-4635.7
-10476.3
-8008.44
-8535.16
-7066.88
-4183.26
-3593.61
-1717.31
-1222.88
-3949.85
-3784.6
-1591.03
-1647.13
-3030.3
-4664.87
-3585.32
-5039.48
-3780.5
-2531.02
-3305.82
-567.168
-6924.81
-1847.2
2554.38
355.65
-978.232
-345.404
175.308
600.112
-2405.48
-1658.75
-900.829
-523.477
-2570.38
-1761.77
-1368.58
-619.057
-2882.62
-2124.1
-1842.44
-879.61
-1246.12
-133.266
575.877
1012.69
-5140.71
-5522.86
-3986.11
-3723.01
-6974.49
-6983.39
-5798.57
-4868.38
-2590.57
-2879.85
-3852.71
-4421.74
-2426.1
-2103.42
-1031.65
-943.098
-3733.9
-2932.7
-1896.2
-1493.25
-1363.79
-1514.76
-255.88
-599.718
-1687.81
-1160.97
-2420.58
-1712.65
-2618.55
-2074.45
-3723.95
-2802.05
-623.634
-365.877
-1191.96
-669.769
370.436
502.149
-317.947
150.945
-3471.47
-4323.4
-2891.65
-4244.32
-3439.85
-4333.04
-2958.09
-4235.93
-3647
-4035.63
-3127.99
-4026.92
-2904.73
-4856.86
-2441.02
-2088.91
-2202.91
-7258.09
-5100.65
-4598.96
-4672.92
-4662.75
-5832.69
-4850.88
-4044.69
-3696.23
-2821.71
-5084.87
-5056.94
-6516.26
-10064.2
-4839.93
-4565.26
-6257.98
-9599.44
-4488.72
-4262.2
-5780.45
-8862.14
-7038.22
-5389.58
-6273.28
-4742.91
-5390.12
-4248.4
-5386.18
-4892.49
-5373.28
-8186
-5700.64
-5359.98
-4763.92
-4745.17
-4194.04
-4389.43
-4214.73
-4970.35
-3729.3
-7123.49
-3901.9
-2770.04
-2690.15
-996.624
-5694.52
-4973.91
-4421.67
-3274.65
-2035.26
-711.092
-3092.74
-2431.5
-3239.49
-999.841
-473.772
89.8901
-3672.98
-2413.92
-674.918
-401.31
-2636.89
-699.947
-306.415
167.111
-1791.53
-1808.07
-1901.87
-3576.28
-2773.82
-3086.09
-2710.46
-4978.01
-1960.53
-1197.91
-1056.52
-2186.05
246.723
390.82
809.18
161.818
-3609.25
-1051.43
-6737.28
-653.933
-3385.14
-1138.83
-6557.2
-679.722
-2620.78
-694.203
-5959.26
-515.422
-2968.05
-673.438
-2680.75
-626.993
-2836.24
-860.032
-2880.61
-534.253
-5603.18
-689.075
-4098.89
-813.875
-3692.85
-595.29
-3652.24
-709.014
-3942.63
-571.478
-5887.23
-702.764
-722.153
-155.542
142.329
369.587
-244.543
-41.3395
53.6027
114.568
-713.441
-125.393
153.744
343.569
-170.541
23.9053
48.2924
58.3765
-732.022
-90.658
146.231
292.799
-24.6558
205.763
327.809
355.147
497.121
424.783
494.192
496.588
931.38
646.033
487.155
345.144
-326.195
97.5005
340.313
568.442
-260.075
148.94
260.159
562.17
-787.267
-76.5283
205.197
457.651
-598.948
41.5014
225.643
689.432
112.672
272.709
365.755
478.935
49.7998
243.95
265.409
401.385
541.025
439.176
356.712
273.948
379.325
342.905
271.626
250.553
-1138.76
-260.417
167.643
605.184
-1410.39
-303.197
34.2178
749.739
-1093.23
-227.14
183.443
616.798
-1357.15
-280.844
35.4062
742.118
-1018.12
-176.285
135.919
525.731
-1234.36
-238.356
2.11147
669.387
-676.909
-43.0985
117.769
365.898
-1278.35
-205.684
-7.20867
828.712
-628.476
9.64158
142.79
525.329
-1303.47
-230.366
-19.8459
522.498
-566.053
-87.8343
17.2462
130.975
-1218.65
-198.751
-3.46942
524.759
-538.951
-77.4538
19.5452
128.298
-1046.5
-136.787
1.13535
507.939
-459.546
-51.4206
30.9968
133.775
-860.116
-85.0895
-16.8516
452.695
-376.487
-24.9579
28.5565
126.789
-630.29
-1.68183
28.1695
386.138
-194.224
35.5822
39.0546
122.42
-283.192
113.417
181.242
367.26
91.0097
181.467
154.987
178.718
-519.823
24.5429
102.191
373.879
-18.2201
115.319
96.4722
150.641
5.30179
209.747
226.031
332.257
201.305
234.801
196.382
190.777
294.742
292.365
233.296
236.628
315.545
275.036
206.802
175.264
81.0457
22.5279
8.67805
4.51294
3.11253
34.0435
10.7034
4.41072
2.34374
1.61787
93.6547
32.2185
14.6987
8.24505
5.83083
53.1417
23.0466
11.7635
6.86814
4.91481
114.642
44.7405
22.0198
12.6446
8.99237
134.62
66.4613
35.9837
21.3647
15.3646
149.688
76.8421
42.0681
24.9933
17.9254
166.463
94.2316
53.5631
32.2614
23.209
137.413
58.8539
30.387
17.7462
12.7382
116.198
51.7686
27.1237
15.8623
11.382
123.924
48.3254
24.1515
13.8902
9.89861
101.158
47.7561
25.7512
15.154
10.9047
147.42
67.5785
35.6502
20.9341
14.9994
118.208
58.5049
31.7293
18.7776
13.5011
138.819
76.7108
43.3353
26.0496
18.7307
115.588
63.4537
35.7375
21.4503
15.4293
88.7161
20.1208
7.02518
3.5173
2.3965
41.3073
8.12012
2.66338
1.29187
0.861592
94.8035
25.7167
10.6061
5.74557
4.00335
43.5211
10.1639
3.98841
2.12823
1.46275
96.9131
30.7395
14.1136
7.92044
5.55072
48.2135
16.6568
8.27587
4.83911
3.4211
106.195
42.384
21.6864
12.5247
8.86009
62.6392
25.3328
13.2599
7.73433
5.47044
88.1512
46.8301
26.1722
15.6115
11.2349
-1860.35
-3522.86
-1915.2
-3530.44
-2088.97
-3558.77
-2296.89
-3655.28
-2224.84
-3673.85
-886.971
-1366.7
-1460.96
-2263.74
-445.677
-651.009
-110.916
-174.648
-9041.03
-2145.16
-489.577
-109.048
-27.0391
-2435.51
-658.313
-174.801
-39.6462
-8.59767
-8882
-2094.35
-478.181
-105.72
-26.4269
-2483.48
-734.06
-180.459
-41.8506
-10.3744
-8393.52
-1972.66
-449.78
-99.4741
-24.9241
-2403.81
-707.046
-173.473
-40.0632
-9.97436
-7607.57
-1778.79
-405.31
-89.7046
-22.5106
-2308.86
-667.085
-161.967
-37.1397
-9.20872
-6338.33
-1476.86
-337.061
-74.7662
-18.8012
-2149.48
-607.675
-146.381
-33.4201
-8.27317
-3017.47
-732.844
-169.869
-37.9367
-9.55541
-1037.61
-297.146
-71.0263
-15.9509
-3.94358
-4480.2
-1074.22
-247.294
-54.9827
-13.8302
-1530.8
-434.364
-104.809
-23.9406
-5.97211
-1772.1
-433.72
-100.94
-22.6429
-5.71192
-573.124
-170.552
-40.4234
-9.06411
-2.26051
-603.077
-146.717
-34.1842
-7.68584
-1.93795
-213.852
-57.3411
-12.3779
-3.56566
-0.669766
66.0803
-1186.82
-5619.83
780.156
-6585.96
-2898.79
-6380.41
-2949.31
-11666
-6225.75
-13071.7
-6925.61
-124.328
-473.955
-741.93
-874.052
-780.065
-290.489
-203.606
-741.085
-1124.89
-1247.27
-1007.85
-330.646
-104.704
-110.76
-377.486
-378.956
-538.089
-532.836
-516.102
-492.642
-456.276
-446.391
-340.96
-321.04
854.629
2164.92
3511.6
2495.76
2285.58
1088.21
785.012
2224
3609.97
4194.74
3502.76
1584.99
-112.052
-94.6466
-71.6608
-44.6237
-15.146
-427.746
-361.944
-274.562
-171.239
-58.1712
-669.535
-566.467
-429.664
-267.961
-91.0301
-788.485
-666.832
-505.586
-315.211
-107.064
-703.666
-595.002
-450.969
-281.036
-95.4251
-264.339
-225.285
-171.476
-106.855
-36.2104
-183.375
-154.765
-117.09
-72.8733
-24.7281
-668.35
-565.053
-428.295
-266.97
-90.668
-1014.13
-857.06
-649.43
-404.749
-137.458
-1123.54
-948.697
-718.338
-447.497
-151.951
-907.072
-765.196
-578.942
-360.496
-122.392
-298.888
-253.167
-192.022
-119.627
-40.5944
-94.435
-79.8448
-60.5141
-37.7112
-12.8043
-99.9619
-84.5814
-64.1539
-40.0049
-13.5882
-340.826
-288.55
-219.001
-136.638
-46.424
-342.219
-289.786
-219.982
-137.271
-46.6434
-485.78
-411.217
-312.063
-194.682
-66.1415
-481.002
-407.124
-308.92
-192.704
-65.4679
-465.936
-394.416
-299.283
-186.678
-63.4123
-444.457
-375.93
-285.043
-177.705
-60.3512
-411.929
-348.605
-264.333
-164.718
-55.9107
-402.198
-339.621
-257.05
-160.01
-54.2936
-308.437
-261.258
-197.856
-122.925
-41.6063
-289.098
-243.812
-184.149
-114.353
-38.7332
757.205
629.842
472.893
294.558
100.434
1909.74
1583.96
1189.04
742.743
254.459
3060.48
2520.07
1892.76
1193.31
415.408
2159.91
1774.29
1336.56
847.277
296.187
2010.02
1656.23
1242.31
774.996
252.584
987.35
831.087
632.74
396.321
126.381
696.653
580.072
435.43
270.838
92.1965
1968.55
1636.31
1228.17
765.177
261.138
3174.65
2626.81
1970.05
1231.52
422.706
3663.35
3017.19
2261.94
1419.51
490.345
3058.35
2518.28
1889.2
1186.66
408.559
1398.8
1164.06
881.26
556.515
191.485
252.647
602.438
870.088
1000.57
902.345
420.509
383.965
919.042
1294.4
1396.08
1121.84
408.324
204.756
194.82
475.799
462.508
630.76
612.002
596.34
556.527
533.394
461.202
475.414
366.945
-703.344
-1936.59
-3117.3
-1969.99
-1650.59
-397.225
-719.947
-2120.53
-3380.84
-3782.36
-2909.69
-878.115
228.444
193.758
147.343
92.0784
31.314
544.387
461.34
350.521
218.902
74.4203
785.983
665.829
505.705
315.73
107.323
903.65
765.315
581.127
362.755
123.298
815.287
690.774
524.684
327.562
111.337
383.193
327.417
250.202
156.597
53.2333
347.064
294.239
223.664
139.735
47.5146
830.003
702.919
533.746
333.186
113.251
1168.3
988.766
750.353
468.216
159.119
1259.16
1064.84
807.572
503.736
171.169
1011.21
854.649
647.878
404.051
137.297
369.885
314.162
239.03
149.327
50.7582
185.166
157.074
119.462
74.6607
25.391
176.18
149.446
113.655
71.0274
24.1544
430.041
364.545
277.053
173.051
58.834
418.042
354.379
269.329
168.227
57.194
569.96
483.021
366.993
229.177
77.9052
552.953
468.538
355.934
222.247
75.5457
538.946
456.824
347.132
216.782
73.6886
502.67
425.777
323.331
201.83
68.5935
482.484
409.315
311.199
194.367
66.0623
416.469
352.645
267.685
167.028
56.7506
431.559
367.304
279.805
174.811
59.3829
331.737
281.16
213.498
133.179
45.2285
-619.293
-511.664
-382.1
-237.395
-80.9338
-1701.91
-1406.21
-1052.84
-657.265
-225.391
-2698.88
-2207.86
-1651.32
-1040.85
-363.524
-1663.6
-1332.5
-983.722
-617.322
-215.559
-1403.91
-1112.46
-803.712
-484.995
-148.567
-325.822
-235.539
-150.475
-76.0976
-11.5043
-637.605
-529.801
-397.076
-246.828
-84.0279
-1875.02
-1557.04
-1168.02
-727.742
-248.463
-2965.43
-2447.2
-1831.86
-1144.49
-393.035
-3282.03
-2685.03
-2002.29
-1253.49
-433.084
-2505.04
-2031.86
-1505.08
-938.395
-322.04
-736.806
-579.597
-417.594
-255.511
-86.2934
-1457.96
-918.785
-262.913
638.247
937.359
1189.92
546.867
-10938.5
-1752.62
-3185.21
-1518.14
239.848
-3948.31
819.14
2435.23
1146.05
-5941.67
-2716.08
-489.74
-568.658
-3342.08
-1283.4
-269.368
-1017.47
2090.31
1295.84
-514.273
-178.279
-7771.34
-3592.04
-4297.96
-2078.27
-3497.18
-3370.11
-1086.38
1309.61
-401.53
-709.893
-458.706
-385.681
-468.275
-528.222
-568.634
-361.79
-241.899
-176.029
-94.8367
-217.834
-170.186
-123.807
-78.0416
-27.542
577.413
489.766
372.135
232.238
78.9082
844.944
713.553
539.886
335.84
113.891
1072.59
905.95
685.735
426.795
144.789
496.821
421.916
319.368
197.662
66.5662
-7720.7
-6753.56
-5925.17
-5831.56
-5949.58
-1112.01
-722.286
-807.2
-914.624
-640.43
-2215.09
-1604.9
-1352.5
-1153.16
-698.841
-965.356
-622.197
-557.953
-491.101
-217.73
225.326
186.689
125.231
59.0987
11.4157
-3269.24
-2649.9
-2014.57
-1353.3
-538.821
742.172
621.823
459.402
275.206
88.9968
2112.19
1720.41
1267.87
778.927
263.444
1027.76
860.568
644.286
396.572
133.165
-4082.19
-3707.24
-3278.54
-3262.33
-3359.61
-1850.45
-1306.37
-1079.18
-890.167
-505.421
-377.088
-302.997
-263.31
-218.881
-105.095
-453.671
-357.289
-280.26
-201.403
-83.8244
-2767.96
-2217.1
-1683.2
-1122.7
-437.779
-1071.23
-859.146
-653.276
-434.572
-161.02
-206.596
-153.015
-112.509
-77.3341
-31.0513
-873.57
-710.949
-534.131
-341.36
-120.789
1863.71
1555.54
1165.06
719.696
243.004
1167.69
983.75
740.548
457.437
154.08
-426.337
-341.023
-260.901
-175.862
-66.8236
-134.246
-99.7489
-77.7303
-58.1002
-24.4567
-4691.44
-3217.61
-2757.25
-2669.76
-2552.18
-2589.9
-1909.27
-1430.55
-1028.3
-486.545
-2836.43
-2195.45
-1727
-1403.62
-723.297
-1525.24
-1161.26
-870.141
-624.878
-299.58
-2915.51
-2334.63
-1756.74
-1149.88
-429.305
-2318.95
-1510.69
-1205.72
-965.597
-442.277
-918.156
-738.081
-552.843
-356.374
-128.189
1181.89
997.907
753.26
466.61
157.538
-309.228
-234.885
-182.449
-133.377
-55.5032
1.95879
41.3826
92.8286
117.741
76.9711
-34.3251
-20092.3
-17740.6
-16888.2
-19246.6
-14728.9
-11663.4
-13246.4
-10057.3
-17442.2
-15308.3
-16073.1
-15133.2
-14109.4
-12024
-14838.2
-16546.1
-14792.9
-13577.3
-15310.5
-12438.5
-10533.8
-11097.9
-8898.83
-15655.9
-13931.8
-14427
-13161.3
-12498.4
-11670.7
-12062.5
-13003.4
-11919.6
-10751.4
-11762.6
-10346.3
-8886.56
-9273
-7963.29
-13115.8
-11939.5
-12210.3
-11163.4
-10625.6
-9825.73
-10129.9
-9088.25
-8551.5
-7588.95
-8048.58
-7673.77
-6883.33
-6891.37
-6303.61
-9460.74
-9565.38
-8926.82
-9011.8
-7963.59
-7199.82
-8001.13
-5814.52
-5557.86
-4885.14
-5098.24
-5142.5
-4657.33
-4550.54
-4205.18
-6268.19
-6270.33
-5988.59
-5865.12
-5453.49
-4928
-5335.58
-2093.57
-2019.15
-1767.68
-1830.75
-1900.53
-1776.2
-1668.19
-1555.84
-2375.98
-2374.27
-2223.9
-2123.59
-2049.6
-1880.99
-2014.94
-7595.62
-7485.64
-11373.2
-12262.8
-7142.93
-6341.9
-9975.1
-8108.84
-5928.03
-4394.98
-5886.29
-4363.73
-5909.3
-5655.51
-4439.03
-7562.6
-7176.41
-10118.8
-11036.9
-6663.98
-6033.1
-8800.18
-7578.11
-5895.43
-3854.96
-5794.09
-4079.47
-5293.97
-5092.14
-4466.68
-6896.19
-6575.14
-8572.89
-9194.08
-6181.72
-5753.42
-7671.81
-6790.08
-4868.83
-4175.56
-4858.65
-4414.61
-4541.63
-4549.4
-4588.87
-5557.62
-5353.38
-6417.48
-6740.49
-5087.69
-4760.34
-5942.66
-5425.25
-4659.99
-3748.94
-4585.34
-4007.47
-4293.95
-4266.12
-4101.72
-3831.19
-3713.49
-4239.47
-4400.75
-3454.98
-3200.25
-3995.78
-3670.64
-3265.9
-2882.47
-3194.96
-3039.19
-2993.92
-2942.85
-2911.22
-1425.26
-1383.03
-1548.68
-1599.82
-1280.89
-1177.86
-1468.59
-1353.35
-1065.94
-1054.99
-1139.5
-1153.15
-1107.8
-1077.1
-1061.7
7350.26
23752
5831.63
24863.9
4383.91
25709.7
6934.87
39606.8
8519.84
54450.2
8448.28
39665.1
8134.46
32915.8
8467.24
28795.3
5131.68
3184.07
13739.4
8161.66
5029.97
2714.87
15026
7461.32
5589.29
4057.63
17669.3
12469.1
4233.52
3062.18
17747.6
12920.3
9986.92
4221.71
8627.37
3846.75
3971.11
9328.16
34428.5
9324.09
12334.1
4163.17
44317
12023.6
11536
3976.23
24614.3
7632.99
12634.5
4403.01
21424.9
6806.41
6072.49
3011.25
8804.01
3437.03
6637.7
3587.01
8749.78
3362.72
8401.24
4792.38
7534.8
3279.74
11109
3997.04
3818.46
1334.66
12583.2
8744.96
7770.06
5691.87
13993.4
11521.8
7642.28
6613.79
7388.4
5012.27
10450.7
7021.94
5110.85
3762.34
2583.65
2123.06
4918.45
4248.6
2529.7
2443.6
4919.86
3237.35
2510.22
1615.67
6620.32
3603.92
4981.92
5993.7
9087.24
6469.44
7237.03
10273.3
4370.25
2073.52
2933.02
3426.85
2162.3
900.389
1263.42
1269.28
8079.09
14558.3
5470.28
16239.3
9515.02
14247.1
6766.43
16994.9
10789.6
12891.9
8696.9
16568.6
12594.3
14917.6
9565.78
9237.53
10085
14915.8
13893.7
13743.4
14143.1
20361.5
12129
9422.51
8215.97
9214.82
14382.9
16900
15120.2
19565
18803.7
15445.5
14324.6
19299.4
18418.4
13369
13048.8
18097.8
17744
10905.3
8577.55
10254.1
8963.64
11241.3
10098.2
12123.6
11675.2
16634.5
17069.7
10185.7
8857.2
9801.26
9483.89
10158.9
10836.4
11452.1
12925
14918.7
17329.4
8441.2
6633.91
5783.06
7341.84
11334.9
13770.2
7847.69
12387.8
4928.19
6458.29
7357.61
6076.69
1416.14
4867.5
723.8
1744.62
4005.08
8315.07
1469.96
2875.69
700.612
4146.43
381.129
1451.08
4856.57
4930.28
5521.78
3453.34
7698.45
6178.03
9052.13
6275.93
1162.27
2701.47
2744.09
1576.24
1521.99
1968.01
2146.72
1624.03
12054.7
7328.35
2315.09
13610.7
7828.19
2564.76
11533.9
7236.67
2446.47
13383.6
7825.44
2559.56
10612.1
6647.85
2187.29
13055.5
7861.59
2627.73
5649.65
3090.94
846.962
7287.14
4806
1667.07
8725.7
6016.22
2074.2
10110.8
6554.55
2177.79
12926.4
8073.25
2821.65
6684.1
3791.31
1214.1
6896.21
4969.38
1876.56
8216.38
6066.76
2230.98
10251.9
7198.37
2577.51
13081
8180.64
2906.04
305.053
2023.95
2876.03
4131.59
2212.02
2532.83
5552.93
5257
586.534
1016.55
625.05
1054.95
491.594
1412.99
874.231
1852.61
3238.27
1581.92
4084.62
2360.79
2170.12
3791.1
3420.06
913.241
6146.47
1481.38
-1950.66
687.214
1772.08
1306.74
1223.64
1110.5
9792.24
4441.98
2658.95
1638.22
9923.29
4618.55
3362.84
2085.2
9799.09
4967.01
4877.8
3403.09
3499.51
2505.77
1703.84
1627.81
12673.1
11258.5
5964.34
6184.42
13684.2
12837.1
6750.13
6800.85
5282.41
5431.83
10857.9
9063.26
3551.08
3717.26
1970.31
2249.38
4151.82
4125.13
2265.1
2432.08
3083
3328.34
1714.21
2125.73
4693.38
3265.72
4676.84
3298.69
7314.56
4298.94
6967.02
4562.92
2820.52
2365.34
2958.77
2131.21
1563.67
1477.24
1880.08
1250.48
11583
7976.89
5792.16
5838.28
11497.9
8181.01
5817.87
5810.75
11951.1
8539.13
5900.8
5655.87
13901.2
15055.5
12645.3
8444.42
4775.18
14265.6
13154.7
12186.3
10048.3
6457.14
13372.8
12049.3
9610.49
7385.94
4595.52
6703.09
5917.32
6227.2
7066.17
6941.59
5839.23
6305.63
6997.57
7287.58
5853.16
6394.41
6934.14
10761.5
7603.14
9995.91
6951.9
7844.62
6328.38
7316.36
6244.3
5950.09
6896.26
8944.67
7766.3
7879.95
6876.14
6706.68
6076.01
5899.79
5847.66
4679.76
6557.55
7044.64
4764.35
4681.73
2802.13
9237.72
7121.45
6419.35
5171.14
3810.88
2285.82
5529.6
4079.89
4725.99
2234.29
1722.12
989.794
5018.22
3633.53
1744.03
1446.24
4079.55
1816.69
1599.61
839.41
3156.71
2894.62
2760.61
4036.9
4394.64
4140.9
3515.38
5160.67
3208.41
2069
2008.82
2747.43
963.797
462.87
200.052
505.361
4084.19
1707.27
505.247
4683.82
1222.01
325.608
4148.69
1848.02
567.768
4681.32
1266.55
354.787
3909.73
1847.1
478.96
4623.48
1296.3
304.831
4707.85
2398.78
543.352
4216.57
2037.91
483.677
4101.75
1964.59
532.382
4037.99
1889.47
402.578
4627.98
1280.35
193.064
5941.78
2998.7
808.103
5312.14
2639.03
723.437
4800.51
2368.52
688.859
4519.26
1933.49
476.754
5022.17
1203.27
295.017
1716.84
612.056
124.57
-173.238
711.726
267.178
73.4837
-33.4888
1826.33
674.822
177.832
-103.019
913.62
375.265
181.15
83.6297
1959.83
749.712
267.163
6.59871
1561.54
718.692
272.386
58.6778
1187.67
658.186
219.526
-19.6603
1106.17
712.455
401.886
231.595
1620.77
711.943
211.75
-163.054
1382.42
599.625
259.618
-159.216
1914.59
737.784
239.857
-109.357
1727.84
669.233
267.175
-259.71
1298.33
659.099
255.068
-54.6818
1060.07
527.3
277.314
1.8264
955.729
576.67
333.827
199.624
728.883
442.707
289.995
166.415
2184.69
740.666
127.087
-345.795
2151.99
681.784
186.476
-469.134
2183.58
752.341
147.393
-328.642
2083.79
662.96
194.277
-453.691
2143.02
755.331
222.018
-228.057
1948.2
628.097
236.746
-367.358
1881.45
698.827
302.451
-15.6871
2138.14
703.776
330.614
-427.639
1677.23
624.279
301.229
-98.3056
1696.98
480.931
166.794
-314.763
674.09
175.007
44.9505
-64.0555
1750.85
511.992
183.945
-297.182
700.356
188.325
56.8139
-50.0942
1792.76
550.845
225.432
-258.922
717.919
205.474
72.5269
-34.4639
1620.75
520.282
258.342
-201.358
700.275
212.815
99.1331
-6.40852
1487.83
518.07
277.499
-112.957
630.691
225.073
134.23
31.3807
1034.87
415.092
200.318
-35.6384
594.959
291.723
173.487
89.7475
1196.25
423.584
209.924
-83.5987
601.26
255.435
154.729
61.3481
833.252
399.128
215.651
32.2263
531.713
304.288
187.502
117.49
587.461
359.177
239.149
144.481
441.239
299.849
204.639
151.151
-16.5496
5.54027
5.81759
3.95586
2.91676
-2.95654
3.79946
3.23786
2.14357
1.57606
7.79411
18.0553
12.6551
8.02034
5.81581
22.9722
17.7501
10.9954
6.76705
4.86628
33.1659
32.5916
20.9275
13.0626
9.45361
92.9607
60.2486
35.7188
21.7897
15.6531
111.071
70.9365
42.08
25.7538
18.576
161.904
93.8786
54.0372
32.763
23.5933
57.8866
47.6081
29.5741
18.3068
13.1733
62.392
45.0042
27.3172
16.8693
12.1491
40.1237
38.2875
24.2166
15.1227
10.9392
74.8268
46.9933
27.4735
16.8193
12.0685
75.5586
56.7652
34.8485
21.5416
15.5516
83.9785
53.8332
31.9533
19.6113
14.1332
128.613
75.6094
43.6423
26.4875
19.0672
107.567
62.439
35.983
21.8405
15.6969
-29.3792
2.71578
4.417
3.13222
2.35057
-15.9932
0.82232
1.74668
1.26481
0.970072
-13.3379
10.5689
8.62024
5.6172
4.13945
-10.1433
3.64928
3.23844
2.13909
1.60335
6.02716
19.31
13.2153
8.37334
6.13993
10.6947
12.4735
7.74845
4.73579
3.45394
49.2007
38.0538
23.0799
14.3019
10.4044
33.0359
24.1077
14.2707
8.76417
6.37836
91.403
50.0313
28.2514
17.0771
12.2474
1717.15
3970.91
1774.56
3953.89
1951.26
3930.61
2321.58
4086.91
2414.85
4205.54
989.546
1500.83
1603.56
2520.86
536.223
743.99
196.871
253.539
9073.2
2165.93
496.772
111.075
27.6326
2492.88
671.603
178.454
40.6131
8.85431
8947.72
2121.41
486.191
107.809
27.0184
2513.02
741.364
182.854
42.5472
10.5801
8537.9
2010.86
459.226
101.714
25.5242
2443.48
717.824
176.558
40.8826
10.2035
7806.32
1822.74
415.093
91.8757
23.0656
2372.68
682.427
165.695
38.03
9.44163
6524.28
1515.88
345.452
76.5766
19.2516
2238.23
626.495
150.483
34.3268
8.49815
3076.34
747.515
173.312
38.7082
9.74975
1091.96
310.51
74.0208
16.5982
4.10051
4591.28
1099.95
253.032
56.2314
14.139
1606.29
450.858
108.354
24.7032
6.15691
1803.98
441.818
102.919
23.1007
5.83039
612.606
181.117
42.9448
9.62892
2.40168
623.809
151.904
35.4787
7.99329
2.01938
246.266
66.2904
14.6123
4.08582
0.802334
63.6319
468.241
4630.23
-870.857
721.812
773.352
2381.4
3050
1931.94
3614.94
3039.23
4685.38
3666
4549.1
1904.63
2564.27
2024.3
2401.73
991.738
1030.55
2316.9
1678.43
563.289
-383.002
-675.614
-808.206
-195.345
13181.8
3347.23
4403.3
2919.29
-52.7837
77.6142
3068.18
-1251.36
-651.9
-937.859
-492.83
7229.15
3860.08
1435.46
1144.02
3710.96
2105.6
700.106
1432.57
-1352.54
-740.583
781.301
639.648
8776.55
4321.02
5422.89
2901.29
4101.05
4593.72
1606.75
-770.518
1020.03
1627.66
1317.82
1121.97
993.158
742.814
1322.31
1057.93
821.081
573.272
244.302
493.623
408.456
308.378
195.012
67.5935
-342.034
-285.329
-212.844
-130.728
-44.0132
-603.471
-503.755
-376.349
-231.572
-78.0275
-722.902
-604.553
-452.572
-278.97
-94.0925
-169.663
-135.01
-93.8763
-53.0812
-16.7087
9450.55
8058.31
6745.04
6028.31
5441.09
2903.32
2483.71
2249.44
1825.74
941.88
3348.15
2634.25
2166.34
1652.75
840.676
2218.28
1746.36
1473.71
1107.69
456.61
64.5308
77.3109
162.125
160.923
77.1373
148.934
202.253
217.536
176.431
72.1941
2581.24
2127.7
1649.37
1129.04
456.546
-747.575
-357.516
-136.287
-21.3109
7.29884
-516.317
-364.591
-218.103
-102.328
-26.0099
-653.795
-399.812
-202.176
-76.6913
-15.1874
-447.478
-372.619
-272.663
-162.547
-52.9982
5299.92
4716.22
4005.37
3612.25
3273.2
2955.18
2309.52
1878.4
1393.96
663.782
1303.73
1150.04
948.466
663.993
257.722
999.764
844.461
667.277
449.911
168.679
3081.49
2467.93
1860.62
1221.96
465.25
1854.22
1559.92
1212.28
796.066
286.231
607.98
505.592
389.846
255.017
92.1512
1258.51
1046.84
796.267
508.029
177.808
-1172.27
-945.013
-681.867
-407.761
-134.915
-651.874
-532.072
-385.75
-229.83
-75.5288
692.596
589.135
464.905
310.091
113.36
569.729
486.689
384.75
255.827
92.5841
5636.16
4068.06
3438.12
3087.86
2628.77
3284.71
2535.56
1936.65
1361.04
603.5
3966.92
3213.53
2558.25
1947.75
931.684
2308.4
1866.15
1436.91
994.152
426.076
3476.79
2826.6
2141.22
1393.45
511.763
3468.06
2552.53
2029.52
1486.04
616.294
1398.65
1155.66
877.639
562.337
198.508
-684.157
-565.044
-415.527
-251.137
-83.4169
893.344
754.076
594.312
398.355
146.67
-28474.7
-46109.1
-23490.9
-37600.4
-25125.7
-52709.4
-30299.1
-66617.6
-17970.2
-12306.5
-20223.7
-12604.4
-16552.3
-10643
-20505
-10800.9
-23567.3
-17781.1
-33957.1
-24496.4
-20164.2
-16104.8
-28608.3
-21520.4
-16185.5
-16535.6
-13287.7
-12785.3
-15657.8
-14743.3
-39329.2
-10847.5
-14994.8
-5605.02
-48032.1
-13322.8
-13398.4
-4996.93
-29293.7
-9220.9
-15357.1
-5884.95
-26075.5
-8096.62
-12186.1
-4892.69
-15373.3
-5569.13
-11559.1
-5089.81
-13475.3
-4882.12
-11976.6
-5823.11
-10757.9
-4275.87
-13769.9
-4865.96
-4826.2
-1695.57
-10288.1
-6869.51
-8882.58
-5435.44
-9049.09
-7291.37
-7779.01
-5554
-9048.87
-5177.18
-10602.7
-6653.91
-6088.47
-3645.93
-3273.77
-2018.22
-5249.6
-3624.61
-2732.61
-1949.83
-6193.18
-3383.35
-3413.07
-1718.95
-7988.42
-4061.07
-5191.41
-6020.86
-10146.1
-6826.53
-7319.58
-10173.7
-5412.29
-2429.57
-3105.92
-3472.28
-2913.04
-1173.05
-1395.23
-1313.06
-12010.3
-14646
-6758.54
-16590.3
-12476.9
-13961.1
-7785.72
-16944.2
-12607.8
-12708.6
-9275.19
-16121.1
-8597.82
-6922.55
-9447.53
-10484.8
-10467.6
-9451.89
-10964.5
-12760.6
-13758.8
-19542.4
-6522.92
-6767.45
-7385.61
-8935.7
-13924
-13933.8
-9733.62
-17707.4
-13597.6
-12897.8
-9552.91
-17405
-13551.4
-11415.4
-8934.95
-16251.3
-13421.7
-7740.92
-6161.94
-8044.97
-6441.52
-9008.9
-7298.54
-9880.1
-8395.87
-14804.5
-13497.1
-7264.74
-6277.87
-7360.72
-6424.01
-8132.07
-7638.02
-9782.34
-9732.87
-13643.7
-14080.9
-6696.22
-5348.54
-4926.15
-6426.38
-8318.58
-11439.3
-6291.87
-10572.1
-4541.31
-5965.4
-6489.72
-5311.68
-902.912
-4236.33
-276.473
-1257.38
-3041.49
-7258.2
-693.942
-2042.45
-473.156
-3802.87
-167.554
-1177.81
-4677.59
-4649.98
-5387.54
-3256.81
-7245.16
-5643.37
-8721.85
-5753.8
-1061.44
-2516.46
-2654.9
-1452.94
-1423.59
-1816.23
-2066.22
-1518.53
-5906.74
-2029.92
-7983.1
-2723.33
-6027.19
-2117.19
-8174.03
-2932.91
-5982.89
-2085.5
-8654.28
-3334.84
-3631.63
-1025.17
-4553.05
-1744.49
-5164.26
-2002.79
-6231.68
-2357.63
-9141.51
-3638.04
-4610.97
-1405.96
-4219.54
-2077.63
-5112.14
-2425.15
-6886.77
-3005.24
-9493.52
-3588.78
-6232.01
-5834.28
-4730.58
-4634.54
-10471.2
-8005.97
-8535.95
-7066.77
-4179.63
-3590.62
-1711.61
-1218.51
-3951.13
-3782.74
-1589.45
-1642.82
-3027.83
-4664.62
-3583.96
-5038.74
-3780.49
-2528.27
-3304.85
-565.102
-6925.82
-1847.23
2556.91
360.256
-976.394
-342.097
178.703
605.005
-2403.39
-1661.26
-900.079
-525.084
-2569.25
-1762.66
-1365.54
-618.88
-2882.47
-2124.25
-1839.77
-878.105
-1242.64
-131.106
579.989
1014.96
-5139.6
-5521.84
-3985.19
-3722.25
-6972.85
-6982.15
-5798.06
-4867.83
-2589.5
-2879.02
-3852
-4420.91
-2425.19
-2102.77
-1030.25
-942.357
-3734.06
-2932.48
-1895.83
-1492.91
-1362.32
-1513.92
-253.902
-598.798
-1686.71
-1160.18
-2419.79
-1712.05
-2618.19
-2074.19
-3723.28
-2801.58
-621.909
-364.693
-1191.11
-669.128
372.521
503.404
-317.062
151.556
-3469.76
-4324.3
-2890.72
-4236.12
-3442.5
-4337.13
-2959.19
-4237.91
-3647.79
-4036.1
-3128.46
-4027.5
-2903.79
-4855.26
-2440.53
-2088.8
-2202.83
-7256
-5099.43
-4598.37
-4672.81
-4662.85
-5831.35
-4849.88
-4043.99
-3695.72
-2821.39
-5083.44
-5049.84
-6491.12
-10040.1
-4839.14
-4569.12
-6256.38
-9598.7
-4488.71
-4261.73
-5781.09
-8862.58
-7036.64
-5388.63
-6272.26
-4742.23
-5389.62
-4247.97
-5386.03
-4892.18
-5373.41
-8186
-5699.58
-5359.13
-4763.19
-4744.56
-4193.58
-4389.01
-4214.47
-4970.06
-3729.16
-7123.28
-3901.26
-2769.61
-2689.66
-996.309
-5693.62
-4973.29
-4421.14
-3274.25
-2034.81
-710.828
-3092.31
-2431.19
-3239
-999.556
-473.413
90.0991
-3672.65
-2413.66
-674.724
-401.164
-2636.34
-699.671
-305.976
167.337
-1791.15
-1807.78
-1901.54
-3575.95
-2773.52
-3085.84
-2710.23
-4977.72
-1960.02
-1197.62
-1056.13
-2185.73
247.118
391.017
809.471
162.008
-3607.96
-1054.71
-6734.1
-656.156
-3381.2
-1137.25
-6552.29
-676.612
-2619.72
-693.6
-5958.89
-514.867
-2967.58
-673.293
-2680.36
-626.864
-2835.88
-859.871
-2880.16
-533.994
-5603.03
-688.932
-4098.34
-813.689
-3692.44
-595.15
-3651.91
-708.897
-3942.37
-571.368
-5887.04
-702.717
-723.323
-157.386
140.548
367.375
-244.39
-42.1846
52.2837
113.188
-713.804
-125.449
153.868
343.902
-170.51
23.994
48.4747
58.6138
-731.962
-90.5479
146.367
293.031
-23.9417
206.132
328.038
355.37
498.063
425.223
494.405
496.719
932.32
646.464
487.368
345.266
-325.742
97.7595
340.482
568.593
-259.707
149.164
260.303
562.268
-787.034
-76.3684
205.315
457.798
-598.644
41.6985
225.774
689.542
113.266
273.014
365.921
479.047
50.1838
244.173
265.548
401.476
541.61
439.462
356.869
274.047
379.677
343.105
271.75
250.635
-1140.58
-262.056
167.222
604.823
-1413.04
-304.621
33.9304
750.92
-1093.32
-227.192
183.345
616.886
-1356.91
-280.795
35.2074
741.943
-1018.09
-176.24
135.911
525.78
-1234.27
-238.318
2.02915
669.304
-676.691
-42.9484
117.856
366.022
-1278.24
-205.607
-7.2025
828.719
-628.226
9.81029
142.912
525.491
-1306.29
-231.748
-20.3519
524.938
-568.229
-88.5659
17.2624
132.018
-1216.6
-198.315
-3.5516
524.211
-538.044
-77.307
19.5507
128.054
-1046.14
-136.677
1.04012
507.778
-459.354
-51.3711
30.9639
133.659
-859.934
-84.9867
-16.8523
452.653
-376.382
-24.9061
28.5583
126.754
-630.098
-1.55073
28.2325
386.165
-194.12
35.6545
39.0936
122.436
-282.959
113.569
181.344
367.335
91.198
181.605
155.083
178.792
-519.644
24.663
102.27
373.935
-18.0736
115.427
96.5449
150.693
5.56625
209.915
226.141
332.336
201.513
234.949
196.483
190.854
294.993
292.524
233.399
236.701
315.745
275.175
206.892
175.33
80.3067
22.1488
8.47103
4.39982
3.04066
33.5584
10.4718
4.29899
2.29264
1.59209
93.7523
32.278
14.7407
8.27595
5.85898
53.197
23.0781
11.7842
6.88178
4.93166
114.758
44.8171
22.0776
12.69
9.03425
134.742
66.5527
36.0561
21.4226
15.4154
149.762
76.8957
42.1092
25.0253
17.9494
166.529
94.2734
53.5923
32.283
23.2255
137.517
58.9282
30.4442
17.7921
12.7788
116.278
51.8226
27.1637
15.8938
11.4094
124.024
48.3944
24.2045
13.9323
9.93535
101.258
47.824
25.8031
15.1953
10.9399
147.499
67.6336
35.6911
20.9662
15.027
118.274
58.5487
31.7607
18.8019
13.5217
138.875
76.7449
43.3582
26.0663
18.7441
115.634
63.481
35.7553
21.463
15.4396
88.4334
19.8909
6.86242
3.40752
2.30186
41.3029
8.04606
2.60004
1.24662
0.814887
94.7383
25.6795
10.5783
5.72086
3.96672
43.4151
10.098
3.93795
2.08535
1.41384
96.9045
30.7232
14.0977
7.90459
5.52821
48.1929
16.6361
8.2582
4.82275
3.39967
106.258
42.4205
21.7128
12.5443
8.87115
62.6596
25.3415
13.2655
7.73708
5.46653
88.2667
46.9074
26.2319
15.6591
11.274
-1840.45
-3510.36
-1914.51
-3528.93
-2088.78
-3558.59
-2296.81
-3655.17
-2224.85
-3673.85
-887.058
-1366.78
-1461.03
-2263.8
-445.763
-651.085
-110.984
-174.706
-9054.02
-2144.78
-489.324
-108.976
-27.0199
-2455.49
-663.522
-175.879
-39.8782
-8.65944
-8878.47
-2093.05
-477.812
-105.628
-26.402
-2478.61
-732.562
-180.076
-41.7522
-10.3489
-8394.35
-1972.73
-449.758
-99.462
-24.9195
-2403.14
-706.782
-173.392
-40.042
-9.96841
-7607.96
-1778.84
-405.303
-89.699
-22.5082
-2308.75
-667.022
-161.941
-37.1317
-9.20618
-6338.63
-1476.92
-337.066
-74.7651
-18.8003
-2149.5
-607.67
-146.374
-33.4171
-8.27201
-3017.64
-732.883
-169.877
-37.938
-9.55563
-1037.66
-297.157
-71.0277
-15.9508
-3.94343
-4480.44
-1074.27
-247.303
-54.9837
-13.8301
-1530.85
-434.374
-104.808
-23.9398
-5.97169
-1772.21
-433.744
-100.946
-22.6439
-5.71212
-573.164
-170.562
-40.425
-9.06428
-2.26049
-603.121
-146.728
-34.1865
-7.68631
-1.93805
-213.88
-57.3476
-12.3792
-3.56596
-0.669813
69.2106
-1187.79
-5624.45
781.567
-6595.91
-2897.16
-6379.48
-2947.61
-11655.2
-6217.81
-13112.3
-6929.75
-124.315
-473.923
-741.883
-873.999
-780.02
-290.474
-203.587
-741.036
-1124.82
-1247.2
-1007.79
-330.627
-104.693
-110.75
-377.46
-378.93
-538.055
-532.803
-516.071
-492.612
-456.25
-446.366
-340.944
-321.024
854.577
2164.8
3511.41
2495.64
2285.48
1088.19
784.969
2223.88
3609.78
4194.54
3502.6
1584.94
-112.04
-94.6369
-71.6534
-44.6191
-15.1445
-427.717
-361.919
-274.543
-171.226
-58.1671
-669.492
-566.43
-429.636
-267.943
-91.0241
-788.437
-666.791
-505.554
-315.191
-107.057
-703.624
-594.967
-450.941
-281.019
-95.4193
-264.326
-225.274
-171.467
-106.85
-36.2087
-183.358
-154.751
-117.078
-72.8662
-24.7257
-668.305
-565.015
-428.265
-266.951
-90.6617
-1014.07
-857.005
-649.389
-404.723
-137.449
-1123.47
-948.638
-718.293
-447.469
-151.941
-907.018
-765.15
-578.907
-360.473
-122.385
-298.871
-253.153
-192.011
-119.621
-40.592
-94.4258
-79.8369
-60.508
-37.7074
-12.803
-99.9529
-84.5737
-64.148
-40.0012
-13.5869
-340.803
-288.53
-218.986
-136.628
-46.4207
-342.196
-289.766
-219.967
-137.262
-46.6401
-485.748
-411.191
-312.042
-194.669
-66.1372
-480.972
-407.098
-308.9
-192.692
-65.4636
-465.907
-394.391
-299.264
-186.666
-63.4083
-444.43
-375.907
-285.025
-177.694
-60.3474
-411.905
-348.585
-264.318
-164.709
-55.9074
-402.175
-339.601
-257.035
-160.001
-54.2904
-308.423
-261.246
-197.847
-122.92
-41.6044
-289.084
-243.8
-184.14
-114.348
-38.7312
757.157
629.8
472.86
294.536
100.426
1909.63
1583.86
1188.96
742.69
254.44
3060.3
2519.91
1892.64
1193.22
415.378
2159.8
1774.2
1336.49
847.229
296.17
2009.94
1656.17
1242.27
774.968
252.576
987.338
831.085
632.745
396.329
126.386
696.612
580.037
435.402
270.819
92.1901
1968.44
1636.21
1228.09
765.127
261.121
3174.48
2626.66
1969.93
1231.44
422.678
3663.16
3017.02
2261.8
1419.42
490.315
3058.21
2518.16
1889.11
1186.6
408.538
1398.76
1164.03
881.241
556.504
191.481
252.638
602.408
870.043
1000.52
902.3
420.492
383.95
918.996
1294.34
1396.01
1121.78
408.305
204.748
194.812
475.775
462.484
630.728
611.97
596.309
556.498
533.368
461.179
475.396
366.929
-703.298
-1936.48
-3117.12
-1969.86
-1650.48
-397.17
-719.906
-2120.41
-3380.66
-3782.15
-2909.51
-878.038
228.436
193.75
147.337
92.075
31.3128
544.36
461.318
350.504
218.891
74.4166
785.943
665.795
505.679
315.713
107.318
903.603
765.275
581.097
362.736
123.291
815.246
690.739
524.658
327.546
111.331
383.178
327.405
250.192
156.592
53.2315
347.051
294.228
223.655
139.729
47.5128
829.962
702.884
533.719
333.17
113.245
1168.24
988.715
750.313
468.191
159.11
1259.09
1064.79
807.529
503.709
171.16
1011.16
854.605
647.844
404.03
137.29
369.868
314.147
239.019
149.32
50.7559
185.159
157.068
119.457
74.6578
25.39
176.173
149.44
113.65
71.0244
24.1534
430.02
364.527
277.039
173.042
58.831
418.021
354.361
269.315
168.218
57.191
569.93
482.996
366.973
229.165
77.9011
552.924
468.513
355.915
222.235
75.5417
538.918
456.801
347.114
216.77
73.6847
502.644
425.754
323.314
201.819
68.5899
482.461
409.295
311.185
194.358
66.0592
416.449
352.628
267.672
167.02
56.7478
431.542
367.291
279.795
174.805
59.3808
331.723
281.148
213.489
133.173
45.2266
-619.251
-511.628
-382.071
-237.376
-80.9273
-1701.81
-1406.12
-1052.76
-657.218
-225.375
-2698.71
-2207.71
-1651.2
-1040.77
-363.496
-1663.48
-1332.39
-983.63
-617.259
-215.537
-1403.8
-1112.35
-803.62
-484.931
-148.544
-325.761
-235.476
-150.418
-76.0562
-11.4893
-637.567
-529.768
-397.05
-246.812
-84.0222
-1874.91
-1556.95
-1167.95
-727.695
-248.447
-2965.26
-2447.05
-1831.74
-1144.41
-393.008
-3281.83
-2684.85
-2002.15
-1253.4
-433.051
-2504.88
-2031.71
-1504.96
-938.312
-322.01
-736.728
-579.523
-417.531
-255.467
-86.2773
-1457.9
-918.716
-262.881
638.229
937.324
1189.87
546.864
-10937.8
-1752.29
-3184.92
-1518.01
239.884
-3948.13
819.137
2435.18
1146.02
-5941.33
-2715.85
-489.621
-568.58
-3341.89
-1283.27
-269.324
-1017.39
2090.25
1295.81
-514.219
-178.234
-7771.04
-3591.86
-4297.74
-2078.13
-3496.97
-3369.88
-1086.29
1309.58
-401.461
-709.775
-458.561
-385.529
-468.137
-528.131
-568.549
-361.696
-241.807
-175.956
-94.8039
-217.804
-170.159
-123.785
-78.0273
-27.5369
577.397
489.753
372.126
232.232
78.9063
844.913
713.527
539.866
335.828
113.887
1072.55
905.916
685.709
426.779
144.784
496.819
421.915
319.368
197.662
66.5665
-7720.03
-6753.02
-5924.74
-5831.21
-5949.31
-1111.74
-722.083
-807.044
-914.514
-640.383
-2214.84
-1604.71
-1352.35
-1153.05
-698.794
-965.248
-622.115
-557.889
-491.055
-217.712
225.359
186.718
125.254
59.1144
11.4215
-3269.08
-2649.76
-2014.46
-1353.23
-538.794
742.17
621.822
459.401
275.206
88.9972
2112.15
1720.37
1267.85
778.911
263.439
1027.73
860.544
644.267
396.56
133.161
-4081.85
-3706.92
-3278.26
-3262.09
-3359.41
-1850.25
-1306.19
-1079.04
-890.066
-505.376
-376.98
-302.903
-263.235
-218.83
-105.076
-453.599
-357.226
-280.21
-201.369
-83.8119
-2767.79
-2216.96
-1683.09
-1122.62
-437.749
-1071.11
-859.037
-653.186
-434.511
-160.998
-206.554
-152.977
-112.477
-77.3128
-31.0435
-873.495
-710.883
-534.079
-341.326
-120.777
1863.65
1555.5
1165.03
719.674
242.996
1167.66
983.727
740.531
457.426
154.077
-426.287
-340.981
-260.867
-175.84
-66.8156
-134.204
-99.7119
-77.7006
-58.0804
-24.4496
-4691.12
-3217.31
-2756.96
-2669.49
-2551.98
-2589.72
-1909.09
-1430.39
-1028.19
-486.492
-2836.21
-2195.22
-1726.79
-1403.45
-723.213
-1525.11
-1161.13
-870.027
-624.794
-299.543
-2915.31
-2334.46
-1756.6
-1149.79
-429.268
-2318.73
-1510.5
-1205.56
-965.48
-442.229
-918.071
-738.006
-552.783
-356.334
-128.175
1181.86
997.88
753.239
466.598
157.534
-309.163
-234.826
-182.401
-133.344
-55.4913
1.9595
41.3827
92.8279
117.74
76.9701
-34.3259
-20172.9
-17718.5
-16866.4
-19337.4
-14717.8
-11657.8
-13237
-10053.1
-17496.9
-15349
-16053.1
-15117.6
-14099.4
-12017.5
-14829.2
-16614.9
-14780.2
-13565.6
-15380.2
-12430.5
-10529
-11091
-8895.12
-15696.1
-13953.4
-14416.6
-13154.1
-12491.7
-11665.7
-12058.3
-13049.5
-11913.9
-10746.3
-11806.6
-10341.5
-8883.26
-9268.88
-7960.58
-13148.6
-11954.7
-12206.7
-11164
-10622.3
-9822.81
-10128.2
-9112.18
-8550.17
-7587.92
-8069.9
-7671.96
-6881.69
-6889.76
-6302.17
-9482.16
-9566.83
-8926.14
-9006.48
-7962.3
-7198.47
-8000.34
-5826.13
-5557.64
-4885.03
-5108.32
-5141.86
-4656.62
-4549.96
-4204.51
-6281.37
-6269.58
-5988.54
-5864.97
-5452.93
-4927.37
-5335.04
-2097.02
-2019.14
-1767.7
-1833.77
-1900.37
-1775.99
-1668.05
-1555.64
-2386.37
-2379.01
-2223.91
-2123.45
-2049.43
-1880.8
-2014.75
-7614.15
-7485.86
-11367.2
-12303.9
-7141.53
-6340.4
-9970.49
-8106.06
-5934.12
-4395.65
-5888.98
-4366.56
-5909.33
-5654.87
-4439.74
-7579.49
-7175.73
-10114.3
-11076
-6662.6
-6031.69
-8796.42
-7575.59
-5909.39
-3856.95
-5794.83
-4083.26
-5293.79
-5091.53
-4466.93
-6910.68
-6574.65
-8570.73
-9222.13
-6180.67
-5752.27
-7669.37
-6788.18
-4876.9
-4183.45
-4858.6
-4415.08
-4541.32
-4548.86
-4588.77
-5567.28
-5353.24
-6417.03
-6755.8
-5087.1
-4759.62
-5941.59
-5424.16
-4665.11
-3761.74
-4585.12
-4012.07
-4293.58
-4265.66
-4101.27
-3836.78
-3713.41
-4239.46
-4408.51
-3454.64
-3199.84
-3995.34
-3670.09
-3268.18
-2895.32
-3194.51
-3037.89
-2993.5
-2942.48
-2910.56
-1427.2
-1382.95
-1548.7
-1602.27
-1280.75
-1177.72
-1468.46
-1353.18
-1065.49
-1059.09
-1139.11
-1152.16
-1107.56
-1076.92
-1061.29
)
;

boundaryField
{
    patch1
    {
        type            calculated;
        value           nonuniform List<scalar> 
2440
(
0
0
4594
1606.87
-770.529
1020.14
-3370.11
-1086.38
1309.61
-401.53
0
0
4593.72
1606.75
-770.518
1020.03
-3369.88
-1086.29
1309.58
-401.461
0
0
0
0
0
0
0
0
-972.172
0
0
0
0
0
0
0
0
2316.93
1678.46
563.333
-383.012
-675.639
-808.237
-195.332
13182.6
3347.75
4403.71
2919.7
-52.6268
77.73
3068.47
-1251.24
-651.832
-937.761
-492.831
7229.5
3860.38
1435.68
1144.15
3711.21
2105.77
700.163
1432.68
-1352.56
-740.583
781.403
639.735
8776.82
4321.18
5423.12
2901.42
4101.28
261.833
-104.704
-110.76
-377.486
-378.956
-538.089
-532.836
-516.102
-492.642
-456.276
-446.391
-340.96
-321.04
204.756
194.82
475.799
462.508
630.76
612.002
596.34
556.527
533.394
461.202
475.414
366.945
-1457.96
-918.785
-262.913
638.247
937.359
1189.92
546.867
-10938.5
-1752.62
-3185.21
-1518.14
239.848
-3948.31
819.14
2435.23
1146.05
-5941.67
-2716.08
-489.74
-568.658
-3342.08
-1283.4
-269.368
-1017.47
2090.31
1295.84
-514.273
-178.279
-7771.34
-3592.04
-4297.96
-2078.27
-3497.18
0
0
0
0
0
0
0
0
-967.738
0
0
0
0
0
0
0
0
2316.9
1678.43
563.289
-383.002
-675.614
-808.206
-195.345
13181.8
3347.23
4403.3
2919.29
-52.7837
77.6142
3068.18
-1251.36
-651.9
-937.859
-492.83
7229.15
3860.08
1435.46
1144.02
3710.96
2105.6
700.106
1432.57
-1352.54
-740.583
781.301
639.648
8776.55
4321.02
5422.89
2901.29
4101.05
260.786
-104.693
-110.75
-377.46
-378.93
-538.055
-532.803
-516.071
-492.612
-456.25
-446.366
-340.944
-321.024
204.748
194.812
475.775
462.484
630.728
611.97
596.309
556.498
533.368
461.179
475.396
366.929
-1457.9
-918.716
-262.881
638.229
937.324
1189.87
546.864
-10937.8
-1752.29
-3184.92
-1518.01
239.884
-3948.13
819.137
2435.18
1146.02
-5941.33
-2715.85
-489.621
-568.58
-3341.89
-1283.27
-269.324
-1017.39
2090.25
1295.81
-514.219
-178.234
-7771.04
-3591.86
-4297.74
-2078.13
-3496.97
0
0
6.37088
12.2785
5.47044
11.2349
-34.3251
0
0
0
0
0
0
6.37836
12.2474
5.46653
11.274
-34.3259
0
0
0
0
0
1714.38
1720.84
1748.38
2280.06
227.167
178.908
141.427
107.152
1250.74
767.545
2935.92
3335.49
-127.125
-92.8516
893.31
912.397
0
0
0
0
0
0
0
0
0
0
0
0
0
0
0
0
0
0
0
0
0
0
0
0
0
0
0
0
0
0
0
0
0
-312.738
-63.2993
-297.53
-50.2478
-259.047
-34.5396
-201.414
-6.43229
-112.976
31.383
-35.661
89.7471
-83.6148
61.3574
32.187
117.468
144.424
151.105
3.08786
1.70835
5.83327
4.87552
9.48616
15.6945
18.5911
23.5979
13.2053
12.169
10.9681
12.0962
15.5703
14.1459
19.0705
15.6987
2.39193
0.971579
4.10202
1.55651
6.11379
3.43103
10.4091
28.0127
7.64363
27.387
9.51339
25.8478
9.18655
23.3475
8.52529
19.4766
7.7283
9.83725
3.98342
14.3123
5.74262
5.86775
2.40269
2.0284
0.813458
-58.9735
96.4966
-1649.55
-317.717
5508.87
5363.55
3030.79
2820.31
5170.94
6200.57
616.072
-818.508
-1049.85
-1455.38
-1833.82
313.178
298.983
127.93
158.908
-1082.83
-605.437
-2549.33
-2784.38
269.324
203.748
-745.921
-808.775
-0.237273
0.0206601
0
0
0
0
0
0
0
0
0
0
0
0
0
0
0.384574
-0.17674
0
0
0
0
0
0
0
0
0
0
0
0
0
0
522.498
130.975
524.759
128.298
507.939
133.775
452.695
126.789
386.138
122.42
367.26
178.718
373.879
150.641
332.257
190.777
236.628
175.264
3.11253
1.61787
5.83083
4.91481
8.99237
15.3646
17.9254
23.209
12.7382
11.382
9.89861
10.9047
14.9994
13.5011
18.7307
15.4293
2.3965
0.861592
4.00335
1.46275
5.55072
3.4211
8.86009
-27.3918
-7.47042
-26.7623
-9.30291
-25.2349
-8.97372
-22.7824
-8.31122
-19.0195
-7.51956
-9.64179
-3.8278
-13.9999
-5.56537
-5.74907
-2.26131
-1.94695
-0.680749
176.12
-897.246
1542.08
246.808
184.507
728.506
485.729
-0.652079
-0.167789
-0.162798
-0.714243
0
0
0
0
0
0
0
0
0
0.699121
0.230318
0.382028
0.800462
0
0
0
0
0
0
0
0
0
0
1714.28
1720.91
1748.49
2280.03
227.216
178.892
141.463
107.112
1250.8
767.523
2935.94
3335.4
-127.12
-92.8848
893.307
912.388
0
0
0
0
0
0
0
0
0
0
0
0
0
0
0
0
0
0
0
0
0
0
0
0
0
0
0
0
0
0
0
0
0
-314.763
-64.0555
-297.182
-50.0942
-258.922
-34.4639
-201.358
-6.40852
-112.957
31.3807
-35.6384
89.7475
-83.5987
61.3481
32.2263
117.49
144.481
151.151
2.91676
1.57606
5.81581
4.86628
9.45361
15.6531
18.576
23.5933
13.1733
12.1491
10.9392
12.0685
15.5516
14.1332
19.0672
15.6969
2.35057
0.970072
4.13945
1.60335
6.13993
3.45394
10.4044
27.9887
7.70876
27.3605
9.48752
25.8419
9.18023
23.3439
8.5223
19.4749
7.7267
9.8372
3.98303
14.3118
5.74186
5.86781
2.40248
2.02841
0.813349
-50.9235
103.562
-1637.59
-503.455
5514.9
5393.72
3043.21
2827.43
5186.72
6171.19
305.851
-818.415
-1050.01
-1455.58
-1833.79
312.998
298.862
127.735
158.768
-1082.99
-605.515
-2549.38
-2784.45
269.177
203.67
-746.086
-808.89
-0.234302
0.0226683
0
0
0
0
0
0
0
0
0
0
0
0
0
0
0.385655
-0.176599
0
0
0
0
0
0
0
0
0
0
0
0
0
0
524.938
132.018
524.211
128.054
507.778
133.659
452.653
126.754
386.165
122.436
367.335
178.792
373.935
150.693
332.336
190.854
236.701
175.33
3.04066
1.59209
5.85898
4.93166
9.03425
15.4154
17.9494
23.2255
12.7788
11.4094
9.93535
10.9399
15.027
13.5217
18.7441
15.4396
2.30186
0.814887
3.96672
1.41384
5.52821
3.39967
8.87115
-27.3698
-7.5344
-26.7374
-9.27791
-25.2303
-8.96794
-22.7799
-8.30873
-19.0186
-7.51841
-9.642
-3.82765
-13.9999
-5.56494
-5.74928
-2.26128
-1.94706
-0.680797
179.037
-901.175
1543.11
248.707
212.116
767.797
474.753
-0.654082
-0.167795
-0.162795
-0.720522
0
0
0
0
0
0
0
0
0
0.69714
0.230351
0.382059
0.794235
0
0
0
0
0
0
0
0
0
13735.7
12194.7
0
13734.9
12190.3
0
0
0
0
0
0
0
0
0
8126.35
14585.7
9512.94
14290.7
10792.2
12875.8
12595.3
14919.7
9561.18
16874.5
15044.3
15452.8
14328.3
13371.8
13043.4
12025.6
7313.19
2308.55
11537.7
7237.69
2450.42
10612.9
6647.54
2186.22
0
0
0
0
0
0
0
0
11552.7
7967.72
11506.4
8172.87
11962.2
8537.57
13906.2
15059.1
12654
6704.85
5921.03
6943.53
5837.79
7289.73
5856.49
4081.08
1703.42
497.71
4149.86
1847.83
570.335
3910.76
1847.48
479.073
-13.0745
-58.2785
51.8678
627.141
1445.92
584.183
1251.71
239.334
76.9232
-5.80897
-77.4409
-300.721
-800.597
-1363.38
-469.403
-1078.34
-145.408
9.29692
0
0
0
0
0
0
0
0
8079.09
14579.5
9515.02
14286.8
10792.4
12874.8
12594.3
14917.6
9560.73
16899.9
15082.5
15445.5
14322.8
13369
13039.7
12054.7
7328.35
2318.09
11533.9
7236.67
2450.34
10610.3
6646.27
2185.92
0
0
0
0
0
0
0
0
11583
7972.71
11497.9
8171.95
11954.4
8534.07
13901.2
15055.5
12648.8
6703.12
5922.93
6941.59
5837.61
7287.57
5855.07
4084.19
1707.27
499.28
4148.69
1848.02
570.379
3909.82
1847.19
479.054
-9.34377
-62.7789
50.1418
626.319
1445.56
584.128
1251.57
239.295
76.8753
-5.8627
-74.1135
-299.777
-800.211
-1363.26
-469.456
-1078.34
-145.476
9.23525
14268.5
13158.7
35.5002
20.6834
11.6139
6.91391
4.97618
71.3369
37.512
20.9481
12.5907
9.01907
3516.16
1736.33
14915.8
13893.7
-2655.19
-93.8416
42.3932
20.7499
11.5762
6.99741
5.00635
61.7945
34.6405
19.6535
11.8185
8.52318
0
0
0
0
0
10906.7
8572.47
10255.3
8971.34
11242.4
10100.5
5650.45
3091.46
847.134
7288.12
4806.67
1667.29
8727.93
6018.91
2076.77
-4220.29
-2077.91
-5112.79
-2425.39
-6887.19
-3005.41
-9493.61
-3588.86
3579.6
1599.26
2802.31
1728.51
652.097
439.636
413.047
366.05
994.578
661.578
471.912
311.838
118.225
64.5355
36.1518
21.6463
15.5611
160.761
92.6267
52.9594
31.9559
23.0054
211.161
523.58
751.529
837.321
922.324
1135.66
190.952
161.965
123.167
76.9684
26.1746
473.224
401.126
304.832
190.392
64.7299
678.908
575.134
436.817
272.71
92.6958
755.795
639.674
485.413
302.861
102.913
831.549
702.878
532.759
332.148
112.826
1021.99
862.144
652.405
406.348
137.983
1525.54
1350.02
1120.45
838.036
519.51
176.52
6896.21
4969.38
1876.56
8216.38
6066.76
2230.98
10251.9
7198.37
2577.51
13081
8180.64
2906.04
-1968.95
429.622
-598.831
877.524
10761.5
7602.8
9995.89
6952.54
7844.65
6325.29
4707.85
2398.79
543.353
4216.57
2037.91
483.677
4099.89
1962.94
530.692
839.267
515.601
211.739
44.461
1024.65
683.944
408.082
258.673
106.713
63.376
36.7619
22.3384
16.079
164.597
93.8061
53.6901
32.4959
23.3872
-1350.04
-1163.54
-935.883
-678.084
-409.799
-137.305
-126.724
-436.624
-662.405
-753.272
-883.353
-1043.06
-114.39
-96.807
-73.4408
-45.8036
-15.5597
-394.299
-333.877
-253.446
-158.152
-53.7402
-597.862
-505.912
-383.787
-239.369
-81.3182
-679.046
-573.788
-434.67
-270.819
-91.9523
-794.76
-670.056
-506.502
-315.071
-106.89
-935.314
-785.55
-591.702
-367.156
-124.415
14917.7
13894.9
-2664.26
-101.811
42.3734
20.7398
11.5689
6.99296
5.00789
61.7069
34.582
19.6081
11.7823
8.49363
0
0
0
0
0
14265.6
13154.7
35.4914
20.6821
11.613
6.91379
4.98081
71.2794
37.4719
20.9149
12.5626
8.99553
3518.4
1740.93
8524.83
54489.4
8465.08
39660.5
8169.31
32929.7
8491.22
29434
13603
7817.64
2561.14
13386.9
7827.08
2559.72
13057.4
7862.91
2628.07
12927.7
8074.27
2822
13081.9
8181.54
2906.41
186.457
71.901
-297.522
264.018
-1032.31
1494.53
-20.1849
16.3959
1129.47
1044.03
85.0999
41.7165
27.8931
21.9942
495.181
246.758
199.243
175.042
15.6922
5.79441
2.74135
1.86063
123.424
46.6057
20.901
13.9774
272.548
109.663
52.4341
36.02
351.243
165.296
88.7175
63.7043
313.153
198.973
119.054
87.5406
303.206
247.922
168.399
128.452
247.675
213.895
146.002
111.672
344.091
273.084
186.246
144.235
375.926
287.62
203.99
160.599
8.23041
4.35031
2.37812
1.39759
0.991392
50.5122
27.0869
14.9832
8.88465
6.32957
68.283
41.9803
24.5698
15.004
10.7745
71.0572
39.1147
22.1165
13.3805
9.56777
89.0011
52.8477
30.7957
18.8022
13.5324
110.273
62.5586
35.8452
21.7228
15.6047
1.66149
0.779364
0.402486
0.228326
0.15966
12.3136
5.97817
3.15223
1.80755
1.27026
29.6293
14.7431
7.88476
4.55301
3.22955
369.223
341.399
442.423
712.702
1752.5
755.314
1720.28
234.538
71.9258
242.196
66.0847
16.8632
3.79321
0.608216
256.536
75.1502
18.3444
4.33219
0.781174
287.025
81.7981
20.076
4.54065
0.873517
389.976
100.802
23.7011
5.28998
1.07931
578.866
127.706
27.3779
5.72928
1.1391
227.403
49.7788
10.3254
2.07743
0.37193
415.693
84.2256
17.5019
3.66955
0.747969
88.1504
25.0714
5.13803
1.08933
0.205526
75.932
15.332
2.08324
1.45738
0.0829815
3666.5
4566.61
1903.04
2557.55
2025.35
2388.02
1052.69
1089.75
-1128.8
-3402.56
-2329.86
-1569.95
-1001.97
-832.044
-620.256
-382.147
-129.09
-1570.77
-970.969
-580.963
-390.602
-190.562
-1515.54
-890.642
-519.488
-271.49
-88.7601
-1312.32
-1023.65
-722.902
-429.883
-143.236
-7985.32
-2723.6
-8175.19
-2933.7
-8654.79
-3335.12
-9141.73
-3638.18
-9493.61
-3588.86
29.2162
35.4321
874.894
248.718
1524.55
-468.859
196.697
169.421
-100.46
37.6004
31.2682
24.0842
10.8275
1.91683
195.596
150.767
30.1032
-33.7777
1.29776
1.96515
1.16595
0.703155
16.0725
17.5295
12.2883
7.8268
74.3535
51.8573
31.8692
19.7312
207.034
103.509
53.709
31.5784
380.721
164.075
86.2548
57.8421
460.135
259.995
169.781
133.033
494.499
224.022
125.185
92.3731
416.415
279.412
200.66
159.72
383.336
288.451
207.608
165.208
6.16405
3.90725
2.33197
1.44202
1.04994
40.3815
24.8914
14.6522
8.98567
6.52038
88.7317
43.9974
23.9377
14.1844
10.2151
67.6809
36.5752
20.55
12.2775
8.87438
103.903
54.6776
30.2103
17.9835
12.9509
111.498
62.6024
35.4687
21.3266
15.3513
0.853189
0.647084
0.406605
0.25829
0.189821
8.19372
5.40514
3.26682
2.04728
1.49723
22.8785
14.0181
8.28969
5.15744
3.74205
-388.599
-441.382
-597.933
-781.755
-1549.29
-620.434
-1445
-142.409
6.79151
-245.825
-66.2139
-16.7881
-3.74571
-0.598627
-276.445
-77.6581
-18.5422
-4.31309
-0.771799
-316.877
-85.698
-20.3943
-4.52782
-0.859867
-398.593
-101.365
-23.4841
-5.18388
-1.04578
-538.754
-121.264
-26.1176
-5.45579
-1.0743
-179.867
-38.963
-8.01243
-1.59408
-0.25843
-357.413
-73.9149
-15.5343
-3.27266
-0.656598
-51.0227
-15.3514
-2.84318
-0.578963
-0.07882
-43.7829
-6.46951
0.128128
-0.942322
0.0481752
-234.412
-834.593
-1283.63
-1467.9
-1260.45
-554.893
680.824
2337.46
4082.19
5150.84
4567.81
2064.79
-211.188
-178.314
-134.965
-84.0276
-28.518
-752.705
-636.402
-482.402
-300.709
-102.128
-1157.07
-977.719
-740.761
-461.625
-156.764
-1321.61
-1115.34
-844.121
-525.691
-178.475
-1132.67
-953.978
-720.843
-448.532
-152.243
-497.163
-417.507
-314.814
-195.726
-66.4391
607.292
507.917
382.051
237.465
80.6894
2071.54
1723.19
1293.02
804.636
274.283
3584.92
2961.89
2218.48
1386.01
475.966
4471.18
3666.17
2744.57
1727.32
600.995
3925.93
3201.72
2399.97
1523.08
537.346
1781.97
1463.01
1105.36
706.633
250.775
415.035
1014.76
1457.92
1621.01
1368.22
592.317
-711.162
-2377.32
-4016.93
-4864.9
-4030.15
-1364.6
375.121
317.999
241.703
150.993
51.3405
916.387
776.024
589.215
367.791
125.007
1315.66
1113.27
844.689
527.013
179.086
1461.3
1235.13
936.278
583.837
198.357
1231.37
1039.03
786.609
490.199
166.524
531.662
447.464
338.163
210.618
71.563
-635.637
-532.916
-401.846
-250.256
-85.1254
-2110.71
-1759.66
-1323.43
-825.125
-281.577
-3529.97
-2919.33
-2189.53
-1369.97
-471.044
-4212.3
-3445.88
-2576.64
-1622.55
-565.618
-3428.35
-2767.72
-2060.13
-1305.42
-462.236
-1126.88
-885.155
-647.38
-409.65
-147.121
1272.42
0
1852.31
1139.63
956.773
721.371
448.537
152.288
0
0
0
0
0
1621.87
1333.62
992.029
614.477
209.27
8519.8
54501.2
8448.22
39657
8134.55
32912
8467.41
28797.5
13610.7
7828.19
2564.76
13383.6
7825.44
2559.56
13055.5
7861.59
2627.73
12926.4
8073.25
2821.65
13081
8180.64
2906.04
159.673
76.868
-296.522
227.167
-1021.45
1503.06
-9.03229
15.9534
1100.89
1036.24
71.8757
35.1615
23.5873
18.568
493.098
245.964
198.617
174.604
13.8156
5.04076
2.35184
1.55472
122.507
46.3421
20.7981
13.9959
272.32
109.562
52.4117
36.0359
351.095
165.207
88.682
63.6909
313.069
198.908
119.016
87.5131
303.259
247.937
168.397
128.44
247.665
213.866
145.975
111.644
344.205
273.147
186.277
144.25
376.091
287.727
204.055
160.642
6.85597
3.63655
1.99427
1.1753
0.834823
50.507
27.0551
14.9627
8.8767
6.32378
68.2499
41.9521
24.5453
14.9827
10.7553
71.0028
39.0737
22.0822
13.3512
9.5418
88.987
52.8317
30.7802
18.7879
13.5194
110.289
62.5634
35.8455
21.7212
15.6026
1.36233
0.643588
0.334798
0.191424
0.133506
12.354
5.98004
3.1521
1.80892
1.27236
29.6485
14.7606
7.89918
4.56644
3.24638
371.23
336.384
441.216
712.072
1752.17
755.256
1720.12
234.503
71.8877
243.441
66.8161
16.9246
3.81389
0.621749
253.378
74.1959
18.1177
4.2737
0.767286
286.515
81.6306
20.0299
4.52964
0.870719
389.709
100.713
23.6747
5.28312
1.07744
578.705
127.652
27.3613
5.72474
1.13779
227.359
49.7618
10.3198
2.07581
0.371414
415.603
84.1943
17.4921
3.66674
0.747112
88.1252
25.0618
5.13488
1.08841
0.205229
75.9165
15.3266
2.08154
1.45697
0.0828395
3666
4566.31
1904.47
2559.72
2024.02
2386.7
991.47
1024.51
-1128.75
-3402.68
-2329.9
-1569.92
-1001.93
-832.005
-620.226
-382.128
-129.084
-1570.84
-971.033
-581.025
-390.655
-190.576
-1515.57
-890.675
-519.517
-271.511
-88.7671
-1312.3
-1023.62
-722.883
-429.871
-143.232
-7983.1
-2723.33
-8174.03
-2932.91
-8654.28
-3334.84
-9141.51
-3638.04
-9493.52
-3588.78
6.38474
8.36002
899.101
289.436
1526.71
-464.39
156.294
140.85
-75.5108
43.0535
26.2753
20.3665
9.08851
1.60933
196.878
151.219
30.4658
-33.704
0.747448
1.64553
1.02611
0.672746
17.1121
17.6911
12.309
7.7276
74.6357
51.9328
31.8503
19.6767
207.227
103.608
53.7305
31.5733
380.886
164.192
86.3122
57.8765
460.326
260.146
169.886
133.116
494.67
224.157
125.271
92.4389
416.618
279.565
200.765
159.803
383.532
288.59
207.7
165.276
5.27683
3.31509
1.96841
1.21304
0.881935
40.1221
24.7981
14.607
8.95486
6.49846
88.8061
44.0479
23.9755
14.2144
10.2408
67.7685
36.6355
20.5966
12.3149
8.90641
103.969
54.7213
30.2418
18.0079
12.9715
111.545
62.6301
35.4868
21.3396
15.3618
0.74679
0.548044
0.339948
0.214084
0.157668
8.1057
5.39195
3.2626
2.04346
1.49333
22.8564
14.0042
8.27895
5.14651
3.72691
-388.656
-437.91
-597.309
-781.463
-1549.18
-620.471
-1444.98
-142.461
6.74137
-246.729
-66.8878
-16.8408
-3.76498
-0.611739
-273.495
-76.7313
-18.3199
-4.25568
-0.758173
-316.554
-85.5602
-20.3523
-4.51737
-0.857145
-398.475
-101.308
-23.4634
-5.17796
-1.04407
-538.705
-121.238
-26.1069
-5.45236
-1.0732
-179.867
-38.9595
-8.01033
-1.59325
-0.258106
-357.394
-73.9033
-15.5291
-3.27082
-0.655956
-51.0333
-15.3522
-2.84273
-0.578687
-0.0786916
-43.8009
-6.47327
0.127461
-0.942488
0.0481624
-234.391
-834.538
-1283.55
-1467.81
-1260.38
-554.862
680.787
2337.34
4081.98
5150.59
4567.61
2064.73
-211.169
-178.298
-134.953
-84.0198
-28.5154
-752.655
-636.36
-482.369
-300.688
-102.121
-1157
-977.657
-740.714
-461.596
-156.754
-1321.53
-1115.28
-844.069
-525.657
-178.463
-1132.6
-953.921
-720.799
-448.504
-152.234
-497.135
-417.482
-314.795
-195.714
-66.435
607.258
507.887
382.028
237.45
80.6842
2071.43
1723.09
1292.94
804.584
274.265
3584.73
2961.71
2218.34
1385.92
475.934
4470.94
3665.96
2744.41
1727.21
600.955
3925.75
3201.56
2399.83
1522.99
537.313
1781.91
1462.96
1105.32
706.61
250.766
415.018
1014.71
1457.84
1620.92
1368.15
592.287
-711.126
-2377.2
-4016.72
-4864.65
-4029.93
-1364.51
375.106
317.986
241.694
150.987
51.3384
916.341
775.985
589.185
367.772
125.001
1315.59
1113.21
844.645
526.985
179.077
1461.22
1235.06
936.228
583.806
198.346
1231.31
1038.98
786.567
490.173
166.515
531.634
447.44
338.145
210.606
71.5591
-635.604
-532.888
-401.824
-250.242
-85.1206
-2110.6
-1759.57
-1323.35
-825.077
-281.56
-3529.78
-2919.16
-2189.4
-1369.89
-471.014
-4212.07
-3445.67
-2576.47
-1622.44
-565.579
-3428.15
-2767.53
-2059.97
-1305.32
-462.197
-1126.79
-885.063
-647.302
-409.595
-147.101
1272.37
0
1852.26
1139.59
956.734
721.341
448.518
152.281
0
0
0
0
0
1621.82
1333.58
991.997
614.457
209.263
6897.18
4970.11
1876.84
8217.46
6067.62
2231.31
10253
7199.29
2577.86
13081.9
8181.54
2906.41
-1974.83
428.505
-604.342
875.559
10763.4
7604
9998.4
6953.98
7847.1
6326.79
4708.63
2399.23
543.495
4217.4
2038.33
483.806
4100.76
1963.34
530.806
839.18
515.57
211.72
44.4841
1024.08
683.701
407.966
258.637
106.738
63.3994
36.7833
22.3572
16.0926
164.587
93.8068
53.6951
32.5022
23.3924
-1350.07
-1163.58
-935.912
-678.107
-409.814
-137.311
-126.735
-436.653
-662.446
-753.317
-883.403
-1043.11
-114.4
-96.8154
-73.4472
-45.8077
-15.5611
-394.325
-333.9
-253.463
-158.163
-53.7438
-597.899
-505.943
-383.812
-239.384
-81.3234
-679.087
-573.822
-434.696
-270.836
-91.958
-794.805
-670.094
-506.532
-315.09
-106.896
-935.364
-785.592
-591.735
-367.177
-124.423
10905.3
8571.42
10254.2
8970.25
11241.3
10099.1
5649.65
3090.94
846.961
7287.14
4806
1667.07
8726.61
6018.03
2076.48
-4219.54
-2077.63
-5112.14
-2425.15
-6886.77
-3005.24
-9493.52
-3588.78
3582.17
1601.11
2806.05
1730.67
652.973
440.048
413.248
366.175
995.519
662.013
472.129
311.966
118.29
64.5833
36.1888
21.6751
15.5823
160.829
92.6696
52.9894
31.9782
23.0224
211.152
523.553
751.489
837.278
922.279
1135.61
190.944
161.958
123.162
76.9651
26.1735
473.2
401.105
304.816
190.382
64.7265
678.872
575.104
436.794
272.695
92.6909
755.756
639.64
485.387
302.845
102.908
831.508
702.843
532.733
332.131
112.821
1021.94
862.104
652.374
406.328
137.976
1525.49
1349.97
1120.41
838.007
519.492
176.514
)
;
    }
    patch2
    {
        type            calculated;
        value           nonuniform List<scalar> 
348
(
1.95879
1.9595
616.37
198.529
-83.4177
146.69
-442.277
-128.189
157.538
-55.5032
616.294
198.508
-83.4169
146.67
-442.229
-128.175
157.534
-55.4913
742.829
244.299
67.6006
-44.0145
-78.0305
-94.0963
-16.7064
5441.74
942.035
840.802
456.703
77.1664
72.2149
456.613
7.32097
-25.9977
-15.1706
-52.9977
3273.55
663.867
257.765
168.703
465.302
286.261
92.161
177.827
-134.917
-75.5279
113.379
92.599
2629
603.541
931.76
426.107
511.807
-15.146
-58.1712
-91.0301
-107.064
-95.4251
-36.2104
-24.7281
-90.668
-137.458
-151.951
-122.392
-40.5944
-12.8043
-13.5882
-46.424
-46.6434
-66.1415
-65.4679
-63.4123
-60.3512
-55.9107
-54.2936
-41.6063
-38.7332
100.434
254.459
415.408
296.187
252.584
126.381
92.1965
261.138
422.706
490.345
408.559
191.485
31.314
74.4203
107.323
123.298
111.337
53.2333
47.5146
113.251
159.119
171.169
137.297
50.7582
25.391
24.1544
58.834
57.194
77.9052
75.5457
73.6886
68.5935
66.0623
56.7506
59.3829
45.2285
-80.9338
-225.391
-363.524
-215.559
-148.567
-11.5043
-84.0279
-248.463
-393.035
-433.084
-322.04
-86.2934
-528.222
-94.8367
-27.542
78.9082
113.891
144.789
66.5662
-5949.58
-640.43
-698.841
-217.73
11.4157
-538.821
88.9968
263.444
133.165
-3359.61
-505.421
-105.095
-83.8244
-437.779
-161.02
-31.0513
-120.789
243.004
154.08
-66.8236
-24.4567
-2552.18
-486.545
-723.297
-299.58
-429.305
742.814
244.302
67.5935
-44.0132
-78.0275
-94.0925
-16.7087
5441.09
941.88
840.676
456.61
77.1373
72.1941
456.546
7.29884
-26.0099
-15.1874
-52.9982
3273.2
663.782
257.722
168.679
465.25
286.231
92.1512
177.808
-134.915
-75.5288
113.36
92.5841
2628.77
603.5
931.684
426.076
511.763
-15.1445
-58.1671
-91.0241
-107.057
-95.4193
-36.2087
-24.7257
-90.6617
-137.449
-151.941
-122.385
-40.592
-12.803
-13.5869
-46.4207
-46.6401
-66.1372
-65.4636
-63.4083
-60.3474
-55.9074
-54.2904
-41.6044
-38.7312
100.426
254.44
415.378
296.17
252.576
126.386
92.1901
261.121
422.678
490.315
408.538
191.481
31.3128
74.4166
107.318
123.291
111.331
53.2315
47.5128
113.245
159.11
171.16
137.29
50.7559
25.39
24.1534
58.831
57.191
77.9011
75.5417
73.6847
68.5899
66.0592
56.7478
59.3808
45.2266
-80.9273
-225.375
-363.496
-215.537
-148.544
-11.4893
-84.0222
-248.447
-393.008
-433.051
-322.01
-86.2773
-528.131
-94.8039
-27.5369
78.9063
113.887
144.784
66.5665
-5949.31
-640.383
-698.794
-217.712
11.4215
-538.794
88.9972
263.439
133.161
-3359.41
-505.376
-105.076
-83.8119
-437.749
-160.998
-31.0435
-120.777
242.996
154.077
-66.8156
-24.4496
-2551.98
-486.492
-723.213
-299.543
-429.268
4679.59
1215.01
323.851
4683.34
1267.84
354.753
4624.24
1296.85
304.946
4628.66
1280.68
193.163
5022.84
1203.49
295.082
-6737.28
-653.933
-6557.2
-679.722
-5959.26
-515.422
-5603.18
-689.075
-5887.23
-702.764
4683.82
1222.01
325.608
4681.32
1266.55
354.787
4623.48
1296.3
304.831
4627.98
1280.35
193.064
5022.17
1203.27
295.017
-6734.1
-656.156
-6552.29
-676.612
-5958.89
-514.867
-5603.03
-688.932
-5887.04
-702.717
)
;
    }
    patch3
    {
        type            calculated;
        value           nonuniform List<scalar> 
96
(
-124.328
-473.955
-741.93
-874.052
-780.065
-290.489
-203.606
-741.085
-1124.89
-1247.27
-1007.85
-330.646
854.629
2164.92
3511.6
2495.76
2285.58
1088.21
785.012
2224
3609.97
4194.74
3502.76
1584.99
252.647
602.438
870.088
1000.57
902.345
420.509
383.965
919.042
1294.4
1396.08
1121.84
408.324
-703.344
-1936.59
-3117.3
-1969.99
-1650.59
-397.225
-719.947
-2120.53
-3380.84
-3782.36
-2909.69
-878.115
-124.315
-473.923
-741.883
-873.999
-780.02
-290.474
-203.587
-741.036
-1124.82
-1247.2
-1007.79
-330.627
854.577
2164.8
3511.41
2495.64
2285.48
1088.19
784.969
2223.88
3609.78
4194.54
3502.6
1584.94
252.638
602.408
870.043
1000.52
902.3
420.492
383.95
918.996
1294.34
1396.01
1121.78
408.305
-703.298
-1936.48
-3117.12
-1969.86
-1650.48
-397.17
-719.906
-2120.41
-3380.66
-3782.15
-2909.51
-878.038
)
;
    }
    patch4
    {
        type            calculated;
        value           nonuniform List<scalar> 
384
(
33289.9
34221.1
35427.6
65038.6
94916
58567.7
45758.7
41348.9
-57671.3
-47346.9
-75006.9
-94946.9
32499.6
34253
35460.8
65065.2
94952.3
58592.1
45768.2
40344.7
-57027
-47474.6
-75139.2
-94249.5
38488.5
11945.8
58411.3
18536.1
-43739.4
-13527.6
-62455.4
-19889.6
38499.6
11947.8
58425
18539.5
-43778.9
-13537
-62489.3
-19898.1
25442.9
8821.09
-30371.5
-10174.9
12420.9
4792.05
4334.84
1631.91
-15619
-5904.86
-5407.78
-2021.35
-30338.1
-10167.1
25460.8
8824.67
24051.3
16653
23289.4
16307.3
26449.4
8741.48
10943.6
4077.63
9878.43
3545.27
-40874.8
-28923.4
-34448.1
-25137.8
-31564.6
-10393.5
-17887.8
-6357.68
-14789.5
-5147.61
23480.2
16283.4
23350
16364.6
26464.2
8744.38
10708.9
3990.36
9918.45
3559.63
-40349.5
-28546.2
-34549.6
-25215.7
-31597.9
-10402.4
-17651.4
-6267.89
-14839.2
-5165.24
-15600.7
-5898.31
-5402.74
-2019.52
12432.3
4796.59
4337.5
1632.99
20361.5
14382.5
-19542.3
-13923.5
20361.5
14382.9
-19542.4
-13924
3039.99
3496.06
3586.44
3357.19
4792.19
3277.46
3993.56
1333.79
3603.36
5993.4
6469.12
10272.9
2072.93
3426.65
900.286
1269.26
-4904.61
-5615.24
-5090.9
-4875.51
-5824.17
-4273.11
-4861.01
-1694.02
-4060.41
-6020.44
-6826.59
-10173.3
-2428.56
-3471.9
-1172.51
-1312.85
3011.25
3437.03
3587.01
3362.72
4792.38
3279.74
3997.04
1334.66
3603.92
5993.7
6469.44
10273.3
2073.52
3426.85
900.389
1269.28
-4892.69
-5569.13
-5089.81
-4882.12
-5823.11
-4275.87
-4865.96
-1695.57
-4061.07
-6020.86
-6826.53
-10173.7
-2429.57
-3472.28
-1173.05
-1313.06
5503.79
16247.5
6763.01
16998
8696.08
16569.3
10084.2
-6775.69
-16576.6
-7783.55
-16946.9
-9275.48
-16121.5
-10467.3
5470.28
16239.3
6766.43
16994.9
8696.9
16568.6
10085
-6758.54
-16590.3
-7785.72
-16944.2
-9275.19
-16121.1
-10467.6
13258.7
12974.1
12321.7
11149.8
9160.16
4536.87
6664.76
2682.6
907.505
-13328.7
-12959.7
-12178.1
-10910.3
-8929.07
-4464.93
-6525.29
-2646.35
-886.286
13213.6
12973.8
12322.8
11149.9
9160.32
4537.06
6664.98
2682.72
907.542
-13290
-12961
-12180.2
-10911
-8929.54
-4465.19
-6525.65
-2646.51
-886.347
2840.12
2762.36
2605.36
2339.54
1913.43
983.676
1421.25
587.13
199.124
-2816.71
-2729.74
-2559.31
-2285.91
-1866.54
-966.723
-1390.78
-578.245
-193.848
2826.68
2761.86
2605.55
2339.52
1913.43
983.711
1421.29
587.154
199.131
-2804.09
-2729.49
-2559.69
-2286.04
-1866.62
-966.775
-1390.85
-578.278
-193.86
641.298
621.86
584.346
523.247
428.363
223.863
320.969
134.199
45.592
-631.693
-611.264
-572.436
-511.11
-418.226
-219.892
-314.16
-132.037
-44.2767
638.123
621.666
584.348
523.223
428.354
223.869
320.972
134.204
45.5934
-628.654
-611.112
-572.476
-511.116
-418.235
-219.902
-314.172
-132.044
-44.2795
143.466
138.876
130.272
116.533
95.5236
50.3245
71.8389
30.284
10.3164
-140.72
-136.056
-127.387
-113.795
-93.3066
-49.4254
-70.3366
-29.7809
-10.0038
142.752
138.819
130.264
116.523
95.5191
50.3253
71.8384
30.2848
10.3166
-140.031
-136.007
-127.387
-113.791
-93.3061
-49.4273
-70.3382
-29.7823
-10.0044
36.318
35.2259
33.0673
29.5839
24.2733
12.8785
18.3116
7.77473
2.65435
-35.5059
-34.4191
-32.2834
-28.8738
-23.7138
-12.6486
-17.9333
-7.64349
-2.57142
36.1347
35.2088
33.0634
29.5801
24.2714
12.8785
18.3111
7.77486
2.65438
-35.3283
-34.4035
-32.281
-28.8715
-23.7129
-12.649
-17.9334
-7.64378
-2.57156
)
;
    }
}


// ************************************************************************* //
