/*--------------------------------*- C++ -*----------------------------------*\
| =========                 |                                                 |
| \\      /  F ield         | OpenFOAM: The Open Source CFD Toolbox           |
|  \\    /   O peration     | Version:  2306                                  |
|   \\  /    A nd           | Website:  www.openfoam.com                      |
|    \\/     M anipulation  |                                                 |
\*---------------------------------------------------------------------------*/
FoamFile
{
    version     2.0;
    format      ascii;
    arch        "LSB;label=32;scalar=64";
    class       volScalarField;
    location    "1.9";
    object      gradTx;
}
// * * * * * * * * * * * * * * * * * * * * * * * * * * * * * * * * * * * * * //

dimensions      [0 -1 0 1 0 0 0];

internalField   nonuniform List<scalar> 
5712
(
-6739.14
-8613.85
-15992.6
-23362.7
-23834.9
-41137
-18308.7
-46639.8
-14908.4
-32758.1
-22296.7
-33921.1
-20003.1
-26239.3
-8798.39
-10063.1
-15051.8
-17246
-19438
-19274.5
-15284.1
-18874.7
-22523.5
-20198.7
-5488.37
-4133.07
-6824.74
-4596.47
-12725.2
-10192.1
-21716.3
-15744.8
-16818.4
-17488.5
-18688.7
-17859.3
-6584.51
-5141.8
-39777.1
-53246.8
-25700.7
-31549.3
-53455.6
-69366.4
-27646.5
-31652
-29508.2
-41679.3
-25760.2
-34133.4
-15087.6
-24306.1
-2905.08
-980.222
-3057.29
-1102.94
-8768.7
-3542.69
-12015.6
-4424.71
-8566.94
-3283.78
-9087.22
-2915.95
-15474.8
-4926.4
-19959.7
-6737.96
-24347.4
-12104.8
-22290.6
-13208.5
-22795.2
-14745
-20051.9
-15059
-17556.4
-10432.8
-17565.5
-8967.01
-23000.9
-14687.7
-23052.5
-14819
-21183.3
-15931.2
-21439.3
-15996.7
-18958.6
-12034.3
-19634.4
-12326.4
-17952
-7789.05
-8307.41
-10138.4
-18024.4
-8521.36
-7261.33
-10294.2
-19007.2
-7746.65
-9405.89
-10201.4
-19948
-7930.86
-10225.3
-10650.7
-3763.71
-4113.26
-1266.96
-2491.82
-11006.9
-11639.6
-4266.12
-7602.79
-14097.5
-15648.2
-6836.38
-11644.1
-12294.5
-998.543
-13698.5
-16979.3
-9262.7
-655.734
-7405.24
-12359.7
-19954.5
-13986.4
-10031.2
-12214.6
-10722.3
-9293.66
-14598.8
-3603.42
-2960.91
-2062.55
-2043.8
-10143.7
-8522.34
-6137.69
-5831.62
-12647.2
-10647.9
-8014.86
-7178.67
-5826.39
-7438.61
-12066
-12527.5
-14183.6
-12897.3
-16004.7
-13898.6
-10916.7
-9190.54
-9116.55
-9548.82
-12052.8
-9436.55
-11010.6
-7944.44
-9561.15
-6533.37
-11201.9
-7317.71
-10302.2
-4717.74
-8865.98
-9558.54
-12632.2
-16419
-13905.4
-20205.7
-7070.42
-7805.5
-9137.37
-2813.16
-7909.21
-15201.3
-7507.71
-16315.7
-13771.6
-24954.9
-14013.6
-26504.6
-5999.11
-13091.4
-5459.62
-13968.8
-8302.8
-6231.41
-11582.4
-4551.31
-8512.9
-1579.63
-10081.2
-664.106
-7989.21
-9383.18
-12139
-5593.13
-6617.26
-11078.9
-10750.4
-7348.85
-2343.68
-2058.97
-1829.39
-1685.58
-1541.55
-1371.91
-6926.6
-5646.7
-4861.11
-4467.53
-3567.32
-3077.25
-8448.25
-7242.21
-6669.93
-5370.32
-4345.52
-4090.57
-6505.37
-5711.78
-5555.61
-10897.5
-8210.99
-6882.74
-10321
-7558.34
-6092.79
-10823.3
-8478.25
-7342.02
-6800.52
-4442.96
-3444.77
-15676.6
-13466.8
-11593.9
-10123.4
-8358.84
-6885.01
-9047.15
-6967.37
-5506.49
-7642.26
-5466.77
-4151.78
-7933.47
-4386.57
-2442.14
-10446.6
-14133.7
-8275.67
-10675.6
-11289.3
-16563.6
-10097.4
-14674.2
-29.6252
-720.171
515.152
-99.298
-2960.6
-3337.5
-1227.84
-655.893
-684.919
-2391.8
-9427.87
-13748.8
-6654.36
-3677.59
-9972.17
-9900.72
-15413.5
-16981
618.697
4177.47
-7599.26
-7159.88
-7230.49
-5575.13
-1019.28
-539.067
-668.569
-272.894
-1964.02
-174.643
365.721
867.38
-9232.35
-2359.44
-6260.82
-1613.01
-9076.13
-2758.09
-10990.1
-3525.47
-8865.32
-11946.3
-8193.43
-11647.3
-14306.5
-15113.2
-13649.2
-14304.4
-5632.07
-9380.46
-6507.83
-9322.3
-8694.73
-11217
-9591.53
-11328.7
-14221.1
-14045.3
-14889.5
-14100
-5685.93
-9074.46
-6187.98
-9238.83
195.203
-1280.63
-7343.99
-4542.01
756.836
-868.237
-6803.44
-4009.28
-266.835
-1544.55
-7507.99
-4954.19
-719.711
-1815.8
-7543.81
-5127.36
707.72
813.282
-158.231
-2.98445
2962.06
2991.62
244.121
416.18
656.315
2041.82
-1621.79
-954.852
10270.7
9631.63
5593.09
4319.82
494.126
10544.9
10803
4328.52
6408.04
897.489
-10315.8
-8060.04
-7116.72
-6640.37
-3980.26
817.818
750.014
48.9534
-46.0388
2588.24
2514.96
153.198
-78.2492
2612.19
3121.22
-622.807
-917.836
5133.79
2292.81
8138.1
5061.25
3645.84
2746.28
4132.78
3561.92
-359.336
-1266.72
-3788.03
-2388.4
-1037.1
1010.98
-972.442
774.288
-1637.59
-314.241
-1987.99
-2261.95
-5203.72
-4745.45
-9911.54
-5967.61
-8133.99
-8165.21
-12347
-9989.13
-7768.5
-4547.53
-3855.58
-3818.15
-11690.4
-5146.64
-12859.6
-5772.43
-13772.6
-10195.2
-14697.9
-10934.9
-9438.2
-3693.34
-10575.8
-4286.2
-6069.92
-4775.3
-4611.5
-6827.43
-3903.12
-4382.38
-3931.83
-6328.53
-7017.04
-4711.77
-5216.07
-7842.85
-8552.49
-5120.87
-6573.06
-8096.66
752.903
797.092
893.023
32.2593
280.084
312.901
2738.72
2883.99
2873.18
233.397
801.83
802.173
3475.66
3841.93
3927.26
-530.755
782.968
1051.71
1207.55
1025.77
723.049
3678.94
3741.99
3478.86
3008.11
3375.4
3310.42
3726.33
3970.66
3860.85
-1249.26
354.641
472.39
-3475.55
-1986.35
-1063.38
965.58
2048.52
2625.87
946.423
2321.38
2918.83
436.62
1918.21
2342.78
-2182.31
492.589
807.453
30.1778
38.4401
47.3005
70.8655
264.042
146.843
120.763
114.846
17.2069
75.4273
172.035
260.614
431.119
269.907
301.774
317.068
-206.896
29.9313
247.248
467.243
165.619
219.601
276.957
309.9
39.3841
131.169
129.855
125.709
-206.161
-7.33173
112.333
187.627
-907.89
-187.521
82.2973
273.626
-1418.97
-330.737
-10.7439
476.309
-622.957
-76.5276
164.615
413.062
-1162.49
-250.412
-28.4878
414.01
-971.43
-225.311
110.894
352.161
-1594.21
-394.423
-13.7159
561.732
-1087.15
-298.669
103.392
422.631
-1719.73
-452.049
-34.3819
587.213
11.9782
22.9554
41.7271
89.6951
41.1075
31.7585
24.2004
81.7662
79.224
78.5127
131.411
244.068
172.291
107.197
76.7569
221.796
-376.992
-45.4619
140.49
414.404
-159.978
31.4303
99.1982
390.985
-58.1211
118.749
212.479
416.838
-1.41193
96.2887
83.4812
394.231
-994.246
-189.997
10.1157
548.677
85.911
44.3388
31.0153
62.8442
159.617
64.4829
33.3263
29.6586
178.13
105.612
66.6011
160.62
408.151
171.536
83.253
75.8496
112.273
118.069
91.6573
263.74
518.751
241.492
125.584
119.412
-73.7377
108.277
115.54
367.459
413.52
261.453
148.977
151.42
-507.695
16.9653
51.3044
348.584
132.208
225.671
135.386
153.845
-1154.29
-116.311
34.7936
400.959
-365.431
56.2009
83.1201
141.021
-885.035
-31.4545
45.7072
372.97
-207.474
132.196
113.398
154.004
-1401.54
-219.496
1.81248
435.608
-506.267
-17.874
53.1091
131.532
-1587.15
-321.033
-43.7379
429.412
-634.847
-96.9914
13.7925
113.404
31.086
13.3725
6.65912
3.7668
2.63988
40.8523
20.4351
10.9171
6.36023
4.49719
74.2998
31.1176
15.4496
8.78309
6.20455
92.3174
45.7654
24.5036
14.3592
10.1938
98.6073
38.9949
19.1169
10.8591
7.6949
124.046
60.7345
32.624
19.2421
13.7202
64.8071
31.0497
16.6191
9.82657
7.0144
46.285
18.3001
8.93924
5.12545
3.6192
98.5905
39.852
19.9578
11.5
8.13008
47.108
16.3341
7.68901
4.32713
3.03215
103.983
46.274
24.2673
14.2127
10.1169
44.5443
16.2517
7.88931
4.47872
3.13549
76.0213
26.1014
12.087
6.78102
4.76017
44.6951
14.6041
6.7407
3.79396
2.66673
66.5682
16.9886
6.31733
3.21662
2.16794
36.808
8.05367
2.72752
1.32921
0.877438
25.9841
10.1117
4.83944
2.67473
1.855
18.7961
8.01033
4.00936
2.24829
1.56512
63.5017
25.3315
12.4341
6.9749
4.88327
48.5364
21.0509
10.7187
6.06752
4.23995
89.1073
31.2688
14.7021
8.11991
5.66488
65.7904
28.9388
14.9077
8.47273
5.96467
79.9268
35.5521
18.7221
10.904
7.76468
44.6619
21.9763
11.7289
6.75952
4.81123
41.3466
19.5283
10.5409
6.21534
4.43069
-308.538
-442.353
-674.266
-1075.92
-655.077
-1332.33
-91.2614
-1044.89
572.791
-72.3107
-673.623
-1186.7
336.726
252.054
-1130.99
-1817.74
-1458.52
-2093.72
-646.967
-150.778
-34.0414
-7.53414
-1.89376
-209.644
-96.4561
-13.5602
-3.6176
-1.58837
-1986.69
-460.779
-104.386
-22.9881
-5.78585
-497.988
-135.517
-33.1091
-6.98115
-1.88904
-3333.37
-774.638
-175.953
-38.8761
-9.76336
-793.281
-230.292
-56.046
-13.0338
-3.2822
-4462.63
-1040.03
-237.199
-52.5682
-13.218
-920.512
-289.235
-72.6645
-17.0873
-4.29266
-5559.35
-1308.37
-300.47
-66.9263
-16.8989
-1013.79
-350.975
-90.7816
-21.6246
-5.49605
-6554.83
-1589.88
-370.183
-83.1591
-21.0944
-1591.36
-490.113
-121.483
-27.9879
-7.03019
-6115.4
-1478.38
-342.721
-76.6689
-19.3857
-1225.84
-413.765
-105.848
-24.891
-6.26226
-6751.56
-1639.74
-382.495
-86.0597
-21.8641
-1809.66
-538.493
-131.438
-29.8502
-7.47736
-7030.92
-1692.96
-395.429
-88.9267
-22.5791
-1880.07
-560.956
-138.113
-29.1453
-7.72295
-511.958
-7038.44
-6422.71
-2288.35
1667.19
2834.96
7891.67
11536.4
1786.51
8475.93
-1673.22
2598.16
2516.64
4989.53
9442.71
13369
14276.4
17926
5830.61
7552.32
-19916.8
-14372.3
-4653.21
-3605.07
-2585.96
-3682.49
-3459.69
-12209.3
-11575
-9915.96
-10651.5
-8739.85
-6277.9
-8223.02
-5405.22
-4579.67
-5548.78
-3809.92
-19799.2
-10239.8
-3578.06
-6118.5
-8363.86
-5820.44
-6322.98
-4694.21
-2833.73
-4003.3
-4277.89
-4630.72
-19577.9
-12808.7
-12155.3
-8763.94
-8675.31
-9142.79
-3872.6
-5092.42
-6516.4
-14123.1
-12151.3
-10136.9
-9282.72
-7891.31
-9312.29
-6359.08
-4903.45
-3729.4
-1900.17
-4099.89
-3390.95
-2533.67
-1574.47
-537.626
-3215.17
-2686.88
-2017.78
-1251.66
-424.694
-2293.62
-1903.38
-1418.51
-874.102
-295.368
-3289.15
-2750.67
-2064.2
-1277.87
-432.638
-3065.76
-2544.04
-1898.65
-1173.01
-397.37
-7807.72
-5939.99
-4620.21
-4241.4
-4529.59
-6294.99
-4600.14
-3254.22
-2682.11
-1863.27
-6184.61
-3712.76
-2559.78
-1769.02
-842.383
-5458.83
-3660.76
-2421.53
-1750.22
-1026.24
-4077.06
-2538.07
-1573.81
-1082.86
-527.634
-4958.65
-3693.39
-2542.65
-1514.54
-519.684
-5593.67
-3592.65
-2343.32
-1397.87
-520.224
-3547.66
-2123.86
-1273.21
-689.175
-232.113
-3766.74
-2900.09
-2036.03
-1214.64
-409.018
-4422.13
-3294.36
-2240.99
-1302.77
-432.046
-3167.82
-2459.75
-1732.55
-1030.09
-343.778
-13038.8
-9880.84
-7921.31
-6974.75
-6563.79
-7519.12
-5430.35
-3953.25
-2665.59
-1189.93
-2971.14
-2318.19
-1655.04
-1006.21
-345.94
-5169.03
-4116.29
-3003.07
-1862.74
-651.745
-6834.27
-5344.96
-3915.02
-2506.32
-944.196
-4939.51
-3965
-2925.82
-1838.42
-650.25
-5458.58
-4443.19
-3299.79
-2065.25
-719.092
-4075.19
-3321.44
-2454.84
-1519.16
-520.181
-2439.17
-1960.91
-1422.11
-861.514
-289.468
-3518.49
-2893.34
-2141.55
-1315.7
-444.76
-3631.82
-2886.28
-2081.37
-1263.44
-428.167
-4001.47
-3241.93
-2379.92
-1463.57
-499.085
-13550.8
-11159.2
-9249.01
-8158.99
-7022.45
-8866.63
-6325.94
-4839.72
-3558.17
-1797.15
-8931.43
-7041.28
-5325.76
-3903.32
-1881.25
-6870.89
-5192.55
-3886.03
-2627.38
-1064.67
-7214.35
-5746.15
-4271.43
-2757.72
-1031.68
-7111.28
-5333.49
-3965.96
-2669.27
-1068.39
-3315.04
-2671.5
-1965.22
-1221.77
-424.227
-4478.84
-3691.15
-2743.5
-1694.63
-575.478
-5593.28
-4522.22
-3338.14
-2080.27
-722.14
-5680.37
-11574.4
-12044.9
-33023.3
-11856.7
-44151.6
-6474.31
-15716.3
-11868.4
-9153.23
-19742
-16444.4
-11816.9
-11089.9
-22122.6
-17479.1
-4183.9
-3110.96
-8104.33
-5574.96
-9374.28
-7066.63
-25174.2
-18617
-15439.2
-11701.4
-15874.7
-9430.19
-1205.72
-3822.23
-41100.8
-53787.8
-24834.7
-31400.1
-54273
-69700.8
-26694.5
-31422.3
-30646.9
-42265.7
-24969.6
-34074.8
-16593.5
-25021.2
-2002.29
-528.591
-3519.17
-1201.18
-6811.47
-3045.21
-13821.9
-4993.81
-2991.81
-1701.04
-7488.2
-2355.93
-15493.2
-4869.8
-20139.2
-6787.24
-16705.8
-8663.33
-19283.9
-11449.7
-15175.4
-10860.9
-17069.7
-13200.4
-15436.4
-9031.16
-12204.5
-6315.36
-21838.4
-13896
-22761.6
-14602.5
-19995.5
-15123.7
-21121.6
-15776.9
-18177.6
-11386.7
-19449.5
-12147.6
-16930.2
-7489.63
-7382.1
-9765.04
-15144.9
-7660.66
-5540.44
-9610.62
-18732.5
-7669.5
-8974.34
-10018.4
-19915.1
-7923.78
-10103.6
-10597.5
-1151.45
-1039.06
-280.724
-1242.76
-4678.91
-4847.88
-2937.66
-5847.3
-2637.1
-3286.66
-4575.06
-8656.75
-12178.5
-9695.89
-9491.16
-11889.8
-7878.99
-7622.54
-8200.06
-7028.75
-13778.4
-12068.2
-11668.1
-9829.51
-6873.91
-5935.01
-13026.1
-1122.61
-841.32
-629.346
-706.524
-4353.46
-3451.89
-3698.42
-3260.31
-647.976
503.383
-4375.32
-3438.24
-10176.5
-10806
-9527.66
-8725.75
-7165.92
-5204.18
-9402.41
-7480.28
-8494.65
-6653.01
-11628.4
-11789.7
-9985.3
-7751.21
-7421.2
-4993.42
-6578.86
-4128.53
-9887.12
-5993.32
-9360.17
-5034.9
-8357.8
-9488.29
-13117.1
-17413.4
-13840.6
-20200.1
-6433.82
-7607.56
-7792.47
-2831.9
-7715.16
-15074.6
-7459.51
-16264.8
-13688.8
-25064.9
-13983
-26488.6
-5752.38
-12935.5
-5398.98
-13919.2
-7838.88
-6124.39
-11396.3
-4582.72
-7524.87
-1750.31
-9801.12
-1186.17
-7801.59
-9290.08
-12053.3
-5587.66
-6566.58
-11046.9
-10726.3
-7338.63
-826.264
-767.12
-566.713
-654.248
-2630.94
-1925.38
-2393.55
-2178.84
1072.59
568.661
-2802.26
-3104.4
-10682.3
-10110.1
-7739.89
-6654.64
-4139.56
-3474.03
-5871.1
-4834.99
-5596.78
-4080.22
-18321.6
-15984.4
-8034.66
-6791.81
-6144.77
-4632.86
-5112.85
-3248.1
-5489.2
-2353.07
-5617.2
-9245.61
-4915.73
-9387.22
-8412.7
-10487.6
-9461.07
-12879.4
-984.925
-706.83
-756.726
-638.834
-3629.83
-2570.2
-2959.71
-1634.81
-1345.34
-1629.25
-8335.92
-8941.32
-4669.15
-4213.46
-9408.02
-9764.5
-14543.9
-16734.8
403.891
3998.96
-7367.06
-7158.37
-7109.87
-5611.84
-1057.64
-951.474
-1151.81
-945.789
-1692.41
-1120.25
-557.039
-459.527
-8100.69
-3695.65
-6885.94
-3094.22
-9325.51
-3643.17
-11097.4
-3886.17
-5370.52
-10255.9
-6997.24
-10742.9
-8722.44
-11742.7
-11488.3
-12734
-5190.99
-9161.57
-4684.3
-9122.14
-8199.87
-10840.9
-9444.95
-11228.7
-13308.9
-13385.8
-14628.7
-13921.4
-5571.13
-9006.01
-6165.66
-9228.81
-377.91
-2081.54
-7747.79
-5179.67
-356.229
-2154.47
-7677.56
-4959.53
-694.323
-2107.5
-7730.61
-5343.72
-895.866
-2042.4
-7610.12
-5261.26
-1056.75
-1154.12
-985.634
-1058.69
-2041.5
-2077.99
-1370.27
-1474.11
-8315.51
-7614.56
-3792.13
-3794.56
-3681.32
-5170.51
-3973.94
-175.834
-1696.78
-1253.74
-1356.5
-3569.9
2733.69
-742.844
-13883.4
-11728.6
-10526.8
-9081.56
-5568.16
-1156.67
-1036.05
-1189.59
-1467.1
-2050.44
-1603.3
-1892.67
-2509.68
-7932.77
-7787.26
-4202.99
-5409.01
-5015.13
-6691.61
-3119.32
-5047.42
-4773.89
-5202.43
-1051.88
-1430.8
-2726.97
-4094.78
-9675.08
-7926.93
-7575.12
-5546.41
-6555.7
-4663.9
-5744.08
-4147.27
-4115.72
-4503.02
-8269.55
-8150.57
-11165.1
-7187.57
-10415.2
-11154.3
-13056.5
-10975.4
-9284.73
-5725.7
-6808.2
-6778.56
-12177.1
-5903.55
-12984.3
-5955.04
-13958.7
-10831.8
-14732.5
-11070.2
-10132.2
-4430.53
-10770.4
-4481.37
-7508.85
-5837.56
-5878.75
-8015.5
-6403.83
-6758.63
-5774.38
-8280.26
-7766.06
-5404.73
-5933.47
-8597.91
-8785.87
-5337.76
-6804.77
-8311.73
-827.023
-714.814
-1057.14
-784.496
-1376.56
-1647.94
-1539.86
-1146
-7582.7
-6640.57
-3597.92
-1611.47
-7852.82
-7439.76
-6077.07
-5458.98
-5035.88
-4324.79
-1778.36
-1849.71
-3899.41
-1778.25
-8626.14
-7383.3
-4851.86
-3871.02
-3731.36
-2401.04
-2704.98
-1234.15
-4046.65
-97.1038
-221.693
-100.865
-34.9119
20.9419
-205.464
-126.913
-41.6657
15.0265
-599.988
-263.449
-7.50443
161.883
-536.173
-306.314
-31.1955
112.509
-985.644
-391.886
33.0341
370.99
-966.725
-468.331
-153.716
19.5496
-667.671
-316.004
-154.575
-49.2534
-515.568
-209.736
-17.2043
105.448
-1479.06
-516.749
-128.862
123.322
-1755.94
-499.966
-103.962
457.038
-1416.78
-495.028
-83.2428
245.699
-1593.52
-449.535
-131.133
412.933
-1384.99
-476.816
-42.5176
264.357
-1820.68
-515.666
-87.5861
533.463
-1256.56
-405.309
37.2739
383.69
-1802.43
-498.255
-62.9405
576.463
-206.273
-83.1141
-12.8791
65.4025
-177.404
-63.2275
-27.4264
61.7835
-531.984
-217
-18.1714
171.309
-446.173
-166.328
-70.9752
160.439
-1053.61
-365.452
-11.6287
365.261
-956.934
-317.551
-84.8148
331.333
-1170.22
-429.058
-78.4943
273.731
-883.441
-299.734
-112.178
369.128
-1604.52
-448.629
-115.506
580.821
-128.498
-47.3451
-14.3268
41.018
-59.8878
-32.9115
-14.3182
0.420011
-386.896
-136.98
-60.914
96.5101
-197.14
-98.4411
-52.142
-6.74987
-686.853
-228.191
-93.1247
173.694
-399.013
-172.559
-81.4511
-5.40652
-1044.38
-328.712
-117.228
264.302
-695.696
-254.342
-108.209
-0.642973
-1374.88
-395.123
-187.538
221.251
-935.759
-307.087
-145.027
-19.6572
-1835.68
-512.039
-201.514
274.859
-925.295
-285.776
-120.107
10.2987
-1769.48
-501.921
-228.647
226.858
-1024.09
-318.115
-139.964
-9.5152
-1812.65
-470.954
-151.442
356.076
-829.371
-231.18
-75.4681
52.3496
-1721.69
-405.821
-96.0346
402.187
-735.701
-166.216
-28.4584
87.5798
-4.56424
-8.51111
-6.05866
-3.93814
-2.90521
-22.9681
-16.8777
-10.4948
-6.57143
-4.80357
-8.4712
-19.4122
-13.8514
-8.95762
-6.56093
-49.8612
-37.4208
-23.2688
-14.5082
-10.5753
-2.97476
-23.3193
-16.9937
-11.0016
-8.03635
-65.3941
-49.2534
-30.4086
-18.8321
-13.6738
-31.9154
-24.7075
-15.3039
-9.4558
-6.86033
-3.29977
-10.3515
-7.49648
-4.81914
-3.55146
-13.2305
-25.504
-17.5585
-11.1685
-8.18051
5.34998
-8.44336
-6.57111
-4.29218
-3.16957
-38.6316
-35.5287
-22.3856
-13.9231
-10.1168
-0.00738035
-9.82908
-7.05914
-4.54576
-3.35526
11.6653
-11.9302
-9.81877
-6.47079
-4.78125
8.3289
-6.72577
-5.50408
-3.60699
-2.66273
37.116
-0.499627
-3.80247
-2.9369
-2.29499
24.6236
0.765271
-1.49568
-1.2428
-0.993744
0.597037
-5.94435
-4.51403
-2.99103
-2.22154
-4.86247
-5.94071
-3.96969
-2.56052
-1.89029
-5.90704
-16.9419
-11.9354
-7.74496
-5.70009
-17.4963
-16.9924
-10.9033
-6.94208
-5.10445
10.135
-18.1732
-13.9229
-9.19086
-6.78624
-29.5461
-24.9558
-15.5949
-9.86711
-7.20708
-35.8316
-29.6929
-18.2508
-11.3486
-8.22657
-33.9896
-21.0729
-12.4801
-7.77772
-5.62682
-25.6717
-17.261
-10.2124
-6.26513
-4.53772
-52.2521
-201.535
-81.7475
-511.852
-4.14237
-701.762
307.877
-619.938
590.296
-47.2301
-751.635
-1263.21
173.485
-9.32767
-1167.81
-1843.02
-1468.44
-2099.15
-614.449
-145.591
-33.0435
-7.32877
-1.84374
-161.547
-89.1588
-12.4424
-3.43483
-1.54335
-1898.5
-446.046
-101.49
-22.3882
-5.63887
-387.019
-118.622
-30.5048
-6.59065
-1.81926
-3198.83
-751.048
-171.248
-37.8986
-9.5249
-670.875
-210.748
-52.9031
-12.5189
-3.18655
-4309.14
-1011.17
-231.285
-51.3283
-12.9159
-843.577
-275.168
-70.1489
-16.6323
-4.20265
-5423.1
-1279.21
-294.132
-65.562
-16.563
-1008.26
-345.836
-89.3878
-21.3074
-5.42399
-6495.34
-1573.27
-366.07
-82.2103
-20.8516
-1604.44
-491.027
-121.375
-27.9204
-7.00753
-6026.53
-1454.74
-337.137
-75.4218
-19.0742
-1253.3
-414.35
-105.408
-24.7336
-6.22038
-6717.56
-1630.07
-380.032
-85.4799
-21.7131
-1813.01
-538.57
-131.34
-29.8131
-7.46583
-7019.72
-1689.78
-394.607
-88.7303
-22.5277
-1880.25
-560.829
-138.059
-29.1352
-7.71938
-515.378
-6951.6
-6138.01
-2206.18
-1577.8
-925.384
-3705.28
-2679.38
-6481.83
-6056.38
-3091.45
-2324.07
-365.654
-562.669
-969.593
-1580.11
-2376.21
-3287.09
-264.831
-571.493
-1191.93
-2081.66
-3146.01
-4237.97
-277.548
-127.916
-478.606
-327.039
-884.523
-732.876
-1481.66
-1373.68
-2137.45
-2052.3
-2812.26
-2534.37
-4088.07
-4634.1
-5058.81
-7571.65
-8509.26
-9394.77
-5157.97
-5689.87
-5677.8
-5196.14
-4463.97
-3914.51
-330.237
-279.662
-212.323
-132.511
-45.0319
-507.805
-429.677
-325.948
-203.297
-69.0648
-874.32
-739.086
-560.151
-349.146
-118.577
-1423.14
-1201.42
-909.47
-566.43
-192.303
-2136.19
-1799.84
-1360.23
-846.348
-287.236
-2946.05
-2474.54
-1865.79
-1159.68
-393.538
-239.041
-202.328
-153.531
-95.778
-32.5383
-515.471
-435.894
-330.469
-206.027
-69.9751
-1074.22
-907.551
-687.487
-428.376
-145.462
-1873.77
-1580.93
-1196.23
-744.864
-252.867
-2826.49
-2380.08
-1798.12
-1118.74
-379.717
-3796.71
-3188.1
-2403.79
-1494.45
-507.293
-250.788
-212.45
-161.345
-100.724
-34.2406
-115.59
-97.9265
-74.3738
-46.4312
-15.7845
-432.144
-365.817
-277.618
-173.21
-58.8586
-295.34
-250.065
-189.812
-118.442
-40.2501
-798.039
-674.978
-511.819
-319.132
-108.406
-661.372
-559.541
-424.39
-264.658
-89.9067
-1335.22
-1127.85
-854.168
-532.123
-180.674
-1238.1
-1045.95
-792.196
-493.506
-167.553
-1922.66
-1620.78
-1225.26
-762.376
-258.706
-1846.19
-1556.26
-1176.23
-731.628
-248.205
-2521.21
-2117.76
-1596.22
-991.485
-336.269
-2272
-1907.73
-1436.73
-891.46
-302.091
-3645.21
-3047.21
-2290.7
-1423.03
-483.435
-4094.81
-3397.08
-2544.56
-1583.17
-540.463
-4395.95
-3601.97
-2688.5
-1685.22
-584.59
-6369.28
-5118.14
-3822.85
-2457.59
-898.26
-6759.22
-5279.85
-3971.74
-2682.83
-1098.07
-7142.08
-5472.48
-4142.16
-2903.09
-1285.17
-4601.35
-3848.74
-2895.11
-1799.44
-611.419
-5043.57
-4195.95
-3148.34
-1958.82
-667.592
-4982.76
-4113.8
-3079.32
-1923.27
-660.625
-4481.65
-3657.28
-2733.74
-1725.79
-605.097
-3721.15
-2976.47
-2227.42
-1443.24
-533.58
-3143.63
-2462.21
-1846.86
-1232.72
-483.145
-384.289
-620.384
-1071.63
-1734.04
-2592.35
-3557.02
-290.616
-651.482
-1331.78
-2284.79
-3403.47
-4516.49
-295.221
-142.752
-533.768
-374.681
-984.035
-822.944
-1636.89
-1521.33
-2369.47
-2315.73
-3119.27
-2939
-4375.42
-4907.48
-5314.27
-7734.24
-8583.83
-9418.01
-5402.44
-5844.95
-5719.6
-5141.56
-4375.38
-3873.02
-347.171
-294.113
-223.382
-139.458
-47.4013
-560.294
-474.504
-360.284
-224.883
-76.4312
-967.231
-818.573
-621.15
-387.552
-131.693
-1563.65
-1321.99
-1002.29
-625.028
-212.345
-2334.21
-1970.5
-1492.21
-929.978
-315.901
-3194.94
-2690.7
-2034.28
-1267.13
-430.509
-262.48
-222.323
-168.829
-105.387
-35.8162
-588.194
-497.984
-378.017
-235.912
-80.1715
-1201.56
-1016.49
-771.083
-481.01
-163.438
-2059.2
-1740.06
-1318.75
-822.215
-279.325
-3062.41
-2583.49
-1955.5
-1218.5
-413.917
-4053.54
-3411.21
-2577.75
-1605.44
-545.488
-266.825
-226.123
-171.799
-107.287
-36.4778
-129.052
-109.394
-83.1347
-51.9275
-17.6585
-482.276
-408.597
-310.358
-193.778
-65.8755
-338.61
-286.96
-218.026
-136.156
-46.2906
-888.603
-752.403
-571.19
-356.491
-121.161
-743.322
-629.582
-478.083
-298.436
-101.437
-1476.89
-1249.39
-947.715
-591.165
-200.865
-1373
-1161.84
-881.509
-549.936
-186.863
-2135.14
-1803.81
-1366.73
-851.972
-289.409
-2087.53
-1764.24
-1337.07
-833.532
-283.134
-2804.18
-2363.46
-1787.65
-1113.5
-378.222
-2644.17
-2230.03
-1687.2
-1050.78
-356.808
-3913.21
-3283.05
-2476.98
-1543.14
-525.037
-4355.03
-3631.17
-2733.48
-1707.19
-583.939
-4647.35
-3835.61
-2882.87
-1816.23
-631.511
-6552.37
-5306.85
-3994.55
-2583.11
-947.01
-6864.96
-5399.88
-4090.16
-2777.74
-1140.1
-7180.72
-5518.02
-4188.71
-2942.14
-1303.44
-4829.48
-4049.65
-3053.96
-1901.96
-646.95
-5192.64
-4331.55
-3258.97
-2032.09
-693.41
-5030.49
-4164.31
-3126.02
-1957.23
-673.331
-4442.65
-3634.1
-2724.45
-1725.25
-606.487
-3649.94
-2923.56
-2193.8
-1427.14
-530.071
-3109.78
-2436.3
-1829.74
-1224.13
-481.167
-19859.8
-14429.1
-5034.89
-4011.74
-3063.28
-4273.71
-3953.78
-13014.9
-14596.5
-11535.3
-13308.5
-7842.01
-11234.4
-5983.67
-6252.25
-4554.81
-20510.6
-11277
-4311.59
-7053.75
-9241.86
-6343.15
-6993.24
-5290.35
-3251.28
-4686.33
-5236.91
-5364.46
-19472.2
-13010.1
-12823.2
-9165.22
-9134.4
-9688.89
-4560.13
-5748.33
-7170.02
-14140.6
-12227.6
-10251.9
-9438.09
-8036.66
-9406.38
-6456.26
-4997.42
-3807.63
-1934.23
-4465.21
-3721.38
-2801.51
-1750.85
-599.574
-3593.55
-3018.94
-2279.27
-1419.77
-482.8
-2741.25
-2299.57
-1732.97
-1077.47
-365.882
-3837.2
-3229.63
-2439.82
-1518.54
-515.646
-3531.22
-2957.88
-2228.38
-1386.83
-471.619
-9511.92
-7896.75
-6487.04
-5803.73
-5663.32
-10844.9
-9332.84
-7529.72
-5977.02
-3505.92
-8303.93
-5833.66
-4382.52
-3038.62
-1307.01
-9870.4
-8134.15
-6357.14
-4640.83
-2224.15
-6625.3
-5307.73
-3910.65
-2439.1
-848.408
-8806.88
-6561.69
-4783.86
-3028.61
-1104.04
-5179.84
-4222.69
-3131.13
-1944.76
-667.023
-5391.13
-4381.13
-3243.02
-2014.25
-691.665
-3977.56
-3263.91
-2426.08
-1503.84
-512.983
-14407.1
-11497.7
-9521.4
-8349.5
-7530.71
-8758.21
-6699
-5077.99
-3471.22
-1510.99
-3723.46
-3035.27
-2258.04
-1412.65
-490.642
-6113.31
-5009.12
-3751.94
-2368.51
-833.054
-7782.4
-6283.82
-4731.77
-3077.76
-1159.07
-5476.5
-4481.02
-3365.54
-2140.02
-760.01
-6113.39
-5046.73
-3797.37
-2397.88
-837.543
-4657.6
-3858.16
-2896.38
-1812.85
-623.953
-2871.14
-2379.09
-1778.73
-1103.77
-375.71
-4171.28
-3482.58
-2617.57
-1627.67
-553.781
-4583.93
-3772.85
-2814.46
-1751.74
-600.523
-4721.81
-3908.05
-2928.77
-1828.61
-627.936
-13691
-11451.2
-9635.26
-8599.26
-7462.29
-9158.27
-6629.57
-5127.87
-3789.22
-1901.24
-9864.47
-8027.2
-6253.9
-4626.08
-2209.33
-7334.16
-5669.41
-4317.8
-2945.33
-1188.3
-7720.54
-6258.77
-4728.16
-3085.15
-1157.64
-7750.48
-5980.35
-4550.63
-3096.99
-1237.5
-3984.01
-3285.04
-2467.91
-1555.53
-542.32
-5105.53
-4256.69
-3200.39
-1994.2
-680.228
-6249.22
-5141.28
-3857.93
-2431.99
-848.183
-471.074
-1345.86
-2148.99
-2913.97
-3644.39
-4328.8
-2671.86
-7172.78
-6799.27
-2609.53
-9107.67
-7641.86
-9083.65
-10045
-2425.95
-1565.67
-5635.91
-3249.06
-10692.3
-7600.7
251.224
-2165.36
-5971.7
-5579.11
-2098.53
-7738.56
-6222.02
-7606.29
-8550.3
-2007.82
-920.757
-4843.68
-1686.89
-8841.66
-4551.12
1604.95
-1578.46
-4531.33
-4217.74
-1533.37
-6099.65
-3716.22
-6151.94
-6795.57
-1511.84
-838.913
-3424.49
-1757.77
-7038.47
-1786.77
1745.5
-1158.55
-3496.71
-3319.34
-1166.03
-4652.71
-2244.66
-5093.5
-5977.18
-1134.87
-882.668
-2502.3
-1779.95
-6177.5
-346.521
1312.61
-933.377
-2957.16
-2851.46
-980.168
-3725.73
-1854.4
-4556.29
-5790.33
-895.716
-963.348
-1793.53
-1712.16
-5380.84
-130.311
154.237
-822.563
-2632.7
-2613.64
-886.013
-3443.65
-2120.96
-4213.03
-5530.87
-689.608
-755.968
-1475.74
-1674.64
-5294.93
-953.904
-477.502
-1393.67
-3404.92
-5002.28
-1935.74
-5513.72
-9645.42
-7325.36
-10549.1
-1007.42
-707.671
-3884.46
-2384.95
-1145.54
-9218.58
-4812.3
-1297.31
-3176.35
-4396.79
-1682.64
-5100.18
-8725
-6614.78
-8987.03
-1030.75
-625.43
-4023.29
-2255.87
-325.671
-9049.31
-3616.54
-1142.16
-2806.1
-3605.41
-1353.09
-4649.44
-7812.84
-5634.43
-7913.56
-915.952
-718.422
-3444.92
-2350.31
-548.793
-7321.91
-3457.35
-989.444
-2534.31
-2995.89
-1100.44
-4345.46
-7103.97
-5021.95
-7193.11
-842.084
-725.166
-3190.61
-2442.87
-362.416
-6799.05
-3483.35
-895.81
-2284.02
-2663.37
-963.736
-3951.64
-6527.35
-4586.58
-6841.83
-789.942
-780.912
-2904.22
-2644.65
-512.161
-6531.87
-3551.15
-832.945
-2041.56
-2471.58
-887.379
-3651.75
-6446.5
-4263.25
-6620.35
-821.303
-907.143
-2591.48
-2519.67
-768.393
-6684.67
-3933.3
6127.86
7737.46
16029.1
23440.2
23866.2
41122.2
18317.4
46642.8
14921.6
32764
22342.3
33923.5
20018
26322.4
7564.59
8580.68
15064.5
17249
19433
19272
15285.7
18872.5
22520.8
20195.7
5061.67
3847
6209.67
4196.66
12726.9
10164.3
21766.6
15767.7
16795
17493.1
18680.7
17860.2
6583.13
5120.51
39782.7
53253.8
25701.3
31551.3
53462.4
69374.3
27646.4
31653
29512.3
41685.4
25759.7
34136.2
15093.3
24311.5
2740.91
940.389
2810.26
1025.26
8739.77
3528.93
12020.5
4425.79
8561.55
3280.57
9074.54
2911.02
15475.7
4926.42
19962.5
6738.91
24347.1
12103.8
22289
13207.3
22792.5
14742.7
20049.4
15057.1
17554
10431.6
17564.9
8965.96
23000.4
14686.8
23052.5
14818.2
21181.9
15929.8
21438.5
15995.5
18958.1
12033.6
19634.9
12325.9
17948.3
7787.84
8306.18
10138.3
18021.7
8520.18
7259.92
10293.9
19007
7746.68
9405.35
10201.5
19949.3
7931.39
10225.1
10651
3537.74
3823.5
1216.54
2341.89
10956.7
11596.9
4242.71
7568.55
14089
15639.1
6832.42
11637.5
12294.6
999.416
13697.6
16976
9261.19
656.68
7405.52
12359.1
19950.6
13984
10029.9
12213.6
10721
9291.57
14598
3287.82
2673.35
1860.6
1868.78
10169.1
8544.78
6193
5866.35
12640
10645.1
8011.98
7177.94
5826.57
7438.54
12065.9
12527.2
14182.5
12896.4
16001.2
13896.7
10915.6
9190.4
9115.92
9548.53
12052.2
9436.32
11009.7
7944.03
9559.75
6532.78
11201.7
7317.83
10301.6
4717.66
8865.15
9558.3
12631.1
16418.3
13904.1
20204.9
7069.81
7805.44
9136.79
2813.13
7908.44
15201.1
7506.97
16315.5
13770.4
24954
14012.5
26503.8
5998.61
13091.5
5459.15
13968.9
8302.55
6231.5
11582.8
4551.53
8512.39
1579.66
10081.4
664.377
7989.15
9383.37
12139.5
5593.36
6617.16
11079.1
10750.9
7349.15
2081.59
1844.2
1664.69
1540.2
1419.31
1276.01
6955.69
5657.82
4861.67
4498.4
3581.32
3080.69
8448.39
7243.09
6670.64
5371.31
4347.83
4092.82
6505.39
5711.95
5555.82
10897.4
8211.19
6883.02
10320.7
7558.58
6093.17
10823
8478.89
7342.79
6800.95
4444.04
3445.96
15676.4
13467
11594.3
10123.3
8358.9
6885.24
9046.99
6967.48
5506.77
7642.11
5466.94
4152.12
7933.56
4386.86
2442.55
10420.8
14117.4
8247.49
10661.4
11277.2
16554.5
10082.9
14666.1
69.6695
626.355
-431.05
57.3077
2959.98
3411.18
1228.68
735.538
659.575
2366.1
9411.53
13728.5
6636.92
3664.48
9964.96
9897.54
15409.3
16979.1
-624.596
-4179.37
7589.86
7155.51
7225.05
5573.06
889.809
489.757
565.037
235.521
2019.53
185.968
-304.971
-850.755
9221.37
2357.9
6254.24
1613.02
9069.42
2756.49
10986.6
3524.36
8855.41
11941.2
8185.65
11643.3
14299.7
15109.2
13643.9
14301.2
5625
9376.67
6499.15
9317.77
8689.97
11214.2
9588.93
11326.8
14217.8
14043.1
14887.5
14098.3
5681.52
9071.75
6185.65
9237.01
-198.986
1280.09
7341.26
4540.96
-761.223
867.531
6800.47
4008.22
263.94
1543.82
7505.86
4953.23
718.169
1815.29
7542.35
5126.61
-671.296
-766.537
144.515
-4.32187
-2937.18
-2965.46
-239.941
-405.798
-654.976
-2040.37
1621.34
954.584
-10270.6
-9630.81
-5593.38
-4319.99
-494.24
-10543.8
-10801.8
-4328.45
-6406.81
-897.4
10313.7
8056.96
7113.66
6637.94
3979.25
-781.839
-712.556
-67.7684
21.6675
-2559.68
-2490.54
-131.058
98.474
-2610.67
-3118.93
622.577
917.323
-5133.57
-2292.83
-8137.8
-5061.19
-3646.13
-2746.36
-4132.24
-3561.14
359.086
1266.3
3787.07
2388.04
1035.72
-1011.37
971.23
-774.58
1636.79
314.08
1987.47
2261.5
5201.57
4744.43
9909.29
5966.44
8132.28
8164.32
12345.1
9988.05
7766.42
4546.48
3853.67
3817.21
11688.6
5145.62
12858.2
5771.59
13771
10194.2
14696.6
10934
9436.47
3692.46
10574.5
4285.48
6068.37
4774.39
4610.58
6826.52
3901.68
4381.53
3930.97
6327.64
7015.73
4710.93
5215.21
7841.91
8551.37
5120.15
6572.28
8095.84
-717.564
-743.444
-831.296
-54.4269
-276.409
-303.88
-2713.34
-2869.77
-2863.25
-209.782
-789.015
-793.321
-3472.97
-3839.5
-3925.55
529.709
-782.528
-1051.39
-1207.51
-1025.66
-722.935
-3678.88
-3741.79
-3478.66
-3007.93
-3375.05
-3310.09
-3725.34
-3969.51
-3859.86
1248.69
-354.602
-472.239
3475.33
1986.42
1063.56
-965.725
-2048.38
-2625.63
-946.478
-2321.13
-2918.52
-436.552
-1917.85
-2342.37
2181.87
-492.61
-807.381
-25.3269
-34.0126
-42.4463
-63.6018
-245.891
-136.018
-111.779
-105.729
-16.6639
-75.1166
-172.226
-261.768
-426.59
-268.192
-300.485
-316.223
206.871
-29.9274
-247.192
-467.092
-165.07
-219.425
-276.897
-309.822
-39.4155
-131.152
-129.835
-125.668
206.106
7.33694
-112.314
-187.596
907.848
187.578
-82.2307
-273.52
1418.77
330.742
10.7931
-476.198
622.87
76.592
-164.501
-412.852
1162.31
250.431
28.5473
-413.876
971.309
225.336
-110.841
-352.081
1594.01
394.421
13.7586
-561.632
1087.06
298.699
-103.337
-422.556
1719.58
452.057
34.4264
-587.119
-8.38695
-19.7247
-37.585
-81.1791
-37.7124
-28.6024
-21.4546
-73.907
-78.9718
-78.2149
-131.157
-244.919
-168.892
-105.775
-76.2912
-222.496
376.926
45.4863
-140.407
-414.152
160.021
-31.3367
-99.114
-390.699
58.1448
-118.645
-212.354
-416.621
1.49413
-96.1728
-83.3849
-394.035
994.102
190.04
-10.0339
-548.504
-83.6829
-41.62
-28.4739
-56.7648
-151.019
-60.0693
-30.5967
-26.7939
-171.761
-103.579
-65.6841
-161.143
-404.151
-170.386
-82.7988
-75.8996
-112.083
-117.921
-91.6231
-263.571
-518.191
-241.232
-125.521
-119.429
73.8228
-108.154
-115.452
-367.295
-413.276
-261.284
-148.903
-151.375
507.635
-16.9064
-51.2399
-348.456
-132.128
-225.575
-135.327
-153.791
1154.06
116.287
-34.7702
-400.877
365.333
-56.2094
-83.1071
-140.992
884.862
31.4683
-45.6623
-372.866
207.43
-132.165
-113.362
-153.959
1401.32
219.464
-1.79806
-435.538
506.16
17.8518
-53.1065
-131.513
1586.97
321.017
43.7579
-429.346
634.769
96.9796
-13.7866
-113.385
-28.3165
-12.2861
-6.17678
-3.52943
-2.49633
-37.2118
-18.6956
-10.0284
-5.86445
-4.15518
-74.4064
-31.1131
-15.4448
-8.79021
-6.21562
-92.3118
-45.6999
-24.4625
-14.3445
-10.1878
-98.6258
-39.0172
-19.1364
-10.8785
-7.7128
-124.037
-60.7295
-32.621
-19.2428
-13.7284
-64.7869
-31.0345
-16.6062
-9.81583
-7.00737
-46.2728
-18.2918
-8.93233
-5.11961
-3.61478
-98.5414
-39.8182
-19.9304
-11.4775
-8.11426
-47.0839
-16.318
-7.67605
-4.31632
-3.02343
-103.885
-46.2015
-24.2071
-14.1618
-10.0714
-44.5074
-16.2257
-7.86807
-4.46078
-3.11962
-75.9932
-26.0835
-12.0728
-6.76929
-4.75149
-44.6793
-14.5942
-6.7327
-3.78723
-2.66119
-66.5469
-16.9768
-6.3084
-3.20932
-2.16228
-36.7972
-8.04816
-2.72342
-1.32585
-0.8747
-23.5679
-9.24213
-4.47044
-2.5022
-1.75303
-16.8795
-7.23007
-3.64398
-2.05984
-1.42879
-63.6254
-25.3198
-12.4201
-6.97126
-4.87597
-48.6627
-21.0411
-10.7046
-6.06067
-4.23394
-89.068
-31.2448
-14.6826
-8.10515
-5.65157
-65.8231
-28.9677
-14.9313
-8.49523
-5.99308
-79.8548
-35.5027
-18.6813
-10.8697
-7.73574
-44.6476
-21.9719
-11.7255
-6.75741
-4.81441
-41.3137
-19.5061
-10.5226
-6.19993
-4.41802
255.786
384.346
694.75
1098.54
659.765
1335.71
92.854
1046.15
-572.231
72.8267
673.741
1186.84
-336.492
-251.781
1131.08
1817.84
1458.6
2093.82
568.387
131.557
29.6144
6.54188
1.64261
180.452
85.1197
11.5089
3.08493
1.40681
2012.45
467.477
105.938
23.3356
5.87286
510.94
139.4
34.0132
7.21263
1.94348
3331.79
774.282
175.875
38.8588
9.75894
794.338
230.631
56.1368
13.0545
3.28734
4462.51
1039.98
237.185
52.5643
13.2167
920.953
289.371
72.7026
17.0965
4.29505
5559.52
1308.4
300.472
66.9259
16.8985
1014.03
351.048
90.8018
21.6296
5.49739
6555.14
1589.95
370.197
83.1619
21.095
1591.48
490.148
121.492
27.9899
7.03072
6115.67
1478.43
342.73
76.6704
19.3859
1226
413.814
105.861
24.8943
6.26312
6751.91
1639.82
382.512
86.0634
21.8649
1809.76
538.523
131.445
29.8518
7.47777
7031.3
1693.05
395.449
88.931
22.5801
1880.17
560.986
138.121
29.1467
7.72332
509.848
7037.23
6419.16
2282.16
-1455.96
-2523.6
-7907.63
-11548.1
-1832.46
-8530.91
1655.74
-2621.11
-2531.99
-5007.25
-9478.23
-13410.6
-14198.4
-17836.6
-5017.81
-6506.91
19916.2
14371.8
4652.97
3604.88
2585.84
3682.3
3459.53
12208.9
11574.9
9915.69
10651.7
8740.1
6277.78
8222.91
5405.28
4579.58
5548.75
3809.86
19798.4
10239.4
3577.96
6118.26
8363.49
5820.17
6322.68
4694
2833.65
4003.14
4277.76
4630.53
19577.3
12808.2
12154.8
8763.55
8674.9
9142.39
3872.44
5092.18
6516.11
14122.3
12150.5
10136.1
9281.92
7890.63
9311.77
6358.61
4903.02
3729.05
1899.99
4099.67
3390.75
2533.51
1574.36
537.589
3215
2686.73
2017.66
1251.58
424.668
2293.52
1903.29
1418.44
874.057
295.353
3288.98
2750.53
2064.09
1277.8
432.614
3065.61
2543.91
1898.54
1172.95
397.346
7807.17
5939.41
4619.65
4240.88
4529.07
6294.9
4600.03
3254.12
2681.98
1863.09
6184.32
3712.49
2559.53
1768.82
842.275
5458.84
3660.76
2421.55
1750.24
1026.2
4077.19
2538.18
1573.92
1082.96
527.656
4958.53
3693.28
2542.55
1514.47
519.658
5593.54
3592.53
2343.22
1397.8
520.191
3547.7
2123.89
1273.25
689.202
232.121
3766.65
2900.01
2035.96
1214.59
409.001
4422.1
3294.33
2240.96
1302.75
432.039
3167.76
2459.69
1732.5
1030.06
343.766
13037.9
9879.91
7920.4
6973.93
6563.06
7518.71
5429.96
3952.9
2665.32
1189.8
2971.04
2318.1
1654.96
1006.16
345.92
5168.79
4116.07
3002.89
1862.62
651.698
6833.91
5344.61
3914.72
2506.11
944.109
4939.26
3964.76
2925.62
1838.28
650.198
5458.3
4442.93
3299.58
2065.11
719.039
4074.99
3321.26
2454.7
1519.06
520.147
2439.09
1960.84
1422.06
861.478
289.456
3518.34
2893.21
2141.44
1315.63
444.736
3631.7
2886.17
2081.27
1263.38
428.145
4001.29
3241.77
2379.79
1463.48
499.055
13550
11158.4
9248.14
8158.17
7021.75
8866.1
6325.44
4839.27
3557.81
1796.96
8930.87
7040.72
5325.24
3902.9
1881.04
6870.49
5192.18
3885.69
2627.13
1064.56
7213.96
5745.78
4271.11
2757.49
1031.59
7110.88
5333.11
3965.62
2669.02
1068.28
3314.88
2671.36
1965.11
1221.69
424.197
4478.62
3690.96
2743.35
1694.53
575.442
5593
4521.96
3337.92
2080.12
722.087
5258.36
10536.4
12067.3
33149.8
11891.6
44318.9
5974.51
14186.7
11855.5
9145.2
19690.5
16425.9
11804
11083.3
22068.9
17463.8
3880.29
2921.51
7394.57
5092.05
9375.26
7026.9
25283.9
18678.1
15398.9
11692.9
15854.8
9421.44
1200.49
3789.94
41109.9
53796.4
24831.1
31401.4
54280.7
69709.3
26691.2
31422.7
30654.2
42273.6
24965.3
34077
16603.4
25028.7
1928.19
528.005
3235.13
1116.05
6761.77
3025.1
13837.4
4997.65
2982.38
1697
7468.71
2349.12
15493.5
4869.64
20142.3
6788.27
16700.5
8660.12
19276.4
11446.3
15171.2
10858
17063.7
13197.3
15429.4
9028.19
12200.1
6312.49
21835.4
13894
22761
14601.4
19992.7
15121.7
21120.5
15775.6
18175.2
11385.1
19449.6
12146.8
16924.6
7487.9
7379.93
9764.71
15141.3
7659.29
5538.24
9610.2
18731.9
7669.41
8973.28
10018.4
19916.4
7924.3
10103.2
10597.7
1160.03
1035.6
308.717
1197.54
4597.37
4767.68
2904.71
5800.53
2632.17
3283.45
4571.76
8651.47
12176.5
9694.69
9489.42
11888.6
7877.96
7622.35
8199.56
7028
13778.3
12066.7
11665.4
9826.48
6871.37
5932.96
13025.7
1056.53
801.237
553.133
651.37
4338.11
3425.84
3736.38
3270.56
644.523
-504.933
4372.77
3437.82
10176.4
10806.3
9527.81
8726.25
7165.8
5204.51
9401.48
7479.76
8493.79
6652.9
11627.3
11789.4
9984.1
7751.12
7420.33
4993.41
6578.15
4128.42
9887.11
5993.44
9358.71
5034.65
8356.25
9487.81
13115.6
17412.7
13839
20199.1
6432.59
7607.32
7791.34
2831.77
7714
15074.2
7458.66
16264.6
13687.5
25064
13981.9
26487.7
5751.5
12935.5
5398.39
13919.2
7838.34
6124.39
11396.7
4582.89
7524.23
1750.27
9801.35
1186.29
7801.32
9290.2
12053.8
5587.87
6566.41
11047.1
10726.7
7338.92
787.99
754.115
525.526
623.673
2603.59
1890.69
2399.53
2172.94
-1073.13
-568.838
2802.23
3104.94
10682.6
10110.4
7740.32
6655.18
4140
3474.58
5870.99
4835.13
5596.83
4080.46
18321.5
15984.5
8034.67
6792.01
6144.82
4633.06
5112.87
3248.2
5489.3
2353.19
5619.71
9245.39
4921.1
9387.13
8411.63
10485
9457.63
12874.7
878.88
587.007
661.062
523.966
3668.89
2647.96
3010.91
1720.63
1350
1631.28
8337.19
8941.82
4670.89
4217.68
9407.22
9763.25
14541.3
16733.6
-402.859
-3998.65
7367.41
7157.29
7109.9
5611.49
917.708
865.602
1004.86
858.43
1745.81
1132.27
609.221
471.125
8104.04
3697.01
6890.88
3096.93
9326.09
3643.99
11096.5
3886.09
5370.24
10255
6996.54
10741.7
8720.45
11740.7
11485.4
12731.9
5191.29
9160.99
4684.67
9121.71
8198.8
10839.7
9443.43
11227.3
13306.8
13384.2
14627.1
13919.9
5570.85
9005.17
6164.63
9227.56
379.775
2082.65
7747.66
5179.75
358.064
2155.5
7677.6
4959.75
695.165
2108.06
7730.11
5343.54
895.68
2042.42
7609.17
5260.79
920.431
999.638
900.699
959.47
2092.96
2140.52
1378.42
1487.94
8317.28
7615.24
3793.05
3794.94
3681.56
5170.27
3974.23
177.028
1697.55
1254.12
1356.89
3569.82
-2732.89
743.333
13881.5
11727.6
10526.3
9081.56
5568.43
982.915
852.416
1059.76
1311.89
2118.42
1679.48
1926.89
2555.64
7933.67
7788.21
4202.92
5407.93
5015.28
6691.76
3119.58
5047.45
4773.82
5202.2
1052.28
1430.93
2727.2
4094.49
9674.37
7926.73
7574.77
5546.32
6555.59
4663.84
5744.18
4147.29
4115.92
4502.97
8269.04
8150.21
11164.2
7187.09
10414.2
11153.7
13055.2
10974.7
9284.23
5725.39
6808.03
6778.34
12176.2
5903.04
12983.1
5954.38
13957.5
10831.1
14731.3
11069.4
10131.5
4430.18
10769.4
4480.83
7508.62
5837.31
5878.71
8015.19
6403.84
6758.48
5774.49
8280.06
7765.58
5404.38
5933.2
8597.42
8785.03
5337.23
6804.2
8311.06
625.768
536.487
927.249
681.714
1464.25
1721.41
1596.04
1193.52
7584.94
6643.58
3596.13
1612.27
7852.92
7439.93
6076.98
5459
5035.66
4324.74
1778.64
1850.46
3898.78
1778.14
8626.03
7383.41
4851.8
3871.1
3731.31
2401.14
2705
1234.39
4046.41
97.0672
202.667
92.182
32.7003
-17.0478
187.87
117.029
38.4155
-13.3792
600.932
264.09
6.97451
-163.968
538.897
307.22
31.8463
-112.515
986.203
392.153
-32.859
-370.803
967.893
468.798
153.867
-19.4921
668.156
316.238
154.693
49.3288
515.764
209.845
17.2705
-105.397
1479.55
516.993
129
-123.2
1756.09
500.08
104.05
-456.931
1417.26
495.304
83.4534
-245.443
1593.72
449.672
131.237
-412.801
1385.28
476.987
42.6258
-264.265
1820.72
515.744
87.6591
-533.36
1256.64
405.4
-37.1945
-383.608
1802.36
498.294
62.9969
-576.368
188.482
75.8877
11.949
-58.5281
159.147
56.9506
25.4312
-55.3373
532.399
217.336
18.0953
-172.994
448.406
166.991
70.6965
-162.034
1053.94
365.598
11.7739
-364.96
957.234
317.651
84.8832
-331.021
1170.65
429.319
78.6901
-273.471
883.773
299.91
112.291
-368.925
1604.78
448.792
115.633
-580.655
111.617
42.2783
13.2497
-36.331
50.5056
29.8227
13.5225
0.416914
392.589
138.129
61.1807
-97.8423
201.721
99.152
52.2359
6.34868
687.335
228.342
93.0945
-173.558
399.767
172.762
81.4086
5.29194
1044.73
328.905
117.323
-264.145
696.082
254.542
108.258
0.650841
1375.12
395.292
187.649
-221.108
936.015
307.267
145.113
19.7143
1835.81
512.177
201.617
-274.747
925.406
285.883
120.18
-10.2375
1769.69
502.097
228.77
-226.724
1024.26
318.26
140.054
9.58684
1812.67
471.035
151.513
-355.985
829.415
231.242
75.5152
-52.307
1721.61
405.847
96.0749
-402.113
735.676
166.235
28.48
-87.553
4.76293
7.94066
5.56041
3.57702
2.61672
21.6824
15.6821
9.68423
6.0372
4.40382
7.98504
19.2593
13.7777
8.90467
6.51704
49.2677
37.1993
23.1578
14.4328
10.5167
2.96198
23.3079
16.9836
10.9885
8.02294
65.3823
49.2549
30.4134
18.8335
13.6672
31.9477
24.7309
15.3225
9.47041
6.87024
3.32204
10.3656
7.50694
4.8273
3.55763
13.2849
25.5444
17.5917
11.1952
8.19949
-5.32094
8.46325
6.58697
4.30502
3.17982
38.7571
35.6207
22.4597
13.9834
10.1693
0.0517423
9.86059
7.08452
4.56654
3.37328
-11.6295
11.9535
9.83693
6.48528
4.79198
-8.30604
6.74
5.51484
3.61556
2.66966
-37.0895
0.514545
3.81345
2.94556
2.30169
-24.6103
-0.75829
1.50071
1.24677
0.996934
-0.145865
5.50587
4.10677
2.68958
1.98139
4.81156
5.50763
3.6286
2.31982
1.71766
5.51349
16.8608
11.9064
7.72374
5.68973
17.2021
16.963
10.9025
6.94056
5.10442
-10.085
18.211
13.9534
9.21286
6.80483
29.5039
24.9332
15.5784
9.84945
7.18194
35.9278
29.7596
18.3038
11.3911
8.26156
34.013
21.0862
12.4905
7.78446
5.62695
25.7189
17.2923
10.2369
6.28472
4.55349
30.326
170.678
96.8989
527.572
6.74598
703.589
-307.079
620.581
-590.045
47.4723
751.687
1263.29
-173.393
9.44719
1167.86
1843.09
1468.52
2099.24
539.914
127.033
28.7479
6.36431
1.59952
137.643
78.6892
10.5271
2.92652
1.36771
1924.13
452.714
103.029
22.7311
5.72437
399.276
122.444
31.4009
6.81952
1.87294
3197.27
750.73
171.181
37.8838
9.52108
671.564
211.047
52.9915
12.5398
3.19182
4309.09
1011.15
231.28
51.3265
12.9152
843.817
275.27
70.183
16.6413
4.20506
5423.36
1279.26
294.142
65.5635
16.5631
1008.4
345.889
89.4049
21.3121
5.42531
6495.72
1573.36
366.089
82.2143
20.8525
1604.54
491.058
121.384
27.9224
7.00805
6026.88
1454.82
337.153
75.4249
19.0748
1253.41
414.388
105.419
24.7365
6.22121
6717.94
1630.16
380.053
85.4842
21.7141
1813.11
538.601
131.348
29.8147
7.46623
7020.11
1689.87
394.628
88.7348
22.5288
1880.35
560.86
138.066
29.1367
7.71975
514.98
6951.01
6136.22
2206.38
1444.87
809.36
3731.2
2737.88
6513.93
6136.9
2843.58
2060.74
365.632
562.634
969.534
1580.02
2376.07
3286.91
264.815
571.457
1191.86
2081.53
3145.83
4237.73
277.531
127.908
478.576
327.018
884.469
732.831
1481.57
1373.6
2137.33
2052.18
2812.11
2534.24
4087.85
4633.86
5058.56
7571.3
8508.89
9394.4
5157.69
5689.57
5677.51
5195.89
4463.77
3914.35
330.217
279.645
212.309
132.503
45.0291
507.774
429.65
325.927
203.284
69.0604
874.266
739.041
560.116
349.124
118.569
1423.05
1201.35
909.414
566.395
192.291
2136.07
1799.73
1360.15
846.296
287.218
2945.89
2474.39
1865.68
1159.6
393.513
239.026
202.315
153.521
95.7719
32.5362
515.438
435.866
330.448
206.014
69.9705
1074.16
907.495
687.444
428.349
145.453
1873.66
1580.84
1196.16
744.818
252.851
2826.33
2379.94
1798.01
1118.67
379.693
3796.49
3187.92
2403.64
1494.36
507.261
250.772
212.437
161.335
100.718
34.2385
115.583
97.9202
74.3689
46.4281
15.7835
432.117
365.794
277.6
173.198
58.8548
295.322
250.049
189.799
118.434
40.2475
797.99
674.936
511.787
319.112
108.399
661.331
559.507
424.363
264.641
89.901
1335.14
1127.78
854.115
532.09
180.663
1238.02
1045.89
792.148
493.475
167.543
1922.55
1620.68
1225.19
762.329
258.691
1846.09
1556.17
1176.17
731.585
248.191
2521.07
2117.64
1596.12
991.425
336.249
2271.88
1907.62
1436.64
891.408
302.073
3645
3047.03
2290.56
1422.94
483.404
4094.59
3396.88
2544.4
1583.07
540.427
4395.71
3601.76
2688.33
1685.1
584.548
6368.93
5117.81
3822.58
2457.4
898.187
6758.85
5279.51
3971.44
2682.61
1097.98
7141.71
5472.13
4141.85
2902.85
1285.06
4601.09
3848.52
2894.94
1799.33
611.379
5043.3
4195.71
3148.14
1958.69
667.548
4982.49
4113.56
3079.13
1923.14
660.58
4481.41
3657.07
2733.56
1725.67
605.054
3720.96
2976.29
2227.27
1443.14
533.538
3143.47
2462.06
1846.74
1232.63
483.107
384.267
620.351
1071.57
1733.95
2592.22
3556.85
290.6
651.448
1331.71
2284.68
3403.3
4516.26
295.204
142.744
533.739
374.662
983.983
822.901
1636.8
1521.25
2369.35
2315.62
3119.11
2938.86
4375.21
4907.25
5314.03
7733.89
8583.47
9417.64
5402.16
5844.65
5719.31
5141.31
4375.18
3872.86
347.152
294.096
223.369
139.45
47.3986
560.263
474.478
360.264
224.871
76.427
967.179
818.529
621.116
387.531
131.686
1563.57
1321.92
1002.24
624.995
212.334
2334.09
1970.4
1492.14
929.928
315.884
3194.78
2690.56
2034.17
1267.06
430.486
262.466
222.311
168.82
105.381
35.8142
588.163
497.958
377.997
235.9
80.1672
1201.5
1016.43
771.042
480.984
163.429
2059.1
1739.97
1318.68
822.171
279.31
3062.25
2583.35
1955.39
1218.43
413.894
4053.33
3411.03
2577.62
1605.35
545.458
266.81
226.11
171.789
107.28
36.4758
129.045
109.388
83.1301
51.9246
17.6575
482.25
408.574
310.341
193.768
65.8719
338.592
286.945
218.015
136.148
46.2881
888.556
752.362
571.159
356.472
121.155
743.282
629.548
478.057
298.42
101.432
1476.82
1249.33
947.665
591.133
200.855
1372.93
1161.78
881.463
549.907
186.853
2135.03
1803.72
1366.66
851.928
289.394
2087.42
1764.15
1337
833.49
283.12
2804.04
2363.34
1787.56
1113.44
378.203
2644.04
2229.93
1687.12
1050.73
356.79
3913.02
3282.88
2476.85
1543.06
525.009
4354.82
3630.99
2733.33
1707.1
583.907
4647.13
3835.41
2882.71
1816.13
631.476
6552.05
5306.57
3994.33
2582.96
946.952
6864.62
5399.58
4089.91
2777.56
1140.03
7180.37
5517.69
4188.43
2941.92
1303.34
4829.23
4049.43
3053.8
1901.86
646.914
5192.37
4331.32
3258.79
2031.98
693.37
5030.23
4164.08
3125.84
1957.11
673.29
4442.42
3633.9
2724.29
1725.15
606.449
3649.75
2923.39
2193.66
1427.05
530.035
3109.62
2436.15
1829.61
1224.05
481.131
19859.2
14428.6
5034.66
4011.56
3063.16
4273.52
3953.61
13014.4
14596.4
11535
13308.4
7841.83
11234.1
5983.51
6252.08
4554.68
20509.8
11276.6
4311.46
7053.5
9241.51
6342.89
6992.95
5290.13
3251.17
4686.15
5236.74
5364.26
19471.5
13009.7
12822.8
9164.85
9134.02
9688.5
4559.96
5748.09
7169.73
14139.9
12226.8
10251.2
9437.39
8036.06
9405.89
6455.84
4997.05
3807.33
1934.07
4465
3721.2
2801.38
1750.76
599.544
3593.38
3018.8
2279.15
1419.7
482.776
2741.13
2299.48
1732.89
1077.42
365.866
3837.03
3229.49
2439.71
1518.47
515.622
3531.06
2957.75
2228.28
1386.77
471.597
9511.5
7896.43
6486.79
5803.53
5663.11
10844.8
9332.67
7529.56
5976.88
3505.79
8303.69
5833.48
4382.39
3038.53
1306.96
9870.3
8134.02
6357.03
4640.75
2224.08
6625.13
5307.59
3910.55
2439.04
848.384
8806.68
6561.53
4783.74
3028.53
1104.01
5179.69
4222.56
3131.03
1944.7
667.001
5390.97
4381
3242.92
2014.19
691.643
3977.44
3263.81
2426
1503.79
512.966
14406.4
11497.1
9520.93
8349.1
7530.35
8757.87
6698.73
5077.78
3471.07
1510.93
3723.34
3035.17
2257.96
1412.6
490.624
6113.08
5008.92
3751.79
2368.41
833.02
7782.08
6283.56
4731.57
3077.63
1159.02
5476.26
4480.82
3365.38
2139.92
759.974
6113.12
5046.5
3797.19
2397.76
837.503
4657.41
3858
2896.25
1812.77
623.925
2871.04
2379.01
1778.67
1103.73
375.696
4171.12
3482.44
2617.46
1627.61
553.758
4583.78
3772.72
2814.36
1751.68
600.502
4721.63
3907.9
2928.65
1828.54
627.91
13690.3
11450.5
9634.65
8598.71
7461.82
9157.82
6629.19
5127.55
3788.98
1901.12
9864.03
8026.82
6253.6
4625.86
2209.23
7333.82
5669.13
4317.57
2945.17
1188.24
7720.19
6258.47
4727.92
3084.98
1157.58
7750.14
5980.07
4550.4
3096.84
1237.44
3983.86
3284.92
2467.81
1555.46
542.298
5105.31
4256.51
3200.24
1994.11
680.197
6248.95
5141.05
3857.76
2431.87
848.143
471.059
1345.82
2148.92
2913.89
3644.29
4328.69
2471.22
7179.36
6806.16
2412.59
9104.47
7637.89
9080.4
10041.6
2251.98
1509.96
5614.82
3165.4
10692.1
7597.14
-247.08
1998.58
5978.72
5586.14
1936.51
7738.43
6220.09
7605.88
8548.62
1863.17
907.364
4817.43
1592.91
8845.11
4550.76
-1596.58
1453.78
4536.44
4222.69
1412.51
6101.72
3716.69
6153.49
6795.7
1399.01
818.501
3402.41
1689.05
7042.41
1788.75
-1740.05
1066.25
3499.55
3321.78
1074.06
4654.76
2245.79
5094.96
5977.87
1052.78
854.431
2481.37
1714.89
6180.68
348.606
-1309.07
858.907
2958.92
2852.6
903.323
3727.4
1855.53
4557.32
5791
832.582
909.769
1773.85
1672.67
5383.44
132.186
-151.723
757.124
2633.83
2614.1
817
3444.96
2121.89
4213.72
5531.43
643.731
721.707
1456.18
1643.37
5297.15
955.529
479.655
1284.91
3409.23
5008.65
1785.98
5514.94
9645.09
7325.59
10547.5
904.081
594.766
3913.81
2455.02
1145.52
9218.34
4811.52
1196.02
3180.22
4402.45
1551.25
5101.21
8724.82
6615.72
8986.31
925.612
513.772
4050.63
2334.1
324.88
9048.7
3614.96
1052.98
2809.21
3609.32
1246.68
4650.19
7812.93
5635.85
7913.74
823.485
597.058
3466.26
2424.08
547.544
7321.24
3455.14
912.612
2536.37
2997.89
1014.33
4345.78
7104.07
5023
7193.54
756.92
610.64
3210.64
2502.2
361.008
6798.3
3481.02
826.772
2285.3
2664.29
888.948
3951.63
6527.36
4587.2
6842.2
709.93
672.465
2923.04
2685.99
510.523
6531.08
3548.72
768.907
2042.45
2471.92
818.947
3651.61
6446.45
4263.59
6620.64
736.671
793.636
2613.19
2555.13
767.117
6684.05
3931.86
)
;

boundaryField
{
    patch1
    {
        type            calculated;
        value           nonuniform List<scalar> 
2440
(
-6584.51
-6654.36
-9142.79
-3872.6
-5092.42
-6516.4
-9688.89
-4560.13
-5748.33
-7170.02
6583.13
6636.92
9142.39
3872.44
5092.18
6516.11
9688.5
4559.96
5748.09
7169.73
-6739.14
-15992.6
-23834.9
-18308.7
-14908.4
-22296.7
-20003.1
-8798.39
-138.848
1667.19
7891.67
1786.51
-1673.22
2516.64
9442.71
14276.4
5830.61
-19916.8
-14372.3
-4653.21
-3605.07
-2585.96
-3682.49
-3459.69
-12209.3
-11575
-9915.96
-10651.5
-8739.85
-6277.9
-8223.02
-5405.22
-4579.67
-5548.78
-3809.92
-19799.2
-10239.8
-3578.06
-6118.5
-8363.86
-5820.44
-6322.98
-4694.21
-2833.73
-4003.3
-4277.89
-4630.72
-19577.9
-12808.7
-12155.3
-8763.94
-8675.31
8.62427
-277.548
-127.916
-478.606
-327.039
-884.523
-732.876
-1481.66
-1373.68
-2137.45
-2052.3
-2812.26
-2534.37
-295.221
-142.752
-533.768
-374.681
-984.035
-822.944
-1636.89
-1521.33
-2369.47
-2315.73
-3119.27
-2939
-19859.8
-14429.1
-5034.89
-4011.74
-3063.28
-4273.71
-3953.78
-13014.9
-14596.5
-11535.3
-13308.5
-7842.01
-11234.4
-5983.67
-6252.25
-4554.81
-20510.6
-11277
-4311.59
-7053.75
-9241.86
-6343.15
-6993.24
-5290.35
-3251.28
-4686.33
-5236.91
-5364.46
-19472.2
-13010.1
-12823.2
-9165.22
-9134.4
6127.86
16029.1
23866.2
18317.4
14921.6
22342.3
20018
7564.59
137.918
-1455.96
-7907.63
-1832.46
1655.74
-2531.99
-9478.23
-14198.4
-5017.81
19916.2
14371.8
4652.97
3604.88
2585.84
3682.3
3459.53
12208.9
11574.9
9915.69
10651.7
8740.1
6277.78
8222.91
5405.28
4579.58
5548.75
3809.86
19798.4
10239.4
3577.96
6118.26
8363.49
5820.17
6322.68
4694
2833.65
4003.14
4277.76
4630.53
19577.3
12808.2
12154.8
8763.55
8674.9
-8.84501
277.531
127.908
478.576
327.018
884.469
732.831
1481.57
1373.6
2137.33
2052.18
2812.11
2534.24
295.204
142.744
533.739
374.662
983.983
822.901
1636.8
1521.25
2369.35
2315.62
3119.11
2938.86
19859.2
14428.6
5034.66
4011.56
3063.16
4273.52
3953.61
13014.4
14596.4
11535
13308.4
7841.83
11234.1
5983.51
6252.08
4554.68
20509.8
11276.6
4311.46
7053.5
9241.51
6342.89
6992.95
5290.13
3251.17
4686.15
5236.74
5364.26
19471.5
13009.7
12822.8
9164.85
9134.02
-17859.3
-13748.8
4.81123
4.43069
-5.62682
-4.53772
-4328.8
-953.904
-477.502
-6684.67
-3933.3
17860.2
13728.5
-4.81441
-4.41802
5.62695
4.55349
4328.69
955.529
479.655
6684.05
3931.86
-17488.5
708.591
209.843
379.042
1387.26
-642.334
-666.65
-525.725
-536.529
162.212
116.053
2032.95
2623.78
-508.62
-356.262
-337.986
-236.662
-1829.39
-1371.91
-4861.11
-3077.25
-6669.93
-4090.57
-5555.61
-6882.74
-6092.79
-7342.02
-3444.77
-11593.9
-6885.01
-5506.49
-4151.78
-2442.14
-2391.8
893.023
312.901
2873.18
802.173
3927.26
1051.71
723.049
3478.86
3310.42
3860.85
472.39
-1063.38
2625.87
2918.83
2342.78
807.453
62.8442
29.6586
160.62
75.8496
263.74
119.412
367.459
151.42
348.584
153.845
400.959
141.021
372.97
154.004
435.608
131.532
429.412
113.404
2.63988
4.49719
6.20455
10.1938
7.6949
13.7202
7.0144
3.6192
8.13008
3.03215
10.1169
3.13549
4.76017
2.66673
2.16794
0.877438
1.855
1.56512
4.88327
4.23995
5.66488
5.96467
7.76468
-1.92001
-1.50014
-5.86427
-1.63383
-9.89253
-2.8724
-13.3904
-3.74789
-17.1038
-4.84969
-21.1716
-6.65195
-19.5219
-5.59268
-21.8962
-7.32939
-22.5865
-7.69642
32.2299
10.124
-1206.17
3056.07
10115.7
7123.68
3908.56
5915.23
12161.2
16518.5
7614.52
-37.9051
-144.808
229.369
1015.97
-800.734
-710.495
-602.718
-560.694
73.8837
25.0006
1697.09
2133.7
-550.028
-390.075
-351.494
-246.451
-767.157
-654.293
-1925.38
-2178.84
568.661
-3104.4
-10110.1
-6654.64
-3474.03
-4834.99
-4080.22
-15984.4
-6791.81
-4632.86
-3248.1
-2353.07
-714.833
-784.506
-1647.94
-1146
-6640.57
-1611.47
-7439.76
-5458.98
-4324.79
-1849.71
-1778.25
-7383.3
-3871.02
-2401.04
-1234.15
-97.1038
41.018
0.420011
96.5101
-6.74987
173.694
-5.40652
264.302
-0.642973
221.251
-19.6572
274.859
10.2987
226.858
-9.5152
356.076
52.3496
402.187
87.5798
-2.90521
-4.80357
-6.56093
-10.5753
-8.03635
-13.6738
-6.86033
-3.55146
-8.18051
-3.16957
-10.1168
-3.35526
-4.78125
-2.66273
-2.29499
-0.993744
-2.22154
-1.89029
-5.70009
-5.10445
-6.78624
-7.20708
-8.22657
-1.86951
-1.45673
-5.71576
-1.56911
-9.65124
-2.78597
-13.0842
-3.67082
-16.7633
-4.79262
-20.9278
-6.63475
-19.208
-5.56421
-21.745
-7.31911
-22.535
-7.69292
6.96377
574.713
-1128.55
-245.724
-588.311
-1570.28
-841.936
-822.526
-2632.67
-2613.56
-885.926
-3443.65
-2120.96
-4213.03
-5530.87
-689.608
-755.968
-1475.74
-1674.64
-5294.93
-832.92
-2041.55
-2471.51
-887.303
-3651.75
-6446.5
-4263.25
-6620.35
-821.303
-907.143
-2591.48
-2519.67
-768.393
17493.1
-708.496
-209.878
-379.085
-1387.22
642.324
666.656
525.727
536.545
-162.224
-116.023
-2032.94
-2623.69
508.636
356.289
338.002
236.679
1664.69
1276.01
4861.67
3080.69
6670.64
4092.82
5555.82
6883.02
6093.17
7342.79
3445.96
11594.3
6885.24
5506.77
4152.12
2442.55
2366.1
-831.296
-303.88
-2863.25
-793.321
-3925.55
-1051.39
-722.935
-3478.66
-3310.09
-3859.86
-472.239
1063.56
-2625.63
-2918.52
-2342.37
-807.381
-56.7648
-26.7939
-161.143
-75.8996
-263.571
-119.429
-367.295
-151.375
-348.456
-153.791
-400.877
-140.992
-372.866
-153.959
-435.538
-131.513
-429.346
-113.385
-2.49633
-4.15518
-6.21562
-10.1878
-7.7128
-13.7284
-7.00737
-3.61478
-8.11426
-3.02343
-10.0714
-3.11962
-4.75149
-2.66119
-2.16228
-0.8747
-1.75303
-1.42879
-4.87597
-4.23394
-5.65157
-5.99308
-7.73574
1.66654
1.32476
5.95129
1.6884
9.8881
2.87764
13.3891
3.75034
17.1034
4.85105
21.1722
6.65247
19.5221
5.59354
21.897
7.32979
22.5875
7.69678
-33.9275
-15.0841
1197.72
-2748.16
-10126
-7163.08
-3924.26
-5928.99
-12196.5
-16439.6
-6587.27
37.9887
144.717
-229.47
-1015.92
800.678
710.485
602.668
560.692
-73.9474
-25.0254
-1697.11
-2133.74
550.001
390.069
351.494
246.456
754.149
623.714
1890.69
2172.94
-568.838
3104.94
10110.4
6655.18
3474.58
4835.13
4080.46
15984.5
6792.01
4633.06
3248.2
2353.19
536.504
681.724
1721.41
1193.52
6643.58
1612.27
7439.93
5459
4324.74
1850.46
1778.14
7383.41
3871.1
2401.14
1234.39
97.0672
-36.331
0.416914
-97.8423
6.34868
-173.558
5.29194
-264.145
0.650841
-221.108
19.7143
-274.747
-10.2375
-226.724
9.58684
-355.985
-52.307
-402.113
-87.553
2.61672
4.40382
6.51704
10.5167
8.02294
13.6672
6.87024
3.55763
8.19949
3.17982
10.1693
3.37328
4.79198
2.66966
2.30169
0.996934
1.98139
1.71766
5.68973
5.10442
6.80483
7.18194
8.26156
1.62301
1.28715
5.80129
1.6229
9.64743
2.79131
13.0835
3.67327
16.7635
4.79393
20.9287
6.63526
19.2086
5.56502
21.746
7.31951
22.5361
7.69329
-6.34828
-577.48
1129.27
189.835
629.528
1630.58
719.958
757.091
2633.8
2614.02
816.92
3444.96
2121.89
4213.72
5531.43
643.731
721.707
1456.18
1643.37
5297.15
768.884
2042.43
2471.86
818.877
3651.61
6446.45
4263.59
6620.64
736.671
793.636
2613.19
2555.13
767.117
-14829.4
5494
-4328.8
14828.7
-5493.93
4328.69
-15051.8
-17246
-15284.1
-18874.7
-5488.37
-4133.07
-12725.2
-10192.1
-4380.28
-4950.76
-11764.8
-12560.7
-12897.6
-13938.3
-10352.4
-3292.77
-15154.4
-3815.13
-3233.82
-9782.49
-8612.62
-10250.5
-8638.01
-2482.09
-2147.81
-1889.85
-6893.12
-5455.9
-4637.76
-6771.68
-5754.64
-5376.24
-10446.6
-14133.7
-11289.3
-16563.6
-29.6252
-720.171
-2960.6
-3337.5
1022.14
978.48
3507.89
3199.65
2051.41
2544.64
6067.11
2688.51
6617.78
899.535
792.891
2592.01
2429.44
2545.72
2696.8
914.197
937.782
1017.8
2976.22
3097.79
3022.26
3386.81
3755.63
3837.43
-182.096
-254.743
126.143
986.334
1504.28
255.013
853.066
59.6808
6.30108
80.9046
338.584
731.254
1259.21
1418.36
204.912
734.913
36.2615
-0.761481
15064.5
17249
15285.7
18872.5
5061.67
3847
12726.9
10164.3
4104.21
4594.45
11723.8
12525.4
12893.4
13933.5
10352.5
3292.88
15153.9
3487.03
2926.06
9806.01
8633.8
10246.8
8636.74
2207.91
1925.84
1721.24
6921.24
5466.99
4638.77
6772.03
5755.55
5377.07
10420.8
14117.4
11277.2
16554.5
69.6695
626.355
2959.98
3411.18
-961.223
-918.13
-3486.75
-3177.53
-2050.14
-2543.63
-6067.33
-2688.65
-6617.71
-856.492
-750.139
-2567.75
-2407.92
-2544.87
-2695.61
-860.708
-868.692
-943.831
-2952.85
-3084.79
-3013.49
-3385.35
-3754.28
-3836.49
142.879
274.414
-121.945
-985.043
-1503.91
-254.989
-852.971
-59.6711
-6.29716
-89.6489
-324.036
-728.961
-1258.6
-1418.24
-204.935
-734.915
-36.2786
0.756429
2649.27
6400.3
42.6125
24.8273
13.9407
8.29909
5.97314
63.8488
33.5744
18.7492
11.2691
8.07235
-2503.72
-341.642
3306.81
9823.72
1876.98
-13.1178
50.8942
24.9108
13.8976
8.40058
6.01026
55.3
30.9999
17.5879
10.5764
7.62741
471.059
1345.82
2148.92
2913.89
3644.29
-3349.72
-3360.45
-9991.92
-9934.31
-14952.6
-13591.9
-3248.59
-2917.6
-2694.41
-9488.72
-8494.05
-7821.5
-11546.8
-9977.84
-9139.45
0
0
0
0
0
0
0
0
-2591.39
-1111.89
-645.533
-372.603
-435.749
-293.777
-276.009
-244.604
-197.8
-131.573
-93.8529
-62.0178
-79.0008
-43.1244
-24.1576
-14.4646
-10.3984
-31.9718
-18.4214
-10.5325
-6.35534
-4.57528
-30.8311
-243.199
-665.344
-1346.75
-2114.6
-2603.71
-27.8804
-23.6481
-17.9833
-11.2379
-3.82169
-219.809
-186.32
-141.592
-88.4357
-30.0665
-601.051
-509.178
-386.723
-241.436
-82.0655
-1215.62
-1028.85
-780.737
-487.121
-165.525
-1906.48
-1611.48
-1221.45
-761.512
-258.676
-2343.1
-1976.63
-1495.76
-931.628
-316.351
-3497.61
-3095.2
-2568.86
-1921.37
-1191.08
-404.708
0
0
0
0
0
0
0
0
0
0
0
0
1437.93
-276.846
176.816
-158.343
-2600.13
-2516.85
-5959.31
-5311.9
-5624.5
-5326.04
-2372.01
-2207.72
-2087.21
-4939.81
-4799.61
-4666.71
-5513.75
-5588.01
-5563.46
-560.814
-344.534
-141.488
-29.7097
-203.783
-136.023
-81.1594
-51.445
-71.3079
-42.349
-24.565
-14.927
-10.7443
-32.735
-18.6562
-10.6779
-6.46279
-4.65125
2834.84
2443.24
1965.19
1423.86
860.508
288.318
18.5026
202.809
586.441
1211.53
1842.7
2190.41
16.7018
14.1345
10.7229
6.68767
2.27183
183.149
155.083
117.724
73.4603
24.9619
529.299
447.894
339.775
211.918
71.9927
1092.15
922.857
699.106
435.575
147.892
1657.89
1397.75
1056.58
657.247
222.975
1964.15
1649.64
1242.57
771.023
261.271
-3306.73
-9823.73
-1883.55
11.4041
-50.8704
-24.8987
-13.8887
-8.39525
-6.01211
-55.2216
-30.9475
-17.5473
-10.544
-7.60097
-471.074
-1345.86
-2148.99
-2913.97
-3644.39
-2649.37
-6400.24
-42.602
-24.8257
-13.9396
-8.29895
-5.9787
-63.7973
-33.5385
-18.7195
-11.2439
-8.05128
2505.34
342.638
-8853.28
-11993.7
-19824.9
-22212.8
-22049.1
-24745.3
-10173.6
-10833
-1685.58
-1541.55
-1371.91
-4467.53
-3567.32
-3077.25
-5370.32
-4345.52
-4090.57
-6800.52
-4442.96
-3444.77
-7933.47
-4386.57
-2442.14
616.29
116.446
-442.396
390.392
-685.814
350.176
-94.5867
74.6204
1846.76
1575.66
399.154
195.668
130.83
103.162
719.166
358.374
289.367
254.219
208.843
77.116
36.4838
24.7626
540.193
203.98
91.4779
61.1753
693.814
279.165
133.479
91.6947
613.462
288.697
154.949
111.262
388.351
246.753
147.642
108.562
166.343
136.014
92.3861
70.4706
209.869
181.245
123.716
94.6261
105.48
83.7132
57.0931
44.2149
36.4844
27.9141
19.7977
15.5864
38.6041
20.4048
11.1544
6.5553
4.65005
73.3604
39.3392
21.7606
12.9034
9.19262
35.9861
22.1242
12.9486
7.90733
5.6783
49.9821
27.5135
15.5569
9.41192
6.73003
29.6497
17.6056
10.2593
6.26374
4.50817
12.2032
6.92294
3.96675
2.40392
1.72687
17.1079
8.0249
4.14429
2.35101
1.64398
41.9162
20.3501
10.7304
6.15303
4.32404
55.7057
27.7183
14.824
8.56006
6.07184
-167.97
-242.194
44.6724
857.833
1887.94
108.82
1144.94
-219.314
-278.146
-39.9204
-50.4265
-1.1432
-0.76071
-0.94366
25.1532
19.7623
5.43777
2.02301
0.432247
59.0438
21.5522
6.03685
1.41662
0.435989
180.657
37.2349
7.87232
1.67235
0.547722
334.826
53.189
8.6797
1.41584
0.415428
-85.6305
-33.9918
-9.54418
-2.35038
-0.41582
105.11
-1.91107
-3.28599
-1.02688
-0.093096
-161.954
-46.7541
-11.9057
-2.76248
-0.488502
-176.906
-51.2799
-12.8119
-2.85186
-0.524143
8699.83
12015.1
16478.3
19904.3
20509.7
23806.7
8000.67
9878.26
-2370.14
-7144.44
-4891.46
-3297.04
-2103.84
-1747.04
-1302.35
-802.394
-271.051
-3298.18
-2038.77
-1219.86
-820.157
-400.128
-3181.82
-1869.87
-1090.65
-569.984
-186.349
-2756.01
-2149.75
-1518.16
-902.795
-300.809
-566.713
-654.248
-2393.55
-2178.84
-2802.26
-3104.4
-5596.78
-4080.22
-5489.2
-2353.07
-371.026
-367.397
-1300.46
-386.685
-1039.84
130.928
-917.664
-798.031
283.171
-12.9053
-146.661
-112.965
-50.7853
-8.99076
-284.07
-218.964
-43.7197
49.0564
-17.2808
-26.1677
-15.5258
-9.36317
-70.3673
-76.7461
-53.7996
-34.2666
-189.233
-131.979
-81.1084
-50.2167
-361.606
-180.79
-93.808
-55.1548
-472.139
-203.473
-106.966
-71.7311
-252.42
-142.628
-93.1386
-72.9793
-419.036
-189.835
-106.081
-78.2765
-127.651
-85.6528
-61.5117
-48.9618
-37.2035
-27.9947
-20.1488
-16.0338
-28.912
-18.3267
-10.9379
-6.76368
-4.92466
-58.6473
-36.1506
-21.2798
-13.0502
-9.46974
-46.7651
-23.1884
-12.6161
-7.47575
-5.38375
-47.6039
-25.7255
-14.454
-8.63546
-6.24187
-34.613
-18.2147
-10.0639
-5.99083
-4.31433
-12.3387
-6.92778
-3.92508
-2.36007
-1.69882
-8.78937
-6.66612
-4.18875
-2.66085
-1.9555
-27.8791
-18.391
-11.1154
-6.96587
-5.09432
-43.0196
-26.3591
-15.5876
-9.69782
-7.03639
35.7955
200.802
466.796
1000.43
1650.29
33.6629
903.687
-247.297
-285.605
5.00336
-43.7173
-0.207244
-0.630837
-0.91314
123.458
33.9894
7.33912
2.22978
0.449329
153.557
35.1738
7.79908
1.60051
0.44232
217.249
42.2793
8.36731
1.67258
0.521392
300.763
48.286
7.77047
1.21737
0.357061
-110.559
-39.3707
-10.6416
-2.57473
-0.470621
58.3321
-9.4681
-4.63676
-1.28578
-0.15858
-172.683
-49.4832
-12.5225
-2.89891
-0.523656
-179.798
-52.0596
-13.0014
-2.89556
-0.535795
-30.8649
-345.83
-985.087
-1912.3
-3041.33
-4208.4
-5171.68
-5642.87
-5315.12
-3949.08
-1890.25
-271.981
-27.8071
-23.4786
-17.7708
-11.0639
-3.75496
-311.898
-263.706
-199.893
-124.605
-42.3187
-887.964
-750.325
-568.478
-354.263
-120.305
-1721.73
-1453.01
-1099.68
-684.843
-232.508
-2733
-2301.84
-1739.31
-1082.26
-367.346
-3770.56
-3166.44
-2387.6
-1484.42
-503.885
-4613.12
-3858.24
-2902.14
-1803.83
-612.933
-5000.91
-4159.96
-3121.48
-1942.47
-662.147
-4667.66
-3856.45
-2888.52
-1804.62
-619.72
-3427.99
-2810.81
-2104.23
-1324.31
-460.775
-1624.63
-1324.93
-993.153
-630.28
-222.364
-234.726
-192.712
-145.601
-93.0798
-33.0328
-54.6475
-420.485
-1118.68
-2112.17
-3301.36
-4492.23
-5403.59
-5738.57
-5231.15
-3729.41
-1667.71
-179.75
-49.3921
-41.8708
-31.825
-19.8812
-6.75998
-379.723
-321.561
-244.153
-152.401
-51.7992
-1009.52
-854.225
-648.139
-404.382
-137.415
-1904.07
-1609.38
-1219.97
-760.74
-258.459
-2971.17
-2507.07
-1898
-1182.8
-401.804
-4032.21
-3393.64
-2564.68
-1597.36
-542.745
-4829.74
-4049.24
-3053.33
-1901.51
-646.805
-5095
-4247.61
-3194.59
-1991.75
-679.692
-4596.99
-3801.77
-2851.37
-1784.08
-613.429
-3229.13
-2641.6
-1975.24
-1243.84
-433.6
-1418.68
-1145.31
-852.499
-540.195
-191.277
-148.436
-116.595
-85.2748
-53.9603
-19.3793
-2917.13
-13308.5
-4246.76
-2612.71
-2193.48
-1653.81
-1028.31
-349.133
-9870.4
-8134.15
-6357.14
-4640.83
-2224.15
-3718.43
-3057.58
-2274.41
-1408.8
-479.789
8863.61
11999
19862.2
22213.8
22063
24815.4
8719.05
9257.41
1540.2
1419.31
1276.01
4498.4
3581.32
3080.69
5371.31
4347.83
4092.82
6800.95
4444.04
3445.96
7933.56
4386.86
2442.55
-524.935
-135.09
440.908
-334.425
678.067
-351.991
46.4703
-79.6429
-1803.47
-1564.2
-370.14
-181.072
-121.468
-95.6203
-716.14
-357.222
-288.458
-253.583
-197.262
-71.9732
-33.5802
-22.1987
-536.179
-202.826
-91.0277
-61.2562
-693.234
-278.909
-133.422
-91.7352
-613.202
-288.542
-154.887
-111.239
-388.247
-246.673
-147.595
-108.528
-166.372
-136.022
-92.3848
-70.4641
-209.861
-181.221
-123.693
-94.6027
-105.515
-83.7325
-57.1027
-44.2194
-36.5004
-27.9245
-19.804
-15.5907
-35.3064
-18.7272
-10.2699
-6.05247
-4.29911
-73.3528
-39.2929
-21.7308
-12.8919
-9.18421
-35.9686
-22.1093
-12.9357
-7.89608
-5.66816
-49.9438
-27.4847
-15.5327
-9.39129
-6.71176
-29.645
-17.6003
-10.2541
-6.25898
-4.50383
-12.2049
-6.92348
-3.96678
-2.40374
-1.72664
-15.338
-7.24595
-3.76938
-2.15518
-1.5031
-42.0537
-20.3564
-10.7299
-6.15767
-4.33118
-55.7418
-27.7512
-14.8512
-8.58531
-6.10348
128.91
264.159
-41.5514
-856.698
-1887.51
-108.769
-1144.78
219.341
278.165
20.2162
41.6914
-0.195315
0.393044
0.799157
-11.6873
-15.7292
-4.49264
-1.78121
-0.374848
-57.783
-21.1435
-5.92619
-1.39074
-0.429356
-180.173
-37.0792
-7.82722
-1.66096
-0.544626
-334.617
-53.1209
-8.65921
-1.41033
-0.413835
85.6667
34.0043
9.54795
2.35141
0.416128
-105.019
1.9416
3.29519
1.02941
0.0938498
161.972
46.7599
11.9074
2.76291
0.488619
176.918
51.2832
12.8128
2.85205
0.524183
-8709.91
-12024
-16508.4
-19936.8
-20442
-23727.3
-6754.66
-8374.02
2370.03
7144.7
4891.56
3296.98
2103.75
1746.96
1302.29
802.353
271.037
3298.34
2038.9
1219.99
820.269
400.157
3181.89
1869.94
1090.71
570.029
186.364
2755.95
2149.71
1518.12
902.769
300.8
525.526
623.673
2399.53
2172.94
2802.23
3104.94
5596.83
4080.46
5489.3
2353.19
314.548
282.705
1336.43
448.533
1041.39
-129.974
799.596
729.088
-245.505
20.915
135.31
104.882
46.8033
8.28762
285.932
219.62
44.2463
-48.9493
10.6781
23.508
14.659
9.61086
74.9187
77.4536
53.89
33.8323
189.951
132.171
81.0603
50.078
361.942
180.963
93.8456
55.1458
472.345
203.618
107.037
71.7738
252.525
142.711
93.1958
73.0247
419.181
189.949
106.154
78.3323
127.713
85.6998
61.5441
48.9871
37.2225
28.0082
20.1577
16.0404
27.1742
17.0718
10.1368
6.24684
4.54172
58.2705
36.015
21.2142
13.0054
9.43791
46.8043
23.215
12.6361
7.49153
5.39728
47.6655
25.7679
14.4868
8.66177
6.2644
34.6352
18.2293
10.0744
5.99895
4.32118
12.3439
6.93085
3.92709
2.36152
1.69999
8.412
6.17328
3.82925
2.41148
1.77601
27.5796
18.3461
11.101
6.95287
5.08106
42.9782
26.3329
15.5674
9.67727
7.00791
-50.7105
-185.536
-465.143
-999.889
-1650.13
-33.6636
-903.649
247.297
285.615
-19.6993
35.8013
-1.00814
0.284147
0.773679
-110.756
-30.0346
-6.40549
-1.99128
-0.392852
-152.73
-34.8252
-7.6953
-1.57535
-0.435766
-217.016
-42.1733
-8.33032
-1.6624
-0.518499
-300.683
-48.2497
-7.75635
-1.21301
-0.355697
110.572
39.3764
10.6437
2.57538
0.470832
-58.2987
9.48263
4.64232
1.28757
0.159166
172.691
49.4861
12.5234
2.89916
0.523724
179.807
52.0622
13.002
2.89571
0.535821
30.8622
345.807
985.027
1912.19
3041.15
4208.16
5171.4
5642.57
5314.84
3948.89
1890.17
271.972
27.8046
23.4765
17.7692
11.0629
3.75461
311.877
263.688
199.879
124.596
42.3158
887.909
750.278
568.442
354.24
120.297
1721.63
1452.92
1099.61
684.8
232.493
2732.84
2301.71
1739.21
1082.19
367.323
3770.35
3166.25
2387.45
1484.33
503.853
4612.86
3858.01
2901.96
1803.72
612.894
5000.63
4159.72
3121.28
1942.35
662.103
4667.41
3856.22
2888.34
1804.5
619.678
3427.81
2810.65
2104.1
1324.23
460.744
1624.55
1324.87
993.098
630.242
222.351
234.719
192.705
145.596
93.0767
33.0317
54.6453
420.464
1118.62
2112.06
3301.19
4492
5403.32
5738.27
5230.89
3729.22
1667.62
179.737
49.3901
41.8692
31.8237
19.8804
6.75971
379.704
321.544
244.14
152.394
51.7965
1009.46
854.18
648.105
404.361
137.408
1903.97
1609.29
1219.91
760.7
258.445
2971.01
2506.94
1897.9
1182.73
401.782
4032
3393.46
2564.55
1597.27
542.715
4829.49
4049.02
3053.17
1901.41
646.769
5094.73
4247.38
3194.41
1991.64
679.652
4596.74
3801.55
2851.2
1783.97
613.39
3228.95
2641.44
1975.11
1243.75
433.57
1418.6
1145.23
852.435
540.152
191.261
148.424
116.583
85.2645
53.9531
19.3766
2917.01
13308.4
4246.64
2612.6
2193.39
1653.74
1028.27
349.118
9870.3
8134.02
6357.03
4640.75
2224.08
3718.32
3057.48
2274.34
1408.75
479.773
0
0
0
0
0
0
0
0
0
0
0
0
-1442.15
276.075
-178
157.939
2600.1
2516.86
5959.42
5312.04
5624.58
5326.27
2372.02
2207.73
2087.21
4939.97
4799.77
4666.85
5514.11
5588.4
5563.79
560.756
344.514
141.475
29.7251
203.67
135.975
81.1365
51.4378
71.3242
42.3646
24.5793
14.9395
10.7534
32.7331
18.6563
10.6789
6.46405
4.65228
-2834.92
-2443.31
-1965.25
-1423.91
-860.539
-288.329
-18.5042
-202.822
-586.477
-1211.61
-1842.8
-2190.52
-16.7033
-14.1358
-10.7238
-6.68826
-2.27203
-183.161
-155.094
-117.732
-73.4653
-24.9636
-529.332
-447.922
-339.796
-211.932
-71.9973
-1092.22
-922.913
-699.148
-435.601
-147.902
-1657.98
-1397.83
-1056.64
-657.286
-222.989
-1964.25
-1649.73
-1242.64
-771.067
-261.286
3349.75
3360.45
9991.83
9934.23
14951.9
13591.5
3248.6
2917.63
2694.47
9488.78
8494.27
7821.79
11546.9
9978.28
9139.99
0
0
0
0
0
0
0
0
2593.24
1113.16
646.324
373.041
436.334
294.052
276.143
244.688
197.987
131.66
93.8961
62.0432
79.0448
43.1563
24.1823
14.4839
10.4125
31.9853
18.43
10.5384
6.35977
4.57866
30.8298
243.186
665.309
1346.68
2114.5
2603.59
27.8792
23.6471
17.9825
11.2375
3.82153
219.798
186.31
141.585
88.4311
30.065
601.019
509.151
386.702
241.423
82.0611
1215.56
1028.8
780.696
487.096
165.517
1906.39
1611.4
1221.39
761.473
258.662
2342.99
1976.53
1495.69
931.583
316.336
3497.5
3095.09
2568.77
1921.3
1191.04
404.693
)
;
    }
    patch2
    {
        type            calculated;
        value           nonuniform List<scalar> 
348
(
-471.074
471.059
-1068.39
-424.227
-575.478
-722.14
-1237.5
-542.32
-680.228
-848.183
1068.28
424.197
575.442
722.087
1237.44
542.298
680.197
848.143
-7891.31
-1900.17
-537.626
-424.694
-295.368
-432.638
-397.37
-4529.59
-1863.27
-842.383
-1026.24
-527.634
-519.684
-520.224
-232.113
-409.018
-432.046
-343.778
-6563.79
-1189.93
-345.94
-651.745
-944.196
-650.25
-719.092
-520.181
-289.468
-444.76
-428.167
-499.085
-7022.45
-1797.15
-1881.25
-1064.67
-1031.68
-45.0319
-69.0648
-118.577
-192.303
-287.236
-393.538
-32.5383
-69.9751
-145.462
-252.867
-379.717
-507.293
-34.2406
-15.7845
-58.8586
-40.2501
-108.406
-89.9067
-180.674
-167.553
-258.706
-248.205
-336.269
-302.091
-483.435
-540.463
-584.59
-898.26
-1098.07
-1285.17
-611.419
-667.592
-660.625
-605.097
-533.58
-483.145
-47.4013
-76.4312
-131.693
-212.345
-315.901
-430.509
-35.8162
-80.1715
-163.438
-279.325
-413.917
-545.488
-36.4778
-17.6585
-65.8755
-46.2906
-121.161
-101.437
-200.865
-186.863
-289.409
-283.134
-378.222
-356.808
-525.037
-583.939
-631.511
-947.01
-1140.1
-1303.44
-646.95
-693.41
-673.331
-606.487
-530.071
-481.167
-8036.66
-1934.23
-599.574
-482.8
-365.882
-515.646
-471.619
-5663.32
-3505.92
-1307.01
-2224.15
-848.408
-1104.04
-667.023
-691.665
-512.983
-7530.71
-1510.99
-490.642
-833.054
-1159.07
-760.01
-837.543
-623.953
-375.71
-553.781
-600.523
-627.936
-7462.29
-1901.24
-2209.33
-1188.3
-1157.64
7890.63
1899.99
537.589
424.668
295.353
432.614
397.346
4529.07
1863.09
842.275
1026.2
527.656
519.658
520.191
232.121
409.001
432.039
343.766
6563.06
1189.8
345.92
651.698
944.109
650.198
719.039
520.147
289.456
444.736
428.145
499.055
7021.75
1796.96
1881.04
1064.56
1031.59
45.0291
69.0604
118.569
192.291
287.218
393.513
32.5362
69.9705
145.453
252.851
379.693
507.261
34.2385
15.7835
58.8548
40.2475
108.399
89.901
180.663
167.543
258.691
248.191
336.249
302.073
483.404
540.427
584.548
898.187
1097.98
1285.06
611.379
667.548
660.58
605.054
533.538
483.107
47.3986
76.427
131.686
212.334
315.884
430.486
35.8142
80.1672
163.429
279.31
413.894
545.458
36.4758
17.6575
65.8719
46.2881
121.155
101.432
200.855
186.853
289.394
283.12
378.203
356.79
525.009
583.907
631.476
946.952
1140.03
1303.34
646.914
693.37
673.29
606.449
530.035
481.131
8036.06
1934.07
599.544
482.776
365.866
515.622
471.597
5663.11
3505.79
1306.96
2224.08
848.384
1104.01
667.001
691.643
512.966
7530.35
1510.93
490.624
833.02
1159.02
759.974
837.503
623.925
375.696
553.758
600.502
627.91
7461.82
1901.12
2209.23
1188.24
1157.58
32.2593
280.084
312.901
233.397
801.83
802.173
-530.755
782.968
1051.71
-1249.26
354.641
472.39
-2182.31
492.589
807.453
-1057.14
-784.496
-1539.86
-1146
-3597.92
-1611.47
-3899.41
-1778.25
-4046.65
-97.1038
-54.4269
-276.409
-303.88
-209.782
-789.015
-793.321
529.709
-782.528
-1051.39
1248.69
-354.602
-472.239
2181.87
-492.61
-807.381
927.249
681.714
1596.04
1193.52
3596.13
1612.27
3898.78
1778.14
4046.41
97.0672
)
;
    }
    patch3
    {
        type            calculated;
        value           nonuniform List<scalar> 
96
(
-365.654
-562.669
-969.593
-1580.11
-2376.21
-3287.09
-264.831
-571.493
-1191.93
-2081.66
-3146.01
-4237.97
-4088.07
-4634.1
-5058.81
-7571.65
-8509.26
-9394.77
-5157.97
-5689.87
-5677.8
-5196.14
-4463.97
-3914.51
-384.289
-620.384
-1071.63
-1734.04
-2592.35
-3557.02
-290.616
-651.482
-1331.78
-2284.79
-3403.47
-4516.49
-4375.42
-4907.48
-5314.27
-7734.24
-8583.83
-9418.01
-5402.44
-5844.95
-5719.6
-5141.56
-4375.38
-3873.02
365.632
562.634
969.534
1580.02
2376.07
3286.91
264.815
571.457
1191.86
2081.53
3145.83
4237.73
4087.85
4633.86
5058.56
7571.3
8508.89
9394.4
5157.69
5689.57
5677.51
5195.89
4463.77
3914.35
384.267
620.351
1071.57
1733.95
2592.22
3556.85
290.6
651.448
1331.71
2284.68
3403.3
4516.26
4375.21
4907.25
5314.03
7733.89
8583.47
9417.64
5402.16
5844.65
5719.31
5141.31
4375.18
3872.86
)
;
    }
    patch4
    {
        type            calculated;
        value           nonuniform List<scalar> 
384
(
-10377.9
-28759.9
-48611.3
-66827.9
-54428.7
-42670.5
-30992.8
-11611.3
-14009.3
-39559.9
-58569.9
-21329.7
9275.97
28857.1
48620.5
66845.4
54447.6
42685.8
31085.9
9861.32
12686.5
39738.4
58788.1
19190.2
-45532.7
-65697.8
-73504.1
-100667
-47388.5
-66549.7
-74816.2
-101286
45540.7
65708.2
73515.6
100681
47403.5
66563.2
74830.3
101301
-20650.9
-33665.1
22526.4
34668.4
-17318.5
-6092.85
-22394.2
-8200.82
18073.8
6387.28
22872.5
8386.82
-22513.6
-34657.6
20658
33673
-8154.71
-5447.97
-25455.3
-17986.2
-32098.8
-46890.6
-3480.38
-1227.02
-12773
-4552.63
-9579.26
-6492.61
-29130.3
-21017.3
-33871.3
-47804.4
-4031.46
-1359.53
-14704.5
-5178.88
7381.96
4946.97
25536.4
18034.9
32105.7
46899.2
3180.51
1132.79
12794.8
4559.72
8683.9
5888.43
29281.7
21111
33884.5
47816.2
3677.81
1251.79
14741.1
5190.22
-18068.1
-6385.1
-22866.5
-8384.48
17322.4
6094.42
22399.1
8202.81
-13986.4
-14598.8
-12068.2
-13026.1
13984
14598
12066.7
13025.7
-980.222
-1102.94
-3542.69
-4424.71
-3283.78
-2915.95
-4926.4
-6737.96
-7789.05
-10138.4
-8521.36
-10294.2
-7746.65
-10201.4
-7930.86
-10650.7
-528.591
-1201.18
-3045.21
-4993.81
-1701.04
-2355.93
-4869.8
-6787.24
-7489.63
-9765.04
-7660.66
-9610.62
-7669.5
-10018.4
-7923.78
-10597.5
940.389
1025.26
3528.93
4425.79
3280.57
2911.02
4926.42
6738.91
7787.84
10138.3
8520.18
10293.9
7746.68
10201.5
7931.39
10651
528.005
1116.05
3025.1
4997.65
1697
2349.12
4869.64
6788.27
7487.9
9764.71
7659.29
9610.2
7669.41
10018.4
7924.3
10597.7
-1266.96
-2491.82
-4266.12
-7602.79
-6836.38
-11644.1
-9262.7
-280.724
-1242.76
-2937.66
-5847.3
-4575.06
-8656.75
-7878.99
1216.54
2341.89
4242.71
7568.55
6832.42
11637.5
9261.19
308.717
1197.54
2904.71
5800.53
4571.76
8651.47
7877.96
-948.083
-2906.75
-4889.23
-6588.47
-8093.03
-9900.87
-9158.03
-10275.3
-10494.5
-922.285
-2831.17
-4755.19
-6408.97
-7913.42
-9811.09
-9027.3
-10223.3
-10477.4
839.156
2933.51
4888.07
6588.47
8093.29
9901.36
9158.43
10275.9
10495.1
816.912
2857.91
4754.17
6409.14
7913.85
9811.67
9027.83
10223.9
10478
-199.115
-607.064
-1019.05
-1368.59
-1690.49
-2130.93
-1949.86
-2222.54
-2269.47
-193.801
-591.377
-992.3
-1333.59
-1653.78
-2109.02
-1919.22
-2209.62
-2265.19
174.768
613.997
1018.81
1368.57
1690.53
2131.03
1949.93
2222.65
2269.59
170.144
598.287
992.112
1333.62
1653.86
2109.14
1919.32
2209.74
2265.32
-44.3945
-135.33
-227.378
-305.947
-380.154
-485.994
-442.406
-507.95
-518.903
-43.246
-131.93
-221.689
-298.552
-372.151
-480.659
-435.25
-504.728
-517.826
38.8583
136.931
227.323
305.938
380.158
486.013
442.419
507.974
518.929
37.8583
133.518
221.648
298.555
372.165
480.684
435.271
504.755
517.854
-9.85381
-30.0727
-50.6112
-68.2396
-85.1339
-109.77
-99.5687
-114.868
-117.289
-9.60253
-29.327
-49.3776
-66.645
-83.3838
-108.528
-97.9506
-114.103
-117.03
8.61339
30.4299
50.5981
68.236
85.1335
109.774
99.5707
114.873
117.294
8.39493
29.6796
49.3675
66.6443
83.3859
108.533
97.9547
114.109
117.036
-2.51586
-7.65744
-12.8626
-17.3602
-21.7241
-28.2616
-25.5075
-29.6616
-30.3308
-2.45157
-7.4669
-12.5513
-16.9616
-21.2852
-27.9373
-25.0948
-29.4587
-30.2618
2.19861
7.7466
12.8589
17.3589
21.7236
28.2623
25.5077
29.6627
30.3321
2.14278
7.55456
12.5484
16.9609
21.2853
27.9385
25.0956
29.4601
30.2632
)
;
    }
}


// ************************************************************************* //
