/*--------------------------------*- C++ -*----------------------------------*\
| =========                 |                                                 |
| \\      /  F ield         | OpenFOAM: The Open Source CFD Toolbox           |
|  \\    /   O peration     | Version:  2306                                  |
|   \\  /    A nd           | Website:  www.openfoam.com                      |
|    \\/     M anipulation  |                                                 |
\*---------------------------------------------------------------------------*/
FoamFile
{
    version     2.0;
    format      ascii;
    arch        "LSB;label=32;scalar=64";
    class       volScalarField;
    location    "2.1";
    object      gradTx;
}
// * * * * * * * * * * * * * * * * * * * * * * * * * * * * * * * * * * * * * //

dimensions      [0 -1 0 1 0 0 0];

internalField   nonuniform List<scalar> 
5322
(
-0.251628
0.00571659
0.00697721
0.000803332
-0.000122744
-0.000162846
1.22134e-05
0.000138492
8.55132e-05
-0.000202869
-0.00100581
0.0110072
0.0169548
-0.233508
-0.0061854
0.406392
-0.319333
-0.00503794
-0.243641
0.157043
-0.213513
0.185689
-0.196398
0.197442
-0.199982
0.19207
-0.192473
0.199631
-0.19664
0.19665
-0.186592
0.211922
-0.159199
0.242558
0.00343373
0.304329
0.214554
-0.0855573
0.240502
-0.0138078
-0.228086
0.229369
-0.0138866
-0.244035
0.242519
-0.00834603
-0.259385
0.226506
-0.00573078
-0.271858
-0.268195
-0.389502
-0.121656
0.261213
-0.0166584
-0.431367
-0.0122545
0.412254
-0.00494699
-0.411953
-0.00177559
0.401486
-0.00231964
-0.40463
-0.000146222
0.395337
0.00501979
-0.400712
0.01725
0.328152
0.0130229
-0.350326
0.396948
-0.410829
0.395493
-0.402748
0.403533
-0.402695
0.458413
-0.33028
0.161839
-0.213771
-0.138219
0.240022
0.0249475
-0.136094
0.158959
-0.427997
-0.161557
0.51016
-0.0219364
0.0095497
0.0176241
0.0796156
0.365949
-0.0851018
-0.0104213
-0.0419741
0.163901
-0.379523
-0.379922
0.849028
-0.041266
0.282256
0.459432
-0.00574411
0.00276454
0.00378773
0.00229405
0.0011207
0.000441415
-0.000125755
-0.0011845
-0.00290023
0.00455687
-0.00153745
-0.134179
-0.132389
0.0140119
0.0843791
0.00479278
0.128734
-0.153982
-0.0115373
-0.0354638
0.238707
0.196361
0.0546079
0.153532
0.0992508
0.075474
0.164838
0.0832272
0.0892879
0.167708
0.0728619
0.14051
0.190639
0.216107
0.00928326
-0.158409
0.00873361
0.10552
-0.127841
-0.137156
0.0196041
0.0566739
0.0311835
-0.107341
-0.117975
0.0220713
0.0351422
0.0423536
-0.116417
-0.110458
0.0222544
0.0231029
0.0670592
-0.127775
0.166714
-0.35938
-0.481717
0.415157
-0.486163
-0.0203584
-0.334521
0.00268022
0.326115
-0.0783247
0.388689
0.192681
0.287319
-0.430581
0.168021
-0.371008
0.246815
0.321786
-0.393568
0.00881126
-0.33461
0.294489
0.366571
-0.389557
-0.00243337
-0.326503
0.310725
0.379614
-0.389057
-0.00078218
-0.324653
0.316225
0.384043
-0.391262
4.75548e-05
-0.326636
0.315699
0.384797
-0.396925
0.000429562
-0.332208
0.310555
0.382739
-0.405616
0.00101272
-0.339288
0.300579
0.377401
-0.412503
0.00241664
-0.341009
0.28226
0.352371
-0.0769476
0.156581
-0.376723
-0.384175
0.854251
-0.0293538
-0.0321649
0.0197194
0.0859341
0.36358
-0.0671922
-0.00670304
-0.0748915
0.149152
-0.383842
-0.377536
0.849357
-0.0497358
0.282336
-0.0107388
0.00466071
0.00454534
0.00292329
0.00151925
0.000656678
-7.5317e-06
-0.0010947
-0.00263531
0.00454734
-0.00140921
0.106623
-0.11835
0.117934
-0.107122
0.0002153
0.107238
-0.101349
-0.00056911
-0.127657
7.10378e-05
-0.107263
-8.33034e-05
0.101086
0.00397376
0.119223
-0.00973796
-0.128905
0.000421528
0.127479
-0.000131678
-2.1365e-05
0.225801
-0.388124
0.387657
-0.383419
0.403623
-0.412933
0.431836
-0.430516
0.437373
-0.43553
0.439317
-0.437453
0.441603
-0.438179
0.444651
-0.437145
0.446244
-0.428487
0.439628
-0.235542
0.00495253
0.237755
0.00640818
-0.428874
0.417032
0.00216331
-0.433463
0.427187
0.0014694
-0.432191
0.428616
0.000974432
-0.429513
0.427693
0.000676849
-0.427203
0.425664
0.000705665
-0.424507
0.42113
0.00113352
-0.417243
0.406308
0.00128893
-0.388104
0.000228652
0.387972
-0.406562
-0.00182789
-0.403025
0.382837
-0.00071984
-0.227728
-0.0147987
0.231638
-0.401951
0.388087
-0.408691
0.410529
-0.417896
0.417394
-0.419343
0.420397
-0.419837
0.423951
-0.419714
0.429346
-0.41647
0.434675
-0.401814
0.431356
-0.232124
-0.0498212
0.10095
0.0127348
-0.400378
0.360366
0.00504721
-0.394576
0.381395
0.000719371
-0.382661
0.381106
-0.000474604
-0.378076
0.378488
-0.00066769
-0.376831
0.377808
-0.00192876
-0.375777
0.378447
-0.00488043
-0.370655
0.373493
-0.0112645
-0.345046
0.315924
0.00681008
-0.114497
0.194863
0.320439
0.0102173
0.0398748
-0.0585798
0.163946
-0.505721
0.383715
-0.481174
-0.324007
-0.400614
0.010399
0.263808
0.291777
-0.420087
0.16246
-0.377004
-0.0280161
0.0201977
-0.152609
0.0130562
-0.00616256
-0.16191
0.016513
-0.0261437
-0.382512
-0.414856
0.299308
-0.388127
0.00498769
0.3541
-0.385993
0.372744
-0.386296
0.0027398
0.37962
-0.389147
0.380868
-0.395281
0.0147881
0.378133
-0.402544
0.370483
-0.403679
0.0833794
0.0194923
0.0125063
0.0131582
0.00633055
0.0155358
0.390844
-0.413071
0.00318461
-0.335034
0.276004
0.384783
-0.405167
0.00723933
-0.355725
0.247269
0.49418
-0.0581934
0.00930996
-0.411933
-0.380138
0.803882
-0.0498957
0.013379
0.0225236
-0.245372
0.0561493
0.192974
-0.199727
0.0164089
0.207176
-0.187932
0.00259738
0.201723
-0.19289
-0.000360895
0.192943
-0.187251
-0.00499788
0.200854
-0.181134
-0.0122911
0.211836
-0.142531
-0.020566
0.250443
0.0950983
0.0703324
-0.0184937
-0.00963077
0.0985917
-0.0433502
0.44407
-0.474451
0.463612
-0.473398
-0.306482
-0.397422
-0.000939704
0.303356
0.382754
-0.397167
-0.00219731
-0.307738
0.00259925
0.000225701
0.00335171
-0.000323093
0.00659867
0.0254757
0.0235795
0.042836
-0.0125092
0.00677561
0.178369
0.283414
0.236369
0.0798936
0.359371
0.14305
0.0670691
0.0199965
0.0128126
-0.00577707
-0.0036716
0.00369807
0.00600819
-0.056386
-0.000869487
0.0649892
-0.0600074
0.469431
-0.475519
0.47219
-0.484772
-0.317965
-0.407154
0.00111116
0.300875
0.392481
-0.400615
0.000130027
-0.309566
0.00450498
0.00198937
0.00050046
0.000344031
0.000867172
0.00154065
0.00245004
0.00197025
0.00526596
0.00802355
0.0764476
-0.00133552
-0.000499862
-0.00246035
0.000419666
0.00101776
-0.010096
0.0234285
-0.270148
-0.000676614
0.00371208
0.000173215
-0.00365801
0.412998
-7.19169e-05
-0.431652
0.417197
-0.421164
-0.001483
0.431144
2.626e-06
-0.437312
0.424815
-0.425364
-0.000617713
0.436576
0.000245849
-0.439102
0.428031
-0.426871
2.78653e-05
0.439074
0.000470373
-0.441206
0.431068
-0.42701
0.000644697
0.440653
0.000389556
-0.443923
0.434604
-0.424489
0.00155071
0.440034
-0.000849132
-0.444447
0.436157
-0.413797
0.00246225
0.428774
-0.00378418
-0.43602
0.429848
-0.235892
-0.000286772
0.234235
-0.0143704
-0.0298939
-0.0314205
-0.0327893
-0.410911
0.102527
0.0912648
-0.034985
-0.0721061
-0.035962
-0.469379
0.098873
-0.120049
-0.201223
-0.073762
-0.0577298
-0.0604207
-0.0257221
-0.0114935
0.00189781
-0.000464163
-0.00931309
-0.0116407
-0.00682561
-0.0132518
-0.0263025
0.00465296
0.209467
0.245612
0.240856
0.277506
0.34319
0.326737
0.255558
0.257241
0.167833
-0.149258
0.0481776
-0.0175137
-0.0122662
0.0437281
-0.130128
-0.000354996
-0.000204607
-0.000420547
3.2928e-05
-0.0822007
-0.0936496
-0.0928114
-0.0832072
0.0824861
-0.0700204
0.00259945
0.0932383
-0.0804566
-0.0807843
0.00257896
0.0928959
-5.23919e-06
1.49648e-05
4.10008e-05
4.5894e-05
-0.00245681
0.00329012
-0.00168538
-0.000929072
-0.000120317
0.000505947
0.00126779
0.00540957
0.00400023
0.00217788
0.00946781
-0.00265779
0.0567164
-0.0809258
0.479425
-0.494751
0.492332
-0.0102466
-0.144636
-0.0216217
0.0398431
-0.00429609
-0.00957325
-0.00504894
-0.027599
-0.0577704
-0.115211
-0.263282
-0.269168
-0.6708
-0.316685
-0.276916
-0.00943062
-0.109185
0.085801
-0.542054
-0.323895
-0.151488
0.245548
0.0197742
0.0128153
-0.256796
0.271761
0.00159356
-0.0321496
-0.282126
0.273082
0.000477075
-0.0358419
-0.275322
0.27218
0.00234847
-0.0587466
-0.262693
0.194067
-0.15459
0.126614
0.0959835
0.283387
-0.133151
-0.0770627
0.0421179
0.170634
-0.558311
-0.0310962
-0.326907
0.28478
0.262311
0.250365
0.314308
0.152023
0.0345506
0.121458
0.183686
0.303556
-0.141475
0.029169
0.225289
-0.194025
0.000217086
0.197209
-0.199999
-0.00251027
0.191392
-0.195585
-0.00147005
0.190254
-0.193559
-0.00128976
0.189687
-0.194829
-0.00272574
0.183313
-0.2057
-0.0162239
0.155661
-0.238215
-0.0887195
-0.00384677
-0.320889
-0.198673
0.115921
-0.316146
0.349777
-0.371206
0.0104248
-0.389013
0.401316
-0.00609559
-0.231403
0.0147794
0.228072
-0.225614
0.000800701
0.0013342
0.000391588
0.000314698
0.000485088
0.0004493
0.000142475
0.000320835
0.000863167
0.00127456
0.00384218
0.000570345
0.0615869
-0.0647662
-0.0018754
-0.000470905
0.00261969
0.000266845
0.303294
0.390659
0.0025459
-0.323632
0.316479
0.00017502
-0.325858
0.315067
0.000562494
-0.332522
0.3091
0.00117381
-0.34259
0.298273
0.00241044
-0.349513
-0.0154221
-0.0123258
-0.0662367
-0.0658216
-0.106423
-0.0516177
-0.0252531
-0.0112931
-0.00753873
-0.0150365
-0.0278701
0.00180792
0.204346
0.237447
0.230559
0.327306
0.195912
0.00219173
-0.0221997
-0.0116108
-0.00598149
-0.00943088
-0.0221616
-0.0477348
-0.0990104
-0.232804
-0.247826
-0.441247
-0.332119
-0.1046
-0.105376
0.224639
0.0263356
-0.0275623
-0.0219155
0.111243
0.00460057
-0.0886269
-0.0848217
0.0878935
-5.4049e-05
-0.0980181
-0.0938142
0.0769143
-0.000395022
-0.12185
-0.116262
0.0372102
-0.154107
0.0980165
0.0950221
0.099455
0.0864884
-0.135279
0.00949153
0.0501408
-0.153238
0.0368072
-0.148019
0.173978
-0.402776
-0.0216552
-0.387576
0.263103
0.270957
0.271347
0.266286
0.261463
0.264726
-0.419292
-0.0253832
-0.378261
0.271245
0.290457
0.272424
0.286704
-0.0214041
-0.403328
-0.400792
0.174388
0.272349
0.240461
0.238114
0.296453
0.283853
0.227595
0.0692813
0.15143
0.0616823
-0.0327794
0.0760333
0.011622
-0.0554549
0.0576893
0.00249507
-0.0572673
0.0568454
0.00034008
-0.0584182
0.0561444
-0.000171029
-0.0566978
0.057903
-0.000777599
-0.0582161
0.0561041
-0.00385971
-0.0609895
0.0532314
-0.0142282
-0.0812124
0.0311213
-0.0646261
-0.156933
-0.0749072
-0.232987
-0.280726
-0.286512
-0.192944
-0.141824
-0.218049
-0.00918454
0.15945
-0.12047
0.0117097
0.132179
-0.131823
0.00556505
0.13776
-0.141291
-0.00467538
-0.00949799
-0.245015
-0.00078339
-0.397344
0.000466723
-0.393727
0.00210991
0.411926
-0.418115
0.000498774
-0.414814
0.00485412
0.420981
-0.381673
6.89465e-05
0.382224
0.00200217
-0.381703
7.54114e-05
0.382137
0.00131985
-0.381801
0.000107829
0.381855
-0.000677557
-0.381971
0.000191091
0.381729
-0.0010236
-0.382057
0.000543494
0.381913
-0.00570481
-0.378191
0.00275683
0.378286
-0.00768368
-0.00841163
-0.471779
-0.341002
0.00780595
0.439778
-0.00285686
-0.467304
-0.324193
0.00644407
0.457178
-0.000916409
-0.465158
-0.319616
0.00241391
0.461772
-0.000675228
-0.464268
-0.317229
0.00015699
0.464545
0.000672229
-0.461887
-0.315727
-0.00197611
0.465876
0.000796023
-0.45765
-0.313027
-0.00552057
0.469365
0.00305349
-0.439616
-0.305271
-0.0058473
0.477069
0.0106971
-0.382277
-0.270242
0.0250809
0.503306
0.0607934
-0.0435282
0.116336
-0.199232
-0.322135
-0.00326722
-0.0901471
0.00140385
0.276204
-0.0228025
0.00387199
-0.232759
0.00104007
0.398343
-0.389427
-0.00243817
-0.392129
0.0109323
-0.376275
-0.000733468
0.378396
0.00849205
0.00308602
0.000786036
0.00451892
0.409791
0.00281495
-0.00350186
-0.101862
-0.000283538
0.110098
-0.000152077
0.00036156
0.000496472
-0.0175389
-0.020272
-0.0145313
-0.158801
0.0159772
-0.0260263
0.00244134
0.00278858
0.00493839
0.360443
0.297469
0.00171395
-0.00327297
-0.0135349
-0.0161881
0.264113
0.00970942
-0.336406
0.301282
-0.0022324
-0.326013
0.312952
-0.000709845
-0.000715897
0.0011423
0.00416014
0.00129062
0.0027493
0.00570827
0.00271244
0.00138438
0.00117649
0.00460119
0.000358875
0.00100229
0.00247037
-0.333471
0.293408
0.465275
-0.480466
0.473557
-0.478936
-0.00116674
-0.377382
-0.003635
0.380797
-0.00471491
-0.374695
-0.0120405
0.39272
0.0234672
0.0294047
-0.267843
-0.000914099
0.287581
-0.301714
-0.000701392
-0.497048
-0.000952999
0.495165
-0.434225
-0.000197996
-0.439483
0.000120383
0.439301
-0.434207
-5.49909e-05
-0.43128
-5.42664e-05
0.431249
-0.443619
-0.000220467
-0.422188
-0.00133532
0.421212
-0.420271
-0.00376662
0.41643
-0.410317
-0.00776476
-0.00984022
-0.00227294
-0.000981857
-0.000131724
0.000152342
0.000444674
0.0012954
0.00267417
-0.00462541
0.00121445
-0.106731
0.11856
-0.117197
-0.109648
0.00109751
0.000658523
-0.00228164
0.00642151
0.103983
0.000945793
-0.00123841
-0.00968098
0.0126752
-0.0111042
-0.155538
0.0151969
-0.032966
0.233174
0.0112669
-0.0111688
-0.00943021
0.00620014
8.9945e-05
0.0797404
0.0807956
-0.00243718
0.068921
0.106616
-0.00184218
-0.0023233
-0.00239631
-0.000825843
0.00824764
-0.12396
0.317114
0.0184753
-0.473227
-0.00302758
0.4791
-0.420409
-0.00210444
-0.43388
-0.000216221
-0.428176
-0.00017679
-0.429491
0.000942189
0.43027
-0.441397
0.000191456
-0.422236
0.000630376
0.422683
-0.422407
-0.000399393
0.422463
-0.000268117
9.35654e-05
0.000461576
0.00116455
0.00190013
0.00252139
0.000136054
-7.58246e-05
-0.00256361
-0.00244627
-0.00922303
-0.0116075
-0.00243429
-0.00250173
3.96968e-05
5.25634e-05
0.000309077
0.000129058
0.000330863
0.000261337
0.000337228
0.000404879
0.000381753
0.000259829
0.00155457
0.0018967
0.00249713
0.00908955
-0.000503749
0.0641977
-0.3303
-0.0835675
-0.000121658
-0.0312289
0.141845
-0.144774
-0.470885
-0.170446
-0.0027517
0.0411829
-0.000225512
-0.333592
-0.141367
-0.0934829
0.213458
0.025758
-0.0236002
-0.0413778
0.120401
0.00437853
-0.0823845
-0.102557
0.103043
0.000230103
-0.0910828
-0.108088
0.0955595
0.000568412
-0.117103
-0.122498
0.025768
-0.00707108
0.00114692
0.00145966
0.412211
-0.372729
0.00251018
0.385923
-0.0140276
0.0103466
-0.487612
0.00177812
-0.302752
0.310424
-0.00262741
-0.29474
-0.513306
0.444086
-0.0278739
0.0449603
0.166876
0.00175712
0.359074
0.266802
0.300376
-0.398983
0.00467939
-0.338005
0.0106684
-0.374244
0.00804069
-0.358569
0.0105569
-0.360349
0.00908228
-0.384547
0.28006
0.273824
-0.0192715
-0.482125
-0.387662
0.17119
-0.119062
0.149368
0.0838984
0.0996936
-0.146349
0.0412578
0.0313062
-0.157933
0.062352
0.114345
-0.136969
0.21463
-0.11498
0.0179088
-0.127208
0.0221676
-0.138748
-0.108733
0.0212976
-0.00879449
-0.0020107
-0.00137807
-0.000297645
0.00032151
0.000391124
0.000526108
0.00127138
0.00261413
-0.00468236
0.00131495
-0.0697696
0.0823777
0.000600439
0.0166211
0.0119271
0.00961026
-0.119908
-0.00879637
0.128138
-0.105482
-0.0577475
0.129984
-0.141607
-0.193496
-0.218392
0.154002
0.159021
-0.00952985
-0.0134025
-0.0434208
0.00505081
0.163025
-0.0296437
-0.0381877
-0.0215332
0.116696
0.11678
-0.038364
-0.0293716
0.150027
-0.082373
-0.174407
-0.0828058
0.160604
-0.0160976
-0.0170771
-0.0208651
-0.00553883
0.00172359
0.275801
-0.0232757
0.0106102
-0.000448669
0.000352912
0.000575286
0.000357682
-4.2352e-05
-0.000701987
-0.00176999
-0.000244741
-0.0012615
0.000327242
-0.0112398
-0.00419418
0.0061234
-0.0157808
-0.00758926
-0.00749659
-0.20947
0.2013
-0.00575628
-0.00471208
0.00980805
-0.00483288
-0.00447756
0.034076
0.0709964
0.0363193
0.253217
-0.127483
0.0163107
0.132969
0.16791
-0.0666498
0.00665115
-0.00241928
0.0110321
-0.0026922
0.001278
-0.0192212
-0.00382302
0.000127494
-1.03205e-05
-0.000527929
-0.00121109
-0.000830292
-0.00208911
0.00147962
0.00281997
0.000613644
-0.00530919
-0.0011204
-0.000242663
-0.000212836
-0.000381404
0.000553878
0.00756029
0.00234991
0.00387285
0.00221685
0.000841613
1.83955e-05
0.000765141
0.000807984
0.00170681
0.00298966
-0.411044
0.373788
-0.376083
0.376912
-0.376445
0.00193149
-0.416869
0.41689
0.00444926
0.00294261
0.00181948
0.000807643
0.407849
0.00246476
-0.00379345
0.129082
-0.00278115
0.00241157
0.0115791
-0.0190266
0.136612
0.107278
-0.0474417
0.0188697
-0.000402148
-0.000170765
0.0700313
-0.00241124
-0.000142826
0.0494129
-0.149489
0.0433437
0.000520336
0.0173592
0.0127005
0.00135158
-0.0132595
0.00537596
0.0116783
-0.0475412
-0.0436588
0.137081
-0.0578836
-0.105375
-0.0191931
0.129444
-0.00862418
0.0116643
0.00932154
-0.00648989
-0.00035215
0.00255027
0.00932138
-0.00368373
-0.00407563
-0.00108671
-0.000635021
-0.000185282
0.0011783
0.00075169
0.000637426
0.000428008
0.418816
-0.419015
0.377084
-0.377402
0.377708
-0.379195
0.0018309
-0.421092
0.419747
0.00136601
0.000564724
3.49485e-05
-0.00036824
0.000545169
-0.00107062
0.000554006
0.000245719
0.000439569
0.000338414
0.000646537
0.000218686
0.000681099
0.0020061
0.0112554
0.0101986
0.0366418
0.00173024
0.000733044
0.00013147
-0.000767933
-0.00273072
-0.00113965
-0.00114435
0.000126701
-0.000266467
-0.000210455
0.000242972
0.000267943
0.000258662
1.02966e-05
-0.00110588
-0.0029294
-0.00306529
-0.00119328
1.52151e-05
0.000110136
0.000195299
0.000301408
0.000413351
0.000730104
0.000626696
0.000586515
0.00130083
0.0011066
0.00060679
0.00176561
0.00338454
0.00138412
0.00205076
0.0491138
-0.010034
0.00441441
0.00143275
0.00536733
0.108574
-0.0050629
-0.0156882
0.0776697
0.023292
-0.333742
-0.116097
-0.25416
0.227751
-0.155049
-0.166014
0.203869
-0.270242
-0.0145524
-0.0197886
-0.224619
0.197789
-0.00315437
-0.0110411
-0.00114422
0.00403889
0.00565785
0.0826856
0.025795
-0.153422
-0.131828
0.25046
0.0249505
-0.0592468
-0.0172012
0.103451
0.0033763
-0.118195
-0.076631
0.0778102
-0.000280114
-0.123742
-0.0850454
0.0676125
-0.00111807
0.107764
0.103662
0.00620477
0.129565
-0.125951
0.000484493
-0.113827
-0.000632129
-0.00262037
-0.00044726
-3.89454e-05
0.000177108
0.000196642
0.00017166
0.000138319
4.06733e-05
-0.00105316
-0.00286888
-0.00151683
-0.325527
0.311135
-0.000691979
-0.323934
0.316537
0.475324
-0.480151
0.475858
-0.485513
0.000277335
-0.382349
0.00257227
0.378484
-0.000367047
-0.378508
-0.000223626
0.378634
0.00205233
0.00229923
-0.278706
0.000788898
0.282777
-0.304506
0.000440137
-0.496484
0.00043193
0.498692
-0.43487
-0.000160075
-0.437827
0.000457987
-0.433134
-0.000691414
-0.426731
-0.00131385
0.422677
-0.438524
0.000114031
0.420102
-0.00118182
-0.413498
0.412497
-0.00121992
-0.427482
0.432051
-0.417606
-0.00015292
0.000424677
0.00186512
0.00156667
0.000806218
0.000265802
-0.000224793
-0.00108951
-0.00119141
-0.000171629
0.000844564
0.00211063
0.00215336
0.0046673
-0.325689
0.316343
0.000935291
-0.330759
0.312089
0.475558
-0.496222
0.472781
-0.505385
0.0127742
-0.432434
0.0398848
0.376637
0.00244246
-0.396503
0.0114174
0.379881
0.000720983
0.0070963
-0.275472
0.00570691
0.293715
-0.311109
0.00153788
-0.49232
0.00273027
0.497534
-0.426046
-0.00169688
0.416932
0.00379396
-0.47147
0.275244
-0.00111976
-0.31765
0.282185
-0.295567
0.0154409
-0.0361088
-0.0180165
-0.0312939
-0.0558608
0.35117
-0.4981
0.107909
-0.079553
-0.0308942
-0.0117482
-0.00431947
-0.00253362
-0.00414002
-0.00108642
0.0664433
0.68525
0.343571
-0.178379
0.120264
0.0614977
0.391077
-0.33921
0.368482
-0.0219466
-0.240396
0.0116612
0.434893
-0.411202
-0.00109955
-0.408104
-0.000105732
-0.412703
-0.000257547
-0.422471
0.00183407
0.426244
-0.436294
0.00042581
-0.420717
0.00172656
0.422592
0.00163006
0.00110418
0.443372
0.00247312
0.438312
-0.000344025
-0.00280338
-0.00528081
-0.0179459
0.00285622
0.240422
0.0167119
0.0209012
0.0828582
0.145616
-0.201365
-0.000569712
-0.298721
0.0010282
-0.494622
-0.00228928
0.491611
-0.431522
-0.000809552
-0.438772
-4.56258e-05
-0.432728
-3.90464e-05
-0.431126
0.000364716
0.431418
-0.443076
-2.40045e-07
0.443278
-6.39413e-05
0.000408378
0.443843
-2.86031e-05
-0.000174878
-0.000867922
-0.00229978
0.427516
-0.00455061
0.403382
0.0241083
0.0123503
0.3043
0.0120702
0.00717241
-0.000532907
0.309155
0.00118226
0.0048629
-0.27808
-0.000363847
-0.303472
-0.000165781
-0.496775
-0.000200801
0.496911
-0.435048
-2.36398e-05
-0.439226
0.000275064
-0.434331
-0.000274733
-0.430292
-0.000574593
0.42953
-0.443235
-0.000441277
0.436848
-0.000939995
-0.000405572
5.41533e-06
0.000145602
0.000235408
0.000432188
0.00126002
0.00235979
0.00127554
0.00125585
0.000626896
0.00110757
-0.00157294
-0.000611194
0.000144565
0.00044991
0.000524856
0.000476664
0.000338899
0.000551668
0.00105042
0.00312121
0.00265188
-0.330198
-0.00859047
-0.323458
0.359307
-0.00739262
-0.340893
-0.348645
0.366259
0.342442
-0.00725608
-0.325412
-0.37165
0.389189
-0.349796
-0.00887912
-0.312909
0.352223
0.370471
0.365066
0.357065
-0.00814739
-0.34444
-0.31986
0.00268342
0.348867
-0.00674317
-0.36548
-0.33332
0.001211
0.344789
-0.00247416
-0.373767
-0.339235
-0.348564
-0.356706
-0.00281652
0.355796
0.363326
0.00125953
0.337859
-0.00275068
-0.331017
-0.380292
0.38675
0.00116474
-0.305404
-0.45878
-0.00628405
0.31698
0.00215629
-0.298133
-0.44117
-0.00714389
0.334456
0.39392
-0.283301
0.0228241
-0.2754
-0.00972137
-0.279132
0.0224983
-0.274563
-0.0096734
-0.280223
0.0236298
-0.279748
0.389168
0.33855
-0.0105675
0.0152796
-0.00139862
-0.208884
-0.250397
-0.237102
-0.262867
-0.250293
-0.252283
-0.259172
-0.212809
-0.32934
-0.260411
-0.238012
-0.249668
-0.168673
-0.0728692
-0.0904511
0.149706
-0.167428
0.393941
0.398308
0.395242
0.396917
0.411406
0.386698
-0.162207
0.130773
-0.072573
-0.168831
-0.0909017
0.163166
-0.0168997
-0.0034816
-0.00348515
-0.00162791
-0.000728782
0.000397597
0.000401628
0.360768
-3.47565e-05
-0.351988
-0.36044
-0.333423
-0.384201
-0.000269774
0.335403
0.384756
0.000489544
-0.307977
-0.464409
-0.00229446
0.31273
0.467697
0.00154748
0.0608729
-0.0597234
-0.000679677
0.0606977
-0.0600452
-7.52722e-05
0.061477
-0.0595008
0.00218337
0.0680739
-0.0536017
0.0128273
0.0951898
0.0338957
0.0188957
0.00627371
0.00290474
0.000481206
-8.61095e-05
-0.00046943
-4.77301e-05
-0.00125074
-0.000928356
-0.00278569
-0.061791
0.470215
0.00313818
0.0580545
-0.0805553
-0.0126617
-0.0219246
-0.00858464
-0.0527129
0.0364333
0.0109186
-0.383759
0.0237217
-0.264922
-0.0107727
0.0157729
0.000672533
-0.168095
-0.286327
-0.278649
-0.233193
-0.0736273
-0.157252
-0.0634486
-0.125457
-0.356615
0.0608612
0.503232
0.384259
0.413918
-0.161795
-0.34453
-0.207923
-0.000536911
0.0349571
0.0228157
0.0130492
0.00494401
0.00160051
-0.000184224
-0.308874
-0.468378
0.466506
0.311402
0.000351106
0.00191974
0.00576503
0.00632772
0.01966
0.00718634
0.00127813
-0.000252911
0.000109788
0.382151
0.00163536
-0.334423
-0.387231
-0.307805
-0.474886
0.00102507
0.311997
0.466145
0.00240888
0.00154264
0.00164901
0.00113666
0.00174903
0.00303726
-0.424214
0.380069
-0.380457
-0.00589821
0.00248313
0.00119436
-0.00264311
0.000618242
0.000183973
0.420449
0.000613319
0.000413065
0.41971
0.00267428
0.000259861
0.0008178
0.00150749
-0.000897296
-1.46082e-05
0.000489623
8.96991e-05
0.000312205
0.000151107
4.18318e-05
0.000372984
0.00137132
0.000603855
0.000124744
4.81113e-05
-0.000791134
-0.000252283
-0.000265093
-0.000867522
-7.76162e-05
0.000173694
0.000163855
-0.000456669
-0.000357133
-0.000211222
-0.000179158
-0.00373267
-0.00385366
-0.017004
-0.00650285
0.372218
-0.00244272
0.000210907
0.000123888
-0.00173201
-0.00185615
-0.00103997
-0.00701875
-0.0064014
-0.0048478
-0.0009734
-0.337063
0.303216
0.00462321
-0.33469
-0.0137924
-0.0136919
-0.0651981
-0.0831809
-0.304255
-0.306523
-0.491585
0.123213
0.0468925
0.254651
-0.0896496
0.132021
-0.014823
-0.150831
0.135734
-0.00339779
0.105903
-0.00345411
0.127667
-0.1409
-0.011901
-0.00374726
-0.00462547
0.0020266
-0.0170441
0.113399
-0.0056766
0.00418991
0.00423406
0.00271202
0.00153089
0.000656976
0.000559896
0.00603178
0.00518929
0.0129765
0.0111993
0.0320342
0.00662368
0.00299265
0.00100626
0.303943
-0.306507
0.00111752
-0.495961
0.00136013
0.500902
-0.433045
-0.000642057
-0.433334
0.000456501
0.428302
-0.000281647
1.40866e-05
0.000308576
0.000429814
0.00110135
0.00232688
0.00138953
0.000867076
0.000478971
0.000183679
8.97042e-05
0.000142772
0.000166438
0.000155798
0.426519
5.07161e-06
0.432173
3.06404e-05
0.414615
0.398089
0.00161177
0.396556
0.239171
0.00630405
0.00137086
-0.000159855
7.81448e-05
-0.000844205
0.433624
0.00150875
-0.00103822
0.282168
0.00017214
0.000531072
-0.000305025
0.304397
0.00106136
0.00350704
-0.277565
0.00276441
0.287063
0.000160511
0.0021486
0.00096513
0.000638143
-8.61016e-05
0.435206
0.00015653
0.434609
-7.42201e-06
0.000638443
0.435683
0.000293004
0.439702
-0.000141546
0.00182463
0.435444
-0.00155669
0.30321
-0.000375805
0.00606099
-0.278652
0.00955753
0.298593
-0.00967416
-0.000330639
-0.0106957
-0.0360683
-0.084444
0.00314424
-0.0122841
-0.00532113
0.0040594
0.00367082
0.432631
-0.000650265
-0.00138746
-0.00135784
-0.000288841
-0.00486128
-0.000240668
0.000663338
0.000508981
0.438638
0.433051
-0.000330423
-6.67303e-05
-0.000877178
-0.00168283
-0.00186395
-0.00799813
-0.00299366
-0.00310849
-0.00165054
-0.000631315
0.441587
-0.00124857
-0.00021037
0.000400155
-0.000289766
-0.0015429
-0.0055131
-0.0166617
-0.00399619
9.88896e-05
0.000407104
0.00181544
-0.00210286
0.00244838
0.00421513
-0.00733492
0.0324512
0.0672011
-0.0488556
0.3485
-0.00169672
-0.0232909
-0.0341482
-0.018981
-0.00656831
-4.69684e-05
0.00646498
0.0188025
0.0338886
0.0364584
0.000659066
0.017917
0.0177572
-0.329405
-0.167572
-0.344966
-0.169302
-0.000473492
0.0212682
0.00541612
0.0022738
0.322539
0.383279
-0.00144227
0.00312335
0.00128114
0.0025482
0.00139685
0.00302465
-0.00388106
-0.0206598
0.153903
0.352876
0.0147596
-0.000488119
0.00100761
0.0010352
0.000521164
0.000604404
0.000259304
0.000260941
0.000334909
-0.000572614
0.000127355
9.37417e-05
0.000879418
-0.000403842
-0.000665289
-0.363472
0.00257386
-0.354011
0.341364
0.00686852
-0.355671
-0.367646
0.350757
0.328327
0.00458744
-0.334942
-0.391516
0.37536
-0.000689698
0.313836
0.463768
0.00517445
-0.00106304
-0.00125416
0.000990666
0.00170643
0.00445707
0.0772544
0.122258
0.187097
0.442368
0.0286959
0.228902
0.338901
-0.0156155
-0.00427104
-0.0112968
-0.00308329
-0.00157444
-0.000215984
0.333308
0.357552
0.349437
0.3393
0.0027591
-0.379293
-0.345329
-0.000879949
0.334054
0.00725863
-0.381166
-0.350497
-0.0022142
0.322391
0.343605
0.305851
-0.00154631
-0.00241921
-0.00269603
-0.000814758
0.000258461
0.00166138
0.000322185
0.000266255
-0.000815744
-0.000346114
-0.00311916
0.0294831
-0.00323523
-0.00203578
-0.00492424
-0.00389577
-0.00241221
-0.00410985
-0.0017597
0.0843261
-0.00200446
0.00187666
0.000256006
-9.31576e-06
0.00510356
0.00446859
-0.0315838
0.1814
-0.078837
-0.306282
-0.387926
0.0290588
-0.177556
0.0737423
0.0233363
-0.109407
-0.117645
-0.0128498
-0.0194301
0.129078
0.118298
-0.0111066
-0.115084
-0.00199106
0.11558
-0.0005864
0.00150243
-0.000115415
0.00134438
0.00329002
0.00342406
0.00235363
0.000686167
0.000544979
-0.00133025
-0.00114945
-0.000182774
-0.000680848
-4.98799e-06
-0.00014286
0.000837804
0.00181661
0.00169287
-0.00234551
0.00307712
0.0065812
-0.0123358
0.385885
-0.0253215
0.018438
-0.429453
0.00530465
0.00469206
0.0350596
0.00405958
0.00861284
0.0263235
-0.00193171
-0.000736929
-0.00259761
0.00680451
0.074188
-0.00479921
-0.00275897
-0.00140712
0.00190453
-0.188143
0.218181
-0.00649874
0.0014175
-0.00892173
-0.0224157
-0.0253607
-0.004714
-0.00223737
0.0904788
-0.00230738
-0.00281642
-0.00530833
-0.000878336
-0.00309997
0.0797426
-0.00519972
-0.00298617
0.00681237
0.00519964
-0.00118911
-0.00132698
-0.000867903
-0.00220155
0.00203091
0.00554122
0.00440221
0.0035525
-0.00874071
0.0173219
0.0174
0.0201019
0.026814
0.385855
0.0525806
0.00820435
-0.0130834
-0.00469482
-0.000277558
0.00391664
0.0117211
0.00179365
0.380227
0.31894
0.00116521
-7.3584e-05
0.000359852
0.000369389
0.316876
0.377692
0.000119316
-0.377277
-0.342269
0.34211
0.000357878
0.353007
0.000370626
0.00760097
0.0212054
0.00214764
0.00207992
0.00616937
0.000401155
0.0004889
-0.00616057
-0.018723
-0.00523127
0.313971
0.335177
0.322281
-0.00589757
-0.00192332
-0.00030424
-7.93345e-05
-0.000285691
0.373932
0.315369
-0.000121378
0.000371927
0.000113832
-0.000724247
-0.000820909
0.312769
0.365256
-0.00178134
0.00106296
7.79457e-05
-0.000436949
-0.00187785
-0.0104513
-0.0553365
-0.357836
-0.129106
-0.0252483
-0.00343857
-0.000507059
0.000286881
-0.000305259
-0.000640986
0.000777381
-0.00522137
-0.0135734
0.012753
-0.0166266
-0.0333117
-0.0224153
0.0125471
0.230071
0.330951
-0.0160798
0.00274216
0.220111
0.332747
0.00188087
0.209559
0.346051
0.165058
0.00104376
-0.00192312
0.356117
-0.00212624
0.0201634
0.121466
0.0209729
0.0448204
0.047487
0.045108
0.0597307
0.0376824
-0.000983156
-0.00490679
0.0459186
-0.02159
-0.0100308
-0.00778222
0.049062
0.00477537
0.0338995
0.0297016
0.20744
0.175102
0.194426
0.185629
0.190172
0.0411388
0.00667526
-0.00079347
-0.00698207
-0.0839514
-0.283825
-0.267949
3.45579e-05
0.0114523
0.171217
0.000112068
0.434528
0.00327079
0.000580746
0.000188324
-0.000648209
-0.0110104
0.0018186
0.305615
0.4375
0.433203
-0.00021941
-0.0107718
-0.427761
0.00120911
0.00153124
0.00141571
-0.0444415
0.477701
0.012707
0.00676772
0.0022675
0.00587126
0.094926
0.00333849
0.214778
-0.254364
-0.0316107
-0.449411
-0.000211027
-0.0214977
0.107519
0.000720826
-0.45576
0.412021
0.00560164
0.232941
0.0153751
0.0889759
0.216937
0.0347686
0.0370291
0.00177163
0.0015122
-0.00174065
0.293349
0.0132906
-0.0185478
-0.0262822
-0.00841621
0.00215154
0.000461587
0.000199784
0.000354355
0.000415601
0.000134853
-0.000965357
-0.00151364
-0.01359
-0.0068817
0.243844
0.0197291
-0.408782
0.445397
0.0270036
0.321908
0.00204827
-0.298119
0.308588
0.0302544
-0.270656
0.293176
0.00585198
-0.282261
0.288423
0.0036571
-0.28481
0.288299
0.00261783
-0.286527
0.288214
-0.000615205
-0.289847
0.285052
-0.00721936
-0.296704
0.272542
-0.0335761
-0.312077
0.20348
-0.148526
-0.395111
-0.120351
-0.370511
0.0231375
0.242139
-0.243999
0.0138994
0.253142
-0.250471
0.00520285
0.254276
-0.261432
-0.00294813
0.253484
-0.260307
-0.0215248
0.244755
0.256966
0.396122
0.100235
-0.285935
0.00373277
0.420325
-0.000773741
-0.428319
-0.00190643
0.410681
-0.00250984
-0.414709
-7.13024e-05
0.412289
0.000429751
-0.406107
0.00130608
0.417974
-0.0123447
-0.439267
-0.0190745
0.342704
-0.0608591
0.0787575
0.178659
-0.327045
0.333109
-0.396013
0.372949
-0.385089
0.378908
-0.379312
0.380593
-0.376361
0.381867
-0.374585
0.38039
-0.376574
0.381711
-0.374316
0.391691
-0.332663
0.321719
-0.158576
0.313524
0.394277
0.196229
0.290875
0.212015
0.163555
0.107317
0.065924
0.19128
0.0054619
0.244532
0.0346423
-0.000796701
-0.0194884
-0.0237008
-0.0195081
-0.00886214
-0.0052148
0.128697
0.0179896
-0.125145
0.115662
0.0608398
-0.115384
0.146374
0.199045
0.211967
-0.137818
-0.115184
0.0286918
0.213228
-0.084821
0.324984
-0.346746
0.375618
-0.00726408
0.396339
-0.396844
0.0175088
0.23851
-0.0109851
-0.222698
0.392241
-0.407889
0.419627
-0.437228
0.436163
-0.442667
0.439677
-0.443351
0.43975
-0.443941
0.439422
-0.445654
0.438866
-0.446698
0.431831
-0.44004
0.239414
-0.00497215
-0.238411
-0.00615861
0.431063
-0.418893
-0.00149215
0.43401
-0.42818
-0.00121126
0.432265
-0.429731
-0.000934708
0.430795
-0.429775
-0.000587548
0.430581
-0.429435
-0.00062835
0.42951
-0.426039
-0.00105886
0.423009
-0.411706
-0.000758371
0.395031
-0.396642
0.000825932
0.227129
-0.00661198
-0.233316
0.396225
-0.000531702
0.234506
0.00388505
-0.242586
0.404064
-0.407221
0.419091
-0.429069
0.432519
-0.434982
0.435093
-0.433743
0.42543
-0.432002
0.412407
-0.425387
0.414459
-0.426796
0.412125
-0.436671
0.228768
0.0423516
-0.293094
-0.0119953
0.445506
-0.401566
-0.00359286
0.375366
-0.384465
-0.000584184
0.378462
-0.369476
6.71803e-06
0.402536
-0.461194
0.010613
0.5021
-0.491637
0.00368195
0.497717
-0.491897
0.00238547
0.492939
-0.481271
0.00042182
0.466507
-0.441871
-0.0202794
0.211534
-0.00105631
-0.3697
0.324153
-0.321309
0.297148
-0.00219094
0.196268
-0.389016
-0.0599918
-0.130521
0.156169
0.068085
-0.319758
0.326313
0.0192463
0.475151
0.341686
-0.0133786
-0.411362
-0.246011
0.361668
-0.174773
0.467592
-0.0128379
-0.0135612
0.10548
-0.190219
-0.24243
-0.00573347
-0.0203834
0.12225
-0.0112039
-0.0945055
0.128366
0.133597
-0.0186655
-0.0700096
-0.0283017
0.111951
0.119894
-0.0235404
-0.040744
-0.040821
0.119823
0.112365
-0.0234286
-0.0280231
-0.0698761
0.133834
0.130087
-0.0183853
-0.0941696
-0.0107379
-0.131484
0.123286
-0.0196269
-0.00557343
-0.24426
-0.190778
-0.06556
-0.163147
-0.105906
-0.0868545
-0.169998
-0.0874187
-0.105255
-0.162654
-0.0660403
0.111534
-0.0487651
-0.034738
0.00172426
0.148723
-0.0192672
0.0295884
0.417579
0.389799
-0.27065
0.357184
0.354472
0.378421
-0.00979143
-0.268854
-0.308079
0.420223
-0.173149
0.387777
0.0244617
-0.0191982
0.153053
0.0105985
0.00194778
0.14934
-0.019355
0.029028
0.360638
0.470434
-0.412777
0.479413
0.0180975
0.329157
-0.0159643
-0.319443
0.0685445
-0.393081
-0.174787
-0.197558
-0.286151
-0.243432
-0.24495
-0.173153
-0.284449
-0.198843
-0.392085
-0.31361
-0.643484
-0.0631779
-0.0880223
-0.142247
-0.086875
-0.0296418
-0.0300523
-0.0319177
-0.00932185
-0.0144326
-0.0295368
-0.304998
0.27124
-0.311598
0.303701
-0.309731
0.306874
0.000605383
0.280918
-0.285607
-9.87946e-05
0.00462259
-0.382597
0.349531
0.0083097
0.460308
0.340256
0.00304073
-0.464527
-0.327854
0.336317
0.00166021
0.466432
0.0197631
0.00162251
-0.000536521
-0.00390918
0.0151105
0.35697
-0.0266441
-0.386799
-0.00204135
-0.00494419
-0.0153373
-0.00377431
-0.00412535
-0.00302116
-0.0162921
0.00156486
0.00147304
0.012219
-0.0115999
-0.00330573
-0.398698
-0.00230912
0.406455
-0.399174
0.412959
-0.000330907
-0.416563
0.00011542
0.433343
-0.427144
0.428125
0.000408664
-0.433361
-0.00127067
0.438677
-0.433711
0.430873
0.000600795
-0.437276
-0.00282521
0.439153
-0.434342
0.428753
0.00017242
-0.438262
-0.00289993
0.438652
-0.433879
0.426506
-0.000937121
-0.440394
-0.00274733
0.440743
-0.434788
0.42531
-0.00156765
-0.439809
-0.000692466
0.441837
-0.435814
0.417177
-0.00236093
-0.430672
0.000193929
0.434904
-0.433001
0.235195
-0.00321293
-0.24207
0.00760152
0.00461164
-0.0197773
0.111808
0.198157
0.357616
0.046344
0.0167537
-0.308423
-0.109777
0.0765214
-0.00908535
-0.226467
0.173844
-0.00708887
-0.199587
0.197233
-0.0176931
-0.095632
-0.228535
-0.0970118
0.310849
0.108016
-0.0397707
0.00134253
0.000596941
-0.310194
0.284331
-0.28615
-0.0134335
-0.033646
0.327773
0.00921949
-0.282925
0.0944972
-0.246718
0.433358
0.370135
0.378129
-0.00194744
-0.356054
-0.360377
0.357374
0.00514329
0.465114
0.369208
0.0109045
-0.0209467
-0.00782458
0.00370073
0.0188262
-0.000581662
-0.190139
-0.208466
-0.365619
-0.325531
-0.191909
0.000625142
0.0250125
0.0104824
0.00123321
0.00475499
-0.00642895
0.0194153
0.0193157
-0.0135368
-0.0916524
-0.087139
-0.335552
0.158839
0.094168
0.00225211
-0.0259317
0.0491187
-0.436043
0.46
-0.426813
0.256263
0.403963
0.376418
-0.00567637
-0.341624
-0.354311
0.393696
-0.00278736
0.359302
-0.0684792
-0.0119867
-0.00679349
-0.00103703
-0.00378352
-0.00592539
0.00762643
0.0307147
-0.00128358
-0.00339413
-0.00144834
-0.00361087
-0.0011693
0.00248006
0.000409127
-0.00234914
-0.00579087
-0.00930745
-0.00502995
-0.000817096
0.000412026
-0.0304379
-0.00902507
-0.0364576
0.062206
0.00678744
-0.0579362
0.0985936
0.484487
-0.0742459
-0.123432
0.586487
0.379474
-0.67095
0.125383
0.0450096
-0.00688505
-0.417948
-0.329685
-0.105665
0.379691
0.38317
0.355555
0.401335
-0.00426137
-0.314673
-0.368239
0.395335
-0.00196663
0.352888
-0.038255
-0.353085
-0.00436128
-0.322811
-0.0455827
0.365683
0.385707
-0.00206153
-0.335384
-0.362418
0.37539
0.345073
0.385576
-0.00109008
-0.335441
-0.373856
0.377225
-0.000475211
0.341421
-0.00102113
-0.360785
-0.00119746
0.354638
-0.0104781
-0.369701
-0.327248
0.00770137
0.00506781
-0.00202877
-0.00766988
-0.45828
-0.339509
0.00702746
0.358148
0.353675
0.342551
0.372622
0.000464872
-0.335379
-0.363605
0.372407
0.00195434
0.34658
-0.00262984
-0.341257
0.000745116
-0.359395
0.000718666
0.364917
0.351792
0.00206526
-0.348069
-0.322048
-0.00507365
-0.319202
-0.350109
-0.00372299
0.340646
-0.304798
-0.460517
0.474501
-0.469028
0.473591
0.00107976
0.374161
0.00280065
-0.377292
0.00428003
0.370611
0.00864677
-0.388303
-0.0223334
-0.0295637
0.269713
0.000444007
-0.290996
0.30371
5.7633e-06
0.500775
0.000489011
-0.499857
0.437443
-0.000185622
0.444963
-0.000469129
-0.445255
0.438975
-0.000144659
0.439282
-0.000418424
-0.440036
0.445067
7.66797e-05
0.438444
0.000823267
-0.438224
0.503291
0.000381579
0.305583
0.000259498
-0.312628
0.301749
0.000152328
-0.319136
0.4775
-0.407255
0.413934
-0.404625
0.403334
-0.412968
0.397992
-0.471803
0.325272
-0.170159
0.218197
0.146504
-0.243882
-0.0309734
0.128926
-0.169404
0.430011
0.157591
-0.53844
0.0133558
-0.0129469
-0.0207949
-0.0828496
-0.357201
0.0778678
0.00725715
0.0491888
-0.167268
0.371975
0.379003
-0.857251
0.0390142
-0.291539
-0.461114
0.000615156
-0.00738948
-0.00627768
-0.00368095
-0.00185364
-0.000836056
-0.000135246
0.000879399
0.00234837
-0.0049366
0.0020863
-0.0686048
0.0838996
-0.0837729
0.0686011
-0.002917
-0.0936465
0.0802313
0.0793192
-0.00291634
-0.0944915
0.000147691
0.0945902
0.00300301
-0.0789453
0.00193658
-0.0793315
0.0944092
0.0029309
-0.0683385
0.0836338
0.118781
-0.119822
0.107903
0.000855869
-0.109539
0.104912
0.00156711
0.125705
-0.00130763
0.109373
0.00137307
-0.107578
0.00217206
-0.00497177
0.000375758
-0.00918659
-0.131226
-0.0010867
0.130433
-0.00158458
-0.106266
0.00101497
0.00638255
0.0197831
-0.0479644
0.1424
0.00155303
-0.00035455
-0.00100473
-0.00601262
-0.131019
0.000315592
0.0487634
0.0342206
0.00510583
-0.156083
0.0346522
0.0374223
0.0229434
-0.119761
-0.11822
0.0443646
0.0268323
-0.142334
0.0876389
0.179597
0.095248
-0.153554
0.0197611
0.0214857
0.00523645
-0.00159062
0.0696106
-0.0827139
0.000184403
-5.37091e-05
-0.000583233
-0.000588224
-8.66198e-05
-0.00206647
-0.00106627
-0.00570264
0.00469781
0.00112545
-0.00050186
-0.00129678
-0.0021572
-0.00248996
-0.00158587
0.000318615
0.00197543
0.00247687
-0.0268721
0.310017
-0.112282
0.0213269
0.272539
0.141445
0.123932
-0.143463
0.652655
0.17145
0.00302138
-0.0149882
-0.0232655
-0.233675
0.221752
-0.207907
-0.024778
-0.0238471
0.249913
-0.29181
-0.00768934
0.0278328
0.280168
-0.278026
-0.00131792
0.0350927
0.278297
-0.269901
0.00100316
0.0602037
0.276219
-0.181831
0.172341
-0.119612
-0.0877426
-0.321869
0.177265
0.134784
-0.000407124
-0.153025
0.587699
0.0369776
0.326529
-0.273042
-0.272532
-0.255037
-0.339172
-0.159015
-0.0314621
-0.126906
-0.187049
-0.3059
0.144789
-0.0285474
-0.226772
0.195735
-1.99407e-05
-0.198386
0.201343
0.00255619
-0.192551
0.197393
0.00143319
-0.191892
0.196196
0.00126895
-0.191955
0.198164
0.00282236
-0.185806
0.20948
0.0167491
-0.156831
0.24217
0.0893545
0.00439764
0.302573
0.0671569
-0.0493731
-0.486851
-0.0179589
0.260304
0.39027
-0.0361876
0.0823801
0.0127271
-0.0596143
0.0639981
0.00291108
-0.0629198
0.06194
0.000796759
-0.0628059
0.0621931
0.000126009
-0.0636056
0.0616038
-0.00220566
-0.0701976
0.0558393
-0.0129314
-0.0973936
0.0303791
-0.0455362
-0.170089
0.00221152
-0.355523
-0.26053
-0.303027
0.0266345
0.368934
0.433464
-0.162783
-0.258094
-0.26292
-0.251354
-0.265623
-0.255029
-0.234554
-0.28775
-0.218318
-0.194268
-0.389896
-0.344395
-0.238548
-0.195923
-0.0559533
-0.0968942
-0.0796229
-0.0816692
-0.0879954
-0.070967
0.147408
0.00107943
-0.0475795
0.160369
-0.0340416
-0.0335792
0.159675
-0.0423406
-0.022741
0.157057
-0.0669117
-0.0843705
0.124714
0.0366651
0.154806
-0.00411275
0.134648
-0.014062
0.135981
0.110103
-0.0216582
0.118402
0.115674
-0.020993
0.114014
0.124847
-0.022224
0.00932825
-0.00024559
-3.29083e-05
-0.412333
0.375392
-0.00109672
-0.385724
0.016336
-0.00936683
0.49261
-0.00163301
0.295724
-0.303433
0.00362048
0.289824
0.522537
-0.446252
-0.00443313
0.0149255
-0.384228
0.134404
-0.0257044
-0.246378
-0.00137239
0.434615
-0.0118121
0.00469655
0.00230744
0.000487483
-0.000436434
-0.000677881
-0.000316744
-0.000437252
0.00105925
0.00241568
0.0056981
-0.0491291
-0.217321
0.207954
0.0245886
0.000945827
-0.00119939
0.000813802
-0.00129437
-0.00181499
-0.0027013
-0.00389954
-0.00579642
0.0441485
0.00237921
-0.0026339
-0.0188726
0.019667
0.000555768
0.000274274
0.229693
-0.217397
0.00811715
0.00759781
-0.0103659
0.0161938
0.014602
-0.0200603
-0.0351848
-0.157079
-0.141871
-0.00454009
-0.0273615
-0.00160156
-0.00248698
-0.00497341
0.00334035
-0.00252589
-0.00233856
-0.0011843
-0.00123008
-0.000833359
-0.000270816
-0.000820325
0.000523564
0.00173963
0.00724132
0.00571152
-0.250633
0.0328919
0.00296164
-0.00257323
-0.000518245
0.000486023
-0.00136977
-0.00175466
0.416124
-0.374721
0.379114
-0.378535
0.378581
-0.00159254
0.420821
-0.419371
-0.00346543
-0.00215552
-0.000915066
0.000617689
-0.408847
-0.000691308
0.00670638
-0.122105
0.00586672
-0.00181733
0.00186533
0.0091409
0.00150515
0.00086459
4.1585e-05
-0.000991991
-0.00194083
-0.00314456
-0.00447956
0.0286519
-0.588382
0.103099
0.112172
-0.0541475
0.165658
0.0452679
0.0589763
0.0628258
0.127562
0.258777
0.390651
-0.00982602
0.441227
0.298576
0.187776
0.170914
-0.0878463
-0.044385
0.130342
-0.0241862
-0.0517026
-0.0388616
0.153792
0.0670154
-0.195221
-0.0300095
0.0146904
0.0371107
-0.125047
-0.00770036
0.0774078
0.0989998
-0.105011
-0.0018719
0.0879644
0.107328
-0.096267
-0.00155657
-0.0746327
-0.0787129
-0.0018087
-0.0809474
-0.0689716
7.96845e-05
-0.106656
-0.104769
-0.00592396
-0.130495
0.147056
-0.000528225
0.114293
0.001431
0.118862
0.0838862
0.0035039
0.0940738
0.0923711
0.00332458
0.00166326
-0.00139198
-0.00727744
-0.00406374
-0.0020509
-0.000362678
0.000548195
0.00116765
0.00244416
-0.0016001
-0.00219067
-0.307418
-0.458354
0.00147551
0.00467201
0.0168615
-0.306613
-0.00978113
0.374564
0.00870439
0.00256268
9.7777e-06
-0.000191132
-0.000187767
-0.000350606
-0.000651489
-0.000564833
-0.00107124
-0.000923818
-0.00124719
-0.00110244
-0.00106846
-0.000984915
-0.000364497
-0.000773615
0.000180705
-0.000496489
-0.00604066
0.023635
-0.227824
0.254633
-0.12452
0.380256
0.362059
-0.856578
0.0687009
0.0623743
-0.157969
0.37048
0.372973
-0.858831
0.0243028
0.0230346
-0.0259329
-0.0156683
-0.00601704
-0.000836714
0.00184511
0.000788522
-0.000678649
-0.00268327
-0.00217737
-0.000634777
-0.00294568
0.334044
-0.322468
0.000297414
0.331798
-0.32724
-0.47166
0.475622
-0.473103
0.481833
-0.000372522
0.380423
-0.00254413
-0.376236
0.000352393
0.375956
0.000181024
-0.375735
-0.00150823
-0.00201516
0.281948
-0.000559507
-0.285788
0.30686
-0.000694986
0.500147
-0.00100141
-0.503456
0.437615
-0.000525579
0.442114
-0.00151237
0.436801
-5.33938e-05
0.432829
4.58018e-05
-0.431711
0.43928
0.00157316
0.424237
0.00304571
-0.484231
-0.00158357
0.500245
-0.431731
0.435593
0.00233901
-0.497955
0.000956803
0.000241587
-0.000558047
-9.21211e-05
-0.000315611
-0.000475819
-0.00114808
-0.00234404
0.00520428
-0.00175711
0.10766
0.106917
-0.000926331
-0.112235
0.00135209
-0.1344
0.134735
-3.58389e-05
-0.134768
0.134315
0.00179095
0.00692929
0.240077
-0.000147467
0.406718
-7.62403e-06
0.405034
4.446e-05
-0.418421
0.421341
-0.00058129
0.432787
-0.00181368
-0.435195
0.497478
0.000102179
0.308834
-0.000323212
-0.306229
0.307995
1.44156e-05
-0.307407
0.308059
0.000177139
-0.308368
0.307536
0.000313991
-0.309829
0.000834535
0.000781247
0.000457916
-0.000574276
0.000191513
0.312282
-9.27868e-05
-0.303833
-0.00073716
0.000890388
0.00264874
0.0197822
-0.149244
0.0713656
0.0939875
0.0183652
-0.129923
0.0109376
-0.123218
0.131662
-0.00175148
-0.0069057
0.000175261
0.00724091
0.0205793
0.0254533
-0.047999
0.142658
0.00150907
0.00052188
0.000472516
8.64147e-05
0.119163
0.112329
2.57623e-05
-2.22548e-05
0.000695924
-0.0086025
-0.106869
-0.00117747
0.000750897
-0.0487418
-0.0346596
0.106262
-0.0133251
-0.000751573
0.000679801
-2.65831e-05
-0.000806194
-0.000698714
-0.370265
-0.33929
-0.352416
0.362233
0.353137
-0.350562
0.00693136
-0.00126835
-0.00293415
-0.359998
-7.43547e-05
-0.000227943
0.00071291
0.00126952
0.00231565
0.000820057
0.00108245
-0.000151845
0.000250807
0.000180776
-0.00029712
5.62056e-05
0.00195912
-0.000521465
-0.000986795
-0.00060621
-0.000984299
-0.00191809
-0.00252996
-0.0024147
-0.001409
-0.00216974
-0.000475802
0.00124859
0.000494075
0.0010153
0.0022947
-0.00583181
0.00868963
0.00254878
7.013e-05
2.61956e-05
-0.000130488
-0.000300679
-5.58349e-05
-0.000855194
-0.00203671
-0.00640831
-0.0132042
-0.32642
-0.37357
-0.0126744
0.336918
-0.320273
-0.473491
0.49288
-0.471497
0.501691
-0.0144833
0.431262
-0.041724
-0.375705
-0.00295373
0.394965
-0.0118666
-0.378314
-0.000413612
-0.00706845
0.278193
-0.00632864
-0.297445
0.313022
-0.00299621
0.49438
-0.00507803
-0.505276
0.426207
-0.00132064
0.41798
-0.00321952
-0.419241
2.92143e-05
0.417772
-0.000268589
-0.420402
0.0020681
0.00239048
0.000820029
0.000587
0.000264782
-0.000441792
-0.000467435
-0.000462675
-0.00100266
-0.00198524
-0.00103983
-0.00088384
-0.00028368
-0.000614736
-0.000427281
-0.421129
0.421932
-0.378298
0.37862
-0.378265
0.379764
-0.00165828
0.422856
-0.421358
-0.00124207
-0.000445513
0.000128045
0.000722002
0.00125039
0.00607477
0.00277686
0.0274334
0.0128326
-0.00936174
0.0234353
-0.136202
-0.108711
0.0461494
-0.00174766
-0.00165244
0.0477857
-0.00650775
0.04886
-0.000889533
-0.118689
2.19328e-05
-3.35288e-05
0.00105704
0.00265501
0.00272906
0.00209138
0.00910814
-0.0136413
-0.244412
0.00521474
0.000367874
-0.190666
-0.209714
-0.325697
-0.365682
-0.646458
-0.0614873
0.00154767
0.0217636
0.00997905
0.0035126
0.00692802
0.0207369
0.021896
0.0525523
0.109136
0.244334
0.431425
0.315005
0.0968309
0.0904335
-0.223758
-0.0289262
0.0218706
0.0191467
-0.114922
-0.00753515
0.0836768
0.0821387
-0.0902671
-0.00192988
-0.0922391
-0.0812081
-0.00178576
-0.117302
-0.112214
0.000457875
-0.146851
0.149929
0.000138045
0.10855
-0.00100432
0.111124
0.0731759
-0.000366205
-0.00382719
-0.00648471
-0.00397966
-0.0141991
-0.0229406
-0.0897284
-0.333008
0.00686034
-0.30793
0.0632389
0.0979907
0.0172461
0.0164341
0.00660806
0.00578868
0.000354761
-0.001486
-0.00044039
-0.000969333
-0.00215659
0.00329051
0.0034962
0.0169202
0.00194879
0.000749741
0.00380994
0.00189301
0.00365868
0.011328
0.03081
0.0477146
0.0997991
0.231688
0.389958
0.296831
0.0700995
0.121065
-0.253395
-0.0298583
0.0513603
0.0122037
-0.107969
-0.00758393
-0.135059
-0.129597
0.00379909
-0.154526
0.143173
0.00421647
0.0676795
0.00042362
0.00889799
-0.080438
-0.0553845
0.16178
0.147347
-0.0537078
0.145866
0.115754
0.306843
0.425238
-0.0558337
-0.0832878
-0.0860253
0.0134493
-0.116924
0.00235457
-0.00715765
-0.00496406
-0.00233807
-0.00117011
-0.000419979
-0.000408886
0.000115548
-0.000149733
-0.000306448
-0.00049932
-0.000549074
-0.000335818
-0.000453274
-0.00052224
-0.000547027
-0.00079476
0.00205051
0.00502222
-0.00265068
-0.00111671
-0.00238716
-0.00840103
0.0063564
-0.00135297
-0.00207546
-0.00109096
-0.000428104
-0.000360055
-0.000556644
-0.000687217
-0.000645549
-0.000407844
-0.000669637
-0.000325074
-0.421518
0.425468
-0.380175
0.381284
0.00648781
-0.00189414
-0.00106311
0.00287608
0.00059227
0.000405339
-0.00130179
-0.00240764
0.000130858
-0.00399818
0.0778934
-0.00580535
0.429809
-0.420501
-0.002201
-9.97934e-05
-0.000397941
-0.000510174
0.00131663
-0.000147919
0.000738034
-0.000389023
-0.000873309
-0.000977272
0.373247
0.00723813
0.30748
-0.321396
0.00250516
0.314548
0.380926
-0.386223
-0.320609
0.00276356
0.313835
0.391495
-0.397034
0.382916
0.00764436
0.308502
-0.325791
-0.388111
-0.325758
-0.390986
0.00508736
0.309197
0.380295
-0.00101566
-0.388715
0.00143013
0.3159
0.385389
-0.000331828
-0.386899
-0.000706484
0.318781
0.387643
0.317714
0.384241
-0.000259437
-0.318592
-0.384147
-0.000340712
-0.318081
0.000135375
0.316137
0.395238
-0.395312
-0.000366888
0.300392
0.468673
0.00243552
-0.305
-0.000865341
0.29797
0.463136
0.0067602
-0.309523
-0.398738
0.361008
0.0102832
0.296911
-0.00208549
0.354578
0.00908066
0.291622
-0.00225468
0.366998
0.00569966
0.291974
-0.324555
-0.4815
-0.00393673
0.474996
-0.00088831
-0.321175
-0.4792
-0.00306656
0.477561
-0.000371616
-0.477848
-0.00314565
0.479043
-8.48081e-06
-0.315965
-0.00244094
0.320931
0.389262
-0.384866
1.21613e-05
-0.315349
-0.00270451
0.319842
0.38651
-0.381144
-0.000100504
-0.316141
-0.00182254
0.317235
0.398127
-0.392669
-7.7645e-05
0.301135
0.472424
0.000167251
-0.303598
-0.469833
-0.00154202
-0.00155926
0.000452243
7.62721e-05
0.00133961
0.000829011
0.00892419
0.0210932
0.0533246
0.121337
0.0622585
0.154916
0.0686556
0.2275
0.270658
0.285236
-0.378103
-0.415219
-0.0193041
0.262682
0.294368
0.0133354
-0.401317
-0.337694
-0.390199
-0.334963
-0.3951
-0.332212
-0.485793
-0.00867282
0.466326
-0.0010712
-0.002328
-0.00912732
-0.00860018
-0.00246138
-0.00188407
0.00184539
0.00149024
0.000667406
0.000424474
4.95265e-05
-8.2005e-05
-0.000352438
-0.000552751
0.332452
-0.325825
-0.00147444
-0.00104229
-0.00224941
-0.00315789
-0.0057965
-0.0127375
-0.033697
0.343126
-0.311122
-0.00678223
0.339863
0.012644
0.0131709
0.0623018
-0.296553
0.0798004
0.0802285
0.312871
0.333202
0.531624
-0.208018
-0.0649883
-0.275667
0.0741783
-0.167572
0.0678397
-0.0196765
-0.044838
0.0375547
-0.00463969
-0.00801755
-0.00964752
-0.00807766
-0.00341827
0.00349675
-0.00391678
-0.234344
0.233656
0.00442348
0.000747941
-0.00101249
0.00594633
0.00266967
-0.000986985
0.010363
-0.0563217
0.00372992
-0.0100712
-0.00558385
-0.00298586
-0.00122058
-0.00305839
-0.00491332
-0.00794644
-0.00868798
-0.112966
0.00219422
0.0132494
-0.000429832
-0.0860778
-0.000343079
-0.00410571
-0.00399358
-0.000239415
-0.031492
-0.00159114
-0.00168538
-0.0079939
-0.0079801
0.0260972
-0.19287
0.269824
0.276449
-0.00733316
-0.00470416
-0.00295883
-0.00153008
-0.000664028
-0.00125688
-0.00357941
-0.0080091
-0.303166
0.318294
-0.00285899
0.470175
-0.00936339
-0.424993
-0.0105012
-0.00615826
-0.438145
-0.000746726
0.436352
-0.00242948
0.429787
-0.439726
-0.00279825
-0.000787541
-0.000530573
-0.000327556
-0.000124756
0.000204876
0.00119842
0.00159539
0.0139943
-0.0100853
0.213868
-0.0197177
-0.444991
0.408543
-0.0015347
0.41267
-0.000255274
0.418237
-1.71307e-07
0.43237
-0.000637374
-0.433892
0.43831
-0.000141605
0.438183
-0.00111974
0.50082
8.23749e-05
-0.502915
0.502191
0.000174106
-0.502816
0.503035
0.000255881
-0.501771
0.000632545
-0.000133111
0.439348
-4.71614e-05
-0.439757
5.3591e-05
-0.000224243
-0.000438686
-0.000939031
-0.00157612
-0.000619943
0.00871883
-0.412815
0.00153182
0.410743
-0.000495193
0.485812
0.00340278
-0.498063
-0.00177188
-0.00187685
-0.000426057
0.000837175
0.239841
1.60607e-05
-0.406771
0.405144
-0.240319
-0.239962
-7.50358e-05
0.00024394
-0.000983328
-0.405042
8.79648e-05
0.00159058
0.470627
0.000279442
-0.485255
0.421798
0.000593979
0.439334
0.000150498
0.433441
-3.01621e-06
0.438679
-0.000616299
-0.438527
0.443301
4.94745e-05
0.439314
-0.000577984
-0.439808
5.00714e-05
-0.445495
0.44483
-0.440022
0.439694
-0.00051529
-0.445943
-0.00062474
-0.000648725
-0.445161
-0.000683313
-0.439714
0.000114188
4.95116e-05
3.14633e-05
0.00123824
0.496974
0.00141277
-0.496684
0.434416
0.000143897
0.444516
-8.55082e-05
0.437793
-6.52568e-05
-0.440337
-0.000249353
-0.000136559
-4.96714e-05
0.000810218
-0.00104834
-0.00116051
-0.0027837
0.00410404
0.0017686
0.000683848
-0.000189658
-0.000227384
-0.000818943
-0.001292
0.00158625
-0.000386069
-0.00014504
-8.58283e-05
-0.000678554
-0.000466657
-0.00187487
-0.000992173
-0.00085882
-0.00108071
-0.00118346
-0.00282726
-0.00172259
-0.000938909
-0.000851329
-0.000404794
-0.000398874
-0.000555306
-0.000731448
-0.00089115
-0.000949939
-0.00135417
-0.0033913
-0.00245763
-0.00447316
-0.00214604
-0.00328932
0.00422878
0.00026272
-0.000843022
-5.30546e-05
-0.00151736
-0.000654184
-0.000633002
-0.000242252
0.00178305
0.000615519
0.000509776
-0.000282706
-0.000252575
-0.000438704
-0.000402829
-0.000519115
-0.000909636
0.000799782
0.000148
-0.000349595
-0.000346481
-0.000890256
-0.000531234
-0.000400719
-0.000354809
2.29954e-06
-0.000104017
-0.000294983
-0.00015473
-0.000450026
-0.318904
0.000120043
-0.00414407
-0.0141576
-0.0266916
-0.00183773
0.189556
0.328713
0.239706
0.264421
0.238553
0.199637
0.328075
0.261306
0.24465
0.239959
0.179512
0.086322
0.0997329
-0.141734
0.173202
-0.383304
-0.413862
-0.020843
0.246802
0.300854
0.0109358
-0.0174215
-0.0015704
0.202521
0.342994
0.16304
0.346704
-0.00219196
-0.0230027
0.00870585
0.291163
0.445584
-0.477465
-0.327578
-0.0141485
-0.0347426
-0.00524844
-0.00133509
-0.0129901
-0.00480295
-0.00142797
7.39185e-05
-0.000509717
-0.00298377
-0.00631076
0.478916
-0.0010589
0.300148
-0.306279
-0.385326
-0.00476265
0.318356
0.4024
0.00296257
-0.364235
-0.00481633
0.323716
0.410356
-0.00837922
0.0187307
-0.004485
-0.0783947
-0.123341
-0.0339777
-0.0191828
-0.00155464
-0.000817535
0.00151447
0.000367288
-0.000210524
-0.00170765
-0.0191578
-0.00676784
-0.000968464
0.00320118
0.0111685
0.00510928
0.00566473
-0.298001
-0.356764
-0.00754667
0.329587
0.393675
-0.00929875
-0.256776
-0.305718
0.0236401
0.367383
0.420887
-0.167447
0.154164
-0.0485329
0.020802
0.012937
0.00702694
0.0162029
-0.211946
0.208654
-0.00544537
0.0002518
-0.0258279
0.00174079
-0.0172016
-0.0460876
0.000505801
-0.0237689
0.00140467
0.000620896
0.00157429
-0.00650636
-0.00723337
0.00177882
0.000258025
0.00247288
-0.00208874
-0.0137579
0.00904203
-0.00263868
-0.00143193
-0.000889254
0.000334558
0.00062972
-0.311518
-0.374106
-0.006664
0.322536
0.389322
0.00219656
-0.290019
-0.367934
-0.00455116
0.331796
0.396285
-0.00838472
-0.324355
0.0316684
0.360046
0.433183
-0.168253
0.1528
-0.0503647
0.000139203
-0.000347215
-0.000824591
0.00220202
0.00261024
0.00279767
7.51239e-05
0.0228424
0.0201577
0.000862793
-0.0444245
0.0127511
0.0161903
0.011109
-0.17114
-0.171477
-0.0120083
0.0111343
0.000665801
0.00335991
0.00839966
0.0127569
-0.152138
0.130206
-0.167228
0.483666
-0.000177442
-0.416516
0.021054
0.487847
0.0146719
-0.467008
0.00522047
0.482578
0.00458691
-0.475515
0.00127283
0.48052
-0.00104054
-0.477172
-0.000412778
0.00073282
0.000885012
-1.51589e-05
-0.00646986
-0.0192934
-0.0341705
-0.00291702
-0.0176105
0.322929
-0.0276413
0.234879
0.0136752
0.417563
0.0163499
-0.473644
-0.0681708
0.060435
-0.324593
0.390641
0.144483
-0.199893
0.0143
0.0271415
0.370841
-0.213932
0.000441971
0.0195789
0.030466
0.0100427
0.032681
0.00994203
0.0027065
-0.0010584
-0.43867
-0.502389
-0.000626021
0.00119919
0.000645351
-0.000196265
-0.00207642
0.00220847
-1.72839e-05
-0.438133
0.000477409
0.444271
-0.438549
0.437524
-0.000210232
-0.443613
-0.000350769
-0.00053548
5.63626e-05
0.000164681
0.000177344
-0.00029921
0.000307131
-0.438343
-0.00238926
-0.00976286
-0.0132872
-0.0143681
0.199516
-0.00160805
0.298277
-0.00327726
-0.313261
-0.000160355
-0.00147562
-0.00477139
0.281133
0.000458054
0.305903
-0.00012068
0.500679
-0.000208858
-0.501438
0.438139
-0.0003661
0.444195
-0.000870701
0.43864
-0.000156371
-0.438758
-0.00161385
-0.00291703
0.499085
-0.00241428
-0.506464
0.435077
-0.439931
-0.445297
-0.306768
-0.00169838
0.308708
-0.290189
0.280608
-0.0027881
-0.3074
-0.00045343
-0.00113765
-0.00324756
-0.00129714
0.000135991
-0.000182532
0.000789515
-0.285389
-0.309468
-0.000926873
-0.000991039
-0.00163828
-0.00252576
0.000902337
-0.000719274
-0.00634497
0.280987
-0.0113497
-0.287586
0.297214
-0.0212627
-0.283546
0.0312473
0.0153804
0.0308776
0.0567457
-0.351414
0.499515
-0.114309
0.00805302
-0.00120131
0.00669973
0.0247975
0.0748844
-0.0231332
-0.00798531
-0.00925458
-0.00513673
-0.00182272
0.000427968
0.000111866
-2.97586e-05
-0.000956522
-0.00125604
-0.439917
-0.000380036
-0.439543
-0.000584446
-0.445813
-0.440188
-0.00398372
-0.00229544
-0.00912538
5.45444e-05
0.00407169
0.00113499
0.000456187
0.00468899
0.00431436
0.018591
-0.0017804
-0.0205225
-0.0131821
-0.000588103
-0.00203738
-0.0138017
-0.0850595
0.0111403
-0.308041
-0.00531337
-0.307475
-0.322664
-0.026871
0.324796
-0.389721
-0.143998
-0.0895549
-0.0863211
-0.0272016
-0.133124
-0.0595383
-0.370603
-0.00042209
-0.0304424
-0.0325646
0.15804
-0.314673
-0.443488
-0.439096
-0.00013407
0.000719885
0.000579088
0.00280404
-0.000643325
-0.00134032
0.0091414
0.00189799
-0.00530127
0.00221506
0.0109584
0.00270989
0.000820492
0.00165263
0.323867
0.391583
-0.00519811
-0.308905
0.000783598
0.00162448
0.00526299
0.00574791
0.000346337
-0.000246552
-0.00189745
-0.00589999
-0.00551287
-0.0033957
-0.00603249
0.368071
0.647567
0.0613241
-0.00327607
-0.00476004
-0.00120072
-0.00169033
-0.000122878
0.000497657
0.00190027
0.000842407
-0.380361
-0.30791
0.00170289
0.0169659
0.0306426
0.0224174
-0.0111491
-0.029172
-0.192468
-0.456924
-0.334838
-0.236153
-0.324656
-0.228996
0.0181195
0.0188193
0.00584594
0.0138789
0.0251711
-0.0010537
-0.00162214
-0.210855
-0.327029
-0.372496
-0.195193
0.00760031
0.00367704
-0.290202
0.00465522
0.00280386
0.00153076
-0.000767781
0.00389019
0.0028045
-0.00037098
0.00122883
-0.066795
-0.684964
-0.0967154
-0.026997
-0.00771349
-0.0107661
-0.230665
-0.0151794
-0.0151061
-0.241978
-0.00850168
0.000530827
0.00253963
-0.00151787
0.0068982
0.0231158
0.0902812
0.174939
-0.354149
-0.430451
0.173452
-0.370406
-0.11236
-0.0174783
-0.00418114
0.00045554
0.000958749
0.000816485
0.00208318
0.0136544
0.0867057
0.133729
0.0136792
-0.105929
-0.471274
0.0100673
-0.180513
-0.0211459
-0.304241
-0.469492
-0.00248029
-0.00143306
0.000856983
-0.466937
-0.00493118
0.00174501
-0.00836112
-0.0071637
-0.00251421
-0.472933
-0.00539561
0.170609
-0.000770353
-0.434288
-0.432596
-0.43842
-0.432903
-0.421373
-0.410773
-0.405113
-0.422154
-0.2436
-0.00134008
0.000987917
-0.107002
0.0232447
-0.111778
-0.133407
-0.00153081
-0.471005
-0.001975
-0.0011305
-0.000498447
0.242482
-0.244166
-0.222749
0.244989
0.00077171
0.112131
0.00459409
-0.00455282
0.00111492
0.0339633
0.0452232
-0.390844
-0.00473618
-0.219063
-0.0273381
)
;

boundaryField
{
    face
    {
        type            calculated;
        value           nonuniform List<scalar> 
217
(
0.0338995
-0.0100308
-0.00374726
0.00477537
-0.00490679
-0.02159
-0.00530833
-0.0253607
-0.004714
0.00403889
0.0776697
-0.00114422
0.0411829
0.023292
-0.000225512
-0.0110411
-0.0027517
-0.00462547
0.0233363
-0.109407
0.0020266
0.0737423
0.00565785
0.0826856
0.0290588
0.025795
-0.000983156
0.0376824
-0.0224157
-0.00410985
-0.00892173
-0.00241221
0.0597307
0.0014175
-0.00389577
0.049062
-0.000878336
0.0459186
-0.00309997
-0.00281642
-0.0194301
-0.00223737
-0.0170441
-0.177556
-0.153422
0.0448204
-0.00275897
0.047487
-0.00140712
0.045108
0.00190453
-0.0017597
-0.0156882
-0.00203578
-0.0145524
-0.155049
-0.166014
-0.00492424
-0.0197886
-0.170446
0.20744
0.149368
0.21463
0.0297016
-0.11498
0.129565
-0.00778222
-0.125951
0.127667
-0.011901
-0.1409
0.175102
0.0996936
0.0838984
0.194426
0.0950221
0.0980165
-0.333742
-0.333592
-0.00315437
-0.0312289
0.135734
-0.0107718
-0.150831
0.132021
-0.0128498
-0.117645
0.123213
-0.491585
-0.306282
-0.332119
0.185629
0.0864884
0.099455
0.190172
0.0959835
0.126614
0.283387
-0.133151
-0.00649874
-0.00575628
-0.267949
-0.078837
-0.131828
-0.1046
-0.0770627
0.218181
-0.188143
0.2013
-0.105376
-0.116097
-0.0934829
-0.141367
-0.20947
0.197789
-0.224619
0.141845
-0.151488
-0.144774
-0.323895
0.00724091
-0.0346596
0.0205793
0.00194778
0.0254533
0.0105985
0.00510583
0.0342206
-0.0195081
-0.00035455
-0.00886214
-0.00100473
0.0346423
-0.0069057
0.000175261
-0.000796701
-0.00650775
-0.0194884
0.000472516
-0.0237008
0.00052188
0.0197831
0.00172426
0.00638255
-0.034738
0.04886
-0.000889533
0.0477857
-0.00165244
0.000750897
-0.0487418
0.00150907
-0.047999
0.0461494
-0.00174766
0.0487634
0.000315592
0.00155303
-0.0479644
0.00101497
-0.0487651
0.134315
0.00179095
-0.131484
0.123286
-0.0196269
-0.00557343
-0.190778
-0.24426
-0.06556
-0.105906
-0.163147
-0.0868545
-0.0874187
-0.169998
0.0997329
0.086322
0.179512
0.146374
0.211967
0.199045
-0.115184
0.0286918
0.128697
-0.122105
-0.0052148
0.125705
-0.131019
-0.00601262
0.0054619
0.19128
0.244532
0.0195789
-0.123218
0.131662
-0.00175148
-0.1344
0.134735
-3.58389e-05
-0.134768
0.065924
0.107317
0.163555
0.0876389
0.095248
0.179597
-0.105255
-0.0660403
-0.162654
0.130433
-0.131226
-0.0010867
0.12225
-0.190219
-0.00573347
-0.24243
-0.0203834
)
;
    }
    outlet
    {
        type            calculated;
        value           nonuniform List<scalar> 
217
(
-0.00968098
0.0126752
-0.0175389
-0.0111042
-0.020272
-0.0145313
0.00505081
-0.0134025
0.0166211
-0.000420547
0.0119271
-0.000204607
-0.0132595
0.0127005
0.00135158
0.00537596
0.0116783
0.0173592
0.000496472
0.0188697
-0.000402148
-0.0175137
-0.00616256
-0.0122662
0.0130562
-0.0436588
0.00036156
-0.0475412
0.000520336
-0.00123841
0.0433437
-0.000142826
0.0494129
-0.0474417
0.000600439
-0.0434208
0.000720826
-0.000170765
0.0481776
-0.000354996
0.0437281
-0.141291
-0.00467538
0.128734
-0.153982
-0.0115373
-0.0354638
0.196361
0.238707
0.0546079
0.0992508
0.153532
0.075474
0.0832272
0.164838
-0.0904511
-0.0728692
-0.168673
-0.141607
-0.218392
-0.193496
0.159021
-0.00952985
-0.119908
0.129082
0.00961026
-0.127657
0.127479
-0.000131678
-0.218049
-0.141824
-0.192944
-0.00918454
0.15945
-0.12047
0.0117097
0.132179
-0.131823
0.00556505
0.13776
-0.072573
-0.0909017
-0.168831
-0.082373
-0.0828058
-0.174407
0.0892879
0.0728619
0.167708
-0.128905
0.119223
-0.00973796
-0.158409
0.14051
0.216107
0.190639
0.00928326
-0.0120083
0.0111343
0.000665801
0.0127511
0.0161903
0.0201577
0.00220202
0.0228424
0.00261024
-0.00807766
-0.0832878
-0.00341827
-0.0517026
-0.0558337
-0.0388616
0.00349675
-0.0241862
-0.00463969
-0.044838
0.0375547
-0.00801755
-0.080438
-0.00964752
-0.0860253
-0.0553845
-0.0537078
0.011109
-0.0172016
0.020802
0.00279767
0.012937
0.00266967
0.00174079
0.00702694
0.00594633
-0.0444245
0.000862793
-0.0503647
0.000139203
-0.000824591
0.00889799
-0.000347215
0.0134493
0.16178
0.147347
-0.0485329
7.51239e-05
-0.0460876
0.000505801
-0.0258279
0.0002518
-0.000429832
0.0132494
-0.000986985
0.010363
0.145866
0.153792
-0.00101249
0.000747941
0.130342
-0.238548
-0.195923
0.0366651
0.0127569
0.154806
-0.130495
0.00839966
0.147056
-0.146851
0.00335991
0.149929
-0.152138
-0.0968942
-0.0559533
0.134784
-0.211946
0.208654
-0.217397
0.0904335
0.115754
0.0670154
0.187776
0.229693
-0.234344
0.233656
-0.233675
0.170914
0.221752
-0.044385
-0.171477
-0.0816692
-0.0796229
0.306843
0.298576
-0.00391678
-0.0232655
-0.154526
-0.00134008
0.143173
-0.167572
-0.0196765
0.0678397
-0.208018
0.531624
0.296831
0.315005
-0.17114
-0.070967
-0.0879954
-0.180513
-0.0877426
-0.119612
-0.321869
0.177265
0.0162029
0.00811715
0.276449
0.0700995
0.121065
0.0968309
)
;
    }
    wall
    {
        type            calculated;
        value           nonuniform List<scalar> 
1558
(
-0.000381404
-0.000212836
-0.000701987
0.000259829
-4.2352e-05
0.000381753
-0.0112398
0.0641977
0.000327242
-0.000503749
0.0018967
0.00249713
0.00155457
0.00217788
0.000863167
0.00127456
-0.000242663
-0.0011204
0.000357682
0.000404879
0.000575286
0.0004493
-0.00530919
0.00172359
0.000352912
0.000485088
-0.000448669
0.000314698
0.275801
0.0106102
0.000391588
0.000320835
0.000867172
0.000142475
0.00197025
0.000419666
0.00659867
0.00101776
-0.000676614
-0.0666498
0.0110321
-0.0026922
0.00665115
0.000553878
-0.00241928
-0.0012615
-0.00176999
-0.000244741
-0.010096
-0.270148
0.018438
0.00469206
0.00756029
0.00234991
0.00303726
0.00174903
0.00164901
0.00113666
0.001278
-0.0192212
0.00387285
-0.00382302
0.00221685
0.000127494
0.000841613
-1.03205e-05
0.00120911
0.000765141
0.00170681
0.000807984
0.00298966
0.00147962
0.000613644
0.00281997
-0.0232757
0.0013342
1.83955e-05
-0.000527929
-0.000830292
-0.00121109
-0.00208911
-0.00246035
-0.00365801
0.000173215
-0.00174065
0.0234285
-0.181134
0.200854
0.00526596
-0.142531
0.211836
0.0254757
0.0102173
0.250443
0.0950983
0.132969
0.183686
0.303556
0.0709964
0.16791
0.034076
-0.00483288
-0.00447756
0.00980805
-0.0157808
-0.00471208
-0.141475
0.029169
0.225289
-0.194025
0.000217086
0.197209
-0.0147987
0.194863
0.320439
0.115921
-0.231403
0.228072
-0.225614
-0.199999
-0.00251027
0.191392
-0.195585
-0.00147005
0.190254
0.0061234
-0.0298939
-0.00419418
-0.0314205
-0.410911
-0.0835675
-0.000121658
-0.3303
-0.245372
0.0912648
-0.034985
-0.199727
0.192974
0.00908955
-0.187932
0.207176
0.00946781
-0.19289
0.201723
0.00384218
-0.193559
-0.00128976
0.189687
-0.194829
-0.00272574
0.183313
-0.2057
-0.0162239
0.155661
-0.238215
-0.0887195
-0.00384677
-0.320889
-0.198673
0.0147794
-2.1365e-05
-0.187251
0.192943
0.00154065
0.225801
-0.227728
0.231638
-0.114497
0
0
0
0
0
0
0
0
0
0
0
0
0
0
0
0
0
0
0
0
0
0
0
0
0
0
0
0
0
0
0
0
0
0
0
0
0
0
0
0
0
0
0
0
0
0
0
0
0
0
0
0
0
0
0
0
0
0
0
0
0
0
0
0
0
0
0
0
0
0
0
0
0
0
0
0
0
0
0
0
0
0
0
0
0
0
0
0
0
0
0
0
0
0
0
0
0
0
0
0
0
0
0
0
0
0
0
0
0
0
0
0
0
0
0
0
0
0
0
0
0
0
0
0
0
0
0
0
0
0
0
0
0
0
0
0
0
0
0
0
0
0
0
0
0
0
0
0
0
0
0
0
0
0
0
0
0
0
0
0
0
0
0
0
0
0
0
0
0
0
0
0
0
0
0
0
0
0
0
0
0
0
0
0
0
0
0
0
-0.251628
0.00571659
-0.00733492
-0.00799813
0.00421513
-0.00186395
0.00697721
0.00181544
0.000803332
-0.00168283
-0.000122744
-0.000877178
0.0828582
-0.0179459
0.0167119
0.000407104
9.88896e-05
-0.000162846
-0.000330423
1.22134e-05
-6.67303e-05
-0.000288841
-0.0122841
-0.00135784
-0.0360683
-0.084444
-0.00138746
-0.0106957
-0.000650265
-0.000330639
-0.0180165
-0.000375805
-0.000141546
0.00096513
-7.42201e-06
0.000638143
0.0021486
0.00106136
-0.000289766
-0.0015429
0.000138492
-2.86031e-05
8.55132e-05
-0.00021941
-0.0055131
0.00140385
-0.000202869
-0.000344025
-0.00100581
-0.000159855
0.276204
0.0110072
0.00137086
-0.000174878
0.000531072
-0.000867922
0.00150875
0.00017214
0.00118226
-0.00280338
0.00717241
-0.00528081
0.0241083
0.0120702
0.0324512
-0.00299366
0.00244838
-0.00310849
-0.00210286
-0.00165054
-0.00124857
-0.000631315
-0.00021037
-6.39413e-05
-0.00486128
-0.00532113
0.00314424
-0.000240668
0.0040594
0.000663338
0.00367082
-0.0361088
-0.00967416
0.000508981
0.00182463
0.000293004
0.000638443
-0.00155669
0.000160511
0.000400155
0.000408378
0.00163006
0.00110418
0.00308602
0.00247312
0.000786036
0.00451892
-0.0228025
0.00387199
0.00015653
-8.61016e-05
7.81448e-05
-0.000844205
-0.000305025
-0.00103822
5.07161e-06
-0.00229978
3.06404e-05
-0.00455061
-0.000532907
0.0123503
0.00161177
0.00285622
0.0209012
-0.244035
0.242519
-0.259385
0.226506
-0.271858
-0.268195
-0.389502
0.161839
-0.295567
0.282185
-0.278652
0.293715
-0.275472
0.287063
-0.277565
0.116336
-0.233508
0.232941
-0.232759
0.282777
-0.278706
0.282168
-0.27808
0.287581
-0.267843
0.3043
-0.201365
0.239171
-0.245015
0.240422
-0.240396
0.391077
0.368482
0.120264
0.304329
0.214554
0.00343373
0.0889759
0.242558
-0.0138078
-0.0138866
-0.159199
0.0153751
0.211922
-0.186592
0.00327079
0.19665
0.145616
-0.00949799
-0.0219466
-0.19664
0.000580746
0.199631
-0.192473
0.000188324
0.19207
-0.00834603
-0.00573078
-0.213771
-0.0312939
0.00606099
0.0070963
0.00350704
-0.199982
-0.000648209
0.197442
-0.196398
-0.00399619
0.185689
-0.213513
-0.0166617
0.157043
-0.243641
-0.0901471
-0.00326722
-0.322135
-0.199232
0.0169548
0.00630405
0.00229923
0.0048629
0.0294047
-0.0855573
0.240502
-0.228086
0.229369
0
0
0
0
0
0
0
0
0
0
0
0
0
0
0
0
0
0
0
0
0
0
0
0
0
0
0
0
0
0
0
0
0
0
0
0
0
0
0
0
0
0
0
0
0
0
0
0
0
0
0
0
0
0
0
0
0
0
0
0
0
0
0
0
0
0
0
0
0
0
0
0
0
0
0
0
0
0
0
0
0
0
0
0
0
0
0
0
0
0
0
0
0
0
0
0
0
0
0
0
0
0
0
0
0
0
0
0
0
0
0
0
0
0
0
0
0
0
0
0
0
0
0
0
0
0
0
0
0
0
0
0
0
0
0
0
0
0
0
0
0
0
0
0
0
0
0
0
0
0
0
0
0
0
0
0
0
0
0
0
0
0
0
0
0
0
0
0
0
0
0
0
0
0
0
0
0
0
0
0
0
0
0
0
0
0
0
0
0
0
0
0
0
0
0
0
0
0
0
0
0
0
0
0
0
0
0
0
0
0
0
0
0
0
0
0
0
0
0
0
0
0
0
0
0
0
0
0
0
0
0
0
0
0
0
0
0
0
0
0
0
0
0
0
0
0
0
0
0
0
0
0
0
0
0
0
0
0
0
0
0
0
0
0
0
0
0
0
0
0
0
0
0
0
0
0
0
0
0
0
0
0
0
0
0
0
0
0
0
0
0
0
0
0
0
0
0
0
0
0
0
0
0
0
0
0
0
0
0
0
0
0
0
0
0
0
0
0
0
0
0
0
0
0
0
0
0
0
0
0
0
0
0
0
0
0
0
0
0
0
0
0
0
0
0
0
0
0
0
0
0
0
0
0
0
0
0
0
0
0
0
0
0
0
0
0
0
0
0
0
0
0
0
0
0
0
0
0
0
0
0
0
0
0
0
0
0
0
0
0
0
0
0
0
0
0
0
0
0
0
0
0
0
0
0
0
0
0
0
0
0
0
0
0
0
0
0
0
0
0
0
-0.0185478
-0.0850595
-0.0262822
0.018591
0.00407169
0.00431436
5.45444e-05
-0.0138017
-0.00841621
-0.00203738
-0.00207642
0.00215154
0.000427968
0.000461587
0.000111866
-0.0863211
0.0139943
-0.0304424
0.00045554
-0.000196265
0.000958749
0.000645351
0.000199784
-2.97586e-05
0.000354355
5.63626e-05
-0.00912538
-0.00798531
-0.00513673
0.0247975
0.0748844
-0.00182272
0.00669973
-0.000787541
-0.00120131
0.0153804
-0.000719274
-0.000530573
-0.00163828
-0.000327556
-0.000991039
-0.00252576
-0.00113765
0.000816485
0.00119919
0.00208318
0.0027065
0.000415601
0.000164681
0.000134853
0.000177344
0.0136544
0.00994203
0.0867057
0.032681
-0.000965357
0.000114188
-0.00151364
4.95116e-05
0.030466
-0.01359
0.00024394
-0.000124756
-0.000926873
0.000204876
-0.00238926
-0.000182532
-0.00147562
0.00119842
-0.00976286
0.00159539
-0.0325646
-0.0132872
-0.0205225
-0.0017804
0.00113499
-0.0131821
-0.000588103
0.00468899
0.000456187
0.00220847
-1.72839e-05
0.000834535
0.000781247
0.000632545
-0.000350769
-0.000133111
-0.00053548
-0.00229544
-0.00925458
-0.0231332
-0.00398372
-0.0105012
-0.00279825
-0.00615826
0.0312473
0.00805302
-0.00161385
-0.00291703
-0.000956522
-0.00125604
0.000902337
-0.00045343
0.000457916
-0.000574276
-0.000626021
-0.00062474
-0.0010584
-0.000648725
0.000191513
0.0143
-0.00177188
-0.000683313
-0.00187685
-0.000426057
0.0271415
0.0100427
0.000837175
-0.000584446
-0.000380036
-0.00029921
0.000307131
0.000135991
0.000789515
3.14633e-05
0.00123824
8.79648e-05
0.00159058
-0.000160355
-0.0143681
-0.000983328
-0.0100853
-0.0272016
-0.297445
0.278193
-0.290189
0.280608
0.288299
-0.28481
0.288423
-0.282261
0.293176
-0.270656
0.308588
-0.199893
0.390641
0.133729
0.370841
-0.213932
0.243844
-0.240319
0.239841
-0.285788
0.281948
-0.285389
0.281133
-0.290996
0.269713
-0.307475
0.199516
-0.239962
0.240077
-0.2436
0.213868
-0.389721
-0.370603
-0.133124
0.0231375
-0.148526
0.0138994
0.00520285
-0.0335761
-0.00721936
-0.143998
0.00692929
-0.00042209
-0.000615205
0.00261783
-0.00294813
-0.0215248
0.218197
0.0308776
-0.00634497
-0.00706845
-0.00324756
0.0036571
0.00585198
0.0302544
0.144483
0.000441971
-0.0068817
-7.50358e-05
-0.00201516
-0.00477139
-0.0295637
-0.120351
-0.370511
-0.395111
0.242139
-0.243999
0.253142
-0.250471
0.20348
-0.312077
0.272542
-0.296704
0.285052
-0.289847
0.288214
-0.286527
0.254276
-0.261432
0.253484
-0.260307
0.244755
0.256966
0.396122
-0.170159
0.297214
-0.287586
0.280987
0
0
0
0
0
0
0
0
0
0
0
0
0
0
0
0
0
0
0
0
0
0
0
0
0
0
0
0
0
0
0
0
0
0
0
0
0
0
0
0
0
0
0
0
0
0
0
0
0
0
0
0
0
0
0
0
0
0
0
0
0
0
0
0
0
0
0
0
0
0
0
0
0
0
0
0
0
0
0
0
0
0
0
0
0
0
0
0
0
0
0
0
0
0
0
0
0
0
0
0
0
0
0
0
0
0
0
0
0
0
0
0
0
0
0
0
0
0
0
0
0
0
0
0
0
0
0
0
0
0
0
0
0
0
0
0
0
0
0
0
0
0
0
0
0
0
0
0
0
0
0
0
0
0
0
0
0
0
0
0
0
0
0
0
0
0
0
0
0
0
0
0
0
0
0
0
0.00059227
0.000405339
0.000487483
-0.00158587
-0.000436434
-0.00248996
0.00237921
0.0441485
-0.143463
0.00247687
-0.0268721
-0.000817096
0.000412026
0.310017
-0.00502995
-0.00378352
-0.00930745
0.0307147
0.000523564
0.00173963
-0.000677881
-0.0021572
-0.000316744
-0.00129678
0.00724132
0.00571152
0.00112545
-0.00050186
0.00469781
-8.66198e-05
-0.250633
-0.00570264
-0.00206647
-0.00579087
-0.00128358
-0.00234914
-0.00361087
-0.00339413
-0.00412535
0.000409127
-0.00932185
0.00147304
-0.0319177
-0.0144326
-0.086875
0.0778934
-0.00497341
0.00334035
-0.00399818
0.000130858
0.00469655
0.00197543
0.00230744
0.000318615
0.012219
-0.0300523
-0.0118121
-0.00233856
-0.00580535
-0.0011843
-0.00240764
-0.00123008
-0.00130179
-0.000833359
-0.00252589
-0.00579642
-0.0027013
-0.00389954
0.123932
-0.00181499
-0.00129437
-0.00119939
0.000813802
-0.000820325
-0.000270816
-0.0011305
-0.000437252
-0.00175466
-0.00136977
0.00296164
-0.00257323
0.0328919
-0.00106627
0.000945827
0.0056981
0.00105925
0.00241568
-0.0491291
-0.00144834
0.000486023
0.00248006
-0.000518245
0.00156486
-0.00302116
-0.0162921
-0.00330573
-0.0115999
-0.0296418
0.0765214
0.173844
-0.226467
-0.0304379
0.0213269
-0.112282
0.197233
-0.199587
-0.00592539
-0.095632
0.207954
0.196196
0.00126895
-0.191955
0.198164
0.00282236
-0.185806
0.20948
0.0167491
-0.156831
0.24217
0.0893545
0.00439764
0.302573
0.213228
-0.0109851
-0.00661198
-0.0134335
-0.00377431
-0.0295368
-0.142247
-0.141871
-0.187049
-0.3059
-0.0351848
-0.157079
-0.0200603
0.0161938
0.014602
-0.0103659
0.019667
0.00759781
0.144789
-0.0285474
-0.226772
0.195735
-1.99407e-05
-0.198386
0.00388505
-0.00105631
0.046344
0.141445
-0.084821
0.23851
-0.222698
0.227129
-0.0970118
-0.217321
0.284331
-0.28615
0.280918
-0.285607
0.27124
-0.304998
0.196268
-0.233316
0.234506
-0.242586
0.211534
-0.389016
-0.3697
-0.130521
0.201343
0.00255619
-0.192551
0.197393
0.00143319
-0.191892
-0.0188726
0.00461164
-0.0026339
-0.0197773
0.00302138
-0.0149882
0.17145
0.652655
)
;
    }
}


// ************************************************************************* //
