/*--------------------------------*- C++ -*----------------------------------*\
| =========                 |                                                 |
| \\      /  F ield         | OpenFOAM: The Open Source CFD Toolbox           |
|  \\    /   O peration     | Version:  2306                                  |
|   \\  /    A nd           | Website:  www.openfoam.com                      |
|    \\/     M anipulation  |                                                 |
\*---------------------------------------------------------------------------*/
FoamFile
{
    version     2.0;
    format      ascii;
    arch        "LSB;label=32;scalar=64";
    class       volScalarField;
    location    "0.1";
    object      gradTy;
}
// * * * * * * * * * * * * * * * * * * * * * * * * * * * * * * * * * * * * * //

dimensions      [0 -1 0 1 0 0 0];

internalField   nonuniform List<scalar> 
2658
(
0.00633157
0.00399706
0.000488772
7.88234e-06
-0.00214773
0.00252443
-0.000872061
0.000713542
0.000102543
-0.00179387
-0.000686892
-0.0162302
0.0154957
0.0155148
0.0137259
0.0133893
0.0138566
0.0132942
0.0139457
0.0153645
0.0152361
0.0148436
0.00553863
-0.00175905
0.00271958
0.0135726
-0.0024152
0.00107834
0.010998
-6.72617e-07
-0.0109982
0.00241539
-0.0135733
-0.0055388
-0.00271945
0.00175928
0.00168677
0.000774891
-0.014847
-0.0152365
-0.0153653
-0.0139461
-0.0132932
0.00446773
0.00139528
0.00153584
0.000686843
0.00468966
-0.0133915
-0.0137259
-0.0155137
-0.0154958
-0.0154933
0.00181002
-0.00628226
-0.00363689
0.000263065
-0.00144794
-4.0248e-08
0.00114805
-0.000262957
0.00363689
0.0062826
-0.00181037
-0.000757675
-0.00450118
-0.00307443
-0.000312861
-0.00274334
0.00274334
1.01074e-08
0.000916302
-3.34324e-05
0.000281561
-7.29501e-06
-0.000256106
-0.000235396
1.32308e-05
6.33247e-05
3.69766e-05
-0.000162537
-0.00012984
0.0004385
0.000703648
0.000169521
1.0343e-05
6.26679e-07
2.06012e-08
-4.99622e-10
-7.47735e-11
4.54339e-11
-1.11895e-11
-4.85478e-11
-1.18467e-11
-2.83082e-11
-3.93744e-11
-9.35425e-12
3.43793e-11
4.05308e-11
9.28414e-11
-3.06697e-11
4.29403e-11
5.22984e-11
4.97242e-11
-1.35847e-11
-1.67778e-11
1.91463e-11
-2.31616e-12
3.75971e-12
-2.14437e-11
-1.19141e-11
-2.18774e-11
-4.04156e-11
2.15764e-11
1.09071e-11
-3.04296e-11
3.97174e-11
-1.61257e-11
-6.87791e-11
1.35771e-11
-1.40228e-11
1.40895e-11
-2.05241e-13
-1.27606e-11
3.57558e-12
1.68802e-11
5.3428e-11
-1.29499e-11
2.43235e-11
-8.08803e-11
2.13953e-11
-5.34433e-11
-5.13518e-11
5.31922e-11
1.601e-11
2.74057e-11
-7.85907e-12
-1.84757e-11
2.17584e-11
2.42487e-11
2.95784e-12
-1.70965e-11
1.38686e-11
4.581e-11
4.86663e-11
-2.82762e-11
4.14206e-11
2.91558e-11
1.70822e-11
3.87502e-11
1.6526e-11
-2.73123e-12
6.78748e-12
-9.61113e-11
4.08026e-11
7.09983e-12
3.62212e-11
-1.21147e-10
1.0255e-10
-1.63783e-11
-2.01097e-11
6.90882e-11
-2.69972e-11
-2.12617e-11
-2.35119e-11
1.16342e-11
-3.94012e-11
1.26743e-11
-5.22616e-11
-4.16896e-11
-9.62009e-11
2.53241e-10
-2.69588e-10
5.05921e-09
-8.30161e-09
9.08545e-08
-1.86107e-07
1.41699e-06
-3.49738e-06
1.85404e-05
-5.37234e-05
0.000194265
-0.000639228
0.00144355
0.00157409
0.00132935
0.00126418
0.00179394
0.00214766
-7.88674e-06
-0.00252444
0.00307453
0.00450099
0.000757672
0.0162301
-0.00282511
-0.000169525
-1.03443e-05
-6.26118e-07
-2.05704e-08
5.63285e-10
1.34982e-10
8.97022e-12
1.5154e-11
5.7699e-12
1.11155e-11
2.54643e-11
1.05847e-12
-1.63116e-11
3.95677e-12
-1.43644e-11
7.66571e-12
-5.72285e-11
-3.14019e-11
4.17784e-12
2.22699e-13
7.82071e-11
-1.89086e-11
-6.09908e-12
1.47017e-11
-6.4327e-11
-2.69075e-11
4.94197e-12
-3.1372e-11
-4.27131e-11
-6.00138e-12
8.75239e-12
-3.28515e-11
2.89236e-11
-4.29889e-12
-1.39344e-11
5.46057e-12
-7.48608e-12
-3.9357e-12
5.49152e-11
1.33611e-11
-1.93093e-11
-6.97777e-11
-6.46663e-11
-3.08361e-11
5.8889e-13
1.63482e-12
1.32043e-11
3.69209e-12
-8.92021e-12
-1.09181e-11
8.17916e-12
-7.32558e-11
-5.86794e-11
1.65899e-11
1.07783e-11
1.79786e-11
-1.24521e-11
-4.07384e-11
-5.05798e-11
-7.56695e-11
3.0822e-11
-2.8988e-11
5.90363e-11
-2.06626e-10
-1.13162e-09
1.67662e-09
-3.44534e-09
-2.15776e-08
3.97105e-08
-6.03031e-08
-3.70742e-07
8.0382e-07
-8.29264e-07
-5.48706e-06
1.36338e-05
-8.99315e-06
-6.68986e-05
0.000183958
-7.17828e-05
-0.00063031
0.00177102
-0.000588517
-0.00502535
-0.0037003
-0.00918877
0.00918882
-0.0010778
-0.00423607
0.00525706
0.00466149
-1.94092e-08
-0.00280864
0.00280875
0.00311643
6.69556e-08
-0.00369212
0.00369235
0.00155844
1.17559e-07
-0.0121401
0.0121401
-0.0106185
2.40095e-07
0.0106184
-0.00810755
0.00535916
0.0122529
0.0094854
0.00735512
-0.0140524
0.00823135
0.000853348
0.000744674
-0.00035864
-0.00155821
-0.00106003
-0.00264466
-0.00800654
0.00680434
0.0158249
0.00758162
0.0068585
-0.00437198
2.02476e-07
0.00437227
0.00264468
-0.00823133
0.0140522
-0.0122538
-0.00535959
0.00810746
-0.00085358
-0.000744606
-0.00685754
-0.00758186
-0.0158247
-0.00680442
0.0080065
-0.00441613
-0.00501719
-0.0143498
-0.0047045
0.0074687
0.00200928
-0.000790961
0.00797791
-0.00199876
-0.00263126
-0.000333014
-3.37165e-05
-2.46198e-06
-1.2961e-07
-4.92444e-09
-1.17802e-10
-1.26878e-12
2.40506e-11
-6.17641e-13
-7.31152e-12
1.5052e-12
-8.35251e-11
2.56253e-10
-5.46788e-10
5.80811e-09
-1.19609e-08
1.05664e-07
-2.46455e-07
1.65298e-06
-4.33727e-06
2.1917e-05
-6.33218e-05
0.000235402
-0.000703639
-0.000102597
-0.000713495
0.000872115
-0.000916309
0.000331688
-9.02268e-10
-0.000331692
9.21853e-05
-8.98022e-05
6.34281e-05
-2.36588e-05
2.34777e-05
-1.09089e-06
4.41469e-06
6.08712e-07
-2.19168e-05
-1.46344e-05
-1.54977e-05
-1.69704e-05
1.09671e-07
2.87266e-06
2.95149e-06
-1.88423e-05
-1.48177e-05
4.37264e-05
9.87574e-06
-0.00017829
0.000492058
0.000101937
-0.00126416
-0.000715235
-0.0015358
-0.00468961
0.00441599
-0.00797805
0.000790899
0.000158992
-0.000196917
-1.29499e-09
-0.000277276
-2.93994e-05
-2.30812e-06
-1.34762e-07
-5.99157e-09
-1.92595e-10
-5.62245e-12
1.25618e-11
-1.33646e-11
-3.64045e-11
-1.32452e-11
-1.87429e-11
1.6024e-11
7.09335e-11
-2.56743e-11
4.40483e-11
2.7866e-11
-3.7706e-12
-3.14522e-11
-4.28438e-11
9.66232e-12
-5.483e-11
5.41145e-11
-5.60655e-11
-2.24846e-10
3.51284e-10
-7.09153e-11
-1.70704e-10
-2.39331e-10
-6.05693e-11
-3.16881e-11
-1.90878e-11
-2.77756e-11
-3.1788e-11
1.83048e-11
-3.73568e-11
-4.3564e-11
-1.60345e-11
-1.94083e-09
-1.23783e-09
3.78282e-10
3.45168e-09
-2.3643e-08
6.30004e-09
3.46997e-10
5.3882e-10
1.92185e-10
1.77342e-10
-2.80179e-10
-1.46482e-10
2.32194e-10
1.90565e-10
-2.11186e-11
-1.04934e-10
-1.72891e-09
-3.66375e-08
-3.8372e-08
-6.70759e-07
-4.01696e-07
1.39871e-09
-7.85645e-07
-5.78397e-06
1.18209e-06
9.5317e-08
1.60331e-07
9.09344e-08
8.38269e-08
-1.52371e-07
-1.16258e-07
8.46791e-08
7.93574e-08
-4.69142e-09
4.95854e-09
4.52653e-09
4.22289e-10
4.71595e-09
-6.63165e-09
4.9663e-09
5.10524e-09
-2.33505e-10
2.3483e-10
9.18211e-11
5.58583e-12
-9.21082e-11
1.36102e-11
9.42086e-11
-7.02318e-11
5.17819e-12
-3.27254e-12
-4.04024e-11
-3.61915e-11
1.21888e-11
4.48193e-11
3.70181e-11
-1.06982e-11
2.66258e-11
-3.99241e-11
-6.61977e-11
-5.92436e-12
-5.13633e-11
-1.25475e-10
2.81742e-10
5.77781e-10
-2.17047e-09
-4.37522e-08
-7.46731e-07
-6.4749e-07
-9.8393e-06
-1.00304e-05
-0.00012477
-6.94929e-05
-1.92856e-05
-0.000321606
-0.000687917
6.63297e-05
1.10901e-05
2.05575e-05
1.884e-05
1.69697e-05
-4.37183e-05
-3.69667e-05
1.46345e-05
1.54972e-05
-2.3152e-06
1.23234e-06
1.20567e-06
4.79012e-08
1.29925e-06
-2.87216e-06
1.24784e-06
1.4211e-06
-1.50295e-07
8.53882e-08
1.54363e-08
1.04568e-09
-3.40608e-10
-1.72317e-09
7.39138e-10
1.09203e-09
2.14514e-10
4.3174e-11
-5.19424e-10
4.45786e-09
-1.06884e-08
1.06621e-08
-9.27439e-09
-8.34672e-08
-1.89716e-08
2.12051e-07
-1.40296e-07
-1.39885e-06
-2.0191e-07
3.66157e-06
-1.75479e-06
-1.98507e-05
-1.35971e-06
5.2051e-05
-1.81805e-05
-0.000222962
-5.27328e-06
0.000562031
-0.000189285
-0.00174847
-0.000342365
0.00373088
-1.19275e-07
-0.0037308
0.0036998
0.00502543
0.000588255
-0.00177081
2.55279e-05
0.000630253
7.17513e-05
-0.000183946
1.43987e-05
6.69012e-05
8.98952e-06
-1.36307e-05
2.01489e-06
5.48704e-06
8.28761e-07
-8.0377e-07
1.84869e-07
3.70691e-07
6.03318e-08
-3.96959e-08
1.31691e-08
2.15595e-08
3.57319e-09
1.32172e-09
-6.97521e-11
-2.28577e-11
-3.42475e-11
-5.37024e-11
-1.03821e-10
-4.24125e-11
-3.41925e-11
-8.69772e-12
-2.55713e-12
3.24832e-11
1.84706e-09
6.69667e-08
-4.6752e-08
-5.86638e-08
-6.05889e-07
0.00344224
-0.0034425
-0.00436522
-0.00589147
-0.000263518
-0.0012198
-0.010115
0.0161215
0.00108666
0.000719744
7.03566e-05
-0.000334141
0.000342331
0.00174853
0.000189222
-0.000562
-2.22869e-08
-1.40265e-08
-5.55936e-09
1.81765e-05
-5.20513e-05
0.000222946
5.26322e-06
-6.26397e-05
-5.40804e-06
1.35732e-06
1.98492e-05
1.75398e-06
-3.66184e-06
-4.43692e-10
8.21978e-11
-4.3084e-11
-2.12278e-12
9.17427e-09
8.34259e-08
-2.12102e-07
1.39864e-06
2.01752e-07
-3.12972e-07
-1.262e-08
-4.57989e-12
3.72841e-12
-2.06513e-11
-5.19529e-11
-3.73856e-11
1.46778e-10
-6.84882e-11
-1.92982e-10
-1.3059e-10
4.65927e-10
-5.25979e-10
-4.4222e-09
-1.34909e-09
3.20313e-10
-1.42355e-11
5.18555e-10
1.56934e-11
-1.5409e-11
-1.44527e-11
1.93832e-11
-2.21627e-11
-3.42346e-11
3.06601e-12
-5.55661e-11
-2.72429e-11
-3.06716e-11
-1.4855e-10
-9.57003e-12
-5.50845e-11
-3.80041e-11
2.15109e-11
-3.62418e-11
-9.80755e-12
-5.89367e-12
6.40102e-12
1.48407e-11
2.50832e-11
2.07198e-11
2.24668e-11
1.18763e-11
4.86592e-13
-3.01211e-12
1.88342e-11
-2.57529e-12
7.19647e-12
4.51465e-12
-1.79949e-11
-1.88856e-11
-6.91061e-11
-9.64415e-12
-1.65182e-12
-2.21451e-11
2.29253e-11
2.67187e-11
7.1443e-12
1.05048e-11
9.75173e-12
-1.65488e-11
1.12527e-11
2.79215e-11
-3.29551e-11
-9.28508e-11
-1.58608e-11
3.11287e-11
1.84745e-11
-1.0143e-11
3.16196e-11
2.03902e-11
3.86621e-12
6.23512e-12
-2.8169e-11
3.87924e-11
1.79031e-10
3.18383e-09
-1.07602e-08
-9.77874e-09
3.71336e-08
-3.74021e-07
-0.00525741
0.00423631
-0.0045259
0.00668535
-0.00668556
0.00452576
-0.0129035
0.00176397
-0.00516175
0.00989886
0.00270904
0.000338113
0.00872121
-0.00447733
-0.00725488
-0.0158671
-0.00639476
-0.00806003
-0.00660629
-0.00529872
0.00155879
0.00597734
0.00211976
-1.58652e-06
1.27218e-07
-0.00211898
0.0129031
0.00516164
-0.00176414
0.00224709
-0.00270905
-0.00872142
-0.000338137
0.000357397
-0.00200933
-0.0074687
0.00470401
0.0143493
0.00501732
0.00562626
-0.00567676
-0.00597844
7.92923e-07
-0.000971714
-0.002247
0.000623686
0.000193655
-0.00543302
0.00567678
0.00218003
-0.00562617
0.000891411
0.000358718
0.00105994
-0.000158878
0.000196933
0.000715256
5.04344e-05
-0.00124097
-0.000125264
0.000150399
0.000203562
0.0001783
-0.000492039
-0.000438432
0.000129851
0.000162534
-9.87783e-06
0.000146557
-0.00013523
-1.0986e-05
2.02749e-05
2.0363e-06
1.60105e-07
1.05117e-08
1.04651e-08
-6.28714e-09
5.90448e-09
4.9408e-09
6.37689e-09
4.67041e-10
-4.60755e-09
2.57688e-08
8.15553e-09
-9.10295e-08
1.14759e-07
-1.30822e-08
2.07026e-09
-2.57528e-07
1.08065e-07
-1.5783e-06
1.78674e-06
-7.7642e-10
-4.414e-06
1.09096e-06
-2.3476e-05
2.36571e-05
-6.08688e-07
-6.3423e-05
7.30673e-06
-0.000281559
0.000256088
-1.32388e-05
2.26479e-05
-0.00128364
-0.0101372
-0.00998007
-0.0138601
6.64826e-05
0.0137691
-0.000613786
-0.000726061
-0.000488689
-4.44939e-05
-3.54552e-06
-2.45513e-07
-1.5019e-08
-7.89415e-10
-1.3775e-09
2.33534e-09
1.18314e-09
6.50727e-09
1.08504e-11
-6.50981e-09
2.41814e-08
1.65399e-11
-1.21967e-07
1.21931e-07
-2.41999e-08
-1.24324e-11
1.54392e-11
3.68207e-11
2.30083e-11
4.90518e-11
-5.49652e-11
8.4953e-11
6.35758e-11
4.37767e-12
1.67373e-10
-5.12039e-11
-2.88104e-10
3.1433e-10
-5.1398e-11
-1.61159e-11
-2.00334e-11
5.31416e-11
3.65185e-11
6.07486e-12
-6.86827e-11
5.21573e-11
4.15224e-11
-6.44802e-11
-5.58004e-11
3.79365e-11
6.901e-11
-2.03451e-10
2.89276e-10
-1.76699e-11
6.40019e-11
1.40191e-11
-2.59323e-11
7.26645e-12
-3.211e-11
5.21274e-11
-9.4275e-12
-1.31582e-10
-2.74427e-10
2.84372e-10
-3.52387e-10
-4.55994e-09
-4.94328e-09
4.70015e-09
1.20467e-08
-2.06533e-09
-1.14746e-07
9.09797e-08
-8.12506e-09
1.30503e-08
-6.40498e-09
4.67761e-09
-5.60218e-10
6.81682e-10
-5.0563e-11
-5.86107e-09
5.92522e-10
2.08595e-10
-1.42605e-10
-1.67352e-10
-1.74894e-10
1.03333e-10
1.00963e-10
3.96423e-11
6.31353e-11
-1.58224e-10
2.25559e-11
8.33606e-11
-4.2779e-12
1.22174e-11
6.54087e-11
1.09941e-12
7.9977e-11
6.03175e-11
4.06442e-11
7.75133e-12
3.75472e-11
-1.46308e-11
8.09317e-11
4.39503e-11
-9.56778e-12
-2.35876e-11
-6.84104e-12
-3.94888e-11
1.52704e-11
-2.7113e-11
-4.74617e-12
-4.05441e-10
7.39719e-11
1.09013e-08
-3.43739e-09
-1.17288e-09
2.93958e-07
-2.94627e-07
-1.09316e-08
1.89658e-08
-4.82539e-06
4.81847e-06
7.87147e-07
1.93129e-05
5.05123e-05
-5.0565e-05
-0.000262979
0.00026308
0.000321943
0.00436551
0.00589
0.00026482
-0.00144371
8.38783e-05
-0.00157409
-0.000719747
-0.00139534
-0.0137691
0.00199876
0.00263126
0.00033298
3.37132e-05
2.46134e-06
1.29533e-07
4.91753e-09
1.20526e-10
-8.10315e-10
2.55505e-10
-4.02911e-10
-5.11232e-09
-4.99428e-09
6.69445e-09
-5.799e-09
-7.93792e-08
-8.46314e-08
1.16292e-07
2.46397e-07
6.82133e-10
-1.7869e-06
1.5783e-06
-1.07937e-07
2.57572e-07
-4.56383e-07
-1.96616e-08
4.40707e-07
1.3236e-11
-2.02347e-06
2.02359e-06
-4.40729e-07
1.97062e-08
4.5654e-07
3.90727e-08
2.50423e-11
-3.32908e-11
2.38675e-11
3.52505e-12
2.27985e-11
-2.84191e-11
-4.13444e-12
-8.90889e-11
-2.97863e-11
-3.907e-11
2.25635e-12
-8.02174e-12
1.13219e-11
-1.95622e-11
4.17626e-12
1.76638e-11
3.70412e-11
-9.99027e-12
-2.17837e-11
-2.43092e-11
9.46071e-11
6.51803e-11
-3.49504e-11
-4.37456e-11
-6.36e-11
2.95413e-11
3.18848e-11
-3.93205e-11
4.19165e-11
-2.21851e-11
4.42731e-12
-1.90316e-11
5.52285e-11
-3.92025e-11
-3.48989e-12
1.23373e-11
7.1468e-11
1.39872e-10
-3.43256e-10
-2.68185e-10
-5.39528e-10
3.08503e-10
1.82744e-09
1.1628e-09
-6.3149e-09
-5.06359e-09
8.31608e-09
-5.94078e-09
-9.09253e-08
-8.53893e-08
1.50368e-07
1.52396e-07
-4.79849e-08
-1.20583e-06
-1.23249e-06
2.31641e-06
4.33727e-06
-1.65293e-06
-2.03633e-06
-2.05077e-06
-1.42116e-06
-1.24784e-06
-1.29927e-06
1.34749e-07
5.96954e-09
2.26085e-10
1.09208e-11
-5.45696e-11
-1.08134e-09
-1.54307e-08
1.26046e-08
3.12748e-07
-1.81251e-07
1.81183e-07
1.60228e-06
1.48153e-05
-4.691e-05
-7.54337e-06
1.0173e-05
0.000130803
-0.000562255
-8.39346e-05
2.13433e-05
2.168e-06
1.94834e-07
1.48773e-08
9.75722e-10
5.51104e-11
1.54591e-10
1.35e-09
-1.1846e-09
1.23525e-09
-1.28666e-09
-1.69045e-11
-2.00679e-11
-9.78562e-10
-1.16765e-09
-2.58524e-08
-2.31646e-09
-8.6988e-11
7.56339e-11
8.33508e-10
1.50792e-08
-3.89874e-08
-7.26368e-08
-4.93838e-09
-1.04952e-08
-1.04693e-08
6.37297e-09
3.82726e-08
2.37161e-08
-9.52709e-08
-9.08714e-08
1.86128e-07
-5.55492e-08
-1.41716e-06
3.49871e-06
-4.83338e-08
-1.85418e-05
5.37304e-05
7.53577e-06
-0.000203595
-0.000130821
0.000562321
0.000639301
-2.55536e-05
-0.000194269
-1.43995e-05
-6.63543e-05
-1.10805e-05
-1.18126e-06
4.02663e-07
6.71123e-07
1.00351e-05
5.79736e-06
0.00012478
6.96686e-05
0.00122007
0.000687562
0.0101143
-0.0161215
-0.00168683
-0.000774025
0.00660593
0.00639442
0.0158675
0.00725502
0.00447727
-0.00446762
-0.00108655
-6.66486e-05
-0.00132935
0.000277265
2.93998e-05
2.30791e-06
-1.8129e-10
-1.4297e-09
-1.01748e-05
6.26351e-05
5.40709e-06
-1.60316e-06
-2.1688e-06
1.38245e-10
-4.65477e-12
-1.94845e-07
-1.4905e-08
-2.75421e-07
-7.02126e-06
6.99755e-06
2.01169e-10
-2.88201e-05
2.88199e-05
-6.99738e-06
2.75451e-07
7.02204e-06
5.61223e-07
8.64047e-07
-4.41576e-07
7.26157e-08
-2.7136e-08
7.1781e-06
-6.20528e-06
6.72013e-06
8.98003e-05
-9.21791e-05
3.2488e-06
-5.70498e-10
3.65713e-09
2.59089e-08
7.93437e-09
-0.00311653
0.000318001
-7.03635e-05
0.000334085
-0.000623658
-0.00466198
0.000971817
-0.00019391
0.00543281
0.00529821
-0.00989852
0.00805939
-0.00155872
-0.00218055
-1.49679e-07
0.00282509
0.00144791
-0.00035437
1.06845e-07
6.45594e-05
3.3429e-05
0.000354464
-0.00399709
-0.00633191
-0.00559523
6.11738e-08
-0.00114796
5.14515e-07
0.000312865
1.94189e-08
1.13471e-09
1.19821e-10
-5.60954e-07
2.45757e-07
3.54719e-06
-6.72081e-06
-3.25003e-06
-7.17546e-06
-8.63721e-07
7.47006e-07
4.38042e-08
2.25501e-09
1.80827e-10
1.01505e-10
1.73055e-09
3.65996e-08
-1.60344e-07
-8.38308e-08
6.47637e-07
9.84307e-06
-2.05564e-05
4.69232e-05
-0.000150336
-0.000146548
-2.0272e-05
1.09919e-05
0.000135282
0.000125305
0.00124112
0.00997952
-5.04277e-05
0.00128353
0.0101371
0.00061358
-2.26568e-05
-6.45839e-05
4.44939e-05
7.42065e-05
0.000726171
6.2099e-06
-1.60165e-07
-1.05634e-07
-5.45571e-10
-2.54902e-10
2.60255e-11
1.33672e-10
1.54137e-09
2.70735e-08
4.41676e-07
-2.13412e-05
-7.4149e-05
-2.01515e-06
-1.84901e-07
-1.31209e-08
-4.70469e-09
1.22275e-10
-5.89946e-10
1.37444e-10
-2.33918e-11
3.87205e-12
-1.68036e-11
-4.57723e-14
-1.59231e-11
-8.83394e-12
-1.77186e-11
1.41178e-11
-3.32258e-11
-3.22936e-11
7.06011e-11
4.64387e-11
-3.15863e-12
-5.32486e-11
-4.29341e-11
-5.39264e-11
-5.62754e-11
2.05078e-06
-2.94993e-06
4.76796e-08
-0.000101948
-0.000357416
-0.000318082
-0.000891431
1.48471e-11
-6.1842e-11
1.40136e-07
-4.18218e-11
2.09486e-11
-4.79895e-09
5.5588e-08
-1.09127e-07
3.44807e-10
5.73142e-09
2.34497e-11
-3.03057e-11
-7.80098e-11
-0.00735466
-0.00948558
0.00212219
-4.51406e-08
-0.00212225
0.0154933
0.00559494
2.00712e-11
-2.23956e-11
5.20029e-11
-2.35942e-11
1.93757e-11
-1.31357e-10
2.30817e-10
-3.16396e-10
2.57668e-11
-2.71162e-11
-3.05285e-11
1.6571e-11
-4.00661e-11
8.6227e-11
1.61021e-11
-9.2314e-12
1.21199e-11
-7.99719e-11
-3.52973e-11
-1.3421e-10
-6.87452e-11
-7.04797e-11
-4.84758e-12
2.07109e-11
-8.99841e-12
-1.87209e-11
-4.5692e-11
-3.83098e-11
1.65365e-11
1.90558e-11
2.6754e-11
1.59541e-11
-1.28533e-11
1.47968e-11
-1.15634e-11
-3.15012e-11
1.55156e-11
-7.13234e-11
8.79562e-12
-4.83453e-11
-1.4304e-11
-3.1291e-11
2.05725e-11
3.76404e-11
-1.6931e-11
3.34687e-11
7.08914e-11
3.7397e-11
5.24603e-12
2.47232e-11
3.49325e-12
3.89364e-11
-3.43449e-11
2.31742e-11
-1.91187e-12
2.18075e-11
1.90468e-11
6.13596e-11
-1.72267e-11
-5.23454e-11
-1.88612e-11
2.8809e-12
-2.14349e-11
-3.45148e-11
-3.20076e-12
-5.83172e-11
-1.24996e-11
-2.77049e-11
8.24619e-11
1.05072e-11
2.32064e-11
-3.91783e-10
-1.92604e-11
-1.24448e-09
-5.475e-10
5.72364e-10
5.16044e-10
-2.15141e-10
-5.93625e-09
-4.58508e-09
1.28216e-10
-2.21066e-10
-2.25693e-10
-3.18579e-10
-5.92624e-11
-1.04758e-10
-5.00958e-10
2.05549e-08
6.27618e-07
1.03507e-05
0.000169562
0.0028252
-0.00264458
-0.00800653
0.00680461
0.00441618
0.00501762
0.0143496
0.00470437
0.00725555
0.0158683
0.0063952
0.00660632
0.00805999
0.00516129
-0.00989894
0.00224686
-0.000623788
-0.00176418
0.0129032
-0.00452538
0.00668553
-7.73226e-08
-0.00668607
0.00452555
-0.0129027
-0.00516105
0.009899
-0.00660581
-0.00805943
-0.0063951
-0.0158682
-0.00725493
-0.0047044
0.0074688
0.00797773
0.00800646
-0.0044162
-0.00501755
-0.00680474
-0.0158255
-0.00758225
-0.00948561
-0.0122538
-0.00535956
0.00810745
-0.0106186
-0.000853534
0.0121399
-0.0121399
0.0106187
-0.00810745
0.00535908
0.012253
0.00948578
0.00735536
0.00758209
0.0158249
0.0155149
0.0154958
-0.00181008
0.0154934
0.00628254
0.00559476
0.00363687
0.00114831
6.06759e-07
-0.001148
-1.02636e-07
0.00144797
-0.00144793
0.000263032
-0.00363694
-0.00559495
-0.00628257
-0.0154933
-0.0154962
-0.0155141
-0.013726
-0.0133894
-0.0138566
-0.0132942
-0.0139456
-0.0153658
-0.015236
-0.0148443
-0.00553771
0.000774465
0.00168682
0.00144374
-0.000639329
0.000194259
-5.37297e-05
1.85436e-05
-3.49845e-06
1.41714e-06
-1.86229e-07
9.08626e-08
-8.29066e-09
5.03847e-09
-3.00738e-10
2.52186e-10
-4.25272e-11
-1.7085e-11
-1.13321e-11
6.70334e-11
-9.12593e-12
2.58655e-11
6.51448e-11
1.40844e-10
-1.3256e-11
-2.54727e-11
8.13199e-11
6.06963e-11
5.95502e-11
1.08444e-10
1.29209e-10
4.97916e-10
-2.05761e-08
-6.26116e-07
-1.03561e-05
-0.000169556
-0.00282521
0.00264451
0.00105991
0.00155831
-0.000159046
0.00369228
-0.00369218
-0.00155821
-0.00105987
0.000159053
0.000790981
-0.00797797
-0.00746858
0.0044774
-0.00872122
-0.00270912
-0.000338131
0.000357393
-0.00200918
0.00199884
0.00263132
-7.66873e-09
-0.00263127
0.00270911
-0.00224685
0.00466154
0.000623525
0.00525699
-0.00525737
-0.00466185
-1.70721e-07
0.00280873
0.00311638
-0.00311654
0.000317976
-0.00280873
-0.000194002
2.51611e-07
0.00597735
0.00155829
-0.00529808
0.00211986
-3.79071e-07
-4.94169e-07
-2.61067e-08
0.00369999
-0.00271959
-0.0135724
0.00241479
-0.0109986
0.00918831
-0.00373069
0.0017484
-0.00174844
-0.000189233
-0.000630225
-7.17449e-05
0.000183943
-6.6899e-05
-8.98706e-06
1.36309e-05
-5.48705e-06
-8.28555e-07
8.03762e-07
-3.70752e-07
-6.03257e-08
3.96768e-08
-2.15561e-08
-3.46306e-09
1.62897e-09
-1.20929e-09
-2.31851e-10
1.07486e-10
3.24343e-11
3.54061e-11
1.20683e-11
-6.35574e-11
-1.0063e-11
-1.76208e-11
-1.32253e-11
1.05753e-11
5.31701e-12
-5.77055e-11
6.59386e-12
-6.04284e-12
-3.55107e-11
6.55494e-11
6.34264e-12
-8.53818e-12
1.85287e-11
1.27819e-11
4.8029e-12
-2.77803e-11
3.83031e-11
2.92683e-11
-2.22782e-11
3.11875e-12
2.21497e-12
-4.5984e-11
-2.53702e-11
-4.95812e-12
4.35594e-11
3.82119e-11
5.89234e-11
6.19092e-11
2.92451e-11
-1.95341e-11
-5.59814e-11
8.66193e-12
2.99532e-11
-4.43773e-11
-2.65472e-11
-3.49904e-11
-1.15922e-11
1.45822e-11
-4.58033e-11
-6.27346e-11
3.6114e-11
-1.66073e-11
1.46459e-12
-1.51148e-11
-2.98761e-11
-1.77707e-11
-1.19542e-10
-4.93696e-09
-1.29599e-07
-2.46211e-06
-3.37185e-05
-0.000332991
-8.38276e-05
0.00157389
0.00132943
0.00126405
0.00179395
-0.000703644
0.000235399
-6.3324e-05
2.19174e-05
-4.33738e-06
1.65303e-06
-2.46448e-07
1.05647e-07
-1.20262e-08
5.88131e-09
-4.9008e-10
3.05472e-10
-5.74513e-11
3.65843e-10
-1.28096e-10
2.99619e-10
-1.28117e-09
-8.8366e-11
1.19386e-09
-6.5214e-09
4.65231e-09
-6.48623e-09
1.30498e-08
-2.585e-08
-8.15025e-09
-1.14768e-07
-2.02402e-09
1.19925e-08
-4.994e-09
4.72524e-09
6.68383e-09
-5.76651e-09
-8.37774e-08
-9.0965e-08
6.34693e-09
-4.93974e-09
-4.68402e-09
-4.95758e-10
2.49302e-10
-1.85662e-10
3.40747e-11
-5.74947e-11
-1.33978e-10
5.97753e-12
5.8101e-12
2.42065e-11
7.2637e-11
-3.33505e-11
-3.32335e-11
2.38949e-11
-2.10797e-11
-1.57426e-11
-3.86212e-11
4.22638e-11
-1.01802e-11
2.18628e-12
2.19147e-11
-3.39366e-11
-4.66762e-11
-1.25535e-11
-6.29619e-13
2.31496e-12
-1.55132e-11
-7.94124e-11
-1.36677e-11
2.50206e-11
1.50412e-11
1.55705e-11
9.59627e-12
1.75998e-11
2.24329e-11
2.27833e-10
1.92604e-09
5.24806e-09
2.84175e-08
7.98021e-09
2.32963e-07
0.00437205
0.000891241
-0.00562613
0.00218029
-0.0143493
-0.00543282
0.00872094
0.000338081
-0.00035737
-0.000318066
7.03442e-05
0.000719716
0.00139519
0.00153581
0.000686741
0.000757641
0.00450088
0.00307448
-0.00252438
-7.88257e-06
0.000872079
-0.000713461
0.00214759
-0.0001026
-0.00128353
-0.0101375
-0.00997944
-0.0101137
-0.00589018
-0.0043649
-0.000321918
-0.000687791
-0.000264666
-0.00122005
-0.00012476
-6.96575e-05
-1.9303e-05
-7.87514e-07
-5.79515e-06
1.10797e-05
6.63547e-05
0.000150357
-0.000562281
-0.000492075
0.000178294
0.000162511
0.000129842
-0.000438433
-0.000102041
-0.000277302
-0.00199885
0.00200929
-0.000791008
0.000358696
0.0056769
0.000193642
-0.000971883
0.00176426
-0.00423618
-0.00107811
-0.00344227
-3.59015e-07
7.53277e-08
-2.04405e-08
4.87978e-08
1.53115e-09
2.11727e-11
4.58651e-11
4.45948e-11
2.56969e-11
3.04922e-11
-6.22003e-11
-1.27318e-11
-1.63019e-11
-4.55539e-11
9.19507e-12
4.05048e-10
3.49006e-09
1.23e-09
-4.02492e-07
1.18113e-06
-1.00302e-05
-6.70773e-07
-3.83465e-08
-2.3776e-08
9.52712e-08
1.60392e-07
-1.50294e-07
-1.52385e-07
8.38382e-08
7.93885e-08
8.4641e-08
-1.1623e-07
1.20564e-06
1.23237e-06
-2.31566e-06
1.5496e-05
1.46338e-05
-3.69676e-05
-9.88411e-06
-4.37269e-05
1.69699e-05
1.48152e-05
-4.69135e-05
0.000203557
0.000130796
1.01694e-05
-2.93996e-05
-2.30851e-06
-1.0991e-07
-2.87271e-06
1.29916e-06
1.24764e-06
-2.95063e-06
1.8841e-05
4.76355e-08
2.05583e-05
-0.000125264
-0.00124093
6.68559e-05
0.00108663
0.00446768
-0.00447739
0.0161212
5.02708e-05
0.00468947
-0.000613574
-0.00633154
-0.0039972
-0.000488687
-0.000726201
2.26631e-05
0.000146554
-0.000135216
-1.09868e-05
-9.83899e-06
-6.47253e-07
-3.66751e-08
-1.71197e-09
-1.8106e-09
-1.14535e-09
6.34299e-09
1.0493e-08
-6.30051e-09
-6.65002e-09
4.77199e-09
4.55223e-09
4.92108e-09
-4.71893e-09
5.71617e-09
-6.00437e-09
-1.34742e-07
4.80322e-08
1.54437e-08
8.5352e-08
9.10057e-08
5.94456e-09
-1.25682e-08
3.70803e-07
1.84923e-07
-8.03919e-07
8.28943e-07
5.48769e-06
2.01525e-06
-1.36341e-05
8.99168e-06
6.69022e-05
1.43992e-05
-0.000183961
7.17616e-05
0.000630249
2.55255e-05
-0.00177093
0.000588511
0.00502519
0.00175922
0.000342271
-0.000334138
0.000334119
-0.00502534
-0.00058836
0.00177087
-0.00034233
0.00373067
-0.00370002
-0.00918864
-8.07102e-08
0.010998
-0.00241484
0.0135733
0.00553808
0.00271962
0.00107797
0.00423646
0.000971623
-0.00212003
-0.00597767
0.00529881
-0.00155854
0.00543282
-0.00567669
-2.95578e-07
5.60407e-08
-3.09252e-09
1.92855e-09
1.38454e-09
2.41585e-09
0.000189286
-0.000561998
0.000222943
-5.20552e-05
1.98519e-05
-1.98521e-05
-1.75411e-06
3.66187e-06
-2.01651e-07
-1.39881e-06
-1.40237e-07
2.12083e-07
-1.89823e-08
-8.34566e-08
-9.25837e-09
1.06799e-08
-1.40703e-09
-4.42445e-09
-6.2708e-10
4.77366e-10
-5.0846e-11
-2.15525e-10
6.62577e-11
2.02245e-11
3.32594e-11
-6.16685e-11
-3.27596e-11
-1.88141e-11
-7.92363e-11
-6.1563e-11
7.28695e-12
5.40829e-11
3.5174e-12
-7.57063e-11
1.7523e-10
1.14015e-09
7.53981e-10
-1.64161e-09
3.59499e-09
2.16041e-08
1.31453e-08
-3.96633e-08
6.02618e-08
1.90168e-08
8.35048e-08
1.86122e-11
-1.05869e-08
4.49995e-09
-4.71696e-10
2.19755e-10
-7.52485e-11
-5.43038e-11
-1.17876e-11
-4.73906e-11
-1.03188e-11
6.95462e-11
6.32186e-11
-1.46756e-11
-1.09069e-08
-2.94517e-07
-4.81787e-06
-5.0514e-05
-0.000262976
0.000262953
0.00344214
0.00436498
0.000321928
5.04774e-05
0.000561974
-5.26105e-06
-0.000222951
-1.81765e-05
5.20481e-05
-1.35596e-06
5.4077e-06
3.2135e-09
1.81878e-05
9.21732e-11
-2.25522e-10
1.75514e-06
-3.66219e-06
1.39889e-06
-2.12051e-07
1.40396e-07
-2.38249e-12
-1.3299e-11
2.30253e-11
9.36528e-09
-6.73661e-12
6.09381e-10
-8.06051e-13
-2.5556e-11
-4.05484e-11
-5.21608e-11
-2.61173e-11
-3.35959e-11
3.39476e-11
2.35823e-11
9.66336e-12
-1.18468e-11
3.14716e-11
2.02589e-11
2.8653e-11
8.69772e-12
1.17473e-11
-1.34057e-11
-6.34999e-11
1.9412e-11
7.17592e-11
1.61116e-11
-9.71359e-12
-1.51935e-11
-1.37983e-11
-5.22461e-12
-3.61137e-12
4.74541e-12
8.13461e-12
9.26413e-12
-5.44485e-11
-6.4077e-12
1.94985e-11
6.67582e-12
3.83876e-12
-1.93097e-11
1.22204e-10
6.98097e-11
-3.94164e-11
4.78403e-11
-4.1657e-11
-8.38736e-12
3.52197e-11
-4.36303e-11
-2.55024e-11
5.42947e-11
-2.14545e-11
-1.71295e-11
3.87019e-12
-2.50837e-11
3.08154e-12
-1.8429e-11
-7.94061e-12
-1.27727e-12
-1.70193e-11
-8.93103e-12
-1.00139e-11
2.28064e-11
8.79537e-12
1.97858e-11
-2.90589e-11
3.16811e-11
8.4871e-12
-1.39678e-11
-3.10783e-11
2.48513e-11
4.12434e-11
-2.03825e-10
1.98649e-09
-6.26349e-05
5.27845e-06
6.26421e-05
0.000333024
-2.55379e-05
-0.00144368
8.39045e-05
0.000562262
-0.000130804
-0.0001783
9.87426e-06
3.69639e-05
-1.4632e-05
-1.54968e-05
-2.19148e-05
6.08026e-07
4.41375e-06
-7.02107e-06
-1.09092e-06
-2.36586e-05
6.34166e-05
-8.97947e-05
-7.29493e-06
-0.000256104
1.32344e-05
6.33147e-05
-0.000235371
-0.000162547
0.00043844
-0.000129826
0.000703593
0.00010267
0.000713478
-0.000872018
7.90372e-06
-0.00214771
-0.00179388
-0.00126417
0.000102019
0.000492006
-0.00132935
-0.00157403
-0.00108665
-0.000719747
-0.00139528
-0.013769
-0.00153577
-0.000715193
-0.000686917
-0.0162299
-0.000757638
-0.00307449
-0.00450113
0.00399699
2.19907e-07
0.00035441
0.000312858
0.00274323
9.83885e-09
0.000916257
-0.000916246
3.3421e-05
-0.000281566
7.30276e-06
8.98022e-05
-6.34157e-05
0.00025607
-1.32374e-05
2.36574e-05
1.09096e-06
7.0215e-06
-4.41369e-06
-6.08672e-07
1.78667e-06
1.08032e-07
4.56444e-07
-2.57465e-07
-8.14037e-10
-7.46709e-07
-4.38174e-08
-2.15824e-09
-1.21397e-10
-4.14688e-11
-4.29336e-11
-5.5128e-11
4.11939e-10
6.44038e-10
-1.7982e-10
-1.89968e-10
2.88875e-10
3.06998e-10
3.13558e-10
-1.09543e-10
4.93343e-10
-1.60174e-10
1.48469e-11
4.03377e-11
1.72073e-11
-7.79384e-11
1.77416e-11
1.0865e-11
-4.30962e-11
-5.17055e-11
4.28747e-12
3.34432e-11
3.29004e-11
-4.93313e-11
-1.45313e-11
3.76014e-11
6.18117e-10
1.05131e-08
1.60157e-07
2.03629e-06
2.02726e-05
7.1764e-06
-7.41831e-05
-4.44774e-05
-3.5462e-06
-6.20809e-06
8.63449e-07
5.60851e-07
6.71631e-06
-2.34772e-05
2.88185e-05
1.9577e-10
6.9971e-06
-6.99696e-06
2.75386e-07
2.02329e-06
-1.64656e-12
4.4072e-07
-4.40776e-07
1.96368e-08
-9.09716e-08
8.25816e-09
2.5866e-08
-1.30303e-08
1.14762e-07
2.02147e-09
7.25915e-08
-4.4161e-07
-2.45541e-07
-1.4956e-08
-2.71314e-08
4.9697e-09
2.34195e-09
-4.65393e-09
5.36895e-10
1.30744e-09
-5.08136e-10
6.446e-09
2.53937e-10
3.17066e-10
-1.39524e-09
-7.4189e-10
1.06582e-11
-9.59575e-11
2.19045e-11
9.20576e-12
6.40857e-11
1.79931e-11
-4.12317e-11
8.58778e-12
2.64747e-11
-2.13006e-11
3.90138e-14
3.94346e-11
-5.34673e-11
-1.87435e-11
1.04228e-11
1.64352e-11
-1.32908e-11
1.24539e-10
1.33021e-10
9.59417e-11
7.32986e-11
3.19449e-10
2.59285e-10
2.15528e-11
1.04638e-09
5.0295e-09
5.13466e-09
5.34125e-10
-3.01224e-10
1.38306e-09
3.21775e-10
1.26213e-08
3.12941e-07
2.46166e-06
3.372e-05
-1.43951e-05
-0.000194258
7.53987e-06
4.69038e-05
-1.48164e-05
-1.69693e-05
1.10234e-07
2.31532e-06
-1.23225e-06
-1.20566e-06
-1.6526e-06
8.41452e-10
2.57524e-07
-4.56503e-07
-1.07998e-07
-1.78679e-06
1.57814e-06
-2.75395e-07
-2.02332e-06
-5.6093e-07
-5.20122e-10
-3.13949e-11
1.30256e-09
6.45756e-05
-6.45407e-05
-0.000354392
-0.000312841
0.00252432
-0.00274319
-0.000196901
-7.03537e-05
-1.01688e-05
0.000277311
2.94058e-05
-3.38535e-09
1.60262e-06
-5.40748e-06
1.35833e-06
-3.12895e-07
2.01949e-07
1.81172e-07
2.51808e-10
3.06876e-11
2.67042e-11
6.76673e-13
-6.03743e-13
2.06733e-11
4.26093e-12
2.0898e-11
5.38391e-12
1.45612e-10
4.91391e-09
1.29549e-07
-1.84904e-07
-1.41692e-06
-5.54989e-08
1.50242e-07
-8.53064e-08
1.52348e-07
-4.78966e-08
1.16259e-07
-8.4545e-08
-7.93747e-08
-1.05542e-07
2.46362e-07
-1.60144e-07
-1.60314e-07
-9.53122e-08
-1.37068e-09
7.85073e-07
1.92862e-05
4.82198e-06
2.94666e-07
1.09553e-08
5.51677e-11
-3.45704e-09
-4.20381e-10
-1.78007e-11
2.70319e-11
-7.89151e-12
-9.6619e-12
1.97829e-11
-6.60016e-11
-3.12573e-12
-9.45478e-11
-3.81431e-11
-2.2587e-11
5.21782e-12
1.01361e-11
-3.0385e-11
-3.8465e-11
2.3444e-10
5.99187e-09
1.34773e-07
2.30857e-06
-1.6017e-06
-1.81171e-07
-1.24762e-06
-1.42082e-06
-1.29902e-06
2.8719e-06
2.94977e-06
3.49749e-06
-4.77611e-08
-1.85396e-05
-2.01497e-06
5.37215e-05
-1.10921e-05
-6.6326e-05
0.000639215
0.000263675
-0.00168684
-0.0161216
0.0152366
0.0148464
-0.000775028
0.00589181
0.0101145
0.0153658
0.0139462
-0.00446778
0.0132933
0.0138601
0.0133917
-0.00468963
0.0137262
0.010137
0.00998037
-6.66997e-05
0.00121985
0.000688038
0.000124743
6.94868e-05
1.00284e-05
5.78154e-06
-1.18219e-06
-2.05088e-06
-2.05589e-05
-1.88403e-05
4.37088e-05
-0.000150377
-0.000203567
0.00124098
0.000125241
9.83567e-06
6.47066e-07
6.70533e-07
4.01673e-07
3.83238e-08
-5.896e-09
8.35476e-09
-4.97111e-09
-3.39035e-10
3.21773e-10
-2.58208e-10
-2.39349e-10
-2.47319e-10
-3.04221e-11
3.61594e-10
-7.93357e-10
-3.67096e-10
-6.27026e-09
2.35817e-08
-1.04548e-08
-5.07404e-09
1.89113e-09
1.19351e-09
-4.7484e-12
-8.39025e-11
-3.29557e-11
-7.59669e-11
-2.21805e-11
-3.22423e-11
-8.29723e-11
1.29307e-11
-2.1322e-11
-6.84998e-11
-8.1545e-11
-3.54076e-11
-4.90015e-11
-5.67843e-11
-2.55984e-11
-5.54787e-10
-6.16982e-10
-1.05579e-08
3.65774e-08
1.70296e-09
9.33726e-11
-5.02981e-11
-3.44735e-11
1.15477e-10
2.15067e-09
4.37844e-08
7.46489e-07
1.09837e-05
0.000135206
0.0012835
-5.04172e-05
0.000613571
0.000488839
4.44904e-05
-6.71596e-06
9.2176e-05
-9.21783e-05
1.1079e-09
-0.000331685
0.000281549
-3.34199e-05
-2.13381e-05
2.13413e-05
0.000196913
0.00071518
2.16788e-06
3.24878e-06
-2.16831e-06
-3.24806e-06
2.34752e-05
-2.88175e-05
-1.94768e-07
1.94848e-07
1.48876e-08
-1.48624e-08
-1.541e-08
-1.04027e-09
-8.76603e-11
1.07047e-11
-2.01773e-11
1.65864e-12
-3.6089e-11
-7.79101e-11
-8.9978e-11
-9.6578e-10
9.88715e-10
1.20955e-09
-2.42371e-08
3.13133e-11
2.42422e-08
-1.17267e-09
-2.33526e-09
-5.29998e-11
3.90125e-08
1.21868e-07
-1.21918e-07
9.10043e-08
-1.96924e-08
-3.90541e-08
-2.28758e-10
2.45718e-07
3.54786e-06
-8.63538e-07
-7.17757e-06
-2.02743e-05
-0.00014659
-2.26332e-05
0.000726306
7.41824e-05
-2.03644e-06
4.33598e-06
6.20955e-06
4.41627e-07
-7.25885e-08
1.50043e-08
7.89868e-10
-4.4682e-11
-1.42051e-10
-2.94612e-10
-4.99991e-09
2.71258e-08
1.4621e-09
2.30897e-11
1.32747e-10
-3.20619e-11
-1.21905e-11
2.69145e-11
6.95625e-11
7.40774e-11
1.37985e-10
3.31792e-11
-6.22476e-12
1.48778e-11
-3.7473e-11
-4.41429e-11
2.05617e-11
1.57738e-11
8.07301e-12
5.41222e-12
1.00093e-11
-7.97835e-12
2.04796e-11
2.21734e-11
-1.20831e-11
7.47622e-12
-4.48721e-11
-1.04981e-11
-9.2226e-12
1.0473e-12
2.13251e-11
2.78464e-11
8.51119e-12
-2.93081e-11
-5.73325e-13
3.55085e-11
3.98882e-11
6.47387e-09
-4.55385e-11
0.000331687
0.00633108
-2.58397e-12
-2.3733e-12
3.25565e-12
-4.90858e-11
-1.53109e-11
2.06035e-11
-1.31833e-08
-9.08629e-08
1.86096e-07
-0.00175926
-8.3314e-12
-0.000262971
0.000853503
0.00823133
-0.0140523
0.0068585
-0.00437214
-0.000358598
0.000744838
-9.59693e-10
-0.000744575
0.00212214
-0.00685747
0.0140521
-0.00823131
-0.00735477
0.00181014
1.07631e-07
-0.00212238
0.00562617
-0.00218022
-0.000891545
-1.57822e-06
2.05087e-06
1.42098e-06
5.55715e-08
3.3527e-11
2.22124e-11
2.88677e-10
-2.37674e-08
-4.73926e-07
-7.54837e-06
0.0137687
0.0162298
1.4014e-11
)
;

boundaryField
{
    face
    {
        type            calculated;
        value           nonuniform List<scalar> 
154
(
-0.000891431
-0.00218055
-0.00212225
-4.51406e-08
-0.00437198
-0.00567676
2.02476e-07
-1.49679e-07
0.00597734
0.00211976
0.00155879
-0.00155872
-0.00597844
-0.00211898
7.92923e-07
-1.58652e-06
0.00212219
0.00437227
0.00567678
0.000891411
0.00218003
0.0068585
0.00562626
0.000744674
-0.00035864
0.00543281
0.00529821
-0.00019391
0.000971817
-0.000744606
0.000358718
-0.00685754
-0.00562617
0.000193655
-0.000971714
-0.00543302
-0.00529872
0.0158249
0.0143493
0.00535916
2.40095e-07
0.00452576
-0.0129035
-0.0158671
0.0158675
-0.0045259
0.0129031
0.00668535
-0.00668556
1.27218e-07
-0.00535959
-0.0158247
-0.0143498
0.0094854
0.00758162
0.0122529
0.00680434
0.00501732
-0.00810755
0.0106184
0.00470401
0.00725502
0.00639442
0.00805939
0.00516164
-0.0106185
0.00810746
-0.0122538
-0.00948558
-0.00758186
-0.00680442
-0.00501719
-0.0047045
-0.00725488
-0.00516175
-0.00639476
-0.00806003
-0.00155854
-0.00597767
-0.00212003
2.51611e-07
-3.79071e-07
0.00212214
0.00437205
0.0056769
0.000891241
0.00218029
-0.000891545
-0.00218022
-0.00212238
-9.59693e-10
-0.00437214
-0.00567669
2.32963e-07
-2.95578e-07
0.00597735
0.00211986
0.00155829
0.0068585
0.00562617
0.000744838
-0.000358598
0.00543282
0.00529881
-0.000194002
0.000971623
-0.000744575
0.000358696
-0.00685747
-0.00562613
0.000193642
-0.000971883
-0.00543282
-0.00529808
-0.0106186
0.00810745
-0.00948561
-0.0122538
-0.00758225
-0.00680474
-0.00501755
-0.0047044
-0.00725493
-0.00516105
-0.0063951
-0.00805943
0.0158683
0.0129032
-0.00452538
0.00668553
-0.00668607
-7.73226e-08
-0.00535956
-0.0158255
-0.0143493
0.0158249
0.0143496
0.00535908
1.07631e-07
0.00452555
-0.0129027
-0.0158682
0.00758209
0.00948578
0.012253
0.00501762
0.00680461
0.0106187
-0.00810745
0.00470437
0.00725555
0.00805999
0.0063952
0.00516129
)
;
    }
    outlet
    {
        type            calculated;
        value           nonuniform List<scalar> 
154
(
2.24668e-11
2.50832e-11
1.48407e-11
5.8889e-13
-1.09181e-11
9.75173e-12
2.29253e-11
1.88342e-11
2.67187e-11
-2.57529e-12
-2.33918e-11
-3.32258e-11
-8.83394e-12
-1.59231e-11
3.87205e-12
4.86592e-13
-1.58608e-11
-3.01211e-12
1.63482e-12
-8.92021e-12
1.32043e-11
-1.77186e-11
1.41178e-11
-4.57723e-14
-1.68036e-11
1.18763e-11
2.07198e-11
-3.08361e-11
6.40102e-12
-1.65488e-11
-2.21451e-11
1.05048e-11
7.1443e-12
-1.79949e-11
-1.88856e-11
4.51465e-12
3.69209e-12
-3.06697e-11
-2.14437e-11
-1.19141e-11
-2.18774e-11
2.15764e-11
-4.04156e-11
-5.62754e-11
1.601e-11
2.13953e-11
7.19647e-12
4.17626e-12
3.43793e-11
-2.97863e-11
-3.907e-11
4.581e-11
-2.82762e-11
4.86663e-11
1.09071e-11
-3.04296e-11
1.40895e-11
-1.95622e-11
-8.02174e-12
2.25635e-12
-9.35425e-12
-2.83082e-11
4.05308e-11
9.28414e-11
4.97242e-11
4.29403e-11
-1.35847e-11
-5.13518e-11
5.31922e-11
-5.34433e-11
-8.08803e-11
2.43235e-11
-1.27606e-11
-2.05241e-13
3.97174e-11
-1.40228e-11
1.35771e-11
1.00093e-11
2.06035e-11
2.04796e-11
2.21734e-11
5.41222e-12
-1.71295e-11
2.05617e-11
2.28064e-11
8.13461e-12
9.26413e-12
4.74541e-12
-1.53109e-11
3.87019e-12
1.94985e-11
-2.50837e-11
-5.44485e-11
-1.20831e-11
-3.7473e-11
-8.93103e-12
-4.41429e-11
-1.00139e-11
-7.97835e-12
-2.14545e-11
8.07301e-12
1.57738e-11
-2.58397e-12
-2.3733e-12
8.79537e-12
1.97858e-11
7.47622e-12
1.48778e-11
-4.43773e-11
-2.65472e-11
-1.27727e-12
3.08154e-12
-1.70193e-11
-3.61137e-12
-3.33505e-11
-2.55024e-11
-3.86212e-11
-1.57426e-11
-5.73325e-13
2.21497e-12
3.11875e-12
3.14716e-11
2.02589e-11
-9.71359e-12
-2.1322e-11
2.35823e-11
6.67582e-12
9.66336e-12
-1.18468e-11
-6.4077e-12
-4.5984e-11
-2.53702e-11
5.89234e-11
-1.15922e-11
2.38949e-11
-3.32335e-11
-2.10797e-11
7.2637e-11
5.42947e-11
-4.36303e-11
-6.84998e-11
1.29307e-11
-4.90858e-11
3.83876e-12
-4.95812e-12
4.35594e-11
3.82119e-11
6.19092e-11
-3.49904e-11
1.45822e-11
1.61116e-11
8.69772e-12
-1.51935e-11
-1.37983e-11
)
;
    }
    wall
    {
        type            calculated;
        value           nonuniform List<scalar> 
658
(
-0.000123232
4.79226e-05
-0.000556271
-0.00115057
-1.46551e-08
-1.75727e-05
8.97687e-07
7.19931e-05
-1.98339e-06
1.10942e-05
-1.33129e-07
1.13189e-07
-1.40705e-08
-1.01142e-06
6.90121e-09
-7.49808e-08
-1.28027e-09
0.00039993
-9.69617e-05
0.00077833
-2.40441e-11
3.03043e-12
-3.4192e-11
-4.24125e-11
-1.03821e-10
6.33082e-09
-1.01266e-09
-0.000139101
6.80261e-08
-2.02973e-05
1.45503e-08
1.52295e-07
1.40086e-08
1.01353e-06
-6.92694e-09
7.50226e-08
1.23151e-09
-1.70726e-06
8.87556e-10
-1.13019e-07
8.49585e-11
9.61555e-05
-0.000780533
-0.000399842
-6.06097e-07
-7.77041e-09
-4.60581e-05
-4.89775e-05
4.92587e-05
2.98851e-06
-6.91704e-06
5.72924e-06
6.58428e-07
-4.89866e-07
6.72396e-07
7.15564e-08
-2.58094e-08
5.62728e-08
3.30526e-10
-4.25525e-11
-4.71317e-09
-1.73195e-10
-2.54641e-10
-1.00636e-11
9.66171e-12
-4.94734e-11
-1.10454e-11
-5.58971e-11
-2.03337e-11
-5.91984e-13
4.46782e-12
-1.13985e-12
4.8983e-05
-4.98479e-05
6.91909e-06
-5.62508e-06
4.61942e-05
-2.98645e-06
-3.09519e-08
6.97034e-08
4.89789e-07
-6.6538e-07
2.57676e-08
-5.57873e-08
-6.55296e-07
-7.12645e-08
1.99857e-09
3.17026e-11
9.32991e-10
1.35631e-10
4.71262e-09
1.74538e-10
2.71875e-10
8.1948e-12
-6.34512e-09
2.27663e-11
-2.73372e-10
-3.34955e-11
4.70822e-11
7.74155e-11
4.89481e-11
-7.94007e-13
1.17342e-11
-1.00977e-12
4.76936e-12
2.38589e-11
6.93693e-12
3.5371e-12
5.92204e-09
-9.65977e-10
3.85214e-09
4.40376e-10
-1.26708e-11
2.12637e-10
1.63866e-11
1.14314e-11
-8.51144e-12
-5.0123e-11
2.57151e-11
-4.80378e-11
0.00115045
0.000123648
-4.83281e-05
0.000556116
0.000139101
1.76804e-05
2.02906e-05
-8.94758e-07
-7.2054e-05
2.06887e-06
-1.10773e-05
1.25996e-07
1.70848e-06
-1.48746e-07
-2.7257e-12
9.56905e-10
-3.80739e-09
2.22713e-11
-2.30911e-10
-5.92153e-09
-4.43048e-10
-3.14071e-12
-8.74129e-12
2.38171e-11
-9.97064e-12
5.1401e-12
-1.18129e-11
-7.36323e-06
8.64348e-05
-0.000319907
1.46108e-06
7.48677e-06
-2.77868e-05
2.59275e-07
4.5072e-07
-1.69531e-06
4.37206e-08
2.11952e-08
-5.44945e-08
0.00149321
6.77795e-05
-0.000332476
2.90726e-06
-1.54076e-05
0.000124233
3.26522e-05
-3.08953e-08
-1.258e-06
-2.33019e-08
-1.12469e-07
3.07621e-06
1.83077e-07
0.000319995
7.10678e-06
-8.6651e-05
2.77508e-05
-1.4469e-06
-7.53914e-06
1.69908e-06
-2.67793e-07
-4.52134e-07
5.4864e-08
-4.37049e-08
-2.17078e-08
-0.0014932
-6.75392e-05
0.000332383
-2.84685e-06
1.54499e-05
-0.000124189
-3.27299e-05
2.54256e-08
1.26255e-06
2.35902e-08
1.12494e-07
-3.09053e-06
-1.84054e-07
4.56981e-09
8.98788e-10
1.2034e-09
3.92715e-10
3.32705e-11
3.59158e-10
7.67112e-11
-5.99268e-12
6.84652e-11
5.01564e-11
-1.01806e-11
3.78968e-11
1.08286e-11
-2.85029e-09
-9.21716e-09
-2.41825e-10
-6.60028e-10
5.94959e-09
-1.185e-10
-5.05326e-12
-2.96042e-11
8.66888e-12
-9.12192e-12
-4.03192e-11
1.5322e-11
-2.92652e-11
-1.10923e-09
-4.68166e-09
-9.00929e-10
-3.35813e-10
-3.80985e-10
-3.40049e-11
-3.30913e-11
-4.90673e-11
-1.95622e-12
-2.01235e-11
-4.59176e-11
1.2831e-11
-5.99433e-12
2.85838e-09
9.22623e-09
2.52181e-10
6.56109e-10
-6.01913e-09
1.01315e-10
2.44672e-11
3.6419e-11
8.48615e-12
5.04335e-12
1.28752e-11
-2.87539e-11
-6.10243e-11
-0.0010675
0.00221295
0.00100543
0.000336188
0.000135731
0.000277424
0.000186209
-0.0037912
-0.00180135
-0.000935699
-0.000991107
5.18206e-07
0.000991196
1.44315e-11
-9.54932e-12
-1.73267e-11
3.81847e-11
0.00887819
-0.00692088
-0.00887846
0.00692151
0.00429162
-0.00745343
-0.00023016
-0.00125398
-0.000643562
0.0019223
5.35427e-11
-1.27211e-11
-6.1842e-11
1.30944e-11
2.53591e-11
-1.76085e-11
-4.02366e-11
4.95789e-12
3.37549e-11
7.70364e-12
2.97094e-12
2.12214e-13
-1.95417e-11
2.01914e-11
-3.59886e-12
1.74565e-12
-5.02002e-12
-5.90212e-12
-2.41958e-13
8.6039e-12
2.17019e-11
2.68221e-11
-8.98224e-11
-8.61349e-12
2.25652e-11
-1.17223e-11
-5.00417e-12
8.14904e-13
5.26067e-12
-1.60463e-11
-2.89006e-11
0.000935135
0.00180089
0.0037917
0.00106727
-0.0022123
-0.00033554
-0.00100353
-0.000135833
-0.000186944
-0.000278932
1.65537e-11
0.000229703
0.000643193
0.00125492
-0.00192445
-0.00429138
0.00745288
-6.7218e-07
-8.23792e-11
2.01981e-11
-4.0704e-11
-9.31619e-12
2.94387e-11
-1.35967e-11
2.01498e-12
8.4159e-12
-1.79523e-11
1.64373e-11
2.96489e-11
6.54358e-11
-9.57447e-13
1.0395e-12
2.44374e-10
1.01236e-11
1.13058e-07
-1.36499e-08
-4.71055e-09
-1.74592e-10
-7.49203e-08
-1.22367e-09
-1.33485e-11
4.9334e-12
-5.46293e-11
4.62638e-05
-0.000399948
-2.38318e-08
7.44697e-08
-3.59015e-07
1.70734e-06
-1.44857e-07
-1.48555e-13
-1.32699e-11
-3.15039e-10
-4.4639e-11
9.78076e-10
1.39013e-08
4.71485e-09
1.76482e-10
7.48808e-08
1.19601e-09
-6.40163e-09
-5.4031e-11
-1.13015e-07
-2.53134e-10
-9.34342e-12
-1.55489e-11
-1.57757e-11
-6.22012e-11
3.04917e-11
9.49791e-12
2.3854e-11
1.34875e-11
4.50882e-10
6.74565e-13
2.50796e-10
5.94109e-09
-9.51126e-10
3.77979e-09
7.14888e-08
-2.57462e-08
5.57433e-08
2.02863e-05
-9.19034e-07
-1.01109e-06
7.01374e-09
-1.10759e-05
1.33696e-07
0.000139013
1.75767e-05
0.00115026
0.000122295
-7.20249e-05
1.91825e-06
-4.85135e-05
0.000556503
6.18421e-12
-1.19109e-10
1.63744e-11
-1.79433e-10
-4.43548e-11
-4.47854e-10
2.57024e-11
4.46772e-11
9.56927e-10
-3.83935e-09
2.57872e-08
-5.60726e-08
-5.93443e-09
-7.16154e-08
4.66152e-11
2.07822e-11
1.52261e-07
8.79572e-07
1.00956e-06
-6.41384e-09
1.10744e-05
-1.36202e-07
-1.70601e-06
-9.00282e-10
-2.02867e-05
-4.07946e-09
-1.77569e-05
-0.000123937
7.20977e-05
-1.95397e-06
4.81552e-05
-0.000556182
-0.000138925
-4.01055e-08
-0.00115071
1.15335e-07
6.58009e-07
-4.89331e-07
6.65289e-07
2.99449e-06
-6.903e-06
5.64889e-06
-4.62192e-05
-4.91129e-05
4.98327e-05
0.000400059
-9.58778e-05
0.000778574
5.61968e-12
3.98542e-12
5.84827e-12
-2.34537e-12
6.17813e-11
-4.3349e-11
3.62798e-10
-3.12757e-11
-1.06329e-11
-9.99891e-13
-2.34195e-10
-8.03991e-12
6.40568e-09
-9.99676e-10
4.89793e-07
-6.70722e-07
6.91059e-06
-5.6954e-06
-6.60108e-07
-2.99451e-06
1.41309e-09
4.63087e-08
4.89736e-05
-4.94366e-05
9.64257e-05
-0.000777508
6.69694e-14
1.1517e-11
-1.01814e-11
-2.13633e-11
2.90247e-11
5.42448e-12
1.09908e-11
3.58893e-10
3.2715e-11
3.37482e-10
4.65751e-09
8.88516e-10
1.14726e-09
-2.52519e-11
4.99224e-13
-5.04073e-11
-1.48063e-11
-4.50882e-11
1.63713e-11
-4.58199e-11
-2.52798e-10
-6.42601e-10
-2.86567e-09
-9.2361e-09
-1.6287e-10
6.03796e-09
2.18283e-11
1.66091e-11
-2.1105e-12
-1.71551e-12
-2.56486e-11
-9.98196e-12
3.7969e-12
-3.25291e-10
-3.66319e-10
-3.42965e-11
-1.15559e-09
-4.57988e-09
-8.86194e-10
-1.34828e-11
1.22281e-11
1.2585e-11
2.28097e-11
6.72377e-11
-1.70474e-11
7.55852e-11
2.41818e-10
6.78787e-10
2.88087e-09
9.21736e-09
1.89458e-10
-5.95499e-09
4.40537e-08
2.15761e-08
-5.44145e-08
2.57536e-07
4.50921e-07
-1.69177e-06
1.40886e-06
7.45641e-06
-2.77208e-05
-7.08892e-06
8.6532e-05
-0.000319866
-2.35218e-08
-1.12556e-07
-2.9581e-08
-1.25912e-06
1.84135e-07
3.08759e-06
2.871e-06
-1.54783e-05
6.77975e-05
-0.000332515
3.2636e-05
0.000124133
0.00149294
5.46793e-08
-4.37045e-08
-2.17932e-08
1.69397e-06
-2.60762e-07
-4.54639e-07
2.7775e-05
-1.40953e-06
-7.52942e-06
0.000319882
7.08284e-06
-8.65381e-05
2.32897e-08
1.12291e-07
3.07711e-08
1.25552e-06
-1.83436e-07
-3.07661e-06
-2.91837e-06
1.54608e-05
-6.76645e-05
0.000332174
-3.26847e-05
-0.000124197
-0.00149313
0.00429187
-0.00745255
-0.000230056
-0.00125484
-0.00064498
0.00192385
-5.27875e-11
8.49468e-12
-4.37156e-13
3.14724e-11
1.68228e-12
2.85368e-11
-8.7183e-12
2.02449e-12
3.40533e-14
2.1019e-11
-7.71272e-12
6.80322e-11
-1.55017e-12
-7.89431e-12
-4.48098e-13
-2.40696e-12
-2.13581e-11
-1.83733e-12
-6.31005e-11
-0.00106671
0.00221346
0.000335396
0.0010044
0.000135817
0.000186862
0.000278932
-0.00379136
-0.000935635
-0.00180194
-0.000990836
0.000991158
6.1045e-07
-0.00692105
0.00887825
-0.00887882
0.00692082
1.16891e-11
1.73103e-11
1.11454e-11
-2.0357e-11
1.25895e-11
-4.19848e-11
-0.00429189
0.00745388
-4.73315e-07
2.86138e-12
-5.16616e-11
-2.08129e-11
-1.93119e-11
-2.39385e-12
-2.69124e-11
1.90558e-11
0.000229871
0.00125418
0.000643479
-0.00192233
3.56957e-11
-8.19751e-12
1.01573e-11
-4.53535e-11
1.89533e-11
7.69661e-14
2.25953e-11
2.16679e-11
0.000935182
0.00379307
0.00180119
0.00106765
-0.00221293
-0.000336395
-0.00100467
-0.000135899
-0.000185981
-0.000277418
)
;
    }
}


// ************************************************************************* //
