/*--------------------------------*- C++ -*----------------------------------*\
| =========                 |                                                 |
| \\      /  F ield         | OpenFOAM: The Open Source CFD Toolbox           |
|  \\    /   O peration     | Version:  2306                                  |
|   \\  /    A nd           | Website:  www.openfoam.com                      |
|    \\/     M anipulation  |                                                 |
\*---------------------------------------------------------------------------*/
FoamFile
{
    version     2.0;
    format      ascii;
    arch        "LSB;label=32;scalar=64";
    class       labelList;
    location    "constant/polyMesh";
    object      neighbour;
}
// * * * * * * * * * * * * * * * * * * * * * * * * * * * * * * * * * * * * * //


12174
(
1
35
36
2267
2
33
34
70
2264
2265
2267
2648
3
31
32
950
2262
2263
2264
2647
4
1633
2244
2248
2249
2263
2264
2265
5
1805
2243
2249
2250
2252
2262
2263
6
1098
1769
2241
2250
2252
2253
2261
7
1767
1769
1770
2242
2253
2254
2260
8
1166
1735
1736
1770
1772
2254
2255
9
1015
1731
1735
1736
1738
2256
2621
10
925
1015
1016
1017
1738
1740
2257
11
1000
1002
1003
1008
1016
1017
2181
12
1002
1003
13
909
2646
14
15
908
995
1002
2646
15
16
995
1002
1457
16
1002
1007
1008
1009
1019
17
994
995
1002
2301
2303
18
998
1000
2301
2303
19
896
998
999
1000
2304
20
895
1012
2257
2258
2304
21
893
1012
1014
2257
2258
22
892
930
1014
2256
2259
23
890
930
932
2256
2259
24
889
932
934
2255
2615
25
887
934
936
2255
2615
26
886
936
938
2260
2614
27
884
938
940
2260
2614
28
883
940
942
2261
2613
29
881
942
944
2261
2613
30
880
944
946
2262
2612
31
878
946
948
2262
2612
32
877
948
950
2647
33
875
950
952
2647
34
70
874
952
2648
35
70
872
2268
2648
36
871
2268
37
2594
38
68
69
1287
2267
2268
39
40
67
68
1580
2267
40
2266
2590
41
64
65
1581
2247
42
43
63
64
2122
2247
43
2124
2246
44
60
61
2123
2235
45
46
59
60
2118
2235
46
2234
2622
47
56
57
2117
2227
48
49
55
56
2115
2227
49
2226
2407
50
52
53
2225
2406
51
52
2111
2225
52
53
80
81
88
2225
53
2112
2225
54
55
79
90
2225
55
78
79
90
2223
56
57
78
90
2227
57
2116
2227
58
59
77
2227
2480
59
76
77
2233
2480
60
61
76
2235
2480
61
2119
2235
62
63
75
2235
2479
63
74
75
2245
2479
64
65
74
2247
2479
65
1582
2247
66
67
73
2247
2476
67
72
73
2265
2476
68
69
72
2267
2476
69
1288
2267
70
71
2267
2268
2488
71
2488
72
951
952
1106
2264
2488
73
1105
1106
2264
2476
74
1634
1635
2248
2476
75
1635
1636
2248
2479
76
1637
1642
2236
2479
77
1641
1642
2236
2480
78
1685
1686
2228
2480
79
90
1686
1687
2228
80
90
1688
1693
1694
81
83
1692
1693
1694
82
2224
83
88
2108
84
88
89
1699
2108
85
104
1693
1699
2107
86
89
90
102
104
105
2107
87
100
102
2107
2605
88
89
100
2108
2109
2606
89
2108
2109
90
2108
91
106
2113
2114
2396
2480
2604
92
104
106
1644
1664
1682
1687
1688
1689
1690
1700
2142
2421
93
94
103
106
107
207
408
2103
2131
2140
2396
2419
2421
94
103
207
809
2103
95
96
103
207
210
2106
96
97
98
101
102
2106
2396
97
210
2106
2131
98
210
212
216
217
2106
99
215
2106
2636
100
101
215
810
1562
2400
101
810
2398
2400
102
810
2396
103
105
2107
2396
104
105
2103
2107
105
1664
1700
2107
106
2107
107
1643
1644
1686
2131
2395
2396
2421
2480
2603
108
1586
1643
1644
2131
2132
2395
2416
2418
2419
2421
2422
109
1587
1645
2133
2140
2160
2162
2163
2418
2419
2421
2422
2423
110
1588
1646
2070
2136
2138
2158
2159
2160
2162
2163
2164
2423
111
1589
1647
1654
2071
2073
2078
2136
2158
2159
2164
2165
2166
112
1512
1590
1648
1652
2073
2074
2075
2076
2077
2078
2165
2166
113
1060
1513
1515
1516
1591
1593
1594
1649
2074
2075
2076
2077
114
1061
1136
1137
1146
1147
1181
1182
1515
1516
1592
1593
1594
115
116
154
1123
1132
1136
1137
1138
1143
1144
1146
1179
1181
116
154
1027
1143
1144
117
118
154
157
1144
1442
118
119
120
1123
1124
1125
1442
119
157
1136
1442
120
157
158
1149
1150
1442
121
122
1442
1719
122
914
915
1124
1128
1745
123
124
1129
1150
1718
124
1129
1717
125
126
1129
1150
1716
126
1129
1710
127
158
169
1129
1150
128
129
158
170
1130
1131
129
1130
2649
130
171
1130
1131
1441
131
132
799
1029
1030
1441
132
798
1029
133
610
612
1029
1030
134
135
384
385
609
612
135
384
604
136
384
385
605
617
137
138
382
383
606
617
138
383
482
139
140
382
383
483
140
363
383
141
256
362
382
383
142
143
256
361
616
143
145
146
381
382
616
617
144
145
254
255
616
638
145
146
148
240
241
242
616
146
616
1184
147
385
386
616
617
148
150
151
385
386
612
613
149
150
240
241
613
1437
150
151
153
613
1138
1139
1140
151
613
1183
152
612
613
1030
1031
153
155
156
1030
1031
1440
1441
154
155
1138
1139
1141
1440
155
156
1143
1440
156
1137
1440
157
1131
1132
1440
1441
158
1131
1132
1442
159
1442
160
161
169
170
2089
161
170
172
1132
1133
1134
2089
162
166
168
169
1149
2089
163
164
166
1134
1135
1149
2088
164
1063
1065
1075
1135
1148
2088
165
1076
1751
2088
166
167
1076
1708
1750
2633
167
1149
1708
168
1708
1711
1714
2633
169
1711
1713
2089
170
1710
2089
171
2089
2649
172
173
799
800
2649
173
174
176
800
1132
1133
174
799
800
1441
175
389
799
800
1031
1032
176
178
179
390
1031
1032
2087
177
178
1132
1133
1134
2087
178
179
181
1061
1062
1063
2087
179
1137
2087
180
391
392
1033
2087
181
183
184
392
393
1033
2086
182
183
1061
1062
1064
2086
183
184
186
1060
1596
2086
2634
184
1515
2086
185
394
1058
1059
2086
186
188
189
395
1058
1059
2082
187
188
1060
1597
2082
2634
188
189
191
1599
1652
1653
2082
189
2074
2082
190
396
397
1057
2082
191
193
194
397
398
1057
2092
192
193
1600
1652
1653
2092
193
194
196
1654
1655
1656
2092
194
2073
2092
195
399
1056
2092
2645
196
198
199
400
1056
2093
2645
197
198
1654
1655
1657
2093
198
199
201
1659
2093
2138
2139
199
2093
2136
200
401
402
2093
2137
201
203
204
402
403
2097
2137
202
203
1660
2097
2138
2139
203
204
206
2097
2100
2140
2141
204
2097
2162
205
404
409
2097
2650
206
208
209
405
409
2105
2650
207
208
2101
2105
2140
2141
208
209
2103
2105
209
2105
2419
210
406
407
408
2105
211
407
408
2106
212
230
231
406
407
408
788
213
216
217
229
231
788
214
227
229
788
1544
215
216
227
811
812
815
216
811
812
814
217
811
218
232
408
816
817
818
819
2131
2394
2396
2635
219
222
228
229
232
429
1217
1218
1219
1220
1534
1536
1545
220
221
230
232
233
408
410
419
430
784
1529
1534
2420
221
230
419
664
784
222
223
230
419
422
787
223
224
225
228
229
787
224
422
787
1534
225
422
424
428
429
787
226
427
787
1549
227
228
427
665
1216
2638
228
665
1543
2638
229
665
230
231
788
231
784
788
232
788
233
408
1534
1536
1538
2131
2132
2391
2394
2420
234
1528
1529
1530
1534
1535
1536
2132
2375
2376
2391
2420
235
410
1495
1499
1525
1526
1527
1528
1529
2133
2134
2375
2420
236
411
644
1499
1500
1522
1523
1524
1525
1526
2070
2134
2135
237
643
1054
1500
1501
1510
1511
1521
1522
1523
2071
2072
2135
238
642
1050
1053
1501
1502
1507
1508
1509
1510
1511
1512
2072
239
641
1050
1051
1502
1503
1504
1505
1506
1507
1508
1513
1514
240
640
1034
1182
1183
1184
1185
1186
1187
1503
1504
1505
1514
241
242
386
636
638
1138
1183
1184
1185
1186
1437
242
614
1437
243
253
254
618
1437
244
252
253
618
621
622
636
245
246
247
621
636
1306
2642
246
248
1303
1304
1305
1431
2642
247
248
1428
2642
248
249
251
252
637
2642
249
1313
1424
1425
2642
250
751
1426
2642
251
260
261
619
750
1426
252
260
619
637
253
254
259
618
637
254
618
1185
255
259
618
638
256
258
615
638
257
258
317
615
258
316
615
259
260
315
615
260
314
618
261
263
619
262
619
263
750
753
264
314
315
750
2654
265
308
309
313
314
637
2654
266
307
308
637
750
751
752
267
745
749
751
752
1424
1427
268
306
307
744
1393
1424
1427
269
305
306
1393
1421
1422
1423
270
303
304
1392
1411
1421
1422
271
302
303
1392
1418
1469
1470
272
300
301
1408
1417
1469
1470
273
299
300
1408
1471
1472
1473
274
297
298
1407
1471
1472
1474
275
296
297
1407
1481
1488
1489
276
294
295
1480
1488
1489
2042
277
293
294
2042
2052
2053
2054
278
291
292
2043
2045
2052
2053
279
290
291
2043
2055
2056
2057
280
288
289
1402
2055
2056
2623
281
287
288
1235
1236
1237
1402
282
285
286
1235
1236
2440
2442
283
284
285
1373
2442
2444
2445
284
1367
1368
2442
2601
285
286
573
2379
2380
2442
286
2442
2448
287
572
2377
2378
2442
288
289
567
1402
2377
2378
289
1402
2063
290
566
1402
1494
2639
291
292
561
1494
2043
2639
292
2043
2064
293
560
1492
1493
2043
294
295
555
1492
1493
2042
295
1823
2042
296
554
1490
1491
2042
297
298
549
1407
1490
1491
298
1407
1824
299
548
1192
1193
1407
300
301
543
1192
1193
1408
301
1408
1817
302
542
1190
1191
1408
303
304
537
1190
1191
1392
304
1392
1816
305
536
1188
1189
1392
306
307
310
1188
1189
1393
307
1393
1428
308
309
637
1393
309
637
754
310
311
312
532
637
311
532
533
536
1188
1189
312
532
533
1185
313
319
532
533
638
639
314
315
318
638
639
2654
315
2654
316
317
2654
317
526
318
361
362
527
319
360
361
527
638
639
320
358
359
531
638
639
321
357
358
531
533
534
640
322
355
356
523
534
535
640
323
354
355
523
539
540
641
324
352
353
540
541
641
1389
325
351
352
545
546
642
1389
326
349
350
546
547
642
1388
327
348
349
551
552
643
1388
328
346
347
552
553
643
1387
329
345
346
557
558
644
1387
330
343
344
558
559
644
1386
331
342
343
563
564
1386
1495
332
340
341
564
565
1385
1495
333
339
340
569
570
1385
1530
334
337
338
570
571
1384
1530
335
336
337
575
576
1384
1531
336
577
578
1384
2637
337
338
429
579
581
1384
338
1384
1534
339
430
431
581
1384
340
341
430
431
433
1385
341
1385
1529
342
433
1385
1496
1497
343
344
436
1386
1496
1497
344
1386
1499
345
436
645
646
1386
346
347
439
645
646
1387
347
1387
1500
348
439
511
1387
2653
349
350
442
511
1388
2653
350
1388
1501
351
442
512
513
1388
352
353
445
512
513
1389
353
1389
1502
354
445
472
522
1389
355
356
448
472
522
523
356
523
1503
357
448
473
474
523
358
359
451
473
474
531
359
531
1184
360
381
451
530
531
361
362
366
381
527
530
362
527
363
366
527
364
528
365
366
484
528
366
368
452
453
529
530
367
527
368
369
483
484
485
369
454
455
484
485
370
379
380
381
483
485
371
375
380
381
455
456
487
372
456
457
459
473
487
1038
373
374
375
473
1037
1038
1040
374
376
1034
1035
1036
1040
1044
375
376
1040
1184
376
379
380
381
1040
377
386
387
1040
1042
378
379
386
387
388
605
607
379
605
606
607
617
380
381
606
607
381
480
382
386
473
530
638
1184
383
384
615
616
385
613
614
616
1029
386
387
388
1031
1034
1042
1183
1184
388
602
1042
389
608
609
611
1042
390
608
610
611
1031
1032
391
1031
1032
1041
1042
1043
392
393
1033
1041
1043
1044
393
795
1033
394
1033
1045
1046
2085
395
1046
1047
1058
1059
2085
396
1048
1049
1058
1059
2083
397
398
772
1049
1057
2083
398
793
1057
399
773
774
1057
2091
400
774
775
1056
2091
2645
401
776
777
1056
2094
2645
402
403
777
778
2094
2137
403
791
2137
404
779
780
2096
2137
405
409
780
781
2096
2650
406
409
782
783
785
2650
407
408
783
784
785
408
789
409
2131
2132
2419
2420
410
2133
2134
2137
2140
2162
2419
2420
2650
411
414
418
781
782
1496
1499
1529
2134
2420
2651
412
413
503
645
778
779
1054
1499
1500
2134
2135
2137
413
503
662
778
779
414
415
503
661
779
2655
415
416
418
661
781
2651
416
661
1499
2655
417
653
661
1496
1498
2655
418
420
421
654
786
1496
1498
419
420
782
786
2651
420
421
784
786
421
786
1529
422
430
586
587
786
423
430
587
787
424
430
586
587
668
669
670
425
428
429
668
670
671
426
668
671
673
1209
427
428
666
673
675
2643
428
666
1215
2643
429
666
430
579
676
677
678
679
1531
1534
1548
431
586
587
1496
1529
1530
1534
432
582
1201
433
434
582
583
585
1201
434
655
1385
435
656
1199
1200
1497
436
437
658
1199
1200
1497
437
659
1386
438
646
647
648
651
439
440
646
647
648
650
440
765
1387
441
760
761
764
2653
442
443
760
761
763
2653
443
766
1388
444
497
513
514
515
445
446
496
513
514
515
446
495
1389
447
494
517
518
522
448
449
517
518
520
522
449
521
523
450
458
474
475
476
451
452
457
474
475
476
452
456
531
453
455
529
530
454
529
455
486
456
457
487
457
487
458
477
487
459
477
488
520
521
460
473
488
521
1037
1038
461
470
471
472
488
520
521
462
466
471
472
493
494
495
463
493
495
496
498
512
2652
464
465
466
512
769
2084
2652
465
467
770
771
772
1053
2084
466
467
1502
2084
467
470
471
472
2084
468
1048
1051
1052
2084
469
470
1036
1039
1047
1051
1052
470
1036
1037
1039
1503
471
472
1037
1039
472
490
473
512
522
641
1051
1502
1503
474
640
1034
1037
1038
1184
1503
475
476
517
523
524
529
531
477
478
479
487
488
480
487
488
490
601
1038
1039
1040
481
485
486
487
602
607
1040
482
485
607
483
606
484
485
606
485
486
487
607
487
488
1040
489
490
493
520
521
1039
490
493
519
491
493
600
1039
2084
492
493
597
599
767
768
2084
2652
493
516
767
494
495
496
767
2084
495
496
519
520
496
497
516
498
516
763
766
767
499
512
766
767
769
2652
500
509
510
511
763
766
767
501
505
510
511
595
764
765
502
595
645
650
652
765
2656
503
504
505
645
2095
2655
2656
504
506
778
2095
505
506
1500
2095
506
509
510
511
2095
507
776
1054
1055
2095
508
509
768
770
775
1054
1055
509
768
769
770
1501
510
511
768
769
511
597
512
643
645
1054
1500
1501
2653
513
642
769
1053
1501
1502
2652
514
515
517
758
760
1388
1389
516
518
522
523
757
1389
519
520
521
524
531
757
1389
1391
525
531
532
534
755
757
1391
526
527
529
531
532
639
754
2654
527
2654
528
529
531
2654
529
530
531
532
533
754
755
1391
1393
2654
534
535
640
535
640
536
538
539
640
1391
537
538
1188
1189
1391
538
539
542
1190
1191
1391
539
1391
1504
540
541
641
1391
541
641
757
542
544
545
641
1390
543
544
1190
1191
1390
544
545
548
1192
1193
1390
545
1390
1507
546
547
642
1390
547
642
758
548
550
551
642
1406
549
550
1192
1193
1406
550
551
554
1406
1490
1491
551
1406
1510
552
553
643
1406
553
643
759
554
556
557
643
1405
555
556
1405
1490
1491
556
557
560
1405
1492
1493
557
1405
1522
558
559
644
1405
559
644
1197
560
562
563
644
1404
561
562
1404
1492
1493
562
563
566
1404
1494
2639
563
1404
1525
564
565
1404
1495
565
1198
1495
566
568
569
1403
1495
567
568
1403
1494
2639
568
569
572
1403
2377
2378
569
1403
1528
570
571
1403
1530
571
1356
1530
572
574
575
1383
1530
573
574
1383
2377
2378
574
575
1361
1383
2379
2380
575
1383
1535
576
1361
1383
1531
577
1357
1359
1531
578
1357
1358
1359
1552
579
1202
1204
1205
1207
580
1202
1204
581
582
671
1202
1203
1204
582
670
1384
583
669
1201
584
1201
585
589
669
586
590
655
656
669
587
590
654
655
588
589
590
592
664
666
668
786
787
590
668
591
592
654
655
656
660
668
786
592
657
660
593
660
661
663
786
1498
594
595
597
660
661
662
2095
2656
595
649
660
596
597
650
660
764
765
767
2095
597
762
767
598
767
768
2095
599
662
768
792
1055
2091
2094
2095
600
768
771
793
2083
2084
2091
601
794
1039
1052
2083
2084
2085
602
795
1035
1039
1040
1041
2085
603
607
608
796
1040
1041
604
607
608
605
609
606
607
609
607
608
1040
609
610
611
796
797
800
1041
610
611
611
798
799
612
613
614
616
1028
1029
1436
1440
615
616
618
620
1028
1436
616
618
619
617
618
619
620
1436
2642
620
1309
2642
621
1307
1308
1435
1436
2642
622
636
1306
623
636
1306
1436
1437
1438
624
633
634
635
1140
1436
1438
625
629
634
635
1141
1142
1439
626
1119
1142
1143
1179
1180
1439
627
628
629
1118
1179
1180
1443
628
630
1115
1116
1117
1443
2641
629
630
1443
2297
630
633
634
635
1443
631
1331
1443
1460
1461
632
633
1305
1307
1330
1460
1461
633
1305
1306
1307
1462
634
635
1306
1307
635
1435
636
1138
1179
1181
1186
1460
1462
1517
2297
637
1185
1186
1187
1303
1306
1428
1462
638
1185
1188
1424
1428
639
640
1184
1185
641
1184
1185
1188
1503
1504
642
1190
1502
1503
1504
1507
643
1192
1501
1502
1507
1510
644
1490
1500
1501
1510
1522
645
1492
1495
1499
1500
1522
1525
646
652
1496
1499
1500
2655
2656
647
648
760
1197
1199
1386
1387
649
650
651
651
764
765
652
658
659
660
653
659
660
2655
2656
654
658
659
660
1496
1498
655
656
1496
1498
656
657
658
658
1200
659
660
660
661
662
663
786
2095
2096
2655
663
791
2094
2095
2096
664
785
786
790
2096
2651
665
785
786
787
788
789
666
787
788
811
2638
667
668
787
2643
668
672
673
669
670
671
787
670
671
671
672
673
1203
674
675
1208
1209
1210
676
1209
1210
1214
1215
677
679
1208
1209
1210
1548
678
679
1212
1548
679
1220
1532
1533
1548
1550
680
1207
1551
2637
681
683
1531
1532
1551
1552
2637
682
683
1531
1532
1556
683
1224
1531
1532
2381
2382
2383
684
1362
1531
1553
2384
685
687
1362
1363
2379
2381
2384
686
687
2379
2381
2386
687
1228
2379
2381
2446
2447
2454
688
1364
2379
2455
2601
689
691
2444
2446
2455
2456
2601
690
691
2444
2446
2460
691
839
1232
1233
2444
2446
2581
692
2444
2457
2582
2600
693
698
699
839
2443
2582
2600
694
695
839
2443
2584
695
704
837
838
2584
2599
696
699
706
2584
2599
697
699
707
2583
698
1377
2583
699
1371
2457
2582
2600
700
2582
701
706
707
708
2344
702
703
706
708
1255
2344
2443
703
1255
1256
2345
2443
704
854
1256
2347
2443
2609
705
706
853
2347
2609
706
2346
2599
707
2344
708
2344
709
710
1376
2344
710
712
1253
1254
1255
2342
711
2343
712
1376
1378
713
1375
1376
1378
2438
714
715
1253
1379
2436
2438
715
1252
1379
716
1241
1251
1379
2436
717
718
1241
1400
1965
2048
718
1400
1964
719
1400
1963
2048
2336
720
721
1399
1962
2051
2336
721
1399
1961
722
1399
1960
2040
2051
723
724
1398
1487
1959
2040
724
1398
1958
725
1398
1487
1957
2625
726
727
1397
1485
1956
2625
727
1397
1955
728
1397
1485
1954
2631
729
730
1396
1468
1953
2631
730
1396
1976
731
1396
1468
1977
2630
732
733
1395
1466
1980
2630
733
1395
1982
734
1395
1466
1981
2629
735
736
1342
1343
1986
2629
736
1343
2000
737
1342
1343
1999
2627
738
1344
1998
2627
739
1322
1344
740
746
747
1321
1345
2627
741
745
746
1341
1342
1345
2627
742
743
744
1341
1342
1394
2629
743
1394
1412
1423
1465
1466
2629
744
1394
1423
1429
745
1394
1423
1424
1427
746
747
1345
1424
1427
747
1312
1345
748
749
1311
1345
749
1310
1346
750
751
752
1426
751
752
752
753
754
1345
1346
1347
1393
2654
754
2654
755
1347
1393
2654
756
1189
1348
1391
1392
1393
757
1191
1194
1349
1390
1391
1392
1408
758
1389
1390
1391
759
1194
1388
1389
1390
1406
760
1195
1197
1387
1388
1405
1406
761
1387
1388
2653
762
763
764
764
766
767
765
767
768
769
770
2084
2091
2095
770
2652
771
773
1053
772
773
1053
773
1048
1049
1053
2083
774
775
1053
2091
775
2072
2091
776
1054
1055
2091
777
778
1054
1055
2094
778
2094
2135
779
2094
780
781
2096
781
2096
2134
782
2096
2651
783
784
785
2651
784
785
2420
785
786
788
789
790
2096
2105
787
788
789
811
2106
790
809
811
2105
2106
791
808
2096
2097
2105
2650
792
807
2093
2094
2096
2097
793
806
2091
2092
2093
2094
2645
794
805
2082
2083
2091
2092
795
804
1059
2082
2083
2085
2086
796
803
1041
2085
2086
2087
797
800
802
1032
1041
2087
798
800
799
800
801
802
2087
2089
802
2089
2649
803
1133
1708
2087
2088
2089
804
1062
1707
2086
2087
2088
2090
805
1706
2081
2082
2086
2090
2634
806
1653
1705
2080
2081
2082
2092
807
1655
1704
2080
2092
2093
2099
808
1703
2093
2097
2098
2099
2139
809
1702
2097
2098
2104
2105
2141
810
1701
2104
2105
2106
2107
811
2106
2107
2108
2400
812
2106
813
814
815
1560
815
1561
1562
2635
2636
816
1543
1544
1546
817
819
1544
1545
1546
2635
818
819
1559
2635
819
1566
2128
2129
2130
2635
820
1219
1538
1539
821
823
1537
1538
1539
2129
2394
822
823
1558
2129
2394
823
1570
2129
2394
2464
2465
2466
824
1223
2388
2390
2394
825
827
2388
2389
2390
2393
2465
826
827
2393
2463
2465
827
1574
2393
2465
2470
2471
2472
828
1227
2393
2452
2453
829
831
2451
2452
2453
2471
2474
830
831
2462
2471
2474
831
1280
1292
1293
2471
2474
2587
832
1231
2474
2579
2580
833
842
843
1280
2486
2579
2580
834
835
1280
2486
2586
835
848
1278
1279
2586
2597
836
843
850
2586
2597
837
841
843
851
2585
2598
838
841
853
2585
2598
839
840
2581
2609
840
1233
2443
2581
841
842
1232
1233
2485
2581
842
2485
2585
843
1231
2485
2579
2580
844
2580
845
850
851
856
2564
846
847
850
856
858
2486
2564
847
858
859
2486
2566
848
859
863
864
2486
2568
849
850
864
865
2568
850
2567
2597
851
2564
852
853
856
2564
853
2563
2598
854
2347
2609
855
856
1257
2347
2485
2609
856
857
1257
2485
2562
857
2485
2564
858
1257
1260
1261
2485
2565
859
1261
1262
2486
2565
860
1264
1265
2486
2559
861
863
1265
1266
1269
2487
2559
862
863
1269
2487
2569
863
867
1269
1273
1274
2487
2571
864
865
2487
2568
865
1279
2568
866
867
1278
2568
867
2570
2596
868
1274
1277
2571
869
870
1273
1274
1276
2571
870
2572
2595
871
1272
1286
2269
2270
872
2269
2270
873
874
1272
2269
2270
874
2578
2648
875
953
2489
2490
876
877
953
954
2490
877
2577
2647
878
957
958
2491
879
880
958
959
2491
880
2555
2612
881
962
963
2541
882
883
963
964
2541
883
2554
2613
884
967
968
2542
885
886
968
969
2542
886
2553
2614
887
972
973
2543
888
889
973
974
2543
889
2551
2615
890
977
978
2544
891
892
978
979
2544
892
2259
2550
893
982
983
2545
894
895
983
984
2545
895
2258
2549
896
987
988
2546
897
898
988
989
2546
898
999
2548
899
992
993
998
2547
900
993
997
2547
901
902
905
992
993
2547
902
904
1903
1923
1924
2286
903
2287
904
905
1447
905
1447
1925
1926
2302
906
907
1447
2302
907
996
1447
908
995
1447
1457
2302
909
910
1020
1445
1457
910
1445
911
1020
1024
1445
2646
912
913
1004
1024
1121
1446
913
1446
2179
914
1121
1126
1446
2178
915
917
1124
1126
1128
916
1128
917
1743
1745
918
1745
2176
2177
2178
919
1126
2176
2177
2178
920
1006
1122
2175
2176
2177
2178
921
1006
1122
2175
2181
922
923
1006
1017
1018
1122
2175
923
924
1017
1018
1178
924
1017
1725
1726
1727
2169
925
1017
1018
1177
1739
2644
926
1177
1739
2644
927
928
1013
1015
1177
1739
2644
928
929
1013
1015
2299
929
1015
1176
1730
1731
1732
930
931
1013
1014
1015
2305
931
2256
2305
932
933
1732
1733
1735
2305
933
978
1735
934
935
1733
1734
1735
2501
935
2255
2501
936
937
1167
1168
2254
2501
937
973
2254
938
939
1168
1169
2254
2535
939
2260
2535
940
941
1170
1171
2253
2535
941
968
2253
942
943
1171
1172
2253
2534
943
2261
2534
944
945
1099
1100
2252
2534
945
963
2252
946
947
1100
1101
2252
2573
947
2262
2573
948
949
1102
1103
2263
2573
949
958
2263
950
951
1103
1104
2263
2481
951
2481
952
1105
1106
2264
2481
953
2264
954
2489
2490
955
956
957
2481
2489
2490
956
1268
1270
2369
2481
2557
2558
957
2272
2369
2481
958
959
2369
2481
2491
959
2491
960
961
962
2491
2573
961
2364
2369
2370
2538
2556
2573
962
2492
2538
2573
963
964
2538
2541
2573
964
2541
965
966
967
2534
2541
966
2359
2532
2534
2537
2538
2540
967
2493
2532
2534
968
969
2532
2534
2542
969
2542
970
971
972
2535
2542
971
2504
2507
2530
2532
2533
2535
972
2494
2504
2535
973
974
2504
2535
2543
974
2543
975
976
977
2501
2543
976
1861
2499
2501
2503
2504
2552
977
2495
2499
2501
978
979
2499
2501
2544
979
2544
980
981
982
2305
2544
981
1856
2292
2305
2497
2499
2500
982
2292
2305
2496
983
984
2292
2305
2545
984
1014
2545
985
986
987
2300
2545
986
1851
1897
2290
2291
2292
2300
987
1897
2289
2300
988
989
1897
2300
2546
989
2304
2546
990
991
992
2301
2546
991
1895
1897
1898
1899
1923
2301
992
1923
2288
2301
993
1923
2301
2547
994
2547
995
997
998
1002
996
1002
997
1001
998
1001
999
1000
1000
1001
1002
1016
2257
1002
1003
1016
1004
1005
1006
1007
1017
2176
2180
2181
2646
1005
1006
2178
2179
2646
1006
1007
1024
2646
1007
1122
1008
1018
1019
2646
1009
1018
1019
1010
1016
1018
1019
2303
2644
1011
1016
1458
2303
2644
1012
1013
1016
2300
2303
2304
2644
1013
2257
2300
1014
1015
2300
1015
1016
1735
1738
2256
2257
1017
2257
2303
2304
2644
1018
1738
1740
2173
2181
1019
1020
1021
1115
1122
1177
1178
1456
1458
2301
1021
1445
1456
1022
1023
1024
1025
1117
1456
1023
1025
1117
1118
1178
1024
1025
1118
1120
1121
1122
1025
1026
1117
1118
1127
1443
1444
1445
1446
1451
1027
1127
1180
1435
1439
1443
1444
1446
1028
1127
1128
1130
1439
1440
1442
1029
1139
1435
1436
1439
1440
1030
1130
1440
1031
1032
1033
1132
1137
1138
1183
1034
1058
1061
1137
1182
1183
1514
1515
1035
1036
1044
1045
1051
1183
1184
1503
1514
1036
1044
1045
1037
1039
1045
1038
1039
1040
2084
2085
1041
1042
1043
1044
2085
2087
1043
1044
1044
1183
1045
1046
1047
2085
1047
1514
2085
1048
1051
1052
2085
1049
1051
1052
2083
1050
2083
1051
1053
1057
1058
1502
1508
1512
1513
1514
2072
2074
1052
1053
1058
1502
1503
1514
1054
1057
1501
1502
2072
1055
1056
1500
1501
2072
2135
1057
1654
2071
2072
2073
2135
2136
2137
2645
1058
1512
1652
2072
2073
2074
1059
1060
1513
1514
1515
2074
1061
1515
1594
1596
1597
1650
1652
2074
2077
2634
1062
1063
1064
1132
1136
1137
1148
1515
1594
1063
1064
1064
1134
1135
2088
1065
1595
1596
2090
1066
1073
1075
1148
1595
2090
1067
1071
1073
1595
1596
1650
2090
1068
1069
1071
1597
1598
1650
2081
1069
1598
1599
1601
1611
1651
2081
1070
1612
1789
2081
1071
1072
1612
1706
1788
2632
1072
1650
1706
1073
1074
1081
1706
2632
1074
1080
2090
1075
1076
1077
1079
1707
1076
1148
1707
1077
1707
1781
1078
1707
1079
1781
1782
1080
1081
1781
1784
1785
1081
1082
1784
1785
1082
1784
1787
1788
1083
1650
1756
1784
1785
2618
1084
1650
1756
2185
2618
1085
1086
1650
1756
2183
2184
2618
1086
1087
2077
2183
2184
1087
1651
1790
1791
1792
2183
1088
1648
2183
2184
2202
2619
1089
1648
1773
2202
2619
1090
1091
1648
2202
2203
2204
2619
1091
1092
2166
2203
2204
1092
1647
1795
1796
1797
2203
1093
1765
2203
2204
2610
2611
1094
1765
2242
2610
2611
1095
1096
1765
1768
1769
2610
2611
1096
1097
1768
1769
1809
1097
1769
1799
1800
1801
2157
1098
1172
1173
1768
1769
2251
1099
1172
1173
2251
1100
1101
1172
1173
2251
2252
1101
2252
2536
1102
1804
1805
1807
2252
1103
1104
1805
1806
1807
2263
1104
2263
2371
1105
1632
1633
2263
2477
1106
1633
1634
2264
2477
1107
2264
1108
1290
1294
1585
2371
2475
2476
2477
2481
2482
2487
2488
2558
1109
1294
1295
1585
1586
2371
2372
2424
2425
2473
2475
2477
2482
1110
1587
1807
1808
2371
2372
2373
2424
2425
2426
2427
2431
2536
1111
1173
1588
1808
1809
1810
2068
2426
2427
2428
2429
2430
2536
1112
1174
1589
1809
1810
1811
2310
2311
2312
2314
2428
2429
2502
1113
1175
1590
1812
2306
2307
2308
2309
2310
2311
2312
2313
2502
1114
1176
1591
1813
2294
2295
2296
2298
2299
2306
2307
2308
2309
1115
1177
1178
1458
1459
1592
1814
1931
2295
2296
2297
2298
2299
1116
1117
1178
1179
1452
1458
1459
1460
1930
2297
2641
1117
1444
1452
2641
1118
1452
1119
1179
1180
1120
1127
1144
1145
1179
1180
1121
1122
1125
1126
1127
1145
1122
1446
1123
1146
1178
1179
2169
2175
1124
1125
1136
1146
1147
1149
1721
1722
1723
1778
2177
1125
1128
1126
1127
1144
1145
1127
1128
1144
1145
1439
1442
1446
1129
1442
1446
1130
1150
1442
1131
1440
1442
1132
1133
1134
1136
1137
1149
1134
1135
2088
1136
2088
1137
1146
1147
1148
1149
1154
1594
1138
1181
1182
1183
1515
1139
1140
1141
1181
1182
1183
1186
1140
1141
1141
1436
1437
1438
1142
1143
1439
1143
1181
1439
1144
1439
1145
1146
1147
1178
1179
1181
1592
1593
1724
2169
1148
1156
1157
1158
1593
1594
1649
1776
2169
2174
1149
1155
1594
1650
1752
1753
1754
1785
1150
1151
1152
1153
1715
1720
1152
1153
1715
1750
1751
1752
1780
1153
1715
1720
1779
1154
1155
1720
1777
1778
1155
1156
1777
1778
1156
1752
1753
1754
1777
1157
1776
1777
1778
2174
1158
1741
1776
2174
1159
1776
2170
2171
2172
2174
1160
1593
2170
2171
2172
1161
1729
2168
2170
2171
2172
2620
1162
1729
2168
2620
2621
1163
1164
1729
1736
1737
2168
2620
1164
1165
1736
1737
2309
1165
1736
1761
1762
1763
2167
1166
1175
1734
1736
1737
1771
1167
1175
1734
1771
1168
1169
1175
1734
1771
2254
1169
2254
2502
1170
1174
1766
1767
2254
1171
1172
1174
1767
1768
2253
1172
2253
2429
1173
2253
1174
1807
1808
1809
2157
2251
2429
2534
2536
1175
1766
1767
1768
1809
2310
2429
2502
2535
2610
1176
1734
1771
2167
2306
2309
2310
2501
2502
1177
1730
1731
1732
1737
2168
2298
2299
2305
2306
2309
1178
1458
1739
2169
2298
2299
2300
2644
1179
1458
1592
2169
2297
2298
1180
1181
1592
2297
1182
1186
1516
1517
1592
2297
1183
1186
1505
1513
1514
1515
1516
1517
1184
1186
1514
1185
1503
1186
1187
1188
1428
1504
1187
1438
1462
1505
1517
1188
1302
1428
1462
1504
1505
1506
1517
1815
1816
1189
1190
1421
1428
1504
1816
1191
1192
1469
1504
1506
1507
1816
1817
1193
1471
1490
1507
1509
1510
1817
1824
1194
1195
1350
1390
1406
1407
1408
1196
1351
1405
1406
1407
1491
2042
1197
1352
1354
1404
1405
1493
2042
2043
1198
1386
1387
1404
1405
1199
1354
1356
1385
1386
1403
1404
1200
1201
1385
1386
1497
1202
1356
1384
1385
1203
1204
1205
1357
1384
1204
1205
1208
1206
1207
1208
1211
1208
1551
1552
2637
1209
1210
1210
1211
1212
1213
1547
1551
1212
1551
1213
1540
1547
1550
1551
1556
1214
1547
1215
2643
1216
1547
1548
1549
1217
1542
1543
1547
1549
1218
1220
1545
1547
1548
1549
1219
1220
1540
1545
1220
1537
1538
1539
1545
1221
1533
1550
1222
1224
1532
1533
1536
1537
1550
1223
1224
1536
1537
1557
1224
1536
1537
2388
2389
2390
1225
1536
2382
2383
1226
1228
2381
2382
2383
2389
2392
1227
1228
2387
2389
2392
1228
2389
2392
2451
2452
2453
1229
2392
2447
2454
1230
1232
2446
2447
2450
2451
2454
1231
1232
2450
2451
2461
1232
2450
2451
2579
2580
1233
2450
2581
1234
2581
1235
1296
2062
2434
2435
2441
2443
2444
2448
2450
2484
2485
2608
1236
1237
1296
2055
2062
2063
2377
2435
2440
2444
2448
1237
1380
2440
1238
1239
1401
2440
2623
1239
1240
1241
1401
2435
2436
2437
1240
1401
2062
2623
1241
1401
2047
2048
2049
2623
1242
1401
1243
1250
1251
1965
1966
1244
1245
1250
1965
1966
2049
2334
1245
2049
2333
2334
2339
1246
2049
2330
2333
2349
2576
1247
1248
1250
2349
2435
2575
2576
1248
1249
1250
2340
2435
1249
1256
1258
2348
2435
2608
1250
1253
1254
1255
2342
2435
1251
1966
2435
1252
1253
1965
1966
1253
2341
1254
2342
1255
2342
2438
1256
2342
2443
1257
2348
2443
2608
1258
2348
2485
2608
1259
1260
2348
2434
2575
2608
1260
2434
2523
2561
2575
1261
1262
2434
2523
2565
1262
2484
2565
1263
1264
2483
2524
2565
1264
2483
2524
2525
2560
1265
1266
2483
2525
2559
1266
1294
2559
1267
1268
2367
2482
2559
1268
2273
2367
2368
2482
1269
2368
2482
2557
2558
1270
2487
2557
2558
1271
1273
2488
2489
2557
2558
1272
1273
2271
2488
2489
1273
2269
2270
2488
2489
1274
2488
2571
1275
2571
1276
1277
1283
1284
2591
1277
1285
1286
2593
2595
1278
1282
2592
2596
1279
1282
2592
2596
1280
1281
2587
1281
1293
2486
2587
1282
1283
1292
1293
2487
2587
1283
2487
2592
1284
1290
1291
2487
2591
1285
1288
1289
1290
2488
2591
1286
1287
2488
2593
1287
2593
2594
2595
1288
1580
2593
2594
1289
1580
2591
1290
1291
1578
1579
2476
2591
1291
2591
1292
1576
1577
2475
2591
1293
1575
1576
2475
2587
1294
2587
1295
2372
2473
2474
2475
2482
2483
2484
2486
2487
1296
2372
2373
2417
2425
2433
2449
2473
2474
2483
2484
2602
1297
2062
2063
2376
2433
2434
2448
2449
2450
2484
2602
1298
1527
2055
2059
2061
2062
2063
2064
2065
2317
2373
2433
2602
1299
1524
1822
1823
2052
2059
2060
2064
2065
2066
2067
2068
2317
1300
1483
1488
1521
1811
1821
1822
1823
1824
1825
1935
2066
2067
1301
1471
1483
1509
1812
1817
1818
1820
1824
1825
1826
1827
1935
1302
1420
1469
1506
1813
1815
1816
1817
1818
1819
1826
1827
1828
1303
1420
1421
1428
1429
1462
1463
1464
1814
1815
1816
1828
1304
1305
1340
1424
1428
1429
1431
1432
1460
1462
1463
1305
1308
1431
1432
1306
1307
1432
1307
1308
1433
1434
1435
1436
1443
2642
1309
1324
1325
1433
1434
2642
1310
1311
1323
1324
1425
1426
2642
1311
1426
1312
1321
1425
1426
1313
1314
1321
1324
1314
1324
1424
1425
1430
1431
1315
1316
1320
1324
1341
1430
1316
1324
1326
1327
1340
1430
1431
1317
1324
1914
2007
1318
1319
1320
1323
1914
1996
1319
1323
1995
1320
1321
1322
1323
1997
1321
1323
1341
1322
1323
1323
1324
1325
1325
1430
1431
1433
2642
1326
1433
1449
1913
1914
1915
1327
1340
1914
1915
1328
1329
1340
1432
1433
1916
1329
1330
1332
1338
1339
1433
1916
1330
1432
1433
1463
1331
1432
1433
1460
1461
1332
1450
1460
1461
2640
2641
1333
1334
1338
1339
1450
2640
1334
1450
1453
1929
1930
2640
2641
1335
1450
1928
2285
1336
1337
1338
1449
1905
1928
1337
1449
1907
1338
1449
1906
1915
1916
1339
1449
1340
1459
1460
1463
1889
1890
1891
1919
1920
1930
1932
1341
1429
1463
1464
1885
1886
1887
1918
2006
1342
1424
1429
1465
1988
1989
1990
2004
2005
1343
1344
1345
1347
1394
1395
1345
1346
1347
1394
2627
1347
1348
1393
1394
1427
1349
1392
1393
1394
1395
1410
1422
1350
1392
1396
1408
1409
1410
1470
1351
1397
1407
1408
1409
1472
2624
1352
1398
1407
1489
2041
2042
2624
1353
1399
2041
2042
2043
2044
2053
1354
1380
1400
1401
1402
2043
2044
2056
1355
1402
1403
1404
2043
2639
1356
1380
1382
1383
1402
1403
2378
2442
1357
1383
1384
1385
1403
1358
1359
1382
1383
1384
1359
1554
1360
1361
1553
1361
1363
1366
1367
1382
2380
1362
1383
1363
1553
2384
1364
1365
1553
2384
1365
1367
2455
2456
2601
1366
2385
1367
1382
1368
1382
2380
1369
1370
1381
2445
2456
1370
1381
2458
1371
1372
1381
2445
2457
1372
1375
1376
1377
1378
1373
1374
2439
2600
1374
2439
2440
2441
2444
2445
1375
2437
2438
2439
2441
2443
1376
1378
2443
1377
1378
1378
1379
1381
2439
1380
1400
1401
2436
2439
1381
1401
1402
2439
2442
1382
2439
2442
2445
1383
2380
2442
1384
1403
2442
1385
1386
1403
1387
1404
1388
1405
1389
1406
1390
1391
1406
1408
1392
1393
1408
1410
1394
1395
1410
1423
2629
1396
1410
1466
1397
1409
1410
1468
1398
1409
1485
2624
1399
1487
2041
2624
1400
2041
2044
2051
1401
2044
2048
1402
2044
2439
2623
1403
2043
2442
1404
1405
2043
1406
2042
1407
1408
2042
2624
1409
1410
1414
1415
1416
1417
1473
2624
2631
1411
1412
1413
1418
1419
2630
1412
1418
1419
1421
1422
1423
1413
1419
1465
1466
2630
1414
1418
1419
1467
1468
2630
1415
1416
1417
1467
1468
2631
1416
1473
1475
1484
1485
2631
1417
1473
1818
1418
1469
1470
1473
1419
1469
1470
1420
1421
1429
1464
1465
1467
1469
1816
1818
1819
1828
1879
1422
1423
1424
1428
1429
1465
1469
1816
1423
1425
1427
1428
1429
1426
1429
1462
1816
1430
1463
1464
1465
1991
1431
1432
1433
1434
1449
1450
1916
1435
1443
1444
1449
1450
1461
1436
1439
1443
1437
1438
1439
1438
1440
1443
1441
1442
1444
1450
1445
1448
1450
1451
1446
1447
1451
1448
1451
2302
1449
1450
1451
1926
1927
1928
1929
1450
1451
2640
2641
1452
1453
1454
1455
1456
1457
1925
1453
1455
1456
2641
1454
1455
1925
1929
1930
1455
1456
1457
1925
2301
2302
1456
1458
1457
1459
1898
1930
1931
2299
2300
2301
1460
1463
1814
1892
1930
1931
1932
2295
2297
2640
1461
1462
1463
1814
2297
1463
1517
1814
1815
2297
1464
1814
1828
1888
1932
1465
1819
1828
1843
1844
1845
1846
1884
1932
1466
1467
1880
1881
1882
1883
2628
1468
1469
1484
1818
1819
1875
1876
1877
1878
1978
1470
1471
1816
1817
1818
1472
1473
1474
1483
1484
1488
1817
1818
1824
1473
1474
1474
1475
1481
1482
2624
1476
1482
1484
1485
2624
2625
1477
1481
1482
1486
1487
2624
2625
1478
1479
1480
1486
1487
2040
2041
1479
2040
2041
2046
2050
2051
2054
1480
1822
2041
2054
1481
1488
1489
2041
2054
1482
1488
1489
2624
1483
2624
1484
1486
1488
1818
1820
1821
1822
1824
1935
1946
1485
1486
1818
1820
1947
1948
1949
1950
1951
1487
1488
1821
1822
2016
2017
2018
2019
2020
2050
1489
1490
1822
1823
1824
2052
1491
1492
1510
1521
1522
1823
1824
1493
1494
1522
1524
1525
1823
2052
2064
1495
1525
1527
1528
2055
2063
2064
2377
2639
1496
1499
1525
1528
1529
1530
1497
1498
1499
1529
1500
1525
1529
2134
1501
1522
2135
1502
1510
2072
1503
1507
1504
1514
1505
1506
1507
1816
1506
1508
1513
1514
1516
1517
1518
1815
1507
1508
1509
1518
1815
1816
1817
1826
1508
1509
1510
1817
1509
1511
1512
1513
1518
1519
1826
2075
1510
1511
1519
1521
1817
1824
1825
1826
1511
1521
1522
1824
1512
1519
1520
1521
1523
1825
2071
2072
2165
1513
1519
2071
2072
2073
2074
2075
2165
1514
1515
1516
1518
2074
2075
1515
1516
1594
2074
1517
1518
1591
1592
1593
2075
2296
1518
1592
1814
1815
2296
2297
1519
1591
1813
1815
1826
2075
2296
2308
1520
1590
1812
1825
1826
2075
2165
2308
2311
1521
1523
1589
1810
1811
1825
2066
2069
2071
2164
2165
2311
1522
1523
1524
1823
1824
1825
2066
1523
1524
1525
1823
1524
1526
2066
2069
2070
2071
2135
2164
1525
1526
1527
1823
2064
2065
2066
2069
1526
1527
1528
2064
1527
2065
2069
2070
2133
2134
2163
2374
2375
1528
2063
2064
2065
2374
2375
2376
2602
1529
1530
1535
2063
2375
2376
2377
1530
1534
2420
1531
1534
1535
2377
1532
1534
1535
1536
2379
1533
1550
1534
1550
1535
1536
1536
2376
2377
2379
2382
2391
2392
2448
1537
2391
2392
2394
1538
1539
1539
1540
1546
1550
1557
1558
1559
2128
2388
1541
1546
1547
1550
1557
1559
1542
1546
1547
1543
2638
1544
1545
1546
1545
1546
1546
1547
1559
1560
1561
1548
1549
1550
1549
1551
1556
1557
2383
1552
1555
1556
2384
2637
1553
1554
2637
1554
2384
1555
1556
2384
1557
2383
2384
2386
1558
2383
2387
2388
1559
2127
2128
2388
2463
2464
1560
1561
2128
2403
1561
1562
1563
2128
2401
2402
2403
2635
2636
1563
2398
2399
2636
1564
1566
2396
2397
2635
2636
1565
1566
2396
2397
2403
1566
2396
2397
2408
2409
2603
2604
1567
2128
2130
2396
1568
1570
2128
2129
2130
2395
2409
1569
1570
2127
2395
2409
1570
2395
2409
2412
2413
2414
2467
1571
2395
2464
2466
1572
1574
2414
2415
2464
2465
2466
1573
1574
2414
2415
2468
1574
1577
1583
1584
2414
2415
2469
1575
2415
2470
2472
1576
1577
2470
2471
2472
2475
1577
2475
2588
1578
1584
2469
2475
1579
1582
1583
1584
2469
2476
1580
1581
2476
2589
1581
2589
2590
1582
2122
2589
2590
1583
2122
2469
1584
2120
2121
2469
2479
1585
2469
1586
1635
1643
2415
2424
2473
2475
2476
2477
2478
2479
1587
1643
2415
2416
2417
2418
2422
2424
2425
2473
2478
1588
1808
2156
2163
2374
2418
2422
2423
2424
2425
2426
1589
1808
1809
1810
2069
2157
2158
2163
2164
2423
2426
1590
1809
1810
2158
2164
2165
2166
2310
2311
2610
1591
2075
2076
2165
2166
2167
2308
2309
2310
2311
1592
1593
2075
2076
2168
2296
2298
2308
2309
1593
2169
2296
2297
2298
1594
1649
2076
2168
2169
2298
1595
1649
1650
1755
2077
1596
2090
1597
2090
2634
1598
1599
2081
2634
1599
2077
2081
1600
1652
1653
2081
1601
1652
1653
1656
2079
2080
1602
1609
1611
1651
2079
2080
1603
1607
1609
1656
2079
2080
2144
1604
1605
1607
1657
1658
2099
2144
1605
1658
1659
1661
1671
2099
2143
1606
1672
2099
2195
1607
1608
1672
1704
2194
2617
1608
1704
2144
1609
1610
1617
1704
2617
1610
1616
2080
1611
1612
1613
1615
1705
1612
1651
1705
1613
1705
2187
1614
1705
1615
2187
2188
1616
1617
2187
2190
2191
1617
1618
2190
2191
1618
2190
2193
2194
1619
1794
2144
2145
2190
2191
1620
1794
2144
2145
2200
1621
1622
1794
2144
2145
2206
2207
1622
1623
2159
2206
2207
1623
2143
2146
2147
2148
2206
1624
1646
2206
2207
2209
2212
1625
1646
2209
2210
2212
1626
1646
2209
2212
2238
2239
2240
1627
2238
2239
2240
2423
1628
1803
2155
2156
2238
2239
2240
1629
1803
2155
2156
2243
1630
1631
1803
1806
2155
2156
2249
1631
1632
1806
2249
2424
1632
1636
1638
1639
2249
2478
1633
1634
1806
2249
2477
1634
2477
1635
1636
2248
2477
1636
2248
1637
1638
2248
2478
1638
1639
1641
1642
2236
2478
1639
2244
2478
1640
2154
2155
2237
2478
1641
1644
1683
1684
2153
2154
2237
1642
1644
1684
1685
2236
1643
2236
1644
2395
2413
2415
2416
2422
2478
2479
2480
1645
1683
1684
1685
2421
2422
2478
2480
1646
2142
2151
2152
2153
2156
2160
2230
2239
2421
2422
2423
1647
2143
2157
2158
2159
2160
2209
2212
2423
1648
1795
1796
1797
2078
2144
2158
2159
2166
2207
2610
1649
1651
2076
2077
2078
2166
2167
2202
2619
1650
1757
1758
1759
2076
2077
2168
2172
2184
1651
1756
2077
2618
1652
1790
1791
1792
2077
2078
2144
2191
1653
1654
2073
2074
2077
2078
1655
1656
1657
2073
2078
2136
2138
2144
2159
1656
1657
1657
2079
2080
1658
1659
2099
1659
2099
2159
1660
2099
2138
2139
1661
2098
2100
2138
2139
2161
1662
1669
1671
2098
2143
2161
1663
1667
1669
2098
2100
2142
2161
1664
1665
1667
2101
2102
2104
2142
1665
1700
2102
2103
2104
1666
1698
2104
2218
1667
1668
1698
1702
2217
2616
1668
1702
2142
1669
1670
1677
1702
2616
1670
1676
2098
1671
1672
1673
1675
1703
1672
1703
2143
1673
1703
2196
1674
1703
1675
2196
2198
1676
1677
2196
2213
2214
1677
1678
2213
2214
1678
2213
2216
2217
1679
2142
2150
2213
2214
2219
1680
2142
2150
2219
2221
1681
1682
2142
2150
2219
2229
2230
1682
1683
2229
2230
2421
1683
1687
1689
1690
2229
1684
1685
2229
2230
1685
2232
1686
1687
2228
1687
2228
1688
1689
2228
1689
1690
1692
1693
1694
1690
2222
1691
2218
2219
2220
1692
1696
1698
2217
2218
2220
1693
1694
1696
1699
1694
1695
2220
2222
2223
2224
2225
2228
1696
2220
2222
1697
1698
1699
1701
1699
1700
1701
1700
1701
1701
1702
2104
2107
2108
1703
2098
2104
2616
1704
2098
2099
1705
2080
2099
2617
1706
2080
2081
1707
2081
2090
2632
1708
2088
2090
1709
2088
2089
2633
1710
1711
2089
1711
1712
1713
1714
1716
1747
1714
1715
1716
1747
1715
1747
1749
1750
1716
1720
1747
1717
1718
1747
1718
1746
1719
1720
1744
1745
1720
1721
1744
1745
1721
1744
1722
1744
1745
1778
2177
1723
1742
1778
2177
1724
1778
2173
2174
2175
2177
1725
2173
2174
2175
1726
2169
2170
2173
2174
2175
1727
1740
2169
2170
1728
1729
1738
1739
2169
2170
1729
1730
1738
1739
2298
1730
1738
2168
1731
1737
1738
1739
1732
1737
1733
1734
1735
1737
1734
1735
2306
1735
1736
2254
2255
2256
1737
1738
1770
1772
2182
2621
1739
1740
2171
2621
1741
2171
2173
2181
2621
1742
1774
1775
1777
1783
2171
2173
1743
1744
1777
1779
2173
2176
2181
1744
2176
1745
1746
1747
1777
1779
2176
1747
1779
1748
1779
1780
1749
1779
1780
1750
2633
1751
1780
1781
1752
1780
1781
1753
1780
1781
1785
1754
1783
1785
1755
1756
1775
1776
1785
1756
1757
1775
1776
1757
1775
1758
1775
1776
2172
2184
1759
1774
2172
2184
1760
2172
2182
2184
2619
2620
1761
2076
2182
2619
2620
1762
2167
2182
2204
2619
2620
1763
1772
2167
2204
1764
1765
1770
1771
2167
2204
1765
1766
1770
1771
2310
1766
1770
2610
1767
1768
1770
1771
1768
1769
1770
2208
2241
2242
2250
2253
1771
1772
2203
2242
2254
1773
2182
2203
2242
2621
1774
2182
2183
2189
2201
2203
2205
1775
2171
2182
2183
2185
2621
1776
1777
1783
1784
2171
2183
2185
1778
1779
1780
1783
2173
1780
1783
1781
1782
1783
1784
1783
1784
1784
2185
1785
1786
2185
2186
1787
2185
2186
1788
2632
1789
2186
2187
2618
1790
2186
2187
2618
1791
2186
2187
2191
2618
1792
2189
2191
1793
1794
2191
2201
2202
1794
1795
2078
2201
2202
1795
2144
2201
1796
2201
2202
2207
1797
2205
2207
1798
2207
2208
2209
2611
1799
2158
2208
2209
2611
1800
2157
2208
2209
2240
2611
1801
2157
2240
2241
1802
1803
2157
2240
2250
2251
1803
1804
1808
2250
2251
1804
2156
2250
1805
1806
1807
2250
2251
1806
1807
1807
2249
1808
2156
2371
2424
2477
2536
2573
1809
2156
2157
2423
2424
2426
2536
1810
2157
2158
2310
2429
2610
1811
2066
2068
2069
2164
2311
2426
2428
1812
1825
1935
2066
2067
2068
2311
2312
2315
2428
1813
1825
1826
1827
1934
1935
2307
2308
2311
2312
1814
1815
1826
1827
1828
1933
2295
2296
2307
2308
1815
1828
1932
2295
2296
2297
1816
1826
1828
2296
1817
1818
1824
1826
1819
1820
1827
1874
1820
1827
1828
1838
1839
1840
1841
1842
1933
1821
1827
1869
1870
1871
1872
1873
1934
1935
1822
1935
1941
1942
1943
1944
1945
2060
2067
2315
1823
2029
2050
2052
2059
2060
2067
1824
2052
2064
2066
1825
1826
1935
2066
2311
1827
2308
1828
1868
1933
1934
1935
2307
1829
1932
1933
2295
1830
1837
1838
1845
2024
1831
1832
1837
1845
1847
1932
2024
1832
1847
1848
1932
2280
1833
1848
1852
1853
1932
2517
1834
1835
1837
1853
1854
1933
2517
1835
1836
1837
1933
2514
1836
1857
1858
1866
1933
2516
1837
1840
1867
1868
1933
2515
1838
1933
2024
1839
1840
1842
1845
2024
1840
1841
1842
2025
1841
1868
1869
2515
1842
1873
1874
1875
2022
1843
1878
1879
2023
1844
1845
1879
1880
1884
2023
1845
1846
1884
2011
1846
2024
1847
1884
1887
1888
2282
1848
1888
1889
1932
2282
1849
1891
1892
1932
2283
1850
1852
1892
1893
1896
1931
2283
1851
1852
1896
1931
2279
1852
1896
1931
2290
2291
2293
1853
1854
1931
2517
1854
2295
2517
1855
1857
2293
2294
2517
1856
1857
2278
2293
2294
1857
2293
2294
2497
2498
2500
1858
1859
2294
2516
1859
1866
2307
2516
1860
1862
1866
2313
2498
2516
1861
1862
2277
2313
2498
1862
2313
2498
2503
2505
2552
1863
2313
2509
2510
2512
1864
1865
1866
1934
2510
2511
2512
1865
1867
1871
1934
1936
1937
2518
1866
1867
1934
2513
1867
1934
2516
1868
1869
1934
2515
1869
2515
1870
1871
1873
2515
1871
1872
1873
2026
1872
1936
1944
2518
1873
1945
1946
1947
2021
1874
1950
2022
1875
1950
2022
1876
1877
1878
1950
2022
1877
1951
1952
1953
1974
1978
1878
1978
2013
1879
1880
1978
2023
1880
2023
1881
1882
1883
2023
1882
1978
1979
1980
1984
2628
1883
2012
2628
1884
1990
1991
1992
2628
1885
1991
1992
1886
1887
1990
1991
1992
2006
1887
1918
2006
2010
1888
1889
1918
2282
1889
2282
1890
1891
1919
2282
1891
1919
1920
2281
1892
1893
1920
2283
1893
2283
1894
1895
1921
1930
2283
1895
1900
1921
1922
1930
1896
1898
1899
1922
1930
1897
1898
1899
1931
1898
1899
2300
1899
1900
2279
2283
2286
2288
2289
2290
2546
1901
2279
2281
2283
2284
2286
2288
1902
2284
2286
1903
1904
1927
1904
1922
1924
1926
2286
1905
1921
1928
2284
2285
1906
1907
1920
2284
2285
1907
1909
1910
1917
1919
1908
1909
2281
2284
1910
1917
1918
1919
2008
2009
2010
2281
2282
2284
1911
1912
1915
1917
1918
1912
1914
1996
2006
2007
2008
1913
2009
1914
1915
1915
1916
1917
1918
1919
1919
2006
1920
1921
2284
2285
1922
1930
2284
2285
1923
1924
1930
2286
1924
2286
2301
1925
2286
1926
1927
1928
1929
1928
1929
1930
1931
2301
1932
2294
2295
2299
2300
1933
2295
1934
2294
2295
2307
1935
2307
2312
2313
2315
1936
2067
2312
2315
1937
1944
2518
1938
1940
1944
2315
2511
2518
1939
1940
2315
2511
2519
1940
2315
2356
2508
2511
2528
2529
1941
2315
2353
2355
2607
1942
1943
1944
2353
2354
2607
1943
1945
2017
2028
2029
2030
1944
1945
2027
1945
2518
1946
2020
2021
1947
2020
2021
1948
1949
1950
2020
2021
1949
1951
1956
1972
2019
2626
1950
1951
2014
1951
2022
1952
1954
1974
1953
1954
1974
2631
1954
1974
1976
1977
1955
1956
1974
1956
1973
1957
1972
2626
1958
1959
1972
2019
2626
1959
1971
1960
1970
2018
2039
1961
1962
1970
2038
2039
1962
1969
1963
1968
2035
2335
1964
1965
1968
2334
2335
1965
1967
1966
1967
1968
2339
2340
2341
2342
2349
1968
2339
1969
1970
2035
2334
2335
2337
2338
2339
1970
2338
1971
1972
2015
2018
2028
2038
2039
2338
1972
2015
1973
1974
2014
2015
2019
2021
2626
1974
2014
1975
1984
2013
2014
2022
1976
1984
2013
1977
1978
1979
1980
1984
1979
1984
1980
1984
2630
1981
1982
1984
1982
1985
1986
1987
2628
1983
1984
1985
2012
1985
2012
2013
2023
1986
1987
1988
1992
1993
2001
2002
2012
2628
1987
1988
1999
2000
1988
2628
2629
1989
1990
2004
2628
1990
1993
2004
2005
1991
1992
2005
1992
1993
2008
2010
2011
2012
2023
2282
1994
2001
2002
2008
2010
2012
1995
2002
2008
1996
1997
1997
2005
2007
2008
1998
2002
2003
2004
1999
2002
2003
2000
2002
2003
2004
2001
2002
2003
2004
2008
2004
2627
2005
2006
2007
2008
2007
2008
2008
2009
2010
2010
2011
2281
2282
2012
2023
2024
2025
2280
2282
2013
2023
2014
2022
2023
2025
2015
2021
2022
2026
2016
2021
2027
2028
2338
2017
2018
2019
2020
2018
2020
2028
2029
2037
2019
2038
2039
2020
2626
2021
2022
2026
2027
2028
2518
2023
2025
2026
2515
2024
2025
2025
2280
2282
2514
2515
2517
2026
2514
2515
2027
2513
2515
2518
2028
2351
2353
2518
2519
2029
2030
2037
2337
2338
2351
2353
2030
2037
2031
2033
2037
2060
2354
2032
2033
2060
2351
2354
2033
2060
2318
2319
2327
2352
2354
2034
2060
2331
2332
2337
2035
2036
2037
2050
2332
2333
2337
2036
2038
2050
2334
2335
2037
2038
2050
2338
2038
2050
2039
2050
2040
2041
2042
2044
2054
2624
2043
2044
2045
2046
2047
2057
2058
2336
2046
2052
2053
2054
2057
2058
2047
2050
2051
2058
2336
2048
2049
2057
2058
2336
2049
2050
2055
2059
2061
2062
2333
2334
2435
2051
2052
2059
2060
2053
2054
2055
2059
2064
2054
2056
2057
2059
2062
2063
2064
2623
2057
2623
2058
2623
2059
2060
2061
2062
2064
2317
2332
2061
2067
2316
2317
2354
2062
2317
2327
2328
2329
2330
2331
2432
2433
2434
2063
2433
2434
2435
2576
2064
2376
2377
2448
2602
2065
2066
2068
2069
2317
2373
2374
2426
2602
2067
2068
2069
2068
2315
2316
2317
2428
2607
2069
2316
2317
2373
2426
2427
2428
2070
2163
2164
2374
2426
2071
2133
2134
2135
2136
2137
2162
2163
2164
2072
2073
2135
2136
2164
2165
2073
2135
2074
2078
2136
2165
2075
2077
2076
2165
2308
2077
2166
2167
2168
2309
2078
2079
2144
2159
2166
2080
2081
2092
2099
2082
2090
2083
2086
2092
2084
2085
2091
2086
2087
2090
2088
2089
2090
2092
2094
2093
2094
2097
2099
2095
2096
2097
2098
2105
2099
2100
2104
2161
2101
2140
2141
2161
2102
2103
2104
2140
2141
2103
2104
2421
2104
2105
2107
2106
2107
2108
2109
2110
2111
2405
2606
2112
2405
2406
2113
2402
2406
2606
2114
2397
2402
2604
2605
2606
2115
2404
2406
2604
2116
2117
2404
2406
2407
2117
2408
2410
2604
2118
2126
2411
2622
2119
2123
2126
2411
2622
2120
2123
2412
2467
2121
2412
2413
2414
2467
2479
2122
2123
2125
2479
2123
2124
2125
2124
2125
2125
2126
2467
2468
2469
2589
2127
2404
2408
2411
2467
2622
2128
2403
2408
2464
2467
2468
2129
2130
2403
2408
2464
2130
2394
2131
2132
2394
2395
2396
2416
2419
2133
2375
2391
2394
2416
2417
2418
2419
2420
2134
2162
2163
2374
2375
2418
2419
2420
2135
2137
2162
2420
2136
2137
2137
2138
2159
2162
2164
2138
2162
2139
2140
2143
2159
2160
2162
2141
2142
2160
2162
2419
2421
2143
2150
2160
2219
2421
2144
2146
2147
2148
2159
2160
2214
2145
2159
2146
2194
2195
2197
2147
2195
2196
2197
2214
2148
2199
2214
2149
2150
2211
2212
2214
2150
2151
2160
2211
2212
2151
2211
2152
2211
2212
2230
2239
2153
2230
2231
2239
2154
2155
2230
2237
2239
2155
2237
2422
2156
2237
2157
2422
2423
2424
2478
2158
2240
2423
2610
2159
2164
2166
2423
2610
2160
2161
2162
2421
2423
2163
2419
2164
2374
2418
2423
2426
2165
2166
2311
2167
2310
2610
2168
2204
2309
2310
2610
2169
2298
2309
2620
2170
2298
2171
2172
2173
2182
2621
2174
2175
2176
2181
2177
2178
2180
2181
2179
2180
2181
2183
2203
2619
2620
2621
2184
2185
2186
2189
2201
2186
2189
2187
2188
2189
2190
2618
2189
2190
2190
2200
2201
2191
2192
2197
2200
2201
2193
2197
2200
2194
2617
2195
2196
2197
2196
2197
2197
2198
2199
2200
2206
2213
2199
2213
2200
2206
2210
2211
2213
2221
2201
2205
2206
2202
2203
2205
2206
2204
2205
2208
2242
2206
2208
2210
2242
2207
2208
2210
2211
2209
2210
2238
2241
2242
2611
2211
2231
2238
2241
2212
2213
2221
2229
2231
2238
2214
2215
2220
2221
2216
2220
2221
2217
2616
2218
2219
2220
2219
2220
2220
2221
2222
2229
2222
2229
2231
2223
2228
2229
2232
2224
2225
2226
2227
2228
2233
2225
2226
2227
2227
2228
2233
2234
2235
2229
2232
2233
2236
2230
2231
2232
2237
2232
2237
2238
2243
2233
2236
2237
2244
2234
2235
2236
2245
2235
2236
2245
2246
2247
2237
2244
2245
2248
2238
2243
2244
2249
2239
2240
2241
2243
2250
2242
2243
2250
2244
2249
2250
2245
2248
2249
2246
2247
2248
2265
2247
2248
2265
2266
2267
2249
2264
2265
2250
2263
2251
2252
2253
2261
2262
2263
2254
2260
2261
2255
2260
2256
2260
2615
2257
2259
2258
2261
2614
2262
2613
2263
2612
2264
2265
2267
2266
2267
2267
2268
2269
2270
2271
2490
2571
2572
2578
2272
2490
2557
2569
2571
2572
2578
2273
2490
2491
2492
2556
2557
2577
2274
2526
2556
2557
2559
2560
2569
2275
2363
2492
2521
2526
2527
2540
2556
2276
2358
2493
2520
2527
2528
2530
2540
2277
2494
2506
2512
2519
2528
2530
2552
2278
2495
2497
2512
2513
2516
2552
2279
2290
2496
2497
2514
2516
2517
2280
2283
2289
2290
2517
2281
2282
2283
2514
2517
2282
2283
2284
2283
2284
2517
2285
2286
2287
2288
2547
2288
2547
2289
2546
2547
2548
2290
2496
2545
2546
2549
2291
2292
2293
2496
2497
2517
2545
2292
2293
2299
2293
2305
2294
2295
2299
2305
2306
2307
2313
2296
2299
2307
2297
2298
2308
2299
2309
2300
2305
2306
2301
2305
2302
2303
2304
2306
2501
2307
2309
2313
2500
2501
2502
2308
2312
2313
2309
2311
2310
2311
2502
2610
2312
2313
2314
2315
2428
2502
2510
2314
2498
2501
2502
2315
2428
2429
2430
2502
2505
2506
2507
2508
2509
2535
2316
2428
2511
2317
2319
2320
2321
2355
2356
2427
2428
2430
2432
2318
2373
2427
2432
2433
2319
2326
2327
2352
2320
2321
2326
2352
2355
2321
2355
2356
2520
2322
2356
2360
2361
2527
2323
2324
2326
2361
2362
2432
2527
2324
2325
2326
2432
2521
2325
2365
2366
2432
2525
2526
2326
2329
2432
2522
2524
2574
2327
2352
2432
2328
2329
2331
2352
2329
2330
2331
2350
2330
2522
2523
2574
2331
2349
2575
2576
2332
2333
2337
2333
2337
2334
2337
2335
2336
2338
2339
2349
2350
2351
2352
2339
2351
2340
2349
2350
2341
2342
2345
2348
2349
2561
2342
2343
2344
2345
2348
2344
2345
2345
2346
2347
2346
2347
2348
2562
2347
2348
2562
2563
2564
2609
2349
2561
2562
2565
2608
2350
2522
2561
2575
2576
2351
2352
2521
2522
2561
2352
2353
2520
2353
2520
2521
2522
2527
2354
2355
2518
2519
2520
2528
2607
2355
2607
2356
2607
2357
2528
2529
2358
2360
2430
2508
2528
2529
2531
2359
2360
2430
2531
2360
2430
2531
2537
2539
2540
2361
2362
2430
2527
2362
2427
2527
2363
2365
2431
2527
2539
2364
2365
2431
2539
2365
2368
2370
2431
2539
2556
2366
2367
2431
2526
2367
2372
2525
2526
2368
2482
2525
2526
2369
2370
2482
2556
2370
2481
2556
2371
2556
2372
2424
2431
2477
2481
2482
2536
2573
2373
2425
2427
2431
2432
2433
2482
2483
2374
2425
2426
2427
2432
2433
2602
2375
2417
2418
2425
2426
2602
2376
2391
2417
2418
2420
2602
2377
2391
2392
2417
2448
2449
2602
2378
2379
2448
2380
2381
2392
2444
2448
2382
2383
2383
2384
2386
2387
2388
2454
2385
2386
2455
2386
2455
2387
2454
2455
2460
2388
2453
2454
2461
2463
2389
2390
2453
2463
2464
2390
2392
2391
2392
2393
2394
2416
2417
2449
2393
2448
2449
2450
2394
2415
2416
2417
2449
2465
2473
2474
2395
2416
2396
2409
2415
2416
2480
2397
2398
2402
2605
2399
2402
2605
2606
2400
2401
2402
2403
2403
2404
2405
2408
2605
2606
2404
2408
2405
2406
2407
2408
2407
2409
2410
2467
2603
2604
2410
2603
2411
2412
2480
2603
2604
2412
2480
2413
2467
2480
2414
2467
2415
2467
2416
2473
2475
2479
2417
2418
2466
2473
2418
2425
2449
2473
2602
2419
2422
2425
2420
2421
2422
2423
2424
2478
2425
2477
2478
2426
2473
2602
2427
2428
2430
2431
2432
2536
2429
2430
2529
2430
2502
2533
2534
2535
2536
2431
2531
2534
2536
2432
2482
2536
2539
2573
2433
2483
2434
2483
2484
2574
2602
2435
2483
2484
2485
2523
2575
2436
2437
2443
2437
2438
2439
2440
2441
2439
2440
2441
2442
2441
2444
2485
2445
2446
2448
2450
2447
2454
2448
2454
2449
2450
2450
2452
2473
2474
2484
2602
2451
2474
2484
2485
2452
2453
2453
2454
2461
2462
2463
2470
2580
2455
2460
2461
2581
2456
2459
2460
2582
2601
2457
2458
2601
2458
2582
2600
2459
2460
2582
2461
2581
2582
2584
2462
2580
2581
2585
2463
2470
2580
2586
2587
2588
2464
2468
2470
2465
2466
2467
2468
2470
2466
2468
2469
2469
2470
2588
2470
2588
2589
2591
2471
2472
2587
2588
2472
2474
2473
2474
2475
2475
2484
2486
2476
2487
2477
2479
2488
2478
2481
2479
2480
2482
2488
2573
2483
2487
2484
2486
2524
2525
2485
2486
2579
2486
2487
2488
2489
2490
2491
2557
2577
2578
2492
2541
2555
2556
2577
2493
2540
2541
2555
2556
2494
2530
2540
2541
2542
2554
2495
2530
2542
2543
2552
2553
2496
2497
2543
2544
2551
2552
2497
2544
2545
2550
2498
2499
2500
2516
2544
2552
2499
2500
2500
2501
2502
2535
2503
2535
2504
2505
2552
2505
2535
2552
2506
2507
2509
2552
2507
2508
2509
2508
2530
2531
2533
2509
2528
2529
2510
2511
2512
2511
2512
2512
2513
2516
2518
2519
2528
2552
2514
2515
2516
2518
2519
2515
2516
2517
2516
2518
2517
2519
2520
2528
2521
2527
2528
2522
2526
2527
2560
2523
2524
2526
2560
2561
2565
2574
2524
2574
2575
2525
2574
2526
2527
2556
2559
2560
2528
2540
2529
2530
2531
2532
2533
2540
2542
2552
2532
2533
2533
2534
2535
2536
2573
2537
2573
2538
2539
2540
2539
2540
2573
2540
2541
2556
2542
2554
2555
2543
2553
2554
2544
2551
2552
2553
2545
2550
2551
2546
2549
2550
2547
2548
2549
2548
2557
2558
2559
2569
2571
2560
2565
2566
2568
2569
2561
2565
2566
2562
2565
2563
2564
2565
2566
2564
2565
2566
2567
2568
2566
2567
2568
2569
2568
2569
2570
2571
2570
2571
2571
2572
2576
2580
2581
2585
2586
2587
2582
2584
2585
2583
2584
2600
2584
2585
2599
2586
2598
2587
2592
2597
2588
2591
2592
2589
2591
2592
2590
2591
2593
2592
2593
2593
2596
2594
2595
2604
2606
2611
2625
2626
2636
2641
2656
-1
-1
-1
-1
-1
-1
-1
-1
-1
-1
-1
-1
-1
-1
-1
-1
-1
-1
-1
-1
-1
-1
-1
-1
-1
-1
-1
-1
-1
-1
-1
-1
-1
-1
-1
-1
-1
-1
-1
-1
-1
-1
-1
-1
-1
-1
-1
-1
-1
-1
-1
-1
-1
-1
-1
-1
-1
-1
-1
-1
-1
-1
-1
-1
-1
-1
-1
-1
-1
-1
-1
-1
-1
-1
-1
-1
-1
-1
-1
-1
-1
-1
-1
-1
-1
-1
-1
-1
-1
-1
-1
-1
-1
-1
-1
-1
-1
-1
-1
-1
-1
-1
-1
-1
-1
-1
-1
-1
-1
-1
-1
-1
-1
-1
-1
-1
-1
-1
-1
-1
-1
-1
-1
-1
-1
-1
-1
-1
-1
-1
-1
-1
-1
-1
-1
-1
-1
-1
-1
-1
-1
-1
-1
-1
-1
-1
-1
-1
-1
-1
-1
-1
-1
-1
-1
-1
-1
-1
-1
-1
-1
-1
-1
-1
-1
-1
-1
-1
-1
-1
-1
-1
-1
-1
-1
-1
-1
-1
-1
-1
-1
-1
-1
-1
-1
-1
-1
-1
-1
-1
-1
-1
-1
-1
-1
-1
-1
-1
-1
-1
-1
-1
-1
-1
-1
-1
-1
-1
-1
-1
-1
-1
-1
-1
-1
-1
-1
-1
-1
-1
-1
-1
-1
-1
-1
-1
-1
-1
-1
-1
-1
-1
-1
-1
-1
-1
-1
-1
-1
-1
-1
-1
-1
-1
-1
-1
-1
-1
-1
-1
-1
-1
-1
-1
-1
-1
-1
-1
-1
-1
-1
-1
-1
-1
-1
-1
-1
-1
-1
-1
-1
-1
-1
-1
-1
-1
-1
-1
-1
-1
-1
-1
-1
-1
-1
-1
-1
-1
-1
-1
-1
-1
-1
-1
-1
-1
-1
-1
-1
-1
-1
-1
-1
-1
-1
-1
-1
-1
-1
-1
-1
-1
-1
-1
-1
-1
-1
-1
-1
-1
-1
-1
-1
-1
-1
-1
-1
-1
-1
-1
-1
-1
-1
-1
-1
-1
-1
-1
-1
-1
-1
-1
-1
-1
-1
-1
-1
-1
-1
-1
-1
-1
-1
-1
-1
-1
-1
-1
-1
-1
-1
-1
-1
-1
-1
-1
-1
-1
-1
-1
-1
-1
-1
-1
-1
-1
-1
-1
-1
-1
-1
-1
-1
-1
-1
-1
-1
-1
-1
-1
-1
-1
-1
-1
-1
-1
-1
-1
-1
-1
-1
-1
-1
-1
-1
-1
-1
-1
-1
-1
-1
-1
-1
-1
-1
-1
-1
-1
-1
-1
-1
-1
-1
-1
-1
-1
-1
-1
-1
-1
-1
-1
-1
-1
-1
-1
-1
-1
-1
-1
-1
-1
-1
-1
-1
-1
-1
-1
-1
-1
-1
-1
-1
-1
-1
-1
-1
-1
-1
-1
-1
-1
-1
-1
-1
-1
-1
-1
-1
-1
-1
-1
-1
-1
-1
-1
-1
-1
-1
-1
-1
-1
-1
-1
-1
-1
-1
-1
-1
-1
-1
-1
-1
-1
-1
-1
-1
-1
-1
-1
-1
-1
-1
-1
-1
-1
-1
-1
-1
-1
-1
-1
-1
-1
-1
-1
-1
-1
-1
-1
-1
-1
-1
-1
-1
-1
-1
-1
-1
-1
-1
-1
-1
-1
-1
-1
-1
-1
-1
-1
-1
-1
-1
-1
-1
-1
-1
-1
-1
-1
-1
-1
-1
-1
-1
-1
-1
-1
-1
-1
-1
-1
-1
-1
-1
-1
-1
-1
-1
-1
-1
-1
-1
-1
-1
-1
-1
-1
-1
-1
-1
-1
-1
-1
-1
-1
-1
-1
-1
-1
-1
-1
-1
-1
-1
-1
-1
-1
-1
-1
-1
-1
-1
-1
-1
-1
-1
-1
-1
-1
-1
-1
-1
-1
-1
-1
-1
-1
-1
-1
-1
-1
-1
-1
-1
-1
-1
-1
-1
-1
-1
-1
-1
-1
-1
-1
-1
-1
-1
-1
-1
-1
-1
-1
-1
-1
-1
-1
-1
-1
-1
-1
-1
-1
-1
-1
-1
-1
-1
-1
-1
-1
-1
-1
-1
-1
-1
-1
-1
-1
-1
-1
-1
-1
-1
-1
-1
-1
-1
-1
-1
-1
-1
-1
-1
-1
-1
-1
-1
-1
-1
-1
-1
-1
-1
-1
-1
-1
-1
-1
-1
-1
-1
-1
-1
-1
-1
-1
-1
-1
-1
-1
-1
-1
-1
-1
-1
-1
-1
-1
-1
-1
-1
-1
-1
-1
-1
-1
-1
-1
-1
-1
-1
-1
-1
-1
-1
-1
-1
-1
-1
-1
-1
-1
-1
-1
-1
-1
-1
-1
-1
-1
-1
-1
-1
-1
-1
-1
-1
-1
-1
-1
-1
-1
-1
-1
-1
-1
-1
-1
-1
-1
-1
-1
-1
-1
-1
-1
-1
-1
-1
-1
-1
-1
-1
-1
-1
-1
-1
-1
-1
-1
-1
-1
-1
-1
-1
-1
-1
-1
-1
-1
-1
-1
-1
-1
-1
-1
-1
-1
-1
-1
-1
-1
-1
-1
-1
-1
-1
-1
-1
-1
-1
-1
-1
-1
-1
-1
-1
-1
-1
-1
-1
-1
-1
-1
-1
-1
-1
-1
-1
-1
-1
-1
-1
-1
-1
-1
-1
-1
-1
-1
-1
-1
-1
-1
-1
-1
-1
-1
-1
-1
-1
-1
-1
-1
-1
-1
-1
-1
-1
-1
-1
-1
-1
-1
-1
-1
-1
-1
-1
-1
-1
-1
-1
-1
-1
-1
-1
-1
-1
-1
-1
-1
-1
-1
-1
-1
-1
-1
-1
-1
-1
-1
-1
-1
-1
-1
-1
-1
-1
-1
-1
-1
-1
-1
-1
-1
-1
-1
-1
-1
-1
-1
-1
-1
-1
-1
-1
-1
-1
-1
-1
-1
-1
-1
-1
-1
-1
-1
-1
-1
-1
-1
-1
-1
-1
-1
-1
-1
-1
-1
-1
-1
-1
-1
-1
-1
-1
-1
-1
-1
-1
-1
-1
-1
-1
-1
-1
-1
-1
-1
-1
-1
-1
-1
-1
-1
-1
-1
-1
-1
-1
-1
-1
-1
-1
-1
-1
-1
-1
-1
-1
-1
)


// ************************************************************************* //
