/*--------------------------------*- C++ -*----------------------------------*\
| =========                 |                                                 |
| \\      /  F ield         | OpenFOAM: The Open Source CFD Toolbox           |
|  \\    /   O peration     | Version:  2306                                  |
|   \\  /    A nd           | Website:  www.openfoam.com                      |
|    \\/     M anipulation  |                                                 |
\*---------------------------------------------------------------------------*/
FoamFile
{
    version     2.0;
    format      ascii;
    arch        "LSB;label=32;scalar=64";
    class       volScalarField;
    location    "0.7";
    object      gradTy;
}
// * * * * * * * * * * * * * * * * * * * * * * * * * * * * * * * * * * * * * //

dimensions      [0 -1 0 1 0 0 0];

internalField   nonuniform List<scalar> 
5322
(
0.644939
0.0616958
-0.00272738
-0.0247078
-0.0126982
-0.00337111
0.00135747
0.00576683
0.0140717
0.0244404
0.000516918
-0.176654
-0.196178
-0.176104
-0.15292
0.331073
0.442789
-0.000746383
0.306072
-0.363587
0.346382
-0.353034
0.34718
-0.356885
0.356829
-0.351949
0.352965
-0.362599
0.363208
-0.361265
0.365242
-0.36796
0.381861
-0.330463
0.318283
-0.160448
0.315727
0.395501
0.197718
0.214631
0.291919
0.24391
0.253079
0.272508
0.259817
0.257946
0.26396
0.282007
0.262023
0.249594
0.313255
0.150852
0.169388
-0.555876
-0.0301084
-0.321495
0.16951
-0.421436
-0.0237304
-0.366271
0.172112
-0.414429
-0.0211824
-0.363555
0.17281
-0.428931
-0.0273812
-0.351671
0.174476
-0.472298
0.0164722
0.411952
0.22941
0.32056
0.239389
0.303254
0.253002
0.301945
0.256411
0.355027
0.0319803
0.120478
0.181703
0.301589
-0.0252833
-0.12494
0.0361064
0.0708387
0.132543
0.0155067
0.034766
0.00641549
0.00100319
0.00116475
0.434584
-0.233017
0.00705407
0.234969
0.00642847
-0.00647477
0.0326598
0.00635465
0.248927
-0.423641
0.379165
0.00531638
-0.00731443
-0.0013337
-0.000193609
0.000433827
0.000483227
0.000569966
0.00124025
0.00244926
-0.00411563
0.00108833
0.125894
-0.0517553
-0.0178129
-0.0971362
0.119472
-0.0664476
-0.12951
-0.177179
-0.200216
-0.00807082
0.146758
-0.110738
0.0103788
0.120946
-0.120463
0.00507569
0.125728
-0.128916
-0.00407265
0.117419
-0.14085
-0.0112101
-0.0325295
0.215649
0.178645
-0.117126
0.0776554
0.0603594
-0.123497
0.013333
-0.120982
0.0948975
0.0975371
-0.107551
-0.00162432
-0.100344
0.10072
0.108737
-0.0976728
-0.000326238
-0.0933432
0.118513
-0.00771789
-0.0058291
0.372562
-0.291983
0.323221
-0.343813
0.0116405
-0.221396
-0.00468159
-0.00189311
-0.0413587
0.106829
-0.21375
0.212671
-0.357207
0.00081725
0.364856
-0.36087
0.37571
-0.384585
0.00160293
0.378885
-0.389019
0.403486
-0.403322
0.00150495
0.394378
-0.398345
0.411195
-0.410965
0.000937477
0.401417
-0.404079
0.416295
-0.416361
0.000806032
0.406835
-0.410144
0.422445
-0.421377
0.0010575
0.411837
-0.417231
0.429942
-0.425243
0.00139975
0.415012
-0.423514
0.436302
-0.421688
0.00180824
0.409627
-0.424462
0.42801
-0.233026
-0.00107714
-0.017638
0.00745204
-0.00698197
-0.000422349
0.00270089
0.00361364
2.91828e-05
0.4355
-0.231969
0.00191515
0.276645
-0.0378522
-0.011443
0.00948206
-0.0137288
0.234233
-0.428861
0.00249995
0.00191126
0.00536761
0.00344364
0.00181979
0.000809154
5.80739e-05
-0.00107806
-0.00271035
0.00401999
-0.00145035
-0.10134
-0.107944
-0.107994
-0.101574
0.0207762
0.0357396
0.0225179
-0.136436
0.0715166
-0.144637
0.0358223
0.020818
0.0225649
-0.14294
0.0497569
0.136767
0.0882715
-0.136381
0.0716658
0.148467
0.20732
0.218989
-0.358936
-0.358124
-0.385424
0.279966
-0.347821
0.319948
-0.343442
0.333298
-0.344466
0.340048
-0.349084
0.344159
-0.357773
0.346453
-0.370463
0.347068
-0.383338
0.344133
-0.0751115
0.165748
-0.0511905
-0.00818458
0.297938
-0.353004
0.00414633
0.314711
-0.34991
0.00215993
0.321306
-0.339848
0.00122573
0.322521
-0.331049
0.000599982
0.319569
-0.325913
-0.000396876
0.311678
-0.324433
-0.00212845
0.293991
-0.328397
0.00787465
0.245321
-0.0226504
0.245108
-0.328923
0.00788855
0.281427
-0.383209
0.153746
0.254141
0.189931
0.177788
-0.338058
0.222067
-0.316371
0.280496
-0.311496
0.299577
-0.312734
0.307578
-0.317956
0.311072
-0.327941
0.312194
-0.339892
0.310718
-0.340832
0.300021
-0.0487532
0.120193
-0.134879
-0.00173134
0.411449
-0.499281
0.00933918
0.446311
-0.481909
0.00490473
0.449012
-0.4595
0.00217243
0.444277
-0.446328
0.000841155
0.439965
-0.440001
-0.000492166
0.435782
-0.436971
-0.00152448
0.425972
-0.438703
0.0099746
0.377311
-0.435659
0.152829
0.354983
0.315436
-0.158359
0.301024
-0.0714299
0.0566109
0.360549
-0.312055
0.291481
-0.274864
0.440301
-0.387658
-0.00306767
-0.433151
0.369482
-0.377532
0.0110812
0.397462
0.0177439
0.00766927
-0.112419
0.0110234
-0.00902596
0.0058994
-0.00215769
-0.000769632
0.3634
-0.364103
0.364807
-0.379842
6.76818e-05
0.392757
-0.396301
0.40217
-0.403486
0.00029704
0.408318
-0.408579
0.415142
-0.412927
0.000365297
0.423065
-0.415278
0.429312
-0.409825
-0.0006639
0.00056912
0.000939007
0.00310022
0.00173498
0.00115728
0.426891
-0.414688
0.00217943
0.490495
-0.487614
0.436754
-0.405698
0.00423629
0.492895
-0.471596
0.300678
-0.210171
-0.338651
-0.0232077
-0.00490586
-0.122363
-0.0315341
0.00919583
0.22223
0.289181
0.022838
-0.466885
0.352859
0.00332824
-0.390893
0.355627
-0.000947942
-0.363736
0.35646
1.95137e-06
-0.348015
0.352123
-0.00260187
-0.34507
0.363287
-0.00629397
-0.327166
0.36914
-0.0232305
-0.290819
0.0942398
0.141762
-0.175121
0.00138721
0.286323
-0.244409
0.28675
-0.281096
0.286356
-0.284377
0.4627
-0.405575
-0.000967108
-0.462169
0.402762
-0.400253
-0.00240501
0.455435
1.34701e-05
-0.0011004
-0.000712727
-0.0262182
0.00543506
0.0364045
0.0396622
0.0161267
0.00704174
0.0229259
0.0162011
-0.0208449
0.337631
0.108232
0.0235123
0.0808341
0.0171377
0.00497312
0.00347881
0.00135912
0.000872533
0.000762802
0.000600601
-0.259394
9.95462e-05
0.265423
-0.263823
0.287869
-0.287629
0.293479
-0.291132
0.478663
-0.413705
0.000757229
-0.472576
0.416902
-0.409925
-6.80504e-05
0.469491
0.000971632
0.000822982
-0.000212668
-0.00256871
-0.00235376
0.00344836
0.00250763
-0.000274298
0.0120118
0.00861246
0.269382
0.00118028
-0.0123189
-0.000641687
-0.0186081
0.00201736
0.17777
0.339363
0.623748
0.0652085
-0.00942579
-0.00414379
-0.0167256
-0.345623
0.00137393
0.322349
0.293394
-0.324592
-0.00210865
-0.342184
0.00229419
0.335374
0.311173
-0.325739
-0.000360175
-0.344462
0.00188822
0.340994
0.319568
-0.330739
0.000660755
-0.350444
0.00555398
0.3433
0.323552
-0.339758
0.00134922
-0.361025
0.0164616
0.341534
0.324758
-0.351272
0.00237159
-0.375084
0.0412087
0.33272
0.323493
-0.359376
0.0044743
-0.383314
0.0938267
0.315342
0.315319
-0.0600067
-0.007934
-0.0696086
0.839055
-0.376868
-0.385092
0.62028
0.161409
0.0664293
-0.573543
-0.119054
-0.0698299
0.292225
-0.305127
-0.00535361
0.00667717
-0.0390299
-0.0467876
-0.00512525
0.0124343
0.00720081
0.00250992
-0.00416294
0.00137397
0.00284431
0.000836041
0.000135955
-0.000653641
-0.00234561
-0.00453475
-0.0157496
-0.00843041
0.219578
-0.219664
0.00264114
0.00141993
-0.223121
0.219844
-0.000519192
0.000914747
-0.000993319
-0.0166524
-0.0105508
0.0398665
0.00431324
0.0458761
-0.0162693
-0.0199527
1.92545e-05
0.073498
-0.0854439
0.085792
-0.0732186
-0.0741226
-0.0633581
0.00236665
0.0850762
0.0765518
-0.07641
-0.00227874
-0.085716
-2.00883e-06
1.69582e-05
0.00543185
0.0153566
0.013741
-0.0306775
0.000488222
-2.42093e-05
0.000672654
0.00236367
0.0062043
0.00267359
0.0230571
-0.019555
-0.00286637
0.012354
0.284498
-0.26156
0.301623
-0.298954
0.308526
-0.00767046
-0.274142
0.00714751
0.304495
-0.00138223
-0.0139519
0.00282413
0.00195718
0.00387867
0.00458427
-0.00334462
-0.046539
0.159504
-0.0714709
-0.303671
-0.0389456
-0.0376388
-0.604293
-0.166857
0.0213025
-0.24446
0.180472
0.00833711
0.0100798
0.218444
0.183214
0.025543
-0.0205329
0.242815
0.218229
0.0275126
-0.0247252
0.220369
0.24884
0.025646
-0.0568899
0.182848
0.253986
-0.0881637
0.133284
-0.116174
0.124171
-0.490085
-0.266089
0.0477559
-0.120976
0.261473
-0.0158097
-0.428343
0.227192
-0.0045216
-0.269705
-0.266729
-0.387488
0.161059
-0.212463
-0.136437
0.235438
-0.484114
-0.0552058
0.3388
-0.413692
-0.0115232
0.358255
-0.374246
-8.30437e-06
0.356893
-0.356875
0.00112097
0.351659
-0.350032
0.00139739
0.3484
-0.346542
0.00488388
0.347837
-0.342357
0.0208872
0.357041
-0.305628
0.0858398
0.296274
-0.165248
0.314035
0.354703
-0.440088
0.376082
-0.442845
0.0103701
0.22135
-0.338224
0.152655
0.176929
0.191533
0.254117
0.218552
0.153635
0.29604
0.176352
-0.00176
-0.0263806
-0.0154279
-0.0100674
-0.0068214
-0.0124871
-0.00704592
0.000899033
0.00529071
0.26894
-0.262283
-0.000256827
0.000225788
-0.000318364
6.62645e-05
-0.466403
0.409215
0.000220245
0.408541
-0.412301
0.000459269
0.414714
-0.418137
0.00108436
0.420589
-0.424851
0.00193187
0.424867
-0.429835
0.00246559
0.419268
0.00272137
0.00528826
0.000780335
-1.7988e-05
-0.00123198
-4.14519e-05
0.000380466
0.00040682
0.000350128
0.00022596
0.000170315
0.000216029
0.00208393
0.00591071
-0.21388
0.00318855
0.0105971
-0.000562713
0.000355902
0.000542137
0.000334722
-7.8695e-05
-0.000793762
-0.00193778
-0.00281149
0.0103556
-0.00294239
-0.00778507
-0.0102089
0.203523
-0.217248
0.274173
0.000391439
-0.0369928
0.0309046
0.101616
0.000566777
-0.0903605
0.0850317
0.0871593
0.000314048
-0.0966369
0.0906889
0.0778633
1.33794e-05
-0.121412
0.115473
0.107985
-0.00206993
0.135549
-0.142719
0.139164
-0.149891
-0.0138528
-0.0823102
0.119417
-0.00986652
-0.113636
-0.00242743
-0.000760685
0.407063
-0.00140869
-0.409462
0.237962
-0.00829257
-0.246092
0.246551
-0.00536623
-0.258413
0.412419
-0.00388801
-0.412259
0.402154
-0.400287
0.398004
-0.407641
0.000977542
-0.408531
0.403148
-0.000800269
-0.246257
-0.00903522
0.248416
-0.211334
0.00190623
0.372082
0.132882
0.389973
0.142694
-0.199577
0.304322
0.0286371
-0.264222
0.284377
0.0063241
-0.273117
0.27507
0.00187805
-0.269891
0.27153
0.000692736
-0.269771
0.266855
-0.000837838
-0.267523
0.265202
-0.00606007
-0.271782
0.250529
-0.0284586
-0.286511
0.187103
-0.13592
-0.36255
-0.109723
-0.339321
0.221791
0.0207619
0.0110838
0.141703
0.0331769
-0.218197
-0.179789
-0.0499747
-0.139092
-0.0901576
-0.0704189
-0.154058
-0.0769483
-0.0817642
-0.153029
-0.224104
-0.232241
-0.153431
0.381376
0.0210605
-0.224699
-0.00807426
0.308501
0.362978
-0.00395137
-0.268288
0.00151598
0.300566
0.445838
0.00416808
-0.440813
0.000442943
0.446491
0.000966491
-0.446104
0.00138118
0.448874
0.000499469
-0.451692
-0.00075541
0.452048
0.000379137
-0.458139
5.39815e-05
0.455182
-0.00108756
-0.466338
-0.0038018
0.452928
-0.00680824
-0.477033
-0.0165417
0.00249817
-0.293029
0.476147
0.00298275
0.304105
0.00031414
-0.294094
0.481051
-0.000182965
0.296325
0.000351574
-0.292922
0.478253
-0.000149581
0.292365
1.6482e-05
-0.289606
0.47413
7.3258e-05
0.288405
0.000655123
-0.287988
0.470229
0.000287061
0.286272
0.000285046
-0.286222
0.466767
0.000489033
0.282234
0.000608677
-0.287771
0.46129
-0.00127547
0.277969
0.00016387
-0.292998
0.438402
-0.0172857
0.314187
-0.0561048
0.0722048
-0.356468
-0.314332
0.164
-0.300013
-0.0879147
-0.0606008
-0.626972
-0.341325
-0.299518
-0.212717
-0.153841
0.341726
0.395269
0.0287196
-0.212884
-0.0102622
0.448446
0.013262
-0.430148
0.00517417
0.00285137
0.00657234
0.0170762
-0.295218
-0.0141493
0.143541
-0.0211053
-0.0203764
-0.0386797
0.137282
-0.0453846
0.0186984
0.0164293
0.000432466
0.00123808
0.00112958
0.000664891
0.000568079
0.000179239
-0.00222238
-0.00160953
0.393594
-0.45624
0.00175584
-0.00234455
-0.00441669
-0.000318525
-0.373866
-0.000377847
0.381649
-0.399594
-0.000383099
0.400253
-0.407245
-6.01446e-06
-0.000105617
-0.000971249
-0.000450635
-2.33487e-05
0.000729263
0.000677359
0.000583476
0.000376292
0.000244759
0.000153287
0.00112143
0.00173418
0.000675265
0.378686
-0.382136
0.347252
-0.350273
0.352385
-0.353091
0.002026
-0.183791
0.000173413
0.173318
0.00627482
-0.192934
-0.000606257
0.146611
-0.0149303
-0.0119863
0.0548631
0.0024514
-0.0595653
0.438632
-0.00577955
-0.276364
0.000726765
0.283953
0.36974
-0.00229455
-0.293025
-2.30606e-05
0.298323
0.360855
0.000494609
-0.299456
-0.000512067
0.298592
0.365236
0.00284658
-0.305923
-0.00114987
0.295903
-0.312634
-0.00171499
0.282051
-0.323701
0.0120544
-0.00930018
-0.00234903
-0.000870769
-1.32821e-06
0.000272917
0.000523088
0.00134638
0.00277759
-0.00408938
0.00125819
0.101478
0.106896
0.108179
-0.0321619
0.146181
-0.0152408
-0.0158322
0.150153
-0.0283975
0.136953
-0.0441915
0.00539718
-0.0121832
0.0117421
-0.00293445
0.00266797
-0.00214732
-0.359856
0.00950858
0.0106128
0.00227115
0.000133618
-3.6611e-05
-0.076283
0.0756654
0.00238682
-0.0643394
0.0987066
-0.0201278
0.00847266
-0.00333599
-0.0038761
-0.0191355
0.142299
-0.354443
0.02141
-0.238034
-0.00994773
0.301913
0.370717
-0.00857358
-0.273259
0.00216171
0.358743
-0.00631542
-0.284734
0.000789094
0.299032
0.361988
-0.0012984
-0.294877
-1.46657e-06
0.29919
-0.300552
-0.000619834
0.299151
0.000932024
0.000527234
0.000151337
-0.000161913
-0.00106733
0.00866554
-0.00570471
-0.000250861
0.00234905
4.18786e-05
-0.00217597
-0.0102404
-0.00862156
-0.00235647
-0.00234319
0.00206039
0.00598875
0.000986257
0.00518815
0.00124427
0.00320314
-0.00911969
-0.012784
-0.0261809
-0.0289427
-0.0607854
-0.0511007
-0.0307666
-0.117598
-0.364968
0.0310214
-0.564979
-0.415527
-0.298948
-0.198765
-0.179127
0.0707407
-0.160831
-0.0153637
0.0378966
0.0016361
-0.00598198
0.193203
-0.228129
0.279294
0.00264112
-0.0328286
0.0519786
0.118454
0.00497846
-0.0807154
0.110748
0.110978
0.00541485
-0.0865458
0.114489
0.103871
0.00409333
-0.115738
0.129349
-0.00615114
0.00374564
0.0179394
0.0779179
-0.334219
-0.484692
0.00598607
0.451567
0.0127927
0.00932489
0.291668
0.00181998
-0.478535
0.487206
-0.000691793
-0.463409
0.272418
-0.310838
0.27677
-0.0312872
-0.291796
0.0155145
-0.326147
0.454172
-0.397841
0.411169
-0.00137171
-0.412144
0.000751144
0.408474
-0.00122224
-0.410117
0.000241336
0.411957
-0.00120963
-0.41367
0.404575
-0.465629
0.0270598
-0.324702
0.444566
0.0208065
0.0108329
-0.123461
0.133824
-0.138117
5.32362e-05
-0.114571
0.105255
0.00748441
-0.130854
0.0932193
-0.106576
0.00505106
0.191851
-0.115156
0.0705256
0.0174308
-0.135243
0.106389
-0.00212083
-0.00229301
-7.20549e-05
0.00443299
0.00273103
0.00139548
0.000607854
-8.41406e-07
-0.00104905
-0.0026449
0.00404994
-0.00126055
0.0636094
0.0731983
0.000134648
-0.0173399
-0.0107197
0.137851
0.0499256
-0.117037
0.0601792
0.0777622
-0.122521
0.00398883
-0.141797
-0.0110105
-0.0330875
-0.114565
0.179561
0.218415
0.0114049
0.0400806
-0.00974042
0.00547798
0.0958342
-0.102987
-0.00124605
-0.108051
0.10775
0.102987
-0.0957893
-0.000656248
-0.130647
-6.30582e-05
0.130604
3.02128e-05
6.82337e-05
-0.00238156
0.00777289
0.00351232
0.0582322
0.623163
0.339016
0.174476
-0.00170807
-0.0236159
-0.0139085
-0.00844763
-0.0113627
-0.0231809
-0.0475042
-0.05166
-0.104461
-0.115604
-0.245907
-0.414406
-0.369286
-0.372421
0.158013
-0.246877
-0.0971603
-0.105317
-0.323511
-0.423844
-0.376644
-0.376253
-0.381056
-0.375006
-0.425371
0.160233
-0.0441968
-0.13069
0.506537
-0.157895
-0.305283
-0.297209
-0.0783144
-0.0970651
-0.225959
-0.237241
-0.0605702
-0.0937771
-0.0216407
-0.00632624
-0.000399137
0.00075581
0.000801503
-0.000250427
-0.00378352
-0.00449309
-0.0175598
-0.0072155
-0.00325834
-0.00604577
-0.00434025
-0.00585122
-0.012804
-0.0310561
-0.0111508
-0.0110274
-0.0129522
-0.00570775
-0.00109524
0.000447372
0.000267183
-0.000696289
-0.000588382
-0.00297849
0.27973
0.422616
-0.438803
0.432758
-0.439964
-0.000245367
0.298601
-0.311974
-0.00117975
-0.00263507
0.00128263
0.00471625
-0.316874
0.0144505
-0.143918
0.0887755
-0.0276954
-0.00858423
-0.0102055
0.0131708
-0.1237
0.0971613
-0.000728474
-0.000349286
-0.000357006
8.05885e-05
0.0633606
-0.0021786
0.000274772
0.000270613
-0.000179733
-0.0400521
0.000206368
0.0165999
0.0102973
0.0135964
-0.0112987
0.00949584
-0.000152901
0.000985881
-0.0399415
0.123447
0.122533
-0.0774775
-0.0130796
-0.0613554
0.117739
0.0103381
0.00228709
5.29842e-05
7.41614e-06
-0.00234146
-0.00213231
-0.00219186
-0.000490164
-0.00953062
-0.000888766
-0.00212035
0.000559272
0.00472448
0.000894525
0.00292269
-0.312795
0.306492
0.438054
-0.444698
0.443037
-0.454148
0.00163577
0.3097
-0.317169
0.000692914
6.95058e-05
-2.50435e-05
0.000599325
0.00105922
0.00297992
0.00210867
0.00493033
0.00261879
0.00579632
0.0060917
0.0149779
0.012959
0.0137941
0.00611867
0.0835265
0.00121349
0.00204909
0.000970959
0.000240585
-0.000692134
-0.00254302
-0.00281841
-0.00108081
-0.00102293
-0.000628679
-0.000136668
0.000102843
0.000279389
0.000385873
0.00034282
0.000204283
-0.000948226
0.0013031
0.00123111
3.64638e-05
0.000154843
0.000279534
0.000447448
0.00076416
0.000942784
0.000839379
0.00167241
0.00205554
0.00144916
0.00322656
0.00434701
0.00357166
0.0218221
-0.0289065
-0.0407592
-0.00785751
0.00451304
0.00602654
0.00596817
-0.100129
-0.00172347
-0.00098617
-0.00148768
-0.0097903
-0.00378329
0.213162
-0.00279717
-0.282753
-0.00206226
-0.012779
-0.261911
-0.0114224
-0.0154284
-0.164964
-0.0739915
-0.126907
-0.314964
0.0306886
0.0802175
0.00537776
-0.00423575
-0.00357131
-0.00662222
0.00181474
-0.190871
0.27075
0.00190624
-0.0596551
0.0263935
0.0937031
0.000459476
-0.116818
0.074231
0.0752773
-0.000524368
-0.120849
0.07948
0.0662976
-0.00126958
-0.110773
0.0252201
-0.150717
0.0670236
0.106073
-0.146149
0.0440969
0.0215286
-0.00884889
-0.00194173
-0.000668675
0.000185055
0.000344164
0.000490976
0.00125045
0.0022971
0.0028727
0.00272375
0.00408541
0.389048
-0.390074
0.00177952
0.39355
-0.395213
0.355319
-0.357119
0.359244
-0.362572
0.0014088
-0.187793
-0.000764487
0.182951
0.001382
-0.184052
-5.11854e-05
0.180883
-0.00102432
-0.000598202
0.0585303
0.00101675
-0.0585808
0.441913
8.12989e-05
-0.284263
-0.000402208
0.288472
0.372613
0.00224449
-0.302559
-0.0011471
0.359273
0.00735456
-0.311657
-0.00291761
0.281548
0.357495
0.00657645
-0.388395
0.00838714
-0.322813
-0.384592
0.00870381
0.34741
0.288936
-0.317282
0.0092792
-0.00870585
0.00337107
0.00192385
0.00122835
0.000506063
-0.000291375
-0.00130005
-0.000638874
6.55637e-05
0.000635645
0.000371988
0.00057813
0.000227916
0.397817
-0.400966
0.0017805
0.402527
-0.408432
0.365299
-0.368073
0.37508
-0.364994
-0.0139572
-0.19074
-0.00577733
0.193461
-0.0011457
-0.194213
-0.00238478
0.18582
-0.0023775
0.00228687
0.0667335
0.00469727
-0.0537069
0.448527
0.00229182
-0.285737
-0.00291394
0.294193
0.35487
0.00596361
-0.398644
0.00991249
-0.283135
-0.505765
-0.00184766
0.434367
-0.0294543
0.164969
0.00103108
0.119089
0.0761294
0.0441591
0.0283715
0.222811
-0.140829
-0.01247
0.00665806
0.000780957
6.04743e-05
0.000290841
0.000312748
-0.000509093
-0.0045204
0.00158986
0.254657
-0.182654
-0.295614
-0.0675532
0.056161
-0.145223
0.465515
-0.214527
-0.262106
-0.253673
-0.148389
0.349722
0.386713
0.0202136
-0.239635
-0.00886478
0.359015
-0.00756704
-0.268111
0.00234688
0.301193
0.361241
-0.00423718
-0.286433
0.000592227
0.299001
0.00101995
0.00136425
-0.352453
0.00508988
-0.338007
0.0317948
0.0325116
0.00127607
-0.187469
-0.313872
-0.21896
-0.154784
-0.326425
-0.115415
-0.0586188
0.0342151
0.00970908
0.443217
-0.00677615
-0.268373
0.00173234
0.28623
0.369061
-0.00663648
-0.285802
0.000766908
0.35958
-0.00214539
-0.293587
-4.74329e-05
0.298803
0.363578
0.000663349
-0.365535
-0.00100039
-0.000214417
-0.359899
0.00762131
0.00776952
0.0187376
0.00502093
-0.331618
0.014752
-0.267182
0.00129952
-0.0492241
-0.0764914
-0.0203643
0.0215549
-0.00881593
-0.409602
-0.000551399
-0.00276163
0.058066
0.00105751
0.439289
-0.001984
-0.280788
1.20593e-05
0.285069
0.3713
0.000203994
-0.298034
-0.000392883
0.361718
0.00308364
-0.304975
-0.00135176
0.29489
0.364893
0.00633894
-0.378648
0.00135758
-0.000628108
3.31338e-05
0.000299743
0.000331816
0.000238837
0.000149739
7.887e-05
-0.00108507
-0.00281898
-0.000645881
-0.000736513
-0.000943025
-0.000101794
0.00041809
0.000661821
0.000848525
0.000227588
0.000307551
-0.000166819
-0.000202432
-0.00100744
-0.000506169
0.397717
-1.14956e-05
-0.397558
0.4009
4.14001e-05
-0.406258
0.406473
-0.400398
0.404315
-0.000576457
-0.411966
0.405505
-0.401957
0.397282
-0.00176147
-0.404974
0.385779
-0.384413
0.384784
-0.385942
0.0017264
-0.397561
0.405618
0.000922315
-0.404498
0.000675759
-0.40586
0.412785
0.000558528
-0.412405
0.000242809
-0.410501
0.416685
-0.410809
0.411135
0.000111779
0.408026
-0.407436
-0.000140013
0.412298
-1.62849e-05
-0.415826
0.41023
-0.407312
-0.000901734
-0.464282
0.286071
-0.000392822
0.457911
-0.00219613
-0.459098
0.287335
0.00122348
0.443849
-0.389692
0.373291
-0.00135805
-0.379695
-0.000441093
0.370412
4.16505e-05
-0.37031
0.000833016
0.379994
0.00138882
-0.373377
0.390662
-0.445052
0.00315879
0.0047053
0.00428363
0.0157883
0.0107564
-0.222424
0.229406
-0.226031
0.225983
-6.70328e-05
-0.000665074
-0.000633376
-0.229387
0.222282
-0.0108732
-0.00626554
0.118841
-0.132734
0.000465732
-0.000869603
0.36932
-0.373897
0.374117
-0.3695
0.381889
-0.402028
-0.010927
-0.00417772
-0.118836
0.0062464
0.132673
-0.00547597
0.00244752
0.00235044
7.37459e-05
0.000129205
0.000188879
0.000215119
0.000176353
-0.412369
7.64278e-05
-0.41469
0.415095
-0.419469
0.414703
0.00014114
0.417759
-0.411659
-0.000120159
-0.467773
0.287378
5.84843e-05
0.464521
-0.285425
-0.000171487
-0.260149
0.265535
0.00222339
-0.262984
0.268322
0.00315019
-0.26461
0.275096
0.00632069
-0.265627
0.284592
0.00533384
-0.272003
-0.00982419
-0.000468593
-0.00188961
0.00197542
-0.000191734
0.00091988
-0.000579707
0.000116305
-0.00122266
0.00109904
0.00478042
0.268583
-0.28187
-0.000516639
-0.24906
0.28244
0.0274082
0.0112141
-0.000700465
0.0109773
-0.186691
-0.000350165
0.292922
0.0170584
-0.437151
-0.00281111
-0.00436375
0.022899
0.0157059
-0.0207875
-0.221471
0.338643
0.109945
0.360373
0.133918
0.0762072
0.0182675
0.0555289
-0.314125
0.401471
-0.381232
0.0108923
0.00181542
-0.0173002
-0.00461129
-0.00238554
0.00697369
0.00171441
0.00081273
0.000973401
0.000646094
-0.471999
0.289861
-0.288878
0.470292
5.59118e-05
-0.000690203
-0.00208383
-0.000452597
-0.000575279
2.79334e-05
0.00019227
0.000816161
0.000549616
-0.415667
6.43918e-05
-0.422541
0.419086
-0.476573
0.292489
0.00131128
0.47697
-0.293663
0.00258123
0.000116266
-5.05402e-05
-0.000972449
-0.00485483
-0.00321567
0.309356
0.448008
-0.469562
0.0389475
0.00668399
0.00301606
0.0113614
0.00513323
0.0127255
-0.325113
0.01125
0.0311697
-0.3342
0.00325753
0.00149888
0.00104397
0.00193131
0.00300227
0.00411294
0.00190415
0.00120534
0.000690715
0.000520209
0.000409173
0.000600378
0.00079531
0.000560169
0.000440242
0.000571803
0.000696795
0.000579715
0.000968073
0.00102696
0.000547452
0.00133025
0.0010349
0.00144096
0.00106946
8.64179e-05
-0.000827922
-0.00028233
0.00200087
0.00373771
0.000325594
-0.021251
0.00255189
0.000562151
0.000892626
0.00110757
0.00124761
0.00105656
0.00221396
0.00135996
0.00256761
0.00141764
0.406201
-0.416846
0.00225103
0.403283
0.00678556
0.00133271
0.003331
0.0175038
-0.0665661
0.167794
-0.134121
0.282814
0.0413103
0.192031
-0.15528
0.126102
-0.135172
0.0862395
0.0982503
-0.147574
0.0337455
-0.154156
0.0911243
0.0946487
0.185226
-0.00868024
-0.00242061
-0.0235482
-0.00116612
-0.106603
-0.00168403
-0.000728077
0.000645992
0.000873518
0.00164166
0.000968703
0.000649703
0.000839677
0.000641568
0.00015011
0.000588181
0.000326485
0.00250276
0.00126888
0.000617398
-0.445634
0.445972
0.00137775
-0.28657
-0.00126325
0.293561
0.370019
0.00542558
-0.307609
-0.00249639
-0.375817
0.00199915
0.0012675
0.000182985
0.000447143
0.000218982
0.00255719
0.000602895
0.00028237
0.000453104
0.000427969
0.000392183
-0.00027288
-0.00109398
-0.00274421
-0.326014
0.00549206
0.301036
0.0169248
0.310614
-0.274231
-0.29883
0.352654
-0.236226
-0.222419
-0.184421
0.00237876
0.00153893
0.00131818
-0.354449
0.0129989
-0.00184623
-0.0578797
0.00065209
0.00596023
-0.00106376
-0.437641
0.000870438
8.27773e-05
0.0598423
0.00202536
-0.0586536
-0.000254887
0.00382192
0.00270561
0.00316917
-0.000252625
-0.365465
-0.000148974
-0.355726
0.00262774
-0.000980788
-0.372552
-0.00090197
0.299323
-0.00134759
-0.00221265
-0.379347
0.00520739
-0.456801
0.0193643
0.0125682
0.0937832
0.00966956
-0.474757
0.0320456
0.00337079
0.00598325
0.0292359
0.184717
0.43718
0.227171
0.334097
-0.0171772
-0.0054775
-0.387612
-0.00922702
-0.0203604
0.0121308
0.225288
0.32502
-0.0177814
-0.00622421
-0.00238286
0.298255
-0.368611
-0.0038549
0.00182109
-0.0151727
-0.0290293
0.00231297
0.207997
0.327365
-0.0187141
-0.00657932
-0.00265023
-0.371449
-0.00280716
-0.00108412
-0.000589658
0.00272167
0.00512456
0.00183527
-0.0234857
-0.00635959
0.000947259
-0.00110371
-0.00461084
-0.0048867
-0.00780357
0.000458747
0.189921
0.366503
-0.0682148
0.0600009
0.0267483
0.0325252
0.00878346
-0.00209602
-0.00081023
-0.000201522
7.35698e-05
0.000254363
0.000697146
0.00221058
-0.000112965
-0.000141231
-0.000964982
0.00144486
0.000812205
0.000899249
-0.00172895
-0.0169345
-0.0235961
-0.00723701
0.00249525
0.00255456
-0.459655
0.403152
0.00121476
0.00126549
0.00126949
0.0024198
0.00298517
0.00285062
0.000655569
-0.00772563
0.113859
-0.381803
0.0194758
0.00118399
0.00101058
0.000581753
0.000567189
0.000986113
0.000345915
0.000358105
0.000322946
0.000500232
0.000182216
0.000239036
0.000234885
0.000881618
0.000872693
0.418275
-0.000146351
-0.417952
0.420572
-0.000623702
-0.418909
0.418636
-0.420103
0.426488
-0.000390546
-0.422926
0.421456
-0.418501
0.00157132
0.484623
-0.301244
0.00541583
0.00230732
0.00206339
0.00139139
0.00025281
-0.00994642
-0.0177137
-0.0357473
-0.0832022
0.0042878
-0.0355706
-0.0118814
-0.00354045
0.00476006
0.00407363
-0.000413913
9.2654e-05
0.000949397
0.000495431
0.422566
-0.416649
0.417304
-0.422391
-0.000151491
-0.418236
0.423135
-7.4019e-06
-0.426657
-0.000635306
-0.420339
0.423191
-0.00024665
-0.427271
0.420493
-0.484706
-0.00149596
-0.00237167
-0.00100064
0.000306357
0.000578502
0.00217295
0.00503808
0.0205248
0.0835212
-0.0268971
0.846994
-0.0203884
-0.0044083
-0.0155086
-0.149533
0.030461
0.0857104
0.00741135
-0.00125467
-0.0832281
-0.00139683
0.00251861
0.00606946
0.00039331
0.000478538
0.00658955
0.00352286
-0.262567
0.217187
-0.00877201
-0.00609009
-0.000507652
0.0444641
-0.0102168
0.036771
0.0589958
0.0957132
0.189885
0.0467809
-0.121626
0.0479693
-0.153874
0.037649
0.0207263
-0.116238
0.00664604
-0.00234505
0.00026734
-0.000567952
1.97319e-05
0.00216899
-0.00103857
-0.00234118
-0.000362786
-0.00273058
-0.000933572
2.22171e-05
-0.000134233
0.000182439
-6.66278e-05
-0.000142839
-0.000851628
4.4852e-05
0.00120439
0.00243933
0.00981709
0.106105
0.445935
0.0254458
-0.0783136
0.286423
-0.00376085
-0.0603463
-0.0206762
-0.0300013
0.840775
-0.0162121
-0.00464512
0.00538647
0.00210933
0.00530191
-0.0753384
-0.00166271
-0.00177841
-0.0162294
-0.150582
-0.129292
-0.0783361
-0.304438
0.0311088
0.0757281
0.00384955
-0.00427466
-0.00449161
-0.00240759
-0.0929151
-0.00461756
0.0446126
-0.0269148
0.0475054
-0.00271123
-0.0847942
-0.00502533
-0.00274927
-7.67418e-05
0.00525377
0.0195844
0.00279126
0.00359486
0.0182628
0.0178067
0.000995871
-0.00174321
-0.000437898
0.00102349
0.0029296
-0.00134761
-0.00104637
0.013682
0.318115
0.0145597
0.000314793
0.00159669
0.000227088
-4.76895e-05
-0.000295523
-0.00151921
0.00107708
0.408585
-0.466231
0.00121604
0.000617491
0.000400761
0.000465829
-0.471344
0.412861
8.44437e-05
-0.414505
0.420255
-0.417701
0.00033638
0.413007
0.000301032
0.000127337
1.51759e-05
-5.99124e-05
0.000513046
0.000969183
0.000203708
8.72173e-05
-0.00019671
-0.000918335
0.0014913
0.425182
-0.41939
0.419142
-6.76601e-05
0.000106136
0.00019723
0.000179348
-2.48861e-05
0.417001
-0.476664
-9.2567e-07
-6.61897e-06
0.000295957
-0.000678602
-0.00063722
-0.482147
0.42053
-0.000529945
0.000196583
-0.000464179
0.00138405
0.00040725
0.000365683
-0.0118636
-0.0190931
-0.0777067
-0.0123291
-0.00114039
0.000270836
0.000382984
0.000272018
0.000413982
0.0015163
-0.00133772
-0.00149153
-0.000276682
-0.000238154
-0.00185996
-0.00112131
-0.00109556
0.000279498
-0.00173202
0.00129538
-0.00192909
-0.00672627
-0.000585701
-0.00237374
-0.0148389
0.0106761
0.0297154
-0.000412688
0.0011682
-0.416407
0.00312712
0.0133502
0.0860871
-0.00178313
-0.00251573
-0.0185391
-0.175989
-0.108129
0.0246194
-0.00313076
-0.00247424
-0.00196822
-0.0223204
-0.00294203
0.162946
0.0489829
-0.00835487
0.0345633
0.245436
0.0212997
-0.00362125
-0.00641622
-0.00756458
-0.0113407
-0.279872
-0.249011
0.00182728
0.0251561
0.00946602
0.0409051
-0.07731
0.00047011
0.00438274
-0.0115214
0.0005063
-0.362321
0.00606936
0.00188164
0.000458093
-0.000944756
0.000175647
-0.00123376
-0.428852
0.298203
-0.345661
0.0188597
0.184192
0.304414
0.000533445
-0.000486406
0.000809418
-0.0730128
-0.277663
-0.0193238
-0.00450497
-0.00121755
-0.00233355
-0.0815578
0.000612599
-0.276457
0.00704988
-0.267416
-0.00205624
0.0350981
0.0012563
-0.0975818
0.0459719
-0.00978579
0.307331
0.00039293
-0.261232
0.0218019
0.0887645
0.0153085
3.96793e-05
0.00149937
0.000337849
0.00490459
0.296375
-0.481215
0.00164154
-0.154295
0.000243857
0.020966
0.0325331
0.0188438
0.00728883
0.000926459
-0.00560074
-0.0177704
-0.0326529
0.00189721
0.204397
0.244923
0.24304
0.169797
-0.401725
-0.378322
-0.0185166
0.380655
-0.00823226
-0.462644
0.0778476
0.0129875
-0.0538768
0.0586069
0.00389177
-0.0546939
0.0560458
0.00246202
-0.0519562
0.0560611
0.00197041
-0.0510249
0.0545688
0.000241253
-0.0521529
0.0520062
-0.003642
-0.0564837
0.046884
-0.0138124
-0.0742121
0.0278478
-0.0597472
-0.143372
-0.0687318
-0.214668
-0.263561
-0.257801
-0.219244
-0.23334
-0.242625
-0.232129
-0.25069
-0.238335
-0.236795
-0.246795
-0.235972
-0.251912
-0.250209
-0.233339
-0.310364
-0.145468
-0.139917
0.536711
0.0341378
0.302226
-0.149268
0.390991
0.024761
0.347007
-0.153446
0.370195
0.0205995
0.357822
-0.153917
0.366033
0.0212979
0.376611
-0.149015
0.355253
0.022714
0.461693
0.0556742
-0.0396849
-0.295706
-0.00267958
-0.224106
0.144703
-0.195575
0.172499
-0.185567
0.181234
-0.181987
0.185681
-0.182679
0.187776
-0.183091
0.19277
-0.179168
0.205235
-0.153126
0.239226
0.00528148
0.301587
0.212603
-0.0844022
0.237554
-0.221555
-0.0108503
-0.00524629
-0.121947
0.128691
-0.11462
0.211962
0.0286321
0.0343331
-0.00855625
-0.0185075
-0.000369212
0.018753
0.000288415
-0.163191
-0.0662372
0.110622
-0.0711083
-0.093605
0.127095
-0.0114314
0.122106
-0.0204092
-0.00658809
0.104625
-0.191224
-0.24403
-0.312712
-0.392056
0.467056
-0.408954
0.47313
-0.0129294
-0.232398
0.350196
-0.173593
-0.195727
-0.211272
-0.289056
0.42408
-0.315783
0.383888
-0.353163
0.374091
-0.358832
0.366322
-0.355445
0.360182
-0.349303
0.358356
-0.343251
0.362462
-0.338052
0.368675
-0.330802
0.0733102
-0.156682
0.0398386
0.00655337
-0.275539
0.323369
-0.00369667
-0.296913
0.328475
-0.00138271
-0.306964
0.326209
-0.000267934
-0.309957
0.322143
0.000466517
-0.308077
0.319063
0.00129575
-0.302094
0.320332
0.00258326
-0.288099
0.329537
-0.00930885
-0.245365
0.366444
-0.172232
-0.239534
-0.237536
-0.263011
0.406974
-0.172226
-0.261445
-0.237986
-0.24302
0.407554
-0.287863
0.387549
-0.346504
0.377769
-0.356386
0.365717
-0.343743
0.345287
-0.327376
0.32868
-0.313621
0.333332
-0.309406
0.338213
-0.309815
0.0474912
-0.146087
0.101528
0.00416679
-0.275035
0.458897
-0.00335032
-0.417733
0.444784
-0.00256609
-0.427522
0.434563
-0.00462584
-0.437084
0.333184
0.00206029
-0.34371
0.303212
0.00158304
-0.306378
0.301175
0.0017151
-0.291324
0.319787
-0.0125925
-0.259896
0.37275
-0.16976
-0.285837
-0.270369
-0.227018
0.477884
-0.381378
0.461365
0.0075805
0.0300591
-0.154144
0.0474185
-0.0701445
-0.298802
-0.06608
-0.00807072
-0.238624
0.00883436
-0.36448
0.39557
0.00666264
0.336588
-0.386133
0.387666
-0.0181128
-0.319627
-0.0128666
-0.0273696
0.135144
0.113948
-0.028982
-0.211369
-0.198586
-0.146717
0.11388
-0.114722
-0.0611157
0.134514
-0.0233188
0.121969
-0.103332
-0.107383
0.118754
-0.000492141
0.105778
-0.105522
-0.118176
0.108082
0.000643817
0.103731
-0.121898
-0.133917
0.0623636
0.0232895
0.114943
-0.113736
0.0872536
0.147109
0.198669
0.212184
0.0289231
-0.114134
0.128888
-0.00200652
-0.118159
0.123192
8.34659e-05
-0.122938
0.118093
0.00220822
-0.128158
-0.0185436
-0.048635
-0.0343033
0.0078891
-0.00745873
4.26343e-05
-0.00675964
-0.382466
0.382459
-0.382777
0.397003
-0.396968
0.405685
-0.000242302
0.382983
-0.394901
0.383086
0.00160884
-0.382402
3.98275e-06
-1.45958e-05
-9.4606e-06
0.000204025
-0.0074941
0.00751493
4.99882e-05
0.00674196
-0.388036
0.3206
-0.338695
0.365205
-0.00645471
0.236147
0.0132031
0.00686022
0.0676038
-0.0838804
0.0180379
0.235968
-0.215554
0.221707
-0.221575
-0.00163762
0.215244
-0.235255
0.0836245
-0.209617
0.245553
-0.00622901
-0.0868521
-0.0615838
-0.125515
-0.343961
-0.166409
-0.00393205
0.0137009
-0.028606
-0.0162757
-0.0826631
0.0480842
-0.427755
0.446193
-0.429224
0.420861
-7.34735e-05
0.0376524
-0.0638351
0.000953047
0.00798161
0.173725
-0.192512
0.0128478
-0.363774
0.400051
0.00180019
0.355847
-0.397668
0.401211
0.00274508
-0.363722
6.00285e-05
-0.00168617
-0.00580357
-0.00551412
-0.00263923
-0.196867
-0.0162387
0.144896
-0.00812975
-0.00366211
-0.00279712
-0.011349
-0.0109821
-0.0119631
-0.0549301
0.0125249
-0.0039713
-0.204154
-0.340923
-0.325991
0.379006
0.0216183
-0.262085
-0.293999
0.377752
-0.0102792
0.331938
-0.00786174
-0.295663
-0.340381
0.369184
0.00225751
0.321016
-0.00791789
-0.308441
-0.349237
0.359476
0.00116271
0.322757
-0.0103036
-0.318055
-0.343691
0.34897
0.000409364
0.333265
-0.0142282
-0.324396
-0.333624
0.343169
-0.000673586
0.342046
-0.0162718
-0.324213
-0.3251
0.345541
-0.00140221
0.345829
-0.0283099
-0.313502
-0.319689
0.349797
-0.00308361
0.34219
-0.0697439
-0.288407
-0.311582
0.0616222
0.00713708
0.0521565
-0.782223
0.353181
0.34131
-0.737946
0.0179413
-0.0145659
0.12285
0.0139632
-0.242895
0.228554
-0.19947
-0.0052884
0.383451
-0.347801
0.00169342
0.353791
-0.314195
-0.000451611
0.294813
-0.0166862
-0.127315
0.23826
-0.332937
0.0362197
0.000701343
-0.0305838
-0.3924
-0.000105618
-0.061671
-0.0287378
-0.0190715
-0.203428
0.0316993
0.057718
0.169233
-0.272481
0.294172
-0.476371
0.408205
-0.00789752
0.444732
-0.404725
0.408408
0.00210612
-0.390118
-0.111637
-0.0307167
0.00158318
0.00321361
0.000359769
-0.00128219
-0.00469374
0.00453969
0.00786448
-0.033349
-0.00134742
0.000162827
-1.47321e-05
-1.357e-05
0.000163465
0.000684779
0.000827989
0.00653613
0.000425023
-0.00654866
-0.00716247
0.0348918
0.261191
0.0107918
-0.189811
0.11529
-0.0180609
-0.275579
0.255854
-0.300141
0.289917
-0.308053
0.272447
-0.442745
0.37608
0.00319964
0.474648
-0.417584
0.402916
-0.00145389
-0.471204
0.00182624
-0.00422701
-0.00253562
-0.0284254
0.023545
0.00801377
-0.0167692
-0.0200434
-6.3395e-05
-0.000203355
-0.00693616
0.00347839
-0.00672772
0.00392191
0.026632
0.0138669
0.0103829
0.0178437
0.0231204
0.0401137
0.0204916
-0.00446389
-0.0282864
-0.302552
0.25459
0.0393991
-0.105924
-0.206866
0.00927053
-0.10239
0.38999
0.0746463
-0.000713107
0.0247455
-0.0946426
0.199875
-0.0181683
0.392129
-0.414249
-0.00209106
-0.397806
0.382374
-0.386307
0.397206
-0.00190622
0.403256
-0.415257
0.408679
-0.0013872
-0.399524
-0.000527504
-0.409654
-0.00333105
0.410785
-0.00240578
-0.410072
0.399035
-0.00188615
0.413851
-0.410845
0.40527
-0.404148
0.413002
-0.000870356
0.40519
-0.416654
0.415461
-0.000407439
-0.405804
-0.000160037
-0.407633
-0.000867282
-0.414135
-0.000550856
-0.417414
0.468942
-0.00174873
-0.00232716
-0.00356704
-0.00176098
0.34477
-0.391496
0.000754068
-0.416199
0.407431
-0.406891
0.417196
-0.000387523
0.407419
-0.419302
0.416949
-0.000645788
-0.406662
-9.9069e-05
-0.406839
0.000635725
0.418085
-0.000273132
-0.416212
0.406759
0.000771609
0.417567
-0.405253
-8.94861e-05
0.405575
-0.418423
0.000736829
-0.396101
0.400651
-0.361792
0.364042
-0.361886
0.359953
-0.00111096
0.18772
0.000545914
-0.176541
-0.00466943
0.200964
0.00281765
-0.150096
0.0165555
0.0128812
-0.0553461
-0.00208427
0.0594365
-0.453319
0.00718163
0.293505
-0.00146047
-0.298987
-0.368646
0.00401558
0.313665
-0.000890016
-0.316456
-0.34076
0.00113701
0.329078
-0.000424177
-0.32534
-0.318028
-0.00224198
0.351526
0.000509282
-0.336994
-0.291502
-0.00545467
0.432585
0.00240115
-0.403805
0.437501
0.00955565
-0.349979
-0.249457
-0.254985
-0.26006
-0.248774
-0.262914
-0.248272
-0.271404
-0.244395
-0.324244
-0.0300633
-0.116216
-0.17138
-0.27994
0.0309498
0.123896
-0.0231622
-0.0320976
-0.129812
-0.00443531
-0.0250847
-0.00412255
-0.000402668
3.63163e-05
-0.404912
0.218627
-0.00564077
-0.218237
-0.003567
0.0133524
-0.0192465
-0.0028324
-0.225888
0.399519
-0.353726
-0.00123593
0.00856458
0.00138287
0.000218836
-0.000364764
-0.00034757
-0.000327868
-0.00083013
-0.00174818
0.00567371
-0.00131046
0.0687498
0.0797982
0.0793488
0.0690129
-0.00278007
-0.0930724
-0.0818152
0.082754
0.00283119
0.0929572
0.000138688
-0.0928603
-0.00270547
-0.0815486
8.65834e-05
0.0816671
0.0938391
0.00279458
-0.0687338
-0.0785153
0.118378
0.116868
0.110224
-0.0230729
-0.0441413
-0.027024
0.14067
-0.0878028
0.15194
-0.0375638
-0.022827
0.107181
0.00162058
-0.00540967
-0.0216158
0.154071
-0.0859186
-0.178106
-0.0998094
0.140189
-0.034581
-0.0459322
-0.00545229
0.0187783
-0.000314306
-0.00216935
0.00167602
0.0233895
0.00628137
-0.17895
-0.0952
-0.0474998
-0.0486468
-0.0348739
0.00603676
-0.00936701
-0.105555
0.108493
0.00137094
0.117569
-0.118598
-0.108599
0.104118
0.00173807
0.125819
-0.00613313
-0.131158
-0.00125413
-0.000561152
9.33374e-05
-0.00537893
0.00181487
-0.0677513
-0.0793842
0.00144954
-0.00640767
-0.020017
0.0220552
-0.00115425
-0.200032
-0.326185
-0.189242
-0.000995431
0.0229415
0.0284973
0.0166818
0.0100128
0.0124949
0.0215938
0.0413057
0.089401
0.0871539
0.106611
0.1178
0.277114
-0.282193
0.135823
0.305348
0.214152
0.641774
-0.081199
0.540206
0.397162
0.432314
0.306284
0.125336
0.138232
-0.246502
-0.0303808
-0.0235351
-0.192458
-0.201756
-0.0267124
0.0166068
-0.214471
-0.208807
-0.0259202
0.0213821
-0.201677
-0.232399
-0.0272902
0.0476047
-0.176142
-0.25203
0.0680079
-0.152736
0.062428
-0.190364
0.487273
0.253923
-0.0592231
0.0916279
-0.260605
0.00364956
0.38281
-0.237082
-0.0190299
0.2241
0.235172
0.36272
-0.154302
0.199913
0.134734
-0.22404
0.459278
0.0527348
-0.322961
0.397437
0.0102758
-0.346674
0.366206
-0.00140546
-0.352195
0.356473
-0.00297598
-0.354688
0.357338
-0.0033672
-0.359104
0.361262
-0.0066928
-0.365622
0.363223
-0.0228961
-0.380669
0.326789
-0.0892689
-0.317163
0.157157
0.0669179
-0.0613287
0.318724
-0.0268299
0.458965
-0.315266
0.192992
-0.29797
-0.0296439
0.258047
-0.278158
-0.0060179
0.265419
-0.269915
-0.00352838
0.2633
-0.26751
-0.00440256
0.259833
-0.268898
-0.00725694
0.25592
-0.273057
-0.00592155
0.257325
-0.26211
0.0287428
0.271487
-0.0190923
0.297128
-0.430106
0.362569
-0.00138396
0.370708
-0.388506
-0.000772304
0.230366
-0.000512366
-0.234249
0.225954
0.0103723
-0.216505
0.215434
0.0172124
-0.214899
0.10662
-0.182238
-0.00773579
0.14641
-0.110922
0.122667
-0.12393
0.13229
-0.137639
0.130014
0.0041006
0.0620532
-0.117524
0.0038764
0.0989581
-0.10032
0.00133539
0.102588
-0.0935839
-0.00319271
0.119475
-0.0965761
0.141586
-0.200006
-0.129164
0.121558
-0.0529107
-0.0174391
0.126941
-0.0981207
-0.000226121
0.109849
-0.107027
-0.00135721
0.102383
-0.123273
0.000171739
-0.006826
-0.0187752
-0.0730579
0.311339
0.461096
-0.00598351
-0.434371
-0.0131917
-0.010112
-0.278665
-0.00268079
0.453218
-0.462021
-0.00249736
0.429157
-0.259334
0.291481
-0.0117896
-0.104198
-0.424104
0.118411
-0.156394
0.0339361
0.000736318
-0.269338
0.072966
0.0875553
0.0410524
0.0193901
0.00937507
0.00708221
0.0126685
0.00253324
0.00269885
0.00137372
0.00314704
0.111646
-0.093639
0.00642553
0.00520228
0.00315694
0.00337397
0.00498206
0.00496778
0.00540428
0.0103824
0.0107882
0.0596451
0.236698
0.223165
0.41613
0.339544
0.341302
-0.152631
0.225497
0.0882385
0.0908568
0.298116
0.407448
0.346896
0.341362
0.359337
0.349273
0.394109
0.305377
0.14475
-0.492793
0.0124286
0.0243009
-0.784806
0.209813
0.216493
0.0544592
0.0555191
0.0103295
0.00552342
0.00286357
0.00209486
0.00157706
0.00235183
0.00419386
0.00165041
-0.0619742
-0.641765
-0.364907
0.00644873
0.0171181
0.0161171
0.00502329
0.00537626
0.00399188
-0.286135
-0.450127
0.462921
-0.451549
0.455406
0.00106236
-0.299967
0.317104
0.00138069
0.00208238
-0.0030576
-0.00573965
0.326266
-0.0202851
0.147899
-0.10732
0.0276748
0.00844449
0.00820286
0.00899544
-0.0049909
-0.00287778
-0.00296597
-0.00382994
-0.00667427
-0.0106315
-0.0181095
-0.0482367
0.110643
0.0341094
0.242593
-0.212682
-0.00892462
-0.000394772
-0.00989163
-0.00549529
-0.0112304
-0.000154798
-0.0632517
0.314235
-0.0222663
-0.00150273
-0.177338
0.123734
0.416877
0.298209
0.135247
-0.0354567
-0.0496905
-0.017744
0.00376699
0.20022
-0.261464
-0.00729516
0.0234192
-0.0483376
-0.115378
-0.00685732
0.0715049
-0.101372
-0.105023
-0.00674373
0.0773303
-0.106392
-0.0985176
-0.00696241
0.0668537
-0.074196
-0.00167349
0.0759914
-0.0640141
-4.67566e-05
0.0980183
-0.026613
0.150165
-0.0681945
-0.0812099
0.140302
-0.0351582
-0.0191951
0.108772
-0.0739463
0.00324152
0.0865555
-0.0841452
-0.000236862
-0.00340825
-0.00559576
-0.00548703
-0.00313062
-0.00210563
-0.00118233
-0.000209493
0.000588564
0.00176017
0.000597773
-0.00102801
-0.399182
0.358739
0.00116079
-0.00364375
0.00163453
0.394395
0.000405476
-0.405145
0.00168277
0.00231192
0.00190742
-0.00425148
-0.00800977
-0.00253488
-0.00831508
-0.00248341
-0.00754867
-0.00358889
-0.00961858
-0.00640639
-0.0151663
-0.0121232
-0.0301067
-0.0194796
-0.0732033
0.0236967
0.0272261
0.0408239
0.225872
0.0151223
0.036007
0.0142903
-0.018625
0.00665789
-0.221323
0.212469
0.00230874
0.0134729
-0.0119842
0.00252446
-0.000906441
-0.00576431
-0.00400316
-0.0030534
-0.00133612
-2.61862e-05
0.000233039
0.000486213
2.66436e-07
1.45703e-05
-0.000595802
-0.000610409
-0.000174219
-0.402002
0.400605
-0.00108426
-0.400147
0.398243
-0.358737
0.357318
-0.356201
0.35614
-0.000835157
0.185254
0.000960371
-0.1808
-0.000671413
0.184679
0.000345351
-0.181696
0.00127877
0.000909886
-0.0576256
-0.000952925
0.0564934
-0.44098
0.000974505
0.289541
-0.000529431
-0.29148
-0.357506
-0.00102684
0.309987
0.000302698
-0.32545
-0.0065284
0.327605
0.00201475
-0.295736
-0.296661
-0.00811092
0.355027
-0.00977721
0.312449
-0.00576084
-0.282707
-0.315099
0.351563
0.00165929
0.299672
-0.000730083
-0.000206417
7.69396e-05
-5.9642e-05
-0.000213481
-0.000325012
-0.000896055
-0.00184804
0.00553793
-0.00130459
-0.107078
0.033316
0.0225054
0.0407772
-0.140344
0.101896
0.0948696
0.186473
0.0949288
0.101896
0.181554
0.244866
0.267363
0.172409
-0.390192
-0.0195596
0.273377
0.0103569
-0.35812
-0.34721
0.0100186
0.336828
-0.00199238
-0.371172
-0.309536
0.00656932
0.438456
-0.00098485
-0.444642
0.437548
-0.000112399
-0.438021
0.434763
0.000312062
-0.43169
0.432926
0.000974695
-0.423063
-0.00192553
0.000764054
0.00161928
0.00179219
0.00843418
0.428109
-0.00242051
-0.452141
0.00143684
0.00603392
-0.000805435
-0.000450664
0.00687423
-0.123787
0.114596
0.0231526
0.06204
-0.114569
0.147093
0.0870239
0.181378
0.00629259
-0.00197542
0.00671596
-0.0176243
0.000517365
0.000202481
0.00243791
-0.00182304
0.000529484
-0.0216544
-0.000918994
-0.116801
0.0408581
-0.152896
0.0200387
0.0220843
-0.153883
0.0334987
-0.139996
0.0456414
0.0487886
0.0347309
-0.135555
0.0279539
0.00633566
0.00163246
0.000570958
-0.00034621
-0.000237891
-0.417289
0.406024
-0.405613
0.406889
-0.414683
0.41453
0.000682962
-0.00142287
0.000590812
0.416504
0.00025272
-0.00039609
0.00016765
0.000210324
0.00166448
0.0023707
0.000876944
0.000707385
0.000528792
2.76326e-05
-0.000275214
-4.3911e-06
-0.000607413
-0.00265109
-0.00101794
-0.00093651
-0.0018613
-0.00207748
-0.00209307
-0.00171584
-0.00129711
-0.000231546
1.46506e-07
-1.84443e-05
-0.000414698
-0.000108182
-5.70433e-07
3.46191e-05
-0.00160443
-0.00223349
6.28453e-05
1.99109e-05
-0.000126444
-0.00028326
-0.000255979
-0.000540301
-0.000892419
-0.000771035
-0.000425126
0.405216
-0.417064
-0.000180198
-0.394986
0.39693
-0.355453
0.355049
-0.357779
0.346904
0.014721
0.181974
0.00620602
-0.184274
0.00161678
0.188339
0.00263468
-0.180442
0.00247386
-0.00194415
-0.0637358
-0.00470898
0.049977
-0.430275
-0.00141952
0.279845
0.00245286
-0.286064
-0.326817
-0.00427659
0.310508
-0.00893298
0.344654
-0.0077142
0.329695
-0.00889722
0.330791
-0.0032677
0.00190056
0.000680345
-0.000750678
-0.00329659
-0.00167485
-0.000773475
-0.000155353
0.000759466
0.00212297
0.00261232
-0.0016473
-0.00645233
-0.00180537
-0.00525939
0.313891
-0.303395
-0.447064
0.450266
-0.442248
0.449546
-0.00076425
-0.302561
0.313836
0.000247734
-8.25803e-05
-0.000424404
-0.00104564
0.000248635
-0.00117584
0.00729391
-0.0140286
-0.0166773
0.00882215
-0.0181513
0.131737
-0.107055
0.0010243
0.00161604
-0.00178637
0.000387325
-0.00101519
0.0487516
0.0456487
-0.116882
0.00683238
-0.00177826
-0.000998719
-0.00082305
0.000732811
-0.00200882
-0.00894773
-0.0064845
0.386956
0.00349545
0.00464289
-0.00439382
-0.00773805
0.00153672
0.0336146
-0.247506
0.00634183
0.00749203
0.00120307
-1.7562e-05
-7.56537e-05
0.000210897
0.000747362
-4.45164e-05
-0.000836778
-0.000885485
0.000512709
0.00261247
0.00379353
-0.194691
0.198844
-0.253391
-0.00177299
0.0309549
-0.0286415
-0.097132
-0.00171475
0.0805307
-0.0782569
-0.0829719
-0.00175403
0.0841383
-0.0729712
-0.00175532
0.104928
-0.0334997
0.147578
-0.0786696
-0.0735915
0.141707
-0.0298728
-0.0188358
0.104279
-0.0680782
0.0030458
0.00150106
-0.00126287
-0.0011132
-0.00121524
-0.00137309
-0.000358798
-0.40022
-0.00294862
0.396953
-0.00525405
0.00905686
-0.00101977
-0.00405786
-0.00225574
-0.00143919
-0.00115927
-0.000611272
-0.000497417
0.00103705
-0.000236426
0.00124344
-0.000922422
-0.00141221
-0.00145241
-0.00285463
0.00190922
0.000669638
0.000562433
0.000818413
0.000467744
0.00192718
0.00390426
-0.00511744
0.0121364
0.0136496
-0.193239
0.187652
-0.246653
0.000812874
0.0546615
-0.0218695
-0.0888878
-0.00143446
0.114055
-0.0447357
0.146487
-0.0818286
-0.065466
0.135035
0.00121054
-0.0202204
-0.0420329
0.0109308
0.00515141
-0.0235681
0.00033186
0.00224771
-0.000136233
-0.200705
-0.00700298
-0.0065786
0.000949535
-0.00493659
0.000799275
0.000674181
0.0980691
0.00139028
0.000489412
-0.000168188
-0.000644541
-0.00062519
-0.000408845
-0.000361859
-0.000430225
-0.000918255
-0.000313426
-0.000258949
-0.00050228
-0.000466122
-0.000411532
5.61694e-05
0.000668836
0.000611349
0.000636275
0.00133094
0.000687107
0.000936943
0.00239515
0.00171795
-6.21844e-05
0.000180877
-3.03543e-06
-0.000155548
-0.000270388
-0.000426744
-0.000850534
-0.000827124
-0.00291523
-0.00703334
-0.0057288
-0.013378
0.316096
-0.29829
-0.438317
0.455186
-0.0381118
-0.00736868
-0.00347424
-0.0113554
0.010016
0.00366472
0.00198208
0.004501
0.0271577
0.0723987
0.286666
0.0112643
-0.289458
0.318257
-0.00262349
-0.00191734
-0.000775185
-0.00148718
-0.00331182
-0.000573267
-3.38518e-05
-0.00033472
4.32911e-05
-0.000164259
-0.415741
0.000122537
0.412076
-0.410413
-5.74843e-05
0.408677
-0.412354
0.412594
-0.417571
-6.22255e-05
0.41648
-0.413086
0.41379
-0.416464
0.000315321
0.420547
-0.417693
0.413139
-0.411232
0.42157
2.06812e-05
0.40384
-0.424927
-0.000804569
0.421014
-7.65146e-05
0.400175
-0.420788
-0.000433806
0.417881
-5.35843e-05
0.396279
-0.416213
0.404469
-0.408283
-0.000177225
-0.407223
0.409398
-0.000326629
-0.414833
-0.000289764
0.411857
-0.409543
0.410186
-0.000141189
0.470571
-0.289098
-0.000222482
-0.472564
0.000499542
0.475883
-0.293457
-5.07164e-05
-0.475159
0.415588
-0.416531
0.000754543
0.420682
-0.000181294
-0.414734
0.000310002
0.410905
-0.00132563
-0.42482
0.000874985
0.404261
-0.405269
0.368271
0.00059576
-0.365514
-0.0013581
-0.402657
0.364061
5.79612e-05
-0.361699
-0.000411728
0.360551
-0.000100234
-0.358186
0.000240931
-0.394814
2.81998e-05
0.392609
-0.411124
0.4142
-0.000187497
-0.403315
-0.000210023
0.399766
-0.403631
0.405345
-0.000667554
-0.411558
-0.000480489
0.406572
-0.406264
0.405906
-0.000878051
0.465465
-0.286141
-0.000791408
-0.46908
0.287803
-0.00166463
-5.43756e-05
-0.000528464
-0.000861115
0.0001123
-0.00195668
-0.000845521
-0.0133668
-0.0150253
-0.0853183
-0.142181
-0.384639
-0.133253
-0.368286
-0.00132291
0.210908
-0.437923
0.399366
-0.00218305
0.399919
-0.400758
-7.12663e-05
0.408386
-0.406723
0.403209
-0.402212
0.410256
-0.399714
0.368801
0.00287042
-0.365708
-0.00339676
-0.00212038
-0.00916339
-0.00174906
-0.00224949
-0.00822118
-0.00818291
0.0054449
0.00254255
-0.000775293
-0.000880639
0.00127359
-0.000471013
-0.000802561
-0.397586
0.396721
-0.00135944
-0.00041338
-0.000410378
-0.000207976
-0.000550394
-0.000453788
-0.000117965
-0.390808
0.398169
-0.00122021
-0.379804
-0.00544879
-0.00148365
-0.00271413
0.39537
-0.0109005
-0.00330656
0.0712875
-0.143614
0.161826
-0.294362
-0.00048354
-0.166853
0.157259
-0.109677
-0.0805471
-0.165462
-0.0160234
0.00123558
0.00937079
0.0180516
0.0019991
-0.00671285
-0.0740768
-0.0471177
0.299977
0.101849
0.0763527
0.238815
0.144074
0.137062
-0.047585
-0.0770631
0.0114228
0.00839303
0.0355523
0.00490292
-0.00673127
-0.00261209
-0.00437787
-0.00343938
-0.00254867
-0.00234185
-0.00347488
-0.007224
0.0912923
0.000150607
-0.00073627
-0.000420187
0.0752163
-0.000258376
-0.00350133
-0.00680847
0.00175685
0.017534
-0.0069425
-0.00148143
-0.00153381
-0.00612296
-0.00159855
0.252002
-0.0190015
0.12299
-0.0123143
-0.00184915
-0.00100973
-0.000418584
0.00035513
-0.000101657
-0.000785731
-0.00171747
0.452934
-0.408521
0.00335559
0.272082
-0.00812066
0.369631
0.0167253
0.00447295
0.363255
-0.00426188
0.308688
0.00183391
-0.307758
-0.288638
0.00526899
0.0120595
0.0039421
-0.000664445
-0.00646092
-0.018281
-0.0328951
0.00176392
0.204238
0.342532
0.285995
0.169734
-0.376906
-0.40227
-0.0194592
0.273479
0.0104247
-0.360206
0.0100794
0.316256
-0.00271783
-0.348599
-0.335259
0.00809769
0.35151
-0.00150915
-0.302904
0.00239306
0.29939
-0.298813
-9.05494e-07
0.299002
-0.295593
-0.00212035
0.298495
0.00129481
-0.00038502
0.352871
-0.0003967
-0.348215
-0.000522969
0.000302234
0.00120144
0.002431
0.00530283
0.0218888
-0.154304
0.275051
-0.0196938
0.279474
0.0123974
-0.328618
0.00814536
0.293807
-0.00604884
-0.0141838
-0.0171568
0.328594
0.25753
0.172447
-0.389246
-0.389526
0.268002
0.257998
0.253645
0.209521
0.328571
-0.388382
-0.0171368
-0.0141427
0.262486
0.0126772
-0.326619
-0.382271
0.0102774
0.305409
-0.00268492
-0.352313
0.00875974
0.327968
-0.00161211
-0.340434
-0.328204
0.00358083
0.354104
-0.000870919
-0.356079
0.000678657
0.321877
-0.323072
-0.332935
0.330197
-0.000875256
0.321159
-0.00153657
-0.0032439
0.317996
-0.00690464
0.308475
-0.0348323
0.000395782
-0.00690942
-0.00608557
0.290531
-0.00190528
-0.306662
-0.374515
0.00846968
0.312899
-0.00160992
-0.346173
0.00420446
0.337623
0.00137466
0.0025419
0.00497909
-0.00256486
-0.00258557
-0.00102267
-0.00099759
-0.000111894
-0.000180165
-0.000240882
-0.000337707
-0.000723763
-0.00135688
-0.00267023
-0.00413516
-0.0115931
-0.029586
-0.00460161
-0.00205366
-0.00151236
-0.00162948
-0.000995408
-0.000754431
-0.000927635
-0.00102806
0.000222308
-0.000404793
-0.000460773
-0.000229615
-0.000401159
0.000369947
-0.000544813
-0.000195668
0.000508257
0.00152382
-0.00684863
0.00834394
0.00224792
0.00143996
-0.000114726
-0.00206816
-0.00235128
-0.00134438
-0.000856822
-0.00103493
0.000316038
-0.00134066
-0.00275169
-0.0132577
0.00823748
0.00245534
0.000446
-0.000229502
-0.000615791
-0.000363135
-0.000324293
-0.000438686
-0.000491491
-0.000716462
-0.000338989
-0.000321132
-0.000270821
-0.000762005
-0.0008749
-0.000354557
-0.000114282
1.69208e-05
-0.000266974
-0.000151323
0.00012905
0.000539377
-0.398853
-0.00026271
-0.000100954
0.000309982
0.00167214
0.00505322
-0.0049486
-0.00118402
0.226373
-0.232392
-0.00658452
-0.0010506
-0.00341996
0.233539
-0.24127
0.00397112
-0.0011261
-0.131438
0.130599
-0.00162772
-0.000506883
-0.394845
0.392131
-0.000378093
0.388736
-0.392727
-0.000725878
-0.00100448
0.00182928
0.0131252
-0.0113872
-0.0294695
-0.02833
-0.0312207
-0.00895455
-0.003195
0.478138
-0.301008
0.288706
-0.470549
0.0010961
0.00138662
0.00117094
0.00121477
-0.00193141
-0.000619652
-0.000735392
-0.00163229
-0.000950214
-0.00265691
0.000495728
-0.28365
-0.00160817
0.460617
-0.465787
0.400333
-0.000768573
0.398611
-0.401925
-0.00463515
0.389766
-0.00134873
0.380065
-0.387943
-0.00858775
-0.00939237
0.00609549
0.0144436
0.0286929
0.00724059
-0.000543985
-0.00102916
-0.00136312
-0.00264244
-0.00104821
-0.00020933
0.000411116
0.000347063
-9.14979e-05
-0.000334005
-0.000521997
-0.000775834
-0.00563195
-0.00211923
-0.400207
0.391609
-0.000131384
0.37838
-0.380761
-0.00259796
-0.374028
0.36536
0.000386769
0.369038
-0.370448
-0.00204154
0.000496137
-0.00108356
-0.0063405
-0.0726337
-0.0500817
0.273791
0.0657485
0.112241
0.225651
0.135976
0.148237
0.0346055
-0.0405783
0.00789458
0.0119075
0.0109821
0.00192725
-0.00660708
-0.00566538
-0.00716671
-0.0011162
-0.000859329
-0.00248035
-0.00214129
-0.00423489
-0.00640191
-0.00306582
-0.000450274
-0.000498923
-0.000448967
-0.00131058
-0.00121014
-0.40778
0.400428
-0.00016828
0.393235
-0.39682
-0.00192094
-0.389667
0.403234
0.000301985
0.378368
-0.385236
0.000833897
0.376271
-0.00235017
0.374021
-0.359884
0.000487978
2.52144e-05
0.000150847
0.000444035
0.000368327
-0.0437201
0.0194784
0.00220514
-0.00790801
-0.000415356
0.00266131
0.0177293
-0.0442148
-0.0407268
0.0124432
0.00194135
-0.00350202
0.000925694
0.00813342
-0.0116952
0.00605396
0.0117339
-0.164199
-0.155113
-0.176789
0.0119657
-0.00745961
-0.00590249
-0.293548
-0.00468838
0.323966
0.0135182
-0.34644
-0.000617342
0.348489
0.00748381
-0.353284
0.000134051
0.354178
0.00193724
-0.355506
-1.72459e-05
0.357376
-0.000560578
0.000318769
-0.000150068
-0.000202539
-0.000102567
0.000171929
0.000436777
0.000430764
-0.00286986
-0.401268
0.00602735
0.389991
-0.00714796
-0.342
0.0130994
0.322746
0.0667362
-0.0487864
-0.478816
0.15207
0.0620609
-0.033026
0.0518354
0.344684
0.226326
0.286661
0.27046
0.198865
0.16093
0.342539
0.000283259
-0.0201469
-0.0101701
-0.00275391
-0.363459
0.298716
-0.00127702
-0.00190913
0.00224243
0.00586534
0.0126331
0.00503957
0.00582298
0.324485
-0.00664122
-0.310477
-0.314927
0.327808
0.000464544
0.322408
0.00154336
-0.000510087
-6.28775e-05
-0.00715547
-0.0202169
-0.00327701
-0.00287222
0.355656
-0.0110913
-0.0205378
0.0224616
0.0521829
-0.033101
-0.00773943
-0.462973
0.00860874
0.428251
0.00817822
0.00201594
0.00312321
-0.0579895
-0.000961934
-0.446586
0.00322482
0.292041
-0.000918577
-0.294112
-0.363309
0.0013412
0.311954
-0.000523339
-0.334786
-0.00193332
0.339189
0.0012188
0.000886318
0.286058
0.000469
-0.290752
-0.347885
0.361078
-0.303415
0.442764
-0.000508593
-0.436391
0.0556556
-0.0580225
-0.00206728
0.439721
-0.00101343
0.000791651
0.000224338
0.00143099
-0.000182218
0.000933048
0.000689521
0.056692
0.439497
-0.00355165
-0.000425967
0.00031051
-0.00207751
-0.00627581
-0.0172685
-0.0117711
-0.0885064
-0.0090768
0.0262901
-0.155034
0.00154244
0.478505
-0.113412
-0.0718099
-0.04169
-0.0263078
-0.20849
0.133572
0.0140077
-0.0316014
-0.00020374
-0.0031061
-0.0266587
-0.176731
-0.420098
-0.21613
-0.308931
-0.0108132
0.0223766
0.032497
0.019016
0.00679121
-0.000635536
-0.000575326
0.360739
-0.0013924
0.360105
-0.00159834
-0.310706
0.338658
0.0161291
-0.300453
-0.213113
-0.00176634
-0.20374
-0.302127
0.0165643
0.0142705
-0.00127199
-0.193043
-0.316248
-0.328007
-0.0509992
-0.0106099
-0.0023075
-0.0236291
-0.117917
3.12612e-06
0.439996
0.00276998
0.0786741
0.380485
-0.018069
-0.478206
0.152566
0.0623109
0.0888
0.121639
0.34467
0.0690507
-0.0479522
0.226404
0.269946
0.160929
0.000224925
0.300897
0.211447
-0.323128
0.333037
0.000505858
0.000627211
-4.1777e-05
0.000647386
0.000670467
0.00132046
0.001687
0.00169326
-0.00497012
-0.0152032
0.0103669
0.00241335
-0.00141508
0.00409406
0.388479
-0.403672
0.000231591
-0.39029
0.00142224
0.00107805
-7.18778e-05
-0.000158801
-0.00069157
-0.000386767
-0.000273703
-0.000378717
-0.00181772
-0.00190581
0.00279163
0.0326429
-0.248386
0.006414
0.00800125
0.00247774
-0.00108074
-0.000951703
-0.000505672
-0.000204036
0.000258111
0.000198852
0.410312
-0.398562
-0.0012659
1.31656e-05
0.000335043
-0.0017473
-0.00482132
0.0222363
0.0687311
-0.0202019
-0.00729997
-0.00712852
0.000218181
-0.00764863
-0.00260995
0.00311055
0.0012661
3.86379e-06
-0.00013163
-0.00106202
0.0001959
0.00568711
0.00370491
-0.0210148
0.0112889
0.000212234
0.00232701
-0.382469
-0.00120535
5.97626e-05
0.000702855
0.00122072
0.0025156
0.00195986
-9.17656e-05
-0.00530464
0.00107276
0.253783
-0.0828996
-0.0173206
-0.00378862
0.00963869
-0.36034
0.00221032
0.000373541
-0.362467
-0.0190528
-0.00380932
0.000817816
-0.00243004
0.00324792
0.0168002
0.0888191
0.0176456
-0.392809
0.388425
0.000920995
-0.392744
0.0183536
-0.00741073
-0.00579469
0.00193704
0.00386966
0.00341305
0.0030849
0.0225375
0.121283
0.0686798
0.0275784
-0.135955
0.264299
-0.000992639
-0.0173045
0.247564
-0.466631
0.286893
-0.00334979
-0.000629297
-0.00223319
0.288434
-0.00600956
-0.00279314
-0.00257949
0.0167805
-0.000543908
0.290667
0.00351146
-0.0199962
-0.00138256
0.340711
0.319322
-0.331974
0.339292
-0.345323
0.280756
0.274917
-0.380374
0.2434
-0.159102
0.022594
-0.106701
0.000955643
0.107362
-0.134432
-0.000708553
0.289687
0.000611183
0.00233612
-8.96875e-05
0.0021954
0.251905
0.251651
-0.00453662
0.0014551
0.0188076
-0.784491
0.00763102
0.00211332
-0.0282065
0.000794204
0.162832
-0.0218497
1.65124e-05
0.0203647
)
;

boundaryField
{
    face
    {
        type            calculated;
        value           nonuniform List<scalar> 
217
(
0.0345633
-0.00294203
-0.00868024
-0.00835487
-0.00247424
-0.0223204
-0.0269148
-0.00427466
-0.00449161
0.00537776
-0.00148768
0.0802175
0.0378966
-0.0097903
0.0016361
0.0306886
-0.0153637
-0.00242061
0.036771
0.0589958
-0.0235482
-0.0102168
-0.00423575
-0.00357131
-0.000507652
-0.00662222
-0.00313076
0.0246194
0.00384955
0.00741135
0.0757281
0.0857104
-0.108129
0.0311088
0.030461
0.0489829
0.0475054
-0.00196822
-0.00271123
0.0446126
0.0467809
-0.00240759
-0.00116612
0.0444641
0.00181474
-0.00251573
-0.00177841
-0.0185391
-0.0162294
-0.175989
-0.150582
-0.00125467
-0.00098617
-0.0155086
-0.0154284
-0.00206226
-0.012779
-0.149533
-0.164964
-0.160831
0.0212997
-0.123461
0.00505106
0.245436
0.191851
0.0670236
0.162946
0.106073
0.0911243
0.185226
0.0946487
-0.00362125
-0.138117
0.133824
-0.00641622
-0.142719
0.135549
-0.00378329
-0.00598198
-0.314964
-0.298948
0.0982503
0.184192
0.0862395
0.126102
0.189885
0.0957132
0.282814
-0.134121
-0.00877201
-0.0102089
-0.00756458
-0.149891
0.139164
-0.0113407
-0.116174
0.133284
0.124171
-0.490085
-0.304438
-0.323511
-0.07731
0.217187
-0.190871
0.203523
-0.266089
-0.0783361
-0.129292
-0.105317
-0.217248
0.213162
-0.228129
0.193203
-0.0971603
-0.126907
-0.0739915
-0.198765
-0.24446
-0.179127
0.0213025
0.00671596
0.0347309
-0.0176243
-0.0074941
0.000517365
0.000204025
0.00603676
-0.0348739
0.018753
0.0233895
0.000288415
0.00628137
0.0343331
0.00629259
-0.00197542
-0.00855625
-0.00101519
-0.0185075
-0.0216544
-0.000369212
0.000529484
0.0187783
0.0078891
-0.00545229
-0.0343033
0.0487516
0.0456487
0.000387325
-0.00178637
0.0456414
0.0487886
-0.00182304
0.000202481
0.0010243
0.00161604
-0.0486468
-0.0474998
0.00167602
-0.000314306
-0.0459322
-0.048635
0.101896
0.181554
0.0872536
0.147109
0.198669
0.212184
-0.114134
0.0289231
0.128888
-0.118159
-0.00200652
0.123192
-0.122938
8.34659e-05
0.130599
-0.131438
-0.0011261
0.122106
-0.00658809
-0.0204092
-0.191224
-0.24403
-0.0662372
-0.10732
-0.163191
-0.0878028
-0.0952
-0.17895
0.211962
-0.11462
0.0286321
0.198865
0.147093
0.0870239
0.181378
0.101896
0.0948696
0.186473
0.0949288
0.128691
-0.121947
-0.00524629
0.125819
-0.131158
-0.00613313
0.118093
-0.128158
0.00220822
-0.0998094
-0.0859186
-0.178106
-0.146717
0.113948
-0.211369
-0.028982
-0.198586
)
;
    }
    outlet
    {
        type            calculated;
        value           nonuniform List<scalar> 
217
(
0.00539718
-0.0121832
0.0164293
0.0117421
0.000432466
0.00123808
-0.00974042
0.0114049
-0.0173399
-0.0199527
-0.0107197
-0.0162693
-0.0112987
0.0102973
0.0135964
0.00949584
-0.000152901
0.0165999
0.0186984
-0.000349286
-0.000357006
-0.0166524
-0.00902596
-0.0105508
0.0110234
-0.0399415
-0.0453846
0.000985881
0.000206368
-0.0441915
-0.0400521
0.000274772
0.000270613
-0.000728474
0.000134648
0.0400806
0.0459719
8.05885e-05
-0.000993319
0.0458761
0.0398665
-0.0817642
-0.153029
-0.0664476
-0.12951
-0.177179
-0.200216
0.146758
-0.00807082
-0.110738
0.120946
0.0103788
-0.120463
0.125728
0.00507569
-0.132734
0.118841
-0.00626554
-0.141797
-0.0330875
-0.0110105
0.179561
0.218415
0.0499256
0.0887755
0.137851
0.0715166
0.0716658
0.148467
0.0331769
0.141703
0.0110838
-0.218197
-0.179789
-0.0499747
-0.139092
-0.0901576
-0.0704189
-0.154058
-0.0769483
-0.118836
0.132673
0.0062464
-0.130647
0.130604
-6.30582e-05
-0.128916
0.117419
-0.00407265
0.0882715
0.0497569
0.136767
0.178645
-0.14085
-0.0325295
-0.0112101
0.215649
-0.0116952
0.00605396
0.0117339
0.0124432
0.00194135
0.0177293
0.0194784
0.00266131
0.00220514
-0.00671285
-0.00493659
-0.0740768
-0.0496905
0.000949535
-0.017744
-0.0471177
-0.0354567
0.00937079
-0.0160234
0.00123558
0.0180516
0.0109308
0.0019991
0.000799275
0.00515141
0.00224771
-0.00350202
-0.0405783
-0.0063405
-0.00790801
-0.0726337
-0.0770631
0.0346055
-0.0500817
-0.047585
-0.0407268
-0.0442148
0.000150847
0.000444035
-0.0437201
-0.0420329
0.000368327
0.000674181
-0.0235681
0.00033186
-0.00108356
-0.000415356
0.00789458
0.0119075
0.148237
0.135976
-0.000420187
-0.00073627
0.0114228
0.00839303
-0.000136233
0.00376699
0.137062
0.144074
0.135247
-0.00773579
0.14641
-0.200006
-0.176789
-0.129164
-0.0681945
-0.155113
-0.0812099
-0.0786696
-0.164199
-0.0735915
0.0119657
0.122667
-0.110922
0.253923
0.0657485
0.112241
0.0908568
0.198844
-0.200705
0.20022
-0.177338
0.0882385
0.101849
0.0763527
0.125336
0.123734
0.138232
0.298209
0.00813342
0.13229
-0.12393
-0.00700298
-0.00150273
0.299977
0.306284
-0.0818286
-0.159102
-0.065466
-0.109677
-0.165462
-0.0805471
-0.294362
0.161826
0.0136496
0.00379353
0.000925694
0.130014
-0.137639
-0.0173045
0.062428
-0.152736
-0.190364
0.487273
0.273791
0.298116
0.12299
-0.193239
0.187652
-0.194691
)
;
    }
    wall
    {
        type            calculated;
        value           nonuniform List<scalar> 
1558
(
0
0
0
0
0
0
0
0
0
0
0
0
0
0
0
0
0
0
0
0
0
0
0
0
0
0
0
0
0
0
0
0
0
0
0
0
0
0
0
0
0
0
0
0
0
0
0
0
0
0
0
0
0
0
0
0
0
0
0
0
0
0
0
0
0
0
0
0
0
0
0
0
0
0
0
0
0
0
0
0
0
0
0
0
0
0
0
0
0
0
0
0
0
0
0
0
0
0
0
0
0
0
0
0
0
0
0
0
0
0
0
0
0
0
0
0
0
0
0
0
0
0
0
0
0
0
0
0
0
0
0
0
0
0
0
0
0
0
0
0
0
0
0
0
0
0
0
0
0
0
0
0
0
0
0
0
0
0
0
0
0
0
0
0
0
0
0
0
-0.00334462
-0.046539
0.159504
0.00158986
0.000355902
0.000170315
-0.000562713
0.000216029
0.254657
0.0105971
0.00208393
-0.0665661
0.0103556
-0.00294239
0.00458427
0.00667717
0.00387867
0.0124343
-0.0390299
-0.00512525
0.00195718
0.00720081
0.000836041
0.00284431
0.00250992
0.00137397
0.00665806
0.000780957
-0.00281149
-0.00123198
-0.00193778
-4.14519e-05
6.04743e-05
0.000290841
-0.000793762
0.000380466
-7.8695e-05
0.00040682
0.000135955
0.000872533
-0.000653641
0.00135912
0.000762802
0.00347881
-0.00234561
0.00704174
-0.00453475
0.0229259
0.0161267
0.0808341
0.000312748
-0.000509093
0.000334722
0.000350128
0.000542137
0.00022596
-0.0045204
-0.0157496
0.0162011
0.0175038
0.003331
0.00678556
0.00133271
0.00256761
0.00135996
0.00141764
0.00110757
-1.7988e-05
0.000780335
0.00272137
0.00528826
-0.0714709
-0.0467876
0.00221396
0.00282413
0.00124761
0.00105656
-0.0139519
-0.00416294
0.0010349
0.000892626
0.00144096
0.00106946
0.00255189
0.00200087
0.000325594
0.00373771
-0.021251
0.00318855
0.000562151
6.62645e-05
8.64179e-05
-0.000827922
-0.000318364
0.000600601
-0.00028233
-0.00234455
-0.000318525
-0.00441669
0.00497312
0.0171377
0.00141993
0.00264114
0.0235123
0.00250763
0.00861246
0.0396622
0.141762
-0.184052
0.180883
-0.00102432
-0.183791
0.173318
-0.00233355
-0.192934
0.146611
-0.0149303
-0.00843041
-0.0208449
-0.0376388
-0.303671
0.292225
-0.274142
0.304495
-0.26156
0.284498
-0.262283
0.106829
-0.21375
0.212671
-0.21388
0.26894
-0.263823
0.265423
-0.259394
0.269382
-0.244409
0.286323
-0.175121
0.219844
-0.223121
0.219578
-0.219664
0.360549
0.337631
0.108232
0.00948206
-0.011443
-0.00205624
-0.00490586
-0.0232077
-0.00978579
-0.166857
-0.604293
-0.221396
-0.00189311
-0.0815578
-0.295614
-0.182654
0.0153085
0.00591071
0.132543
0.0708387
0.301589
0.181703
0.167794
0.0326598
-0.00647477
-0.00609009
0.00745204
-0.017638
-0.00778507
-0.0698299
0.00714751
0.012354
0.00529071
-0.140829
0.222811
0.0283715
-0.19074
0.193461
0.000175647
-0.194213
0.18582
-0.0023775
-0.187793
0.182951
-0.00123376
0
0
0
0
0
0
0
0
0
0
0
0
0
0
0
0
0
0
0
0
0
0
0
0
0
0
0
0
0
0
0
0
0
0
0
0
0
0
0
0
0
0
0
0
0
0
0
0
0
0
0
0
0
0
0
0
0
0
0
0
0
0
0
0
0
0
0
0
0
0
0
0
0
0
0
0
0
0
0
0
0
0
0
0
0
0
0
0
0
0
0
0
0
0
0
0
0
0
0
0
0
0
0
0
0
0
0
0
0
0
0
0
0
0
0
0
0
0
0
0
0
0
0
0
0
0
0
0
0
0
0
0
0
0
0
0
0
0
0
0
0
0
0
0
0
0
0
0
0
0
0
0
0
0
0
0
0
0
0
0
0
0
0
0
0
0
0
0
0
0
0
0
0
0
0
0
0
0
0
0
0
0
0
0
0
0
0
0
0
0
0
0
0
0
0
0
0
0
0
0
0.0297154
0.0860871
0.0325252
-0.0148389
-0.00672627
-0.00237374
-0.00192909
0.0133502
0.00878346
0.0015163
0.00159669
0.00019227
0.000973401
0.00197542
0.00091988
2.79334e-05
0.00081273
-0.00209602
-0.00185996
-0.00081023
-0.000918335
0.000413982
0.000227088
0.000272018
-4.76895e-05
-0.000201522
-0.00019671
7.35698e-05
8.72173e-05
-0.000575279
0.00171441
0.000116305
0.00109904
-0.00238554
0.00697369
-0.00461129
0.022899
0.0112141
0.0762072
-0.0173002
0.0157059
0.000270836
-0.000295523
-0.00114039
-0.00151921
0.000254363
0.000127337
0.000697146
1.51759e-05
-0.0123291
-0.00723701
-0.0777067
-0.0235961
0.00221058
-0.000112965
0.00428363
-0.000141231
0.000279498
-0.0118814
-0.00109556
-0.0355706
-0.0832022
-0.00112131
-0.00994642
-0.000413913
0.00025281
-0.0177137
-0.000468593
9.2654e-05
0.00139139
-0.0169345
0.0157883
-0.000665074
0.0267483
0.0106761
-0.000585701
0.0145597
0.000314793
-0.00149153
-0.000238154
-0.00133772
-6.76601e-05
0.000196583
-0.000464179
-0.000529945
0.000106136
-2.48861e-05
0.00019723
-0.00173202
-0.00354045
0.0042878
0.00129538
0.00476006
0.0014913
0.00407363
-0.0357473
-0.00982419
0.000949397
0.00206339
0.000495431
0.000816161
-0.00188961
-0.000191734
0.00138405
0.00040725
0.000382984
0.000301032
0.00107708
0.000513046
0.000365683
-0.0118636
0.00249525
0.000969183
0.0047053
0.00144486
-0.0190931
-0.00172895
0.000812205
0.000203708
5.59118e-05
-5.99124e-05
-0.000690203
-0.000579707
-0.00122266
-0.000452597
-0.00208383
-0.000964982
-0.00436375
-0.000700465
0.0109773
-0.000633376
0.00181542
0.0182675
0.00190623
0.142694
-0.00903522
-0.00829257
0.0286371
0.0063241
0.00632069
0.00315019
0.00187805
0.000692736
0.00222339
0.00478042
0.0274082
0.133918
-0.0108732
-0.0207875
-0.000837838
-0.00606007
-0.258413
0.227192
-0.269705
-0.266729
-0.387488
0.161059
-0.291796
0.27677
-0.272003
0.284592
-0.265627
0.275096
-0.26461
-0.269771
0.266855
-0.267523
0.265202
-0.271782
0.250529
-0.286511
0.187103
-0.36255
-0.109723
-0.339321
0.221791
-0.222424
0.229406
-0.226031
0.268322
-0.262984
0.265535
-0.260149
0.268583
-0.24906
0.28244
-0.186691
0.225983
-0.229387
0.222282
-0.221471
0.360373
0.338643
0.109945
-0.0284586
-0.13592
-0.00536623
-0.0045216
-0.212463
-0.0312872
0.00533384
0.0207619
0.0107564
-6.70328e-05
0.132882
0.372082
0.389973
-0.211334
0.248416
-0.246257
0.237962
-0.199577
0.304322
-0.264222
0.284377
-0.273117
0.27507
-0.269891
0.27153
-0.246092
0.246551
0.253783
0.00107276
0.0112889
0.00568711
-0.00106202
0.0001959
-0.00530464
-0.00120535
-0.000334005
-0.000735392
-0.00265691
-0.00163229
-9.14979e-05
-0.000619652
-0.00013163
0.000335043
3.86379e-06
1.31656e-05
5.97626e-05
0.000702855
-7.18778e-05
-0.000158801
-0.000150068
-0.000202539
0.000347063
-0.00193141
-0.000861115
-0.00195668
0.00138662
-0.00895455
0.00182928
-0.0312207
-0.0133668
-0.0853183
0.0131252
-0.0294695
0.00122072
0.00247774
-0.000100954
-0.000102567
0.000309982
0.000171929
0.00800125
0.006414
0.00167214
0.000436777
0.00505322
0.000430764
-0.00764863
-0.00712852
-0.00482132
0.0222363
0.0687311
-0.0017473
0.00609549
-0.000775834
-0.00102916
0.0144436
-0.000543985
-0.000521997
-0.00136312
-0.248386
-0.0049486
-0.0010506
-0.0210148
0.00370491
0.000212234
0.00311055
0.00232701
0.0012661
0.00107805
0.000258111
0.000318769
-0.000204036
0.000218181
-0.00729997
-0.0202019
-0.00260995
-0.00939237
-0.00211923
-0.00563195
0.0286929
0.00724059
-0.0012659
-0.00264244
-0.00069157
-0.00104821
0.000495728
-0.000950214
-0.00026271
-0.000505672
-0.00108074
-0.000951703
-0.00190581
-0.00181772
0.00279163
-0.00286986
0.0326429
-0.00118402
-0.000386767
-0.00020933
-0.000273703
0.000411116
-0.000528464
0.0001123
-0.000378717
0.00117094
-0.00100448
0.0010961
-0.000845521
-0.0150253
-0.00341996
-0.0113872
-0.02833
-0.154302
0.271487
-0.26211
0.257325
-0.273057
0.25592
-0.268898
0.259833
-0.0844022
0.237554
-0.221555
0.226373
-0.26751
0.2633
-0.269915
0.265419
-0.278158
0.258047
-0.29797
0.192992
-0.232392
0.233539
-0.24127
0.210908
-0.384639
-0.368286
-0.133253
0.00397112
-0.00132291
0.0025156
-0.183091
0.187776
0.00324792
-0.179168
0.19277
0.0168002
-0.153126
0.205235
0.0888191
0.00528148
0.239226
-0.000512366
-0.0190299
0.199913
0.0287428
-0.00592155
0.301587
0.212603
-0.0108503
-0.00658452
0.10662
-0.214899
0.215434
-0.216505
0.225954
-0.234249
0.230366
-0.237082
0.2241
0.235172
0.36272
-0.295706
-0.182238
-0.0828996
-0.224106
-0.00267958
0.0172124
0.0103723
-0.0173206
-0.195575
0.144703
-0.00378862
-0.185567
0.172499
-0.00725694
-0.00440256
-9.17656e-05
-0.181987
0.181234
0.00195986
-0.182679
0.185681
-0.00352838
-0.0060179
-0.0296439
-0.142181
0
0
0
0
0
0
0
0
0
0
0
0
0
0
0
0
0
0
0
0
0
0
0
0
0
0
0
0
0
0
0
0
0
0
0
0
0
0
0
0
0
0
0
0
0
0
0
0
0
0
0
0
0
0
0
0
0
0
0
0
0
0
0
0
0
0
0
0
0
0
0
0
0
0
0
0
0
0
0
0
0
0
0
0
0
0
0
0
0
0
0
0
0
0
0
0
0
0
0
0
0
0
0
0
0
0
0
0
0
0
0
0
0
0
0
0
0
0
0
0
0
0
0
0
0
0
0
0
0
0
0
0
0
0
0
0
0
0
0
0
0
0
0
0
0
0
0
0
0
0
0
0
0
0
0
0
0
0
0
0
0
0
0
0
0
0
0
0
0
0
0
0
0
0
0
0
0
0
0
0
0
0
0
0
0
0
0
0
0
0
0
0
0
0
0
0
0
0
0
0
0
0
0
0
0
0
0
0
0
0
0
0
0
0
0
0
0
0
0
0
0
-0.000154798
-0.0632517
0.00634183
0.00120307
-1.357e-05
0.00464289
-1.47321e-05
-0.247506
-0.00439382
0.000162827
0.0712875
-0.00511744
0.000512709
-0.0112304
0.0341094
-0.00549529
-0.00989163
-0.000394772
0.000425023
-0.00654866
0.00653613
-0.0307167
-0.00716247
0.261191
-0.00330656
0.000467744
0.00390426
-0.000885485
0.00192718
-0.000836778
0.000818413
0.000562433
0.000747362
-4.45164e-05
0.000210897
0.000827989
0.00321361
0.00158318
0.000359769
-0.00366211
-0.00128219
-0.00812975
-0.00469374
-0.00622901
0.000669638
0.00190922
-7.56537e-05
0.000684779
-1.7562e-05
0.000163465
0.00749203
0.00453969
0.245553
-0.0109005
-0.00271413
-0.00544879
-0.00148365
-0.00235128
-0.00143919
-0.00134438
-0.00115927
-0.00525405
0.00905686
-0.00405786
-0.00101977
-0.00892462
-0.00225574
-0.00232716
-0.00142287
-0.00356704
0.00763102
0.0348918
-0.000856822
-0.000611272
-0.00103493
-0.000497417
-0.00145241
-0.000922422
0.00349545
-0.00141221
0.0336146
0.00153672
0.000590812
-0.00176098
0.00103705
-0.000236426
0.00124344
0.00116079
0.00163453
-0.00364375
-0.00134742
-0.033349
-0.018625
0.0142903
-0.0065786
-0.000713107
0.0746463
0.38999
-0.0222663
0.314235
0.236147
0.00686022
0.0888
0.300897
0.211447
-0.00773805
1.65124e-05
-0.129812
-0.0320976
-0.27994
-0.17138
-0.143614
-0.0192465
0.0133524
0.0121364
-0.105924
0.25459
-0.212682
-0.302552
0.255854
-0.275579
0.11529
-0.0838804
0.235968
-0.215554
0.221707
-0.221575
0.215244
-0.235255
0.0836245
-0.0119842
0.0134729
0.00261247
0.00927053
0.242593
-0.0282864
0.057718
-0.0167692
-0.189811
0.0107918
0.133572
-0.20849
-0.0263078
0.181974
-0.184274
3.12612e-06
0.188339
-0.180442
0.00247386
0.185254
-0.1808
0.00143099
-0.203428
0.162832
-0.0190715
-0.192512
0.173725
-0.00279712
-0.196867
0.144896
-0.0162387
-0.238624
-0.00807072
-0.0868521
0.184679
-0.181696
0.00127877
0.18772
-0.176541
0.00276998
0.200964
-0.150096
0.0165555
0.00786448
-0.298802
-0.209617
0
0
0
0
0
0
0
0
0
0
0
0
0
0
0
0
0
0
0
0
0
0
0
0
0
0
0
0
0
0
0
0
0
0
0
0
0
0
0
0
0
0
0
0
0
0
0
0
0
0
0
0
0
0
0
0
0
0
0
0
0
0
0
0
0
0
0
0
0
0
0
0
0
0
0
0
0
0
0
0
0
0
0
0
0
0
0
0
0
0
0
0
0
0
0
0
0
0
0
0
0
0
0
0
0
0
0
0
0
0
0
0
0
0
0
0
0
0
0
0
0
0
0
0
0
0
0
0
0
0
0
0
0
0
0
0
0
0
0
0
0
0
0
0
0
0
0
0
0
0
0
0
0
0
0
0
0
0
0
0
0
0
0
0
0
0
0
0
0
0
0
0
0
0
0
0
0
0
0
0
0
0
0
0
)
;
    }
}


// ************************************************************************* //
