/*--------------------------------*- C++ -*----------------------------------*\
| =========                 |                                                 |
| \\      /  F ield         | OpenFOAM: The Open Source CFD Toolbox           |
|  \\    /   O peration     | Version:  2306                                  |
|   \\  /    A nd           | Website:  www.openfoam.com                      |
|    \\/     M anipulation  |                                                 |
\*---------------------------------------------------------------------------*/
FoamFile
{
    version     2.0;
    format      ascii;
    arch        "LSB;label=32;scalar=64";
    class       volScalarField;
    location    "1.9";
    object      gradTz;
}
// * * * * * * * * * * * * * * * * * * * * * * * * * * * * * * * * * * * * * //

dimensions      [0 -1 0 1 0 0 0];

internalField   nonuniform List<scalar> 
5322
(
-0.871999
-0.890236
-0.919104
-0.996341
-0.988568
-0.985749
-0.984932
-0.98577
-0.988644
-0.99676
-0.985405
-0.988208
-0.743703
-1.02532
-1.12115
-0.894971
-1.05792
-0.792003
-1.1151
-1.12527
-1.13235
-1.12724
-1.12775
-1.13368
-1.13356
-1.12729
-1.12763
-1.13286
-1.13321
-1.12758
-1.1273
-1.12942
-1.12159
-1.10368
-1.04932
-0.861442
-0.979807
-0.998603
-1.0308
-0.725899
-0.958593
-0.989284
-0.712886
-0.990748
-0.981061
-0.724726
-1.00447
-0.948154
-0.715068
-0.982078
-1.09988
-0.789292
-1.07412
-1.00918
-0.946251
-0.959483
-1.13813
-0.944614
-0.956157
-0.960504
-1.15201
-0.957346
-0.95655
-0.936815
-1.1512
-0.989525
-0.951987
-0.88973
-1.12385
-1.0505
-0.788523
-1.22885
-1.17035
-1.15371
-1.16597
-1.1603
-1.1597
-1.15561
-1.17067
-1.10843
-1.0544
-0.810466
-0.84008
-1.13561
-0.77451
-1.0297
-1.38958
-0.848788
-0.870167
-0.781996
-0.988916
-0.884438
-0.933169
-0.92578
-1.12388
-0.973212
-0.969861
-0.987183
-1.41423
-0.826085
-0.83301
-0.794775
-0.994658
-1.11066
-1.20821
-0.941226
-0.998553
-1.0009
-0.997652
-0.99906
-0.999454
-0.999151
-0.998053
-1.00153
-1.1532
-1.14202
-0.799187
-0.866019
-1.1535
-0.954466
-0.846034
-1.02903
-1.0146
-1.4294
-1.06478
-1.39966
-1.00495
-1.04937
-1.37563
-1.00071
-1.02703
-1.38805
-1.01621
-1.00791
-1.3944
-1.03058
-1.01415
-1.43166
-1.06556
-1.39975
-1.00745
-0.848916
-0.954559
-0.853897
-0.800671
-1.15363
-0.866057
-0.859969
-0.79004
-0.795246
-1.15135
-0.861145
-0.857817
-0.790489
-0.797154
-1.15105
-0.862873
-0.853493
-0.848621
-1.12098
-0.893655
-1.0593
-1.2318
-1.20398
-0.763821
-1.11531
-0.792076
-1.07289
-0.734606
-0.993473
-1.02656
-0.953585
-0.98745
-1.14612
-0.942736
-1.16102
-1.1529
-1.11343
-0.930556
-1.1115
-1.13766
-1.14001
-1.12962
-0.945107
-1.13091
-1.13443
-1.13587
-1.13206
-0.948486
-1.1331
-1.13442
-1.13541
-1.13208
-0.949873
-1.13353
-1.135
-1.13651
-1.13075
-0.950955
-1.13305
-1.13612
-1.13868
-1.12841
-0.951614
-1.1317
-1.13569
-1.13956
-1.12675
-0.948576
-1.13142
-1.11566
-1.11934
-0.984964
-1.41502
-0.8264
-0.823472
-0.797518
-1.12334
-1.12026
-0.933245
-0.92603
-1.12042
-0.980942
-0.957972
-0.993422
-1.41
-0.830807
-0.823319
-0.798983
-0.981379
-1.11701
-0.969496
-0.980864
-0.999164
-0.997474
-0.999492
-0.99985
-0.999392
-0.998152
-1.00149
-1.15315
-1.1423
-0.795664
-0.7932
-0.792584
-0.795615
-1.15091
-0.857753
-0.862572
-0.867852
-1.02677
-1.44239
-0.857994
-1.15095
-0.862307
-1.4343
-1.04623
-1.37101
-0.999998
-0.868061
-1.02668
-1.37132
-0.732122
-0.983563
-0.943317
-0.942223
-0.98775
-1.15205
-1.11362
-1.13932
-1.12965
-1.13554
-1.13194
-1.13532
-1.132
-1.13666
-1.13067
-1.13924
-1.12807
-1.14084
-1.12559
-1.12635
-0.972322
-1.4144
-0.990969
-0.969505
-1.11305
-1.13412
-0.949064
-1.13532
-1.13309
-0.952048
-1.1366
-1.1336
-0.951264
-1.13568
-1.13362
-0.950048
-1.13513
-1.13289
-0.948554
-1.1354
-1.13026
-0.945089
-1.13924
-1.1103
-0.930299
-1.1626
-0.953663
-1.16129
-1.11155
-0.930306
-1.15323
-0.987508
-1.14586
-0.951513
-0.741045
-1.02877
-0.895153
-1.1663
-1.11588
-1.13715
-1.13624
-1.13488
-1.13616
-1.13614
-1.13512
-1.13812
-1.1332
-1.14258
-1.12677
-1.14824
-1.11498
-1.12918
-0.977629
-1.39378
-1.03207
-0.934131
-1.19847
-1.21761
-0.918362
-1.21999
-1.21524
-0.921792
-1.21921
-1.21383
-0.920043
-1.216
-1.21321
-0.918588
-1.21529
-1.214
-0.917737
-1.21589
-1.21385
-0.915824
-1.22081
-1.20439
-0.903066
-1.23162
-1.05909
-1.1206
-0.993114
-1.0492
-0.915396
-1.07638
-0.73252
-0.836049
-0.95098
-0.872996
-1.1935
-1.16232
-1.11975
-1.1122
-0.928014
-1.1535
-1.17026
-0.908643
-1.15074
-1.01073
-0.961275
-0.944898
-1.39272
-1.12379
-1.06544
-1.42992
-1.02505
-0.955604
-0.975944
-0.94849
-1.16252
-1.11028
-0.940224
-1.14005
-1.13025
-1.136
-1.13293
-0.934727
-1.13606
-1.13303
-1.13741
-1.13161
-0.932238
-1.13967
-1.12877
-1.13996
-1.1275
-0.927032
-0.934248
-0.935611
-0.9357
-0.937438
-0.933959
-1.14333
-1.12887
-0.950211
-1.13859
-1.12724
-1.14605
-1.12155
-0.945371
-1.14284
-1.09729
-1.22171
-0.937951
-1.38221
-0.839913
-0.803666
-0.817284
-1.0814
-0.878071
-0.781622
-1.14223
-0.765082
-1.09986
-1.14067
-0.764145
-1.1234
-1.1343
-0.762407
-1.13233
-1.13475
-0.762029
-1.12902
-1.12769
-0.762565
-1.13346
-1.12761
-0.763941
-1.13107
-1.11931
-0.763358
-1.12103
-0.859057
-0.828259
-1.03184
-0.900875
-1.00398
-1.04113
-1.16086
-1.17295
-1.16233
-1.16914
-1.13376
-1.13607
-0.946567
-1.13793
-1.13724
-1.13466
-0.943813
-1.13127
-0.938178
-0.887653
-0.890754
-0.79193
-0.923374
-0.896324
-0.859857
-1.0024
-0.995114
-0.984849
-0.993981
-0.771877
-1.25777
-0.696612
-0.935129
-0.992839
-0.970268
-0.974279
-1.00239
-0.987285
-0.984206
-1.0038
-0.974162
-1.04016
-0.914347
-1.02925
-1.03269
-1.16696
-1.1657
-1.16996
-1.16232
-1.13589
-1.13378
-0.949311
-1.13667
-1.13961
-1.13554
-0.947917
-1.13496
-0.935743
-0.887473
-0.887318
-0.788249
-0.920226
-0.910187
-0.871381
-0.920153
-0.889847
-0.854379
-1.02654
-0.913447
-0.789159
-0.99563
-1.00019
-0.989055
-0.988852
-0.933048
-0.905735
-0.899337
-0.79007
-0.984675
-0.971841
-1.11299
-0.938803
-1.14022
-1.13821
-1.13119
-0.945249
-1.12932
-0.934362
-1.13606
-1.13489
-1.13322
-0.948806
-1.13221
-0.932774
-1.13541
-1.13547
-1.13309
-0.950421
-1.13298
-0.931684
-1.13613
-1.13719
-1.13155
-0.951771
-1.13281
-0.930133
-1.13696
-1.14025
-1.12801
-0.952536
-1.13241
-0.927738
-1.13431
-1.14208
-1.12497
-0.948743
-1.13302
-0.92254
-1.11272
-1.1234
-0.983364
-0.967767
-0.983522
-0.802436
-0.826492
-0.794243
-0.752518
-1.07828
-0.768191
-1.03693
-0.852656
-0.817015
-1.06758
-1.09462
-0.920212
-0.970505
-0.970455
-0.978149
-0.998196
-0.978882
-0.981133
-1.00473
-0.976868
-1.0045
-0.98272
-0.975654
-0.978268
-0.98229
-0.99075
-0.97883
-0.97968
-0.745414
-1.01811
-0.901126
-0.937169
-0.941554
-0.959682
-0.991632
-1.14878
-0.866053
-1.06711
-1.0537
-1.06505
-1.08077
-0.8467
-1.06368
-1.0675
-1.06244
-1.14987
-0.77703
-0.782141
-0.78076
-0.779518
-0.777013
-0.774263
-1.1516
-0.779509
-0.77869
-0.778963
-1.15167
-0.78081
-1.1565
-1.15785
-1.15544
-1.02509
-1.02324
-0.950627
-0.937495
-0.934992
-0.935347
-0.935489
-0.935115
-0.886908
-0.7883
-0.917056
-0.906966
-0.867302
-1.03487
-1.02946
-1.18028
-1.14391
-1.20479
-0.924003
-0.995754
-0.849422
-1.04431
-0.922195
-0.978949
-0.999187
-0.973022
-0.970329
-0.971412
-1.00727
-0.994036
-0.97894
-0.929673
-0.890578
-0.898882
-0.93473
-0.737535
-0.807652
-1.09259
-0.989506
-1.03642
-1.06254
-0.703773
-0.878472
-0.926549
-1.09486
-0.729383
-0.915158
-0.931678
-1.10014
-0.732317
-0.903656
-0.942625
-1.09605
-0.746122
-0.8928
-0.997831
-1.3631
-1.01737
-0.992743
-1.24815
-1.20986
-0.98536
-0.745634
-1.07417
-1.00995
-0.945775
-0.957484
-0.950047
-0.715389
-0.980347
-1.10037
-0.789061
-1.05509
-0.810922
-0.840826
-1.13601
-1.07789
-0.872672
-1.14368
-1.11048
-0.896284
-1.13691
-1.12453
-0.898938
-1.13346
-1.12848
-0.900631
-1.13141
-1.12984
-0.900117
-1.13113
-1.13003
-0.901938
-1.12928
-1.13077
-0.88695
-1.12571
-1.1146
-0.864748
-1.07334
-0.910721
-1.04789
-0.991938
-1.05874
-1.23201
-1.20368
-0.903067
-1.1685
-0.893302
-1.12109
-1.02835
-0.741196
-0.950307
-0.984229
-1.14612
-0.938614
-0.985962
-0.987227
-0.997476
-0.988532
-0.991078
-0.987586
-0.985309
-0.91969
-0.892614
-0.856695
-1.03845
-1.03911
-0.917091
-0.914761
-0.975144
-0.991626
-1.13643
-1.13776
-0.936525
-1.1326
-1.13477
-0.950619
-1.13321
-1.13544
-0.951855
-1.1328
-1.13645
-0.952338
-1.13131
-1.13518
-0.94848
-1.12921
-0.99417
-1.00322
-0.982654
-0.988391
-0.976811
-0.972191
-0.974067
-0.97654
-0.979305
-0.98338
-0.991947
-0.981918
-0.982865
-0.740927
-0.984231
-0.938165
-0.987091
-0.98606
-0.997116
-0.988353
-0.98466
-0.98221
-0.979859
-0.977869
-0.980351
-1.02383
-1.01803
-0.743148
-1.32612
-0.999843
-0.959661
-0.932919
-1.10013
-0.733575
-0.73536
-0.804938
-1.14704
-0.767484
-0.779055
-0.794132
-1.15358
-0.770987
-0.782542
-0.787259
-1.14874
-0.787342
-0.800851
-0.869578
-1.44924
-1.03106
-1.00665
-1.01145
-1.00235
-0.849531
-0.818687
-0.872764
-1.44388
-0.863489
-0.865115
-1.15125
-0.958933
-0.956023
-0.935934
-0.995383
-0.712393
-0.985383
-0.98613
-0.726234
-1.00062
-0.947137
-0.955572
-0.957149
-1.16137
-1.15749
-1.1678
-1.15193
-0.956551
-0.902287
-0.982175
-1.15303
-0.966096
-0.733046
-1.0259
-0.900165
-0.731796
-1.22591
-0.676585
-0.934748
-0.819361
-1.00675
-1.01305
-0.846323
-1.03689
-1.02725
-0.870539
-1.03072
-1.03728
-0.853199
-1.03779
-1.02981
-0.874084
-1.0293
-1.03883
-0.851491
-1.03777
-1.0311
-0.872407
-1.02613
-1.04122
-0.849284
-1.01434
-1.02142
-0.830242
-0.95154
-0.694066
-1.25349
-0.901937
-0.772723
-1.43122
-1.01494
-1.06498
-1.3981
-1.00644
-1.04748
-1.37405
-0.999358
-1.02846
-1.38789
-1.01878
-1.00518
-1.39356
-0.747599
-0.958606
-1.14934
-0.945548
-0.954167
-1.15996
-0.930352
-1.11146
-1.11201
-0.938779
-1.13756
-0.915752
-1.13481
-1.21348
-0.789415
-1.21601
-0.761634
-1.21298
-0.788178
-1.21358
-0.761014
-1.21355
-0.787946
-1.2135
-0.760958
-1.21347
-0.78809
-1.21286
-0.761374
-1.21548
-0.789034
-1.21295
-0.762296
-1.21931
-0.790731
-1.20204
-0.760535
-0.896078
-1.14811
-1.1213
-0.94333
-1.1667
-0.910581
-1.16651
-1.13223
-0.938655
-1.16664
-0.911693
-1.16513
-1.13395
-0.937379
-1.16537
-0.91164
-1.16605
-1.13457
-0.936834
-1.1667
-0.911775
-1.16478
-1.1355
-0.937432
-1.16608
-0.912159
-1.16586
-1.13732
-0.938873
-1.16924
-0.911931
-1.16542
-1.14246
-0.944564
-1.15506
-0.900469
-1.19951
-1.15313
-0.961373
-0.869249
-0.835266
-0.733427
-0.993446
-1.04927
-0.910886
-1.0737
-0.862393
-0.89653
-0.908347
-0.935191
-0.939268
-0.98153
-1.14658
-0.943076
-0.985378
-0.950666
-1.16642
-0.903512
-1.20347
-0.792087
-1.22053
-0.763194
-0.996418
-0.98634
-0.973892
-1.15402
-1.02338
-1.43324
-0.862555
-1.15096
-0.858246
-0.866754
-1.0659
-1.06108
-1.05283
-1.06179
-1.06831
-1.44193
-1.02444
-0.953987
-0.938638
-0.939947
-0.942696
-1.14151
-1.14307
-0.944203
-0.988654
-0.980912
-0.974754
-1.15265
-0.930784
-1.11332
-1.13825
-0.945425
-1.13015
-1.13506
-0.949017
-1.02776
-0.937324
-0.938292
-0.937664
-0.93778
-0.935348
-0.937619
-0.937506
-0.936838
-0.936324
-0.9351
-0.937676
-0.938892
-1.11386
-1.13838
-1.22009
-1.21341
-1.2153
-1.21277
-0.761927
-1.13116
-0.788876
-1.12952
-0.763422
-1.1322
-0.791863
-1.12597
-0.885776
-0.850899
-1.03828
-0.912025
-1.02882
-1.16784
-0.938793
-1.13671
-0.94531
-1.13353
-1.13492
-0.936938
-1.13345
-0.948805
-1.13297
-1.13345
-0.934805
-1.133
-0.94846
-1.13388
-1.13395
-0.933499
-1.13446
-0.917021
-1.13547
-1.13377
-0.915613
-1.13909
-1.11266
-0.903673
-1.0025
-1.00296
-0.998386
-0.999245
-0.999533
-0.999239
-0.998136
-1.00163
-1.15322
-1.14175
-0.796267
-0.789793
-0.794197
-0.860807
-1.44099
-1.02464
-1.02533
-1.4285
-0.860316
-0.865402
-1.06793
-1.06523
-1.12433
-1.06448
-1.43404
-1.02312
-0.950562
-1.1676
-0.903868
-1.00066
-0.981519
-1.1556
-1.14959
-0.778764
-0.776198
-1.15166
-0.773621
-0.789336
-1.15123
-0.982026
-0.939895
-0.890891
-0.944755
-1.39097
-1.20156
-0.961757
-1.15143
-0.927817
-1.12102
-1.10984
-0.942572
-1.13771
-0.944903
-1.12905
-0.936457
-1.13393
-0.947745
-1.13282
-1.13188
-0.933526
-1.13453
-0.917253
-1.13496
-1.13456
-0.917176
-1.13492
-0.935477
-0.935517
-0.935473
-0.935196
-0.937718
-0.981446
-1.15555
-1.1494
-0.959894
-1.00458
-0.982111
-1.00056
-0.981192
-0.95984
-1.00435
-0.93821
-0.940065
-0.936392
-0.935924
-0.937068
-0.934356
-0.984652
-0.982131
-0.979866
-0.982719
-0.980016
-0.908427
-0.889571
-0.892962
-0.900075
-0.734064
-1.01912
-0.750421
-1.35931
-0.981268
-0.958436
-0.960264
-1.11285
-0.986038
-1.03284
-0.981106
-1.34964
-0.966985
-0.958041
-0.931382
-1.09546
-0.731871
-0.745253
-0.812501
-1.14069
-0.764228
-0.790864
-0.804489
-1.14701
-0.767671
-0.792052
-0.799987
-1.1422
-0.785608
-0.805599
-1.16275
-0.998686
-0.933289
-0.926055
-1.13346
-1.20861
-0.918446
-1.22146
-0.763752
-0.915152
-1.1826
-0.935358
-1.12294
-1.14841
-0.936398
-1.10045
-1.18643
-1.13372
-1.05135
-0.837241
-0.958205
-0.890087
-1.10818
-1.17172
-1.15366
-1.11836
-0.940296
-1.10867
-0.93194
-1.11437
-0.940073
-1.10886
-0.932682
-1.11538
-0.94267
-1.10926
-1.17452
-1.14781
-0.95645
-0.848189
-1.00927
-1.15408
-0.845313
-1.01288
-1.0305
-0.99101
-0.864338
-0.86329
-0.868552
-1.43517
-0.869656
-0.958289
-1.3761
-1.03423
-0.994261
-0.844749
-0.858374
-1.15995
-0.797172
-0.796666
-1.15662
-0.98455
-1.00552
-1.00104
-0.997813
-0.999223
-0.99958
-0.999248
-0.99811
-1.00156
-1.15322
-1.14204
-0.773601
-0.77678
-1.05693
-1.0528
-1.06465
-1.37074
-1.04661
-0.848477
-0.853703
-0.954219
-0.866119
-0.846392
-1.01469
-1.43168
-1.06505
-1.3908
-1.00598
-1.39734
-1.12438
-1.08173
-1.06549
-1.42893
-0.860416
-0.860972
-1.15135
-0.792278
-0.791773
-0.861145
-0.860315
-0.864786
-1.02019
-1.40615
-1.02075
-1.44039
-1.02402
-1.02505
-0.944828
-0.792541
-0.898311
-0.90527
-0.935555
-0.988805
-0.988438
-1.00007
-0.991401
-0.987855
-0.985555
-0.983359
-0.981454
-0.978253
-0.982734
-0.981596
-1.01432
-0.747706
-0.819702
-0.824348
-1.41502
-0.958551
-0.968812
-0.999055
-1.32252
-0.740581
-0.822654
-0.825156
-0.753003
-0.832979
-0.848194
-1.38974
-0.997286
-1.02968
-0.782425
-0.870247
-0.948998
-0.893203
-0.906505
-0.983686
-1.0256
-1.0232
-0.983059
-0.981443
-1.01187
-1.00592
-0.999731
-0.996876
-0.995999
-0.98013
-0.977768
-0.977488
-0.971993
-0.98528
-0.923653
-0.921572
-0.920674
-0.91979
-0.918037
-0.913799
-1.00673
-0.990978
-0.991584
-0.988501
-0.985027
-0.982352
-0.981808
-0.97969
-0.994577
-0.994504
-1.13908
-1.22016
-1.21317
-1.21547
-1.21265
-0.916903
-1.13569
-1.13429
-0.915279
-1.03918
-0.937521
-0.938811
-1.11324
-1.02348
-1.43345
-1.00003
-0.950767
-0.981203
-1.00066
-1.15345
-0.799352
-0.790792
-1.06896
-1.06035
-1.0683
-1.0565
-0.772885
-1.15173
-1.05692
-1.06512
-0.867366
-1.08179
-1.05736
-1.05208
-1.06433
-1.06735
-1.12456
-1.06521
-1.06776
-1.06925
-1.08252
-0.798266
-0.866423
-0.954133
-1.15339
-0.854192
-0.848072
-1.00076
-0.982369
-1.15572
-1.1491
-0.959901
-0.982364
-0.940083
-0.890922
-0.792066
-0.887766
-0.789161
-0.934937
-0.934505
-0.935193
-0.932842
-1.13511
-1.13548
-1.21436
-1.21179
-1.21515
-1.21057
-0.918415
-1.1358
-1.13515
-0.917486
-1.04286
-0.887284
-0.787955
-0.887029
-0.787462
-0.935207
-0.93173
-0.937226
-0.933284
-0.936854
-0.932104
-0.935412
-0.933323
-0.884322
-0.788285
-0.930467
-1.04293
-1.04366
-1.04335
-1.04263
-1.03923
-1.02271
-1.00355
-1.00171
-1.02667
-1.00777
-1.00329
-1.02763
-1.00896
-1.00347
-1.0019
-1.02379
-1.02293
-1.0035
-1.00687
-1.00471
-1.00666
-1.00716
-1.00377
-1.02777
-1.00892
-1.0033
-1.02673
-1.00748
-1.00131
-1.02171
-1.03749
-0.930871
-1.1162
-0.74034
-1.1687
-0.99656
-0.980018
-1.14527
-0.787034
-1.1591
-1.06781
-1.03623
-0.977308
-1.34012
-0.969275
-0.962576
-0.903541
-1.07025
-1.08038
-0.851041
-0.963056
-1.07162
-1.07954
-0.989076
-0.968378
-1.33229
-0.981541
-1.0392
-1.04539
-1.04801
-1.03973
-0.977401
-1.07013
-0.944713
-0.942765
-1.09621
-0.746673
-0.730954
-0.800106
-1.14248
-0.785003
-0.773912
-0.78734
-1.14923
-0.785954
-0.777402
-0.780436
-1.14415
-0.801638
-0.869816
-1.43847
-1.0586
-0.992808
-0.866943
-0.86203
-1.15655
-0.983738
-1.00529
-1.00177
-1.00319
-1.00364
-1.00325
-1.00175
-1.00452
-1.02359
-1.03914
-0.916049
-1.13451
-1.13518
-0.917615
-1.13504
-1.13499
-1.21409
-1.21177
-1.2148
-1.21046
-0.761216
-1.1293
-0.787038
-1.13193
-0.761255
-1.13084
-0.787617
-1.13162
-0.899366
-0.862309
-1.03378
-0.912019
-1.03335
-1.16486
-0.936316
-1.1334
-0.945692
-1.13577
-1.13473
-0.936256
-1.13089
-0.947855
-1.13441
-0.936235
-1.12985
-0.945103
-1.13919
-1.14017
-0.939123
-1.11485
-0.932109
-1.1108
-1.11317
-0.940473
-1.13867
-1.13951
-1.1097
-0.931655
-0.982931
-0.938688
-0.936514
-0.937141
-0.937368
-0.937376
-0.937169
-0.887655
-0.887109
-0.935311
-0.932879
-0.93526
-0.931663
-1.13486
-1.13528
-0.918952
-1.13445
-1.13649
-1.21734
-1.2092
-1.22076
-1.20885
-0.763686
-1.11119
-0.786952
-1.13736
-0.761954
-1.12525
-0.786875
-1.13403
-0.898234
-0.860569
-1.02947
-0.913759
-1.0372
-1.15429
-0.935481
-1.12302
-0.941387
-1.14775
-1.13417
-0.940425
-1.1175
-0.924907
-1.10099
-1.18602
-0.93663
-1.13346
-1.05046
-0.957522
-0.8895
-0.957427
-0.9896
-0.83637
-0.87199
-1.14392
-1.07847
-0.783973
-0.904057
-0.911159
-0.915467
-0.917324
-0.918301
-0.919263
-0.921393
-0.89646
-0.906603
-1.04938
-0.910904
-0.693916
-0.835557
-0.951272
-0.868188
-1.25438
-0.771103
-0.898964
-1.15139
-1.01015
-0.906683
-0.955905
-1.1516
-0.930605
-1.10857
-0.940013
-1.13709
-0.944722
-1.13073
-1.12871
-0.934821
-1.13479
-0.917175
-1.13507
-0.996086
-0.981299
-1.13597
-0.979604
-1.1407
-0.991416
-0.990394
-0.977486
-0.980226
-0.939872
-1.01868
-0.993629
-0.936468
-0.991778
-0.831543
-1.01903
-0.900827
-1.1533
-0.944562
-1.14144
-0.943103
-1.13189
-1.13287
-0.938483
-1.13446
-0.948006
-1.13237
-0.935261
-1.13348
-0.948507
-1.13343
-1.13309
-0.933147
-1.1334
-0.98212
-0.982139
-1.13436
-0.980628
-0.979607
-0.982944
-0.987527
-1.14287
-0.981258
-1.17208
-0.98432
-0.970694
-1.01544
-1.00213
-0.995001
-0.973907
-1.16709
-1.003
-0.864269
-1.03395
-0.91227
-1.16592
-0.937066
-1.13484
-0.945706
-1.13438
-1.1352
-0.936323
-1.13248
-0.948781
-1.13385
-0.935053
-1.13213
-0.947749
-1.13475
-1.13536
-0.934862
-1.12981
-0.935383
-1.02668
-1.02738
-1.00879
-1.00393
-1.00353
-1.002
-1.00477
-1.00353
-1.02267
-1.02656
-1.04242
-0.937441
-0.937711
-0.937735
-1.04288
-1.02758
-1.02746
-1.00888
-1.00772
-1.02782
-1.02393
-0.945276
-1.13979
-0.939797
-1.13889
-1.13001
-0.936581
-1.13514
-1.1357
-1.12948
-1.1297
-0.938603
-1.13519
-1.13746
-1.13305
-1.14242
-0.942504
-1.13868
-1.11274
-1.10938
-1.11031
-1.11183
-0.942431
-1.14136
-1.13939
-0.945272
-1.1292
-0.938564
-1.13685
-1.1356
-0.948414
-1.13208
-0.937157
-1.13589
-1.13438
-1.13427
-1.13476
-0.935443
-1.1329
-1.13257
-0.948406
-1.13237
-0.937161
-1.13403
-1.13651
-1.13504
-0.945949
-1.13689
-1.16629
-0.938599
-1.13201
-0.943699
-1.14161
-1.16768
-0.944254
-1.12095
-1.11029
-1.17103
-0.955684
-1.15262
-0.93113
-1.16245
-0.954313
-1.16099
-0.931088
-1.15398
-0.955608
-1.16961
-1.11118
-1.11989
-0.928284
-0.982403
-0.974397
-0.979657
-0.750221
-1.01509
-0.964935
-0.988375
-0.990049
-0.746213
-0.976919
-0.943506
-0.963248
-1.01628
-0.750078
-1.39925
-1.03042
-1.00398
-0.865037
-1.1495
-0.975481
-0.945776
-0.947425
-0.97379
-0.909401
-1.00822
-1.15132
-0.84589
-1.03029
-1.39883
-1.00461
-1.4287
-1.02513
-0.94014
-0.938915
-0.937175
-0.937878
-1.0286
-0.949213
-1.13348
-0.934961
-1.13346
-1.1342
-1.13293
-1.1364
-0.93651
-1.13349
-1.13527
-0.946416
-1.13503
-1.16636
-0.936933
-1.13379
-1.16613
-0.912891
-1.03468
-1.03425
-0.863428
-1.03458
-1.03435
-0.863622
-1.03378
-1.03549
-0.861658
-1.03045
-1.03817
-0.857914
-1.01166
-0.971294
-0.999638
-0.97312
-1.00258
-0.973585
-1.00305
-0.973585
-1.00333
-0.973571
-1.00368
-0.864961
-1.03007
-1.16778
-0.912593
-1.03848
-1.01637
-0.852188
-1.00257
-0.974228
-0.970746
-1.01941
-0.901441
-1.20176
-0.961287
-1.15166
-0.928379
-0.982356
-0.982994
-0.993867
-0.771851
-0.900627
-1.25389
-0.694057
-0.952146
-0.831721
-0.991467
-0.936548
-0.835938
-0.868473
-1.00956
-0.908216
-1.15134
-0.939941
-0.979371
-0.974476
-0.987177
-0.993602
-0.986604
-0.983718
-0.982577
-0.936212
-1.13362
-1.16728
-1.16521
-1.13472
-0.990151
-0.989594
-0.98907
-0.98335
-0.980105
-0.976805
-0.975434
-0.990482
-0.94645
-1.13469
-0.936441
-1.13111
-1.13694
-1.13074
-1.17115
-0.935827
-1.13621
-1.16291
-0.913245
-0.76122
-0.99727
-0.984167
-0.987245
-1.0012
-1.1369
-1.21785
-1.20926
-0.787473
-0.885668
-0.886662
-0.787329
-0.934898
-0.930596
-1.13501
-0.933848
-0.92944
-1.13403
-0.919647
-1.04226
-0.937517
-0.936842
-1.03829
-1.02233
-1.02669
-1.00757
-1.00885
-1.02855
-1.00348
-1.00656
-1.00342
-1.00393
-1.02871
-1.02767
-1.02682
-1.00769
-1.02742
-1.04231
-1.0427
-0.918137
-0.997104
-0.996461
-0.982268
-0.984181
-0.989931
-0.981313
-0.97999
-0.973887
-0.986509
-0.934746
-0.996402
-0.986559
-0.984266
-0.986407
-0.988982
-0.994474
-0.991727
-0.989199
-1.0026
-0.998859
-1.13304
-1.13705
-0.918822
-1.13188
-1.00791
-0.992621
-0.987035
-0.992004
-0.892252
-0.950347
-1.21061
-1.24755
-0.745548
-0.99752
-1.36338
-1.01708
-0.849769
-1.00217
-1.01325
-0.86633
-0.868885
-1.45127
-1.03711
-1.00485
-1.27783
-1.10245
-1.10387
-1.04462
-1.06709
-0.790458
-1.16106
-0.981544
-1.00355
-1.0014
-1.0277
-1.02881
-1.02771
-0.937161
-0.934877
-0.930389
-0.933764
-0.929157
-0.88539
-0.88639
-0.886795
-1.1667
-1.1625
-0.935894
-1.13056
-0.944988
-1.1393
-1.13333
-0.93699
-1.12737
-0.944765
-1.13081
-0.936695
-0.93724
-1.0281
-1.04265
-1.04201
-0.920114
-1.02676
-1.00749
-1.00877
-1.00882
-1.02817
-0.937328
-0.936688
-0.938509
-1.14078
-0.980626
-1.12974
-0.974856
-1.11312
-1.16374
-0.943251
-0.976435
-0.991429
-0.739323
-0.981756
-0.980716
-0.982721
-0.987957
-1.13755
-0.987787
-0.973144
-1.0333
-1.00259
-0.98484
-0.973086
-1.16581
-1.00226
-0.862592
-1.03285
-0.912442
-1.03447
-0.973027
-1.00177
-0.983658
-0.983696
-0.98844
-1.13642
-0.983785
-1.13477
-0.97829
-0.988725
-1.13618
-0.983847
-1.13373
-0.978626
-0.988843
-1.13655
-0.972589
-1.17055
-0.998887
-0.856867
-1.01075
-0.914444
-1.18206
-0.970901
-0.984928
-0.989923
-0.976664
-0.951882
-0.893437
-0.938438
-0.921231
-0.979105
-0.988477
-1.13638
-0.981025
-0.988215
-0.976866
-0.961219
-0.940092
-0.975666
-0.98105
-0.982903
-1.13507
-1.13319
-0.980334
-0.979524
-0.983407
-0.991263
-0.980746
-0.967655
-0.940155
-0.975189
-0.980007
-0.981332
-1.13232
-0.995763
-0.995821
-0.995899
-0.918283
-0.919167
-0.921119
-0.883173
-0.910709
-0.918364
-0.918288
-0.918897
-0.995768
-0.985045
-0.984315
-0.980644
-0.933347
-0.726805
-0.813322
-0.919337
-0.976869
-0.99122
-0.986313
-0.979414
-0.976271
-0.975302
-0.976363
-0.979585
-0.986773
-0.985399
-0.974487
-0.977094
-0.977124
-0.94336
-1.1495
-0.939517
-0.994263
-0.982708
-0.993203
-0.989488
-0.943731
-1.13148
-1.13365
-0.937529
-1.02393
-1.00351
-0.959964
-1.02281
-1.0393
-0.89117
-0.944947
-1.3911
-1.23246
-0.763205
-0.888005
-1.04254
-1.02782
-1.00768
-1.02665
-1.0274
-1.00881
-1.0286
-0.937805
-0.937861
-0.938015
-0.937798
-1.02765
-0.948298
-1.1336
-0.935157
-1.13212
-1.13608
-0.936286
-1.12892
-1.13154
-1.13382
-1.13597
-0.937071
-1.12713
-1.13693
-1.13307
-0.94577
-1.13984
-1.1547
-0.914617
-0.762015
-0.99058
-0.982531
-0.983768
-0.988575
-0.990036
-0.957481
-0.951756
-0.893475
-0.975348
-0.938474
-0.920895
-0.980054
-0.990026
-0.978077
-0.975747
-0.985852
-0.986857
-1.13443
-1.1337
-1.13473
-1.1338
-0.937105
-1.13469
-1.13273
-0.948437
-1.13472
-0.938573
-1.1325
-1.13063
-0.945631
-1.1383
-1.14311
-1.14038
-0.943684
-1.03968
-1.02445
-1.00203
-1.00449
-1.00253
-1.00346
-0.934109
-0.927119
-1.12237
-0.79908
-0.73396
-1.15928
-1.06636
-1.06722
-0.977695
-1.04082
-1.04846
-1.06588
-0.77772
-1.14945
-0.958515
-1.15159
-1.15761
-1.15177
-1.15115
-1.1215
-0.892374
-1.04572
-1.33289
-0.754521
-0.985547
-1.11744
-1.03907
-1.10294
-1.02658
-0.99302
-1.29398
-1.0872
-0.805446
-0.871878
-1.44468
-0.86433
-1.15525
-0.802501
-1.15776
-0.960029
-1.0069
-1.00313
-1.02236
-1.02258
-1.03806
-1.02336
-1.02721
-1.02336
-1.00387
-1.00768
-1.02786
-1.02858
-1.0429
-0.937799
-0.937698
-0.937167
-1.02371
-0.938878
-0.884648
-0.78443
-1.20915
-0.774655
-0.991421
-1.10939
-0.940539
-0.985545
-0.988834
-1.12129
-0.795589
-0.730525
-1.16123
-0.981476
-0.960089
-1.15108
-0.773692
-1.15145
-1.06633
-1.06655
-1.06914
-0.946374
-1.04537
-1.33207
-0.985397
-1.03935
-1.04481
-1.04614
-1.04995
-1.06624
-0.782507
-1.15143
-1.08343
-1.0467
-1.08166
-1.06689
-0.778691
-1.15348
-0.961619
-1.15779
-1.15715
-1.0281
-0.938775
-0.939342
-1.02837
-1.0237
-0.891063
-0.94116
-0.939641
-0.983168
-1.02334
-1.02754
-1.02955
-0.945247
-1.19863
-0.96497
-0.972852
-0.985713
-0.983288
-0.982516
-0.983394
-0.986164
-0.990076
-1.13537
-1.13357
-0.946044
-0.887708
-1.04292
-0.946417
-1.13428
-1.13589
-0.936725
-1.13545
-1.1336
-1.13314
-0.949212
-1.13394
-0.986885
-0.97543
-0.978621
-0.985616
-0.985771
-0.983507
-0.98677
-0.974198
-0.975028
-0.978069
-0.983703
-1.14071
-1.13713
-1.14117
-0.983923
-0.985872
-0.986902
-0.949202
-0.990391
-1.13633
-1.13505
-0.946364
-0.887666
-0.887438
-1.04257
-0.945946
-1.13641
-1.13767
-0.989909
-0.973299
-0.973409
-0.973508
-0.973616
-0.974135
-0.970444
-0.936321
-0.99161
-1.00288
-1.00439
-1.00349
-0.990452
-1.00383
-1.00343
-1.00397
-0.989205
-0.981761
-0.928541
-0.978262
-0.985047
-0.984937
-0.973695
-0.959855
-0.939498
-0.97754
-0.974099
-0.959776
-0.942858
-0.973361
-0.972004
-0.938508
-0.967766
-0.887962
-0.945102
-1.13334
-0.942053
-1.00038
-0.979957
-1.15512
-1.08423
-1.08708
-1.11719
-1.02627
-1.10257
-1.10387
-1.10239
-1.08453
-1.04403
-1.09945
-1.29265
-1.10261
-1.10494
-1.18416
-1.1546
-1.29923
-1.30043
-1.28023
-1.29647
-1.29439
-0.954728
-0.95852
-1.00321
-1.16277
-0.819375
-0.954665
-0.985655
-0.949198
-0.925377
-1.1378
-0.93744
-1.13403
-0.908401
-0.887453
-0.912661
-0.885419
-0.895612
-0.89995
-1.16574
-1.13206
-1.13601
-0.983799
-1.2945
-1.13705
-0.995357
-0.761188
-0.912738
-0.734575
-1.15316
-0.763786
-0.763261
-0.761797
-0.901694
-0.864459
-0.934605
-0.90004
-0.959422
-0.95128
-0.754648
-0.930966
-1.15131
-0.790749
-1.06402
-0.751461
-1.1143
-0.933509
-0.955521
-0.879849
-0.850909
-0.741965
-0.930928
-0.93209
-0.936445
-0.78796
-0.937777
-1.13573
-0.934128
0.992128
0.980449
0.991349
0.984627
0.97842
0.975803
0.975198
0.976422
0.979658
0.986561
0.973185
0.968014
0.720757
1.01658
1.15223
0.90548
1.00636
0.955503
1.19678
0.89568
1.14883
1.01075
0.848039
1.03605
1.02774
0.863335
1.03526
1.03166
0.864638
1.03489
1.03248
0.860686
1.03523
1.03178
0.862193
1.0324
1.03402
0.861247
1.02719
1.03831
0.851132
1.0121
1.01934
0.830187
0.949225
0.692649
1.25128
0.771643
0.900154
1.0138
0.750916
0.962743
0.990922
0.748022
0.983479
0.981625
0.753593
0.994447
0.953172
0.74713
0.984211
1.18207
0.819734
1.09861
1.03529
0.953682
0.958438
1.13603
0.949539
0.954344
0.954238
1.14542
0.956122
0.952742
0.937405
1.14681
0.974184
0.95391
0.90457
1.14917
1.00597
0.959594
0.866274
0.832946
0.731422
0.908693
1.07092
1.11304
1.123
1.12943
1.12724
1.12894
1.12905
1.12835
1.1304
1.12965
1.13031
1.12982
1.13064
1.12809
1.12881
1.12062
1.10375
1.04904
0.861268
0.97748
0.997225
1.02821
0.956322
0.720943
1.29049
0.997855
1.0567
0.993884
1.03175
1.15463
1.18277
1.10056
1.04945
1.05369
1.05002
1.10046
1.2907
1.05665
0.846361
0.857291
0.957187
0.86979
0.846827
1.01045
1.30115
1.03168
1.37542
0.993769
1.15464
0.977294
0.997285
1.05079
1.22759
1.20212
0.903626
1.16977
0.890723
1.12187
1.0288
0.720329
0.95539
0.987903
1.154
1.11506
1.14054
1.13068
1.13589
1.13308
1.13509
1.133
1.13611
1.13133
1.13838
1.1287
1.13963
1.12655
1.12427
0.972146
1.41025
0.988013
0.968758
1.11209
1.13332
0.948614
1.13501
1.13232
0.95156
1.13694
1.13257
0.951045
1.13728
1.13206
0.950197
1.13738
1.13148
0.948971
1.137
1.13029
0.945947
1.14006
1.11223
0.932346
1.16403
0.942596
1.14954
0.984927
0.709738
0.991532
0.947072
1.15201
0.96142
0.719494
1.02047
0.905217
1.1732
1.11193
1.14175
1.13764
1.13381
1.14431
1.12868
1.1474
1.13297
1.13208
1.13853
1.1294
1.14126
1.1195
1.13343
0.979013
1.41489
1.01665
0.960333
1.07325
1.23106
0.917028
1.21444
1.21139
0.917987
1.21298
1.21153
0.917624
1.22846
1.10461
0.948278
1.15931
1.11997
0.947237
1.14658
1.12807
0.944213
1.14369
1.11993
0.92821
1.14876
1.00864
1.1522
0.900333
0.732776
1.2268
0.852067
1.19501
1.15241
0.896217
1.01302
0.934583
0.814238
0.677412
0.863438
0.727358
1.05045
1.10769
0.76086
1.20334
1.11356
0.902754
1.22693
1.17056
0.89031
1.12166
1.05206
0.787098
0.944774
1.37613
0.993548
1.15452
1.03181
1.30118
1.01075
0.847192
0.957424
0.869785
0.805495
1.15987
0.857249
0.868044
0.800798
0.797981
1.1568
0.862893
0.862358
0.797186
0.800965
1.15673
0.868568
0.856859
0.804123
0.870107
1.15959
0.957192
0.846577
1.03197
1.01039
1.30166
1.03187
1.15455
0.992774
1.05702
1.28812
1.00129
1.0271
1.27642
1.02639
1.00203
1.28772
1.05663
0.846683
1.09635
1.18206
1.10052
1.43891
1.02793
0.951497
0.989217
0.944944
1.16509
1.11287
1.11271
1.11598
0.932207
1.16555
1.15329
0.990116
1.15009
0.943633
0.955727
1.03008
1.4519
1.10427
1.10057
1.43851
1.02793
0.951433
0.888987
1.05232
1.22721
1.20268
0.760793
1.10465
0.7876
1.0487
0.727697
0.99614
1.12175
1.03236
0.951014
0.988915
0.987846
1.14999
0.951952
1.03134
0.996447
0.976396
0.867341
0.892554
0.843615
0.813638
0.979285
0.918299
0.971082
0.978909
0.9935
1.00034
0.857423
1.00643
1.03636
1.16308
1.1743
1.1528
1.19104
0.907366
1.05147
1.02901
0.910377
0.762276
1.12719
1.13931
0.75933
1.21168
1.13641
0.915596
1.21117
1.13414
1.13521
0.914675
1.21361
0.788655
0.888459
0.890873
0.943527
0.790639
1.12898
0.893089
1.11612
0.922809
0.923798
0.894662
0.860078
1.00581
0.974285
0.964947
0.980085
0.977989
0.969943
0.936279
0.942296
0.977394
0.956111
1.15409
1.1653
1.11199
0.932744
1.11444
0.943394
1.14065
1.14092
1.13222
0.946495
1.12875
0.93917
1.13937
1.13519
1.13558
0.949745
1.12821
0.937181
1.14089
1.13409
1.13551
0.951089
1.1297
0.93434
1.13878
1.13582
1.13249
0.95131
1.13176
0.930432
1.13654
1.13822
1.12879
0.951189
1.13132
0.928576
1.13415
1.13969
1.12629
0.948332
1.13323
0.926092
1.11094
1.12198
0.981837
0.968916
0.986754
0.801425
0.834245
0.804627
0.835148
0.907622
1.4141
0.965043
0.885623
1.15729
0.885881
1.08918
0.766945
1.10423
1.13541
0.759145
1.12935
1.13765
0.767124
1.08243
1.28918
0.986627
1.12996
0.903676
0.907474
0.888069
0.941518
1.10828
1.05851
1.01713
0.876054
0.917675
1.12307
0.763067
1.08628
1.32745
1.11895
1.12762
1.15079
1.13183
0.951653
1.11467
1.14754
1.13397
0.91744
1.228
0.90121
0.985459
0.922137
0.987275
0.992357
1.00112
0.988678
0.979483
0.717229
0.93084
0.939223
0.979336
0.988971
0.998983
0.989307
0.984471
0.980217
0.983475
0.974484
0.974665
1.00773
0.977077
0.787017
0.878286
0.942124
0.972344
0.892453
1.05499
1.04169
1.18261
1.1689
1.14259
1.0956
1.12283
1.1288
0.950215
1.15285
1.14305
1.13487
0.953214
1.13097
0.936835
0.886715
0.888904
0.788399
0.924395
0.907635
0.869342
0.99364
0.9768
1.00296
0.979343
0.987419
0.940172
0.988244
0.991158
0.983261
0.980583
0.985691
0.983284
0.980306
0.915478
0.892118
0.84816
1.03373
1.03734
0.887233
1.00079
1.26528
0.999767
0.780048
1.10445
1.06226
0.79403
0.765636
1.03248
0.974115
0.933403
1.22059
1.12744
0.924613
1.13113
1.1262
1.132
1.12608
0.948871
1.13617
1.14018
1.12854
0.952263
1.13228
0.930745
1.14109
0.949856
1.1387
0.932702
1.1314
1.12945
0.953971
1.13667
1.14074
1.13198
1.13454
1.13107
0.951648
1.13469
1.13684
1.13257
0.950391
1.13529
0.933571
1.13845
0.95318
1.13626
0.934768
1.14649
1.13702
0.941541
1.00253
0.99654
0.997727
1.20994
1.13271
0.932726
1.13391
1.13361
1.13444
1.1327
0.94891
1.13509
1.13573
1.13082
0.945837
1.13195
0.936762
1.1354
0.94868
1.13456
0.93535
1.13138
1.13167
0.945667
1.13949
1.13996
0.941545
1.13999
1.13988
0.939481
1.11285
1.13984
1.21873
1.21327
1.2151
1.21303
0.761689
1.12995
0.788878
1.12736
0.76254
1.12896
0.790579
1.11968
0.883088
0.848647
1.03615
0.911377
1.02842
1.16693
0.93829
1.13679
0.94606
1.13393
1.13482
0.937258
1.13388
0.949223
1.13371
1.13287
0.934839
1.13274
0.948753
1.13442
1.13286
0.936504
1.13379
0.945101
1.13608
1.1359
0.937782
1.1674
0.910571
1.16386
1.15306
0.898665
1.1972
1.1506
1.16822
1.14946
1.16223
1.15295
1.15949
1.15005
1.1777
1.11286
1.0766
0.832363
0.864639
1.15585
0.780456
1.03468
1.39695
0.851352
0.911675
0.79724
0.98963
0.885542
0.932459
0.926194
1.12432
0.971988
0.968176
0.987824
1.41174
0.821362
0.832156
0.796026
0.995068
1.11222
1.2124
0.942174
0.997379
0.999156
0.997068
0.999008
0.999687
0.999623
0.998923
1.00333
1.15797
1.14447
0.775561
0.780894
0.780467
0.776218
1.15447
0.781236
0.778757
0.78127
1.1546
0.782586
1.15402
0.782609
1.1546
0.778449
1.14986
0.778847
0.784015
1.15472
0.774881
0.780619
0.799664
0.795022
0.801829
1.15663
0.862309
0.868124
0.869582
1.03026
1.44936
0.865309
1.15701
0.794955
1.14481
1.15807
1.02963
1.43528
1.03069
1.28969
1.00443
0.868177
0.86562
1.07786
1.10553
1.05066
1.07459
0.870942
1.06155
1.05428
1.1045
1.27742
1.01687
1.07576
1.09712
1.18259
1.1057
1.43477
0.865809
0.865272
1.15687
0.798791
0.794248
0.862639
0.868041
0.86916
1.02996
1.27775
1.01676
1.44904
1.02933
1.02985
1.15798
1.14453
0.775577
0.778054
1.14951
1.1596
1.0292
0.955527
0.982189
0.971407
0.939283
0.978681
0.984716
0.997021
0.992746
0.984365
0.981494
0.981199
0.979882
0.977609
0.980068
0.979268
0.972163
0.704723
0.800426
0.907517
1.24313
0.849346
0.934886
1.03749
0.761776
0.876338
0.866293
0.783945
1.47169
0.972851
1.01434
1.07405
1.06287
0.698836
0.846519
0.936654
1.0931
0.727507
0.895801
0.930815
1.0978
0.729469
0.894009
0.938046
1.09405
0.741623
0.893041
1.00786
1.37325
1.02163
0.994332
1.39288
1.46567
1.01357
0.77962
1.09886
1.03441
0.953928
0.959673
0.950974
0.746058
0.985753
1.18209
0.820192
1.07632
0.832113
0.864436
1.15575
1.0881
0.877718
1.14844
1.11345
0.897436
1.13833
1.12566
0.899081
1.13414
1.12924
0.900461
1.13197
1.13054
0.899728
1.13155
1.13041
0.900977
1.12873
1.12911
0.88342
1.12073
1.10455
0.850657
1.04917
0.861641
0.7271
0.814044
0.850749
0.956038
1.1473
1.19795
1.00714
1.01096
0.84859
1.03503
1.02836
0.863572
1.03343
1.03353
0.862695
1.03391
1.03395
0.863133
1.03338
1.03535
0.861473
1.0305
1.03896
0.858695
1.01331
1.05574
0.841644
0.96604
0.8981
1.11326
1.17702
1.15109
0.954459
0.955714
0.947716
1.13609
0.997565
0.750718
0.976343
0.985257
0.740935
0.984136
0.952915
0.743626
1.02417
0.991534
1.04784
1.3941
1.00265
1.04721
0.992149
1.03093
1.00195
1.01071
0.995065
0.848743
0.813122
0.870622
1.432
0.855295
0.863489
1.43704
0.854133
0.862463
1.4288
0.851653
0.952473
1.3867
1.06284
1.01114
0.841843
0.864001
1.15091
0.790306
0.794983
1.14814
0.778988
0.796713
1.14758
0.777825
0.802579
1.15789
0.997208
0.932411
0.926429
1.13292
1.21121
0.919274
1.22226
0.765477
0.917066
1.18452
0.93606
1.12303
1.15007
0.938898
1.10088
1.1938
1.13539
0.885344
0.787149
1.21229
1.03446
1.39627
0.994634
0.942451
1.11173
0.996299
0.983252
0.981206
0.983105
0.984761
0.986123
0.98898
0.982111
0.984185
0.990391
0.989438
0.943342
0.991069
0.872306
0.871114
0.984933
0.984495
0.996325
0.997017
0.985763
0.991515
1.01221
0.99215
0.997331
1.00682
0.773626
0.822369
0.824224
1.41121
0.959089
0.954293
0.993259
1.4168
0.759959
0.821461
0.821567
0.769599
0.832426
0.851621
1.03428
0.911745
0.796966
0.989594
1.11792
0.795356
1.02415
1.01576
0.989321
0.987154
0.991361
0.986877
0.984382
0.983253
0.996404
0.919235
0.919356
0.919537
0.890112
0.869461
0.93156
0.98434
0.974751
0.975916
0.981917
0.980407
0.995657
1.13965
1.21901
1.21292
1.21517
1.21289
0.917621
1.1364
1.13383
0.915971
1.03976
0.938863
0.939154
1.11279
1.02748
1.43764
0.99743
0.950886
0.98415
0.984825
1.00244
0.941303
0.937903
0.937997
0.936974
0.935305
0.933635
0.932466
0.898244
0.902791
0.976365
0.813295
1.06446
0.948278
1.00137
0.971082
0.973069
0.983435
1.01463
0.916448
0.764062
0.794623
1.51
0.991538
1.02189
1.00012
1.2803
1.08999
0.977435
1.0215
0.987212
1.0604
0.982701
0.92961
1.09214
0.724707
0.738067
0.812748
1.13706
0.759947
0.784373
0.803538
1.14391
0.76313
0.788097
0.798273
1.13801
0.769493
0.785038
1.14471
0.77298
0.77703
1.13771
0.789406
0.860205
1.42418
1.02971
0.996169
0.859415
0.857033
1.14845
0.780877
0.7748
1.14794
0.766511
0.779374
1.14672
0.957029
1.00179
0.998333
0.997242
0.999532
1.00019
0.999813
0.998975
1.00333
0.938876
0.939785
1.13914
1.21782
0.992399
0.982489
0.972602
1.15364
0.932125
1.11611
0.983958
0.962231
1.00654
0.940293
0.941202
0.937549
0.936758
0.937787
0.934923
0.937631
0.93396
0.936854
0.932543
0.935073
0.931103
0.933238
0.927076
1.11959
1.11876
1.08413
0.879543
0.950761
1.39726
0.827894
0.814204
0.801531
0.983378
0.981433
1.41292
0.822905
0.819684
0.7974
1.11828
1.11295
0.931804
0.935978
0.937806
0.937105
0.935745
0.935583
0.937211
0.940023
0.938868
0.935556
0.934963
1.13456
1.13584
0.917167
1.13564
1.13534
1.21431
1.21213
1.21521
1.21089
0.761319
1.12912
0.787504
1.13143
0.761231
1.13032
0.787959
1.13064
0.899709
0.863082
1.03454
0.912594
1.03422
1.1653
0.936427
1.13354
0.946266
1.13644
1.13427
0.936368
1.13033
0.947594
1.13268
0.935319
1.12723
0.943868
1.13854
1.1366
0.940749
1.10832
0.926483
1.11787
0.943004
1.14061
1.14004
1.13157
0.942405
1.13004
0.886991
0.88693
0.934817
0.998576
0.999354
0.999446
0.998847
1.0033
1.15786
1.14419
0.795372
0.865443
1.15667
0.865169
0.866378
1.00203
1.01796
1.28375
1.01777
1.00223
1.28981
0.720193
0.964748
1.15187
0.945645
0.955183
1.1637
0.932623
1.11122
1.11342
0.942672
1.1422
0.943537
1.13353
1.13105
0.93862
1.16436
0.911589
1.16729
1.16401
0.911408
1.16682
1.16365
0.911341
1.16596
1.16492
0.911378
1.16403
0.972488
0.972809
0.973087
0.973073
0.972673
1.16549
0.910434
1.16747
0.887965
0.890805
0.938861
1.02767
1.43741
0.857585
0.956823
1.15935
0.870106
0.846295
1.01037
1.03196
1.29011
1.10538
1.10528
1.10533
1.05003
1.05486
1.07487
0.870737
1.06191
1.0587
1.05307
1.14897
0.796594
0.865267
1.44681
1.02832
1.02935
1.43379
0.865325
0.866522
1.07944
1.09712
1.18266
1.37532
0.944646
0.890745
0.887836
0.887431
0.935562
0.933168
1.13545
1.13436
1.13579
1.13365
1.13608
1.13426
0.934079
0.989187
0.983782
1.13422
0.950954
1.02831
1.02722
1.04263
1.03985
1.02505
1.00499
1.00288
1.02833
1.00849
1.00391
1.02879
1.04376
1.04421
1.02807
1.00397
1.00307
1.02639
1.04284
1.02777
1.02891
0.937689
0.937562
0.934897
1.02719
1.00268
1.00632
1.15949
0.98396
0.962242
1.16051
1.00877
1.00575
1.00712
1.00379
1.00405
1.00334
0.937143
0.931956
1.13618
1.13916
0.930474
1.13514
1.13691
1.21803
1.21004
1.22239
1.21117
0.765228
1.11319
0.788195
1.13832
0.762344
1.12556
0.787479
1.13397
0.899121
0.861719
1.03077
0.914825
1.03923
1.15504
0.936207
1.12295
0.942085
1.15043
1.13221
0.939642
1.10568
0.929266
1.11159
0.937993
1.10596
0.929279
1.11094
0.938469
0.999843
0.996899
1.00047
0.996887
0.998799
0.999511
0.999509
0.998864
1.0033
1.02412
0.935589
0.93479
0.935539
0.933122
1.13447
1.13633
1.21419
1.21213
1.21504
1.21095
0.918757
1.1365
1.13451
0.918046
1.04287
0.887213
0.78772
0.887664
0.890627
0.790246
0.944716
0.787349
1.00241
1.15959
0.804149
0.794324
1.07859
1.0619
1.06226
1.07646
1.10458
1.09774
1.07967
0.795999
1.15953
1.00661
1.00492
1.02391
1.02393
1.03985
1.00243
0.902957
1.17128
0.983272
0.9882
0.979257
0.717671
0.939414
0.931372
0.866502
0.891921
0.921405
1.00036
0.991454
0.987458
0.984353
0.981476
0.975833
0.974495
0.980965
1.02239
0.75797
1.40626
0.987519
0.961331
0.927106
1.09766
0.728782
0.731094
0.80293
1.14377
0.763515
0.77464
0.792178
1.15068
0.778873
0.784725
1.1443
0.794566
0.8638
1.43628
1.02324
1.00331
0.860169
0.855353
1.14767
0.779057
0.769717
1.14672
0.957078
1.00181
1.00081
0.935354
0.933128
0.926521
1.12159
0.967062
1.11545
0.982962
0.984169
1.00616
0.995043
0.99312
0.989303
0.986053
0.98286
0.980109
0.979311
0.991242
0.977423
0.977962
0.97289
0.994228
0.915357
0.920784
0.920111
0.919069
0.917294
0.913885
0.979874
0.983548
1.02673
0.768937
1.40504
1.03109
0.938775
0.936222
1.09394
0.741808
0.726321
0.797664
1.1377
0.802281
0.8711
1.43211
1.00962
0.996154
0.848798
0.812858
1.1579
1.07662
1.03878
0.97449
1.08581
1.05172
0.963303
1.04925
0.957833
1.41181
0.764786
0.968441
1.03866
1.0428
1.05951
0.789041
1.15714
0.979307
1.02158
1.0266
1.0278
1.02786
1.00913
1.0084
1.00289
1.00387
1.00386
1.00722
1.00928
1.00907
1.00837
1.02736
1.04264
0.937688
0.941156
1.02478
1.00491
0.962245
0.984675
1.15947
1.14935
1.00641
1.00267
1.00362
1.0036
1.00864
1.0276
0.935351
0.932094
0.934826
0.930933
1.13454
1.1374
1.21789
1.21011
0.788075
0.88576
0.886537
0.787387
0.91761
0.918893
0.997869
1.00184
0.91419
0.909855
0.907647
1.00864
1.13788
1.13369
0.920018
1.04189
1.04268
0.886919
0.787341
0.937401
0.937614
1.02834
1.02795
0.948378
1.13659
0.936971
1.13445
1.13313
0.935445
1.1335
1.135
1.13267
1.13251
0.937116
1.13352
1.13678
1.13502
1.13805
0.938819
1.13479
1.1306
1.12979
1.13134
1.12948
0.935054
1.1349
1.13616
0.948007
1.13207
0.933539
1.13427
1.13437
0.948478
1.13284
0.93284
1.13381
1.13313
1.13257
1.13402
0.934648
1.1335
1.13336
0.948944
1.13321
0.936341
1.13228
1.13648
1.13524
0.945946
1.13482
1.16638
0.937058
1.13385
0.945516
1.13646
1.1661
0.938525
1.13214
1.13283
1.14385
0.943055
1.13837
0.945665
1.14211
0.941109
1.13849
0.945382
1.14113
0.939169
1.13856
1.13441
1.21274
0.788835
1.21501
0.917017
1.13516
1.21305
0.788013
1.21348
0.917038
1.21288
0.787581
1.21272
0.91683
1.13453
0.932754
1.13364
1.13159
1.13321
0.948155
1.13357
0.934532
1.13116
1.13288
1.1333
0.948662
1.13382
0.936104
1.13022
1.13691
1.13453
0.945938
1.13339
1.16737
0.936339
1.13475
1.16486
0.91245
0.761431
0.973248
1.00275
0.972963
1.0025
0.972513
0.999174
0.96493
0.97968
0.818806
0.933564
0.677227
1.22613
0.733443
0.899269
1.00866
0.90357
0.95642
1.15279
1.17468
0.92783
1.10934
1.11503
1.1101
1.11279
1.11384
1.11313
1.20167
0.790398
1.2191
0.915535
1.0398
1.00239
0.984029
0.962252
0.984842
0.984874
0.941254
0.937936
1.04279
1.02831
0.937944
1.04307
0.917872
1.13565
1.13553
0.918862
1.04293
0.93543
0.931814
0.934942
0.933657
0.929375
1.13363
1.13799
0.9192
1.13252
1.0089
0.992295
0.985071
1.11399
0.995654
0.909989
0.908308
1.03366
1.46441
1.39275
0.779663
1.00758
1.37366
1.02176
0.994458
1.40803
1.0596
1.04518
1.05596
1.04373
1.04756
1.04269
1.03548
0.966152
1.43183
0.967856
0.953441
0.963982
1.06532
1.05466
0.965739
1.04208
1.06097
1.06546
0.743932
1.16653
0.996983
1.03843
1.02132
1.00055
1.00136
1.02211
0.978635
1.1419
0.787599
1.15568
1.05937
1.05891
0.775493
1.14541
0.956132
0.979085
1.15564
0.732259
1.14777
1.15293
1.14753
1.146
1.11771
0.894385
0.954236
1.01342
1.01802
0.937436
0.936277
0.937315
0.937767
0.887151
0.886778
0.885981
1.18478
1.13525
0.938873
1.10062
0.925726
1.11918
0.981612
0.990352
1.13714
0.936789
1.12569
0.943832
1.13491
1.13989
0.982474
0.978051
0.975924
0.97561
0.976847
0.979967
0.986769
0.973267
0.967741
0.937341
0.901185
1.15228
1.00674
0.905347
0.95566
1.15391
0.932701
1.11066
0.94056
1.14014
0.945901
1.13065
1.12945
0.938712
1.13668
0.945858
1.13262
0.937222
1.13602
1.13319
0.936563
1.13471
1.13401
0.936545
1.13296
0.989218
0.989933
1.13446
0.945925
1.13595
0.937144
0.937615
0.937867
0.937908
0.941233
1.02938
1.43374
1.15436
0.955673
1.17223
0.928045
1.11988
0.943004
1.14121
0.988866
0.98099
0.977853
0.942934
0.989357
1.15194
0.945864
0.974527
0.965109
0.989562
0.713422
0.964583
0.942894
0.974855
0.977897
0.981078
1.14806
0.928288
1.12047
1.10977
0.94274
1.13931
0.945956
1.12979
0.936938
1.13538
0.948612
1.13343
1.1316
0.937174
1.13525
0.946171
1.13609
0.936491
1.13367
1.13233
1.13417
1.13392
0.949112
1.13497
0.986673
0.985899
1.13629
0.983943
1.13994
0.985611
0.974216
0.983959
0.988926
1.14075
0.943762
1.13193
1.13286
0.938781
1.13537
0.948682
1.13229
0.935546
1.1354
0.938076
0.93779
0.940414
1.02505
1.025
1.00486
1.02393
0.940145
0.937377
0.937573
0.937355
1.02794
0.936938
0.935954
1.03771
0.933552
0.929741
1.02143
1.02632
1.00685
1.00708
1.00894
1.00618
1.00337
1.00451
1.00163
1.00693
1.00873
1.02831
1.02872
0.937871
0.937266
1.00293
1.0007
1.00271
1.15156
0.97964
1.02209
1.03789
1.04213
0.920147
1.00265
0.998406
0.996114
0.994927
1.02693
0.935957
0.937022
1.02056
0.980259
1.02231
1.00183
1.00676
1.00269
1.00849
1.00895
1.00829
1.02709
0.935608
0.935549
1.02744
1.04278
1.04267
1.02822
1.0286
1.02816
1.04242
1.02701
0.935285
0.887194
0.887521
1.13489
0.995592
0.985805
0.988839
0.996691
0.984256
0.979136
0.940079
0.983942
0.99254
0.710683
0.971726
0.943524
0.960313
1.0205
0.719669
1.28911
1.03113
1.0045
0.867778
1.15253
0.977708
0.94541
0.955755
1.16288
1.1665
0.9324
0.975849
0.977051
0.969758
0.937801
0.971533
0.919201
0.978695
0.993221
0.943124
1.14025
1.16668
1.14818
1.12115
0.980115
0.990671
0.987276
0.94318
0.987514
0.984942
0.983858
1.00264
0.973408
1.00246
0.973452
1.17156
0.936004
1.13054
1.14021
1.13274
0.936651
1.12583
1.13705
0.94173
1.13268
0.93968
1.10612
1.11882
0.925235
0.980474
0.992776
0.994608
0.966291
0.973523
1.00053
0.985769
0.983938
0.989092
0.988908
0.988614
0.988024
0.983265
0.979801
0.978283
0.978415
0.980624
0.989041
0.979961
1.13902
1.13575
0.938294
1.10707
1.11107
0.928757
1.15839
1.15414
0.952608
0.933088
0.955932
1.14522
0.860779
1.07016
1.04396
1.03876
0.975836
1.40783
1.03332
0.936953
0.954724
1.05321
1.08599
1.04563
1.05954
1.0765
1.06004
0.72649
1.15709
0.979402
0.999034
1.14602
1.15143
1.00248
1.00156
1.02178
0.937191
1.01822
0.979313
0.936642
0.935505
0.936749
1.02657
0.947409
1.13495
1.13305
0.935144
1.12795
1.12991
0.943591
1.13693
1.13767
0.937162
1.11136
1.11151
0.928549
1.14925
0.948906
0.88971
0.986109
1.14376
0.861506
1.06776
1.05897
1.05905
1.07147
1.04722
1.05091
1.04729
1.05889
1.04809
1.04251
1.07121
1.08387
1.0579
1.05846
1.05583
1.3988
1.3879
1.12104
1.05889
1.05871
1.40782
1.39415
1.42538
1.36869
0.844179
1.11895
1.05595
0.790469
1.22947
0.761664
1.20159
0.790822
1.21853
0.761997
1.21198
0.788447
1.21432
0.760977
1.21248
0.787669
1.21321
0.760624
0.995583
0.984546
0.979313
0.980802
0.984332
0.992331
0.981399
0.974623
1.15491
0.951036
1.16898
0.903269
1.22789
0.787414
1.05029
0.726592
0.813595
0.851161
0.933165
0.819269
1.00713
0.964672
0.919044
1.22468
0.901209
0.73416
1.30158
0.971751
0.937329
0.976749
0.991199
0.985736
0.989691
1.13578
1.13757
0.990096
0.983233
0.982256
0.982632
0.98495
0.98823
0.982257
1.12844
0.937424
1.13363
1.13486
1.13108
0.947481
1.13189
0.98485
0.986324
0.974303
0.975534
0.97873
0.985889
0.989702
1.13802
0.986028
0.991455
0.999506
0.964818
1.00776
0.896522
1.14874
0.942731
1.16632
0.972798
1.00295
0.864468
1.03411
0.912616
1.16606
0.937015
1.13504
0.946412
1.1349
1.13494
0.936568
1.13249
0.948888
1.13291
0.934774
1.13312
0.985021
0.990394
1.1306
0.945564
1.14044
1.13251
1.137
1.1356
1.17168
0.936186
1.163
1.03561
1.03378
0.913139
1.16735
0.973679
1.003
0.863516
0.900551
0.973568
1.00317
0.973295
1.03388
1.16592
0.983657
0.982746
0.982909
1.00275
0.973694
1.00077
0.858887
1.01342
0.917038
1.0561
0.966011
0.898211
1.19419
0.96633
0.994846
0.84181
0.877812
1.14847
1.08769
0.787306
0.973709
0.98469
0.991473
0.982877
0.967663
0.912863
0.956581
0.922399
0.972949
0.98448
0.983099
0.977343
0.974922
0.986379
0.990273
1.13666
0.990129
1.13696
0.986667
1.13437
1.1344
0.975627
0.93761
0.967671
0.971316
0.969606
0.940545
0.97565
0.980811
0.971581
0.976585
0.937671
0.934695
0.968672
0.972795
1.0029
1.00178
0.989987
0.897501
1.16629
0.901361
1.01117
1.19726
0.955278
0.851174
0.933384
0.819551
0.851533
0.979429
0.91907
0.677275
0.813804
1.22498
0.73405
0.971878
0.976956
0.862117
0.976912
1.13283
1.13657
1.02683
1.04154
1.02571
1.02123
0.93406
0.936065
0.979369
0.957885
1.1497
1.02268
0.998676
1.03777
0.936376
0.914481
1.13272
1.12818
0.933602
1.13406
0.916374
0.995463
0.984874
0.979687
0.983757
0.983885
0.982973
0.981154
0.979917
0.995393
0.984178
0.931869
0.870432
0.889862
0.919142
0.918886
0.995613
0.981384
0.982074
0.981869
0.980669
0.94699
1.13399
1.13374
0.982495
0.982206
0.989162
0.987667
0.97614
0.984152
0.96775
0.912694
0.922202
0.9564
0.937141
0.969086
0.973359
0.972401
0.978521
0.987244
0.99472
0.982911
0.9779
0.975352
0.936152
0.933128
0.985181
0.984785
0.995153
1.13642
0.917616
0.917338
0.917692
0.918453
0.901176
0.896378
0.898231
0.919502
0.894591
0.906637
0.862563
0.885405
0.897234
0.901821
1.16527
1.02091
1.02118
1.16138
0.942968
0.889694
0.943386
0.761327
0.899875
0.882357
0.851179
1.122
0.891188
0.986407
1.14999
0.943407
0.845997
0.7603
0.762182
1.00296
1.00312
1.00364
1.00321
0.999541
0.979216
0.677039
0.944715
1.37521
1.14843
0.932073
1.40655
0.954762
1.13623
1.16275
0.913148
0.761572
0.945234
1.155
0.91497
0.762635
0.896148
0.760776
0.910939
1.16629
0.762658
1.15261
0.760743
1.13015
1.14101
1.13041
1.14313
1.11407
1.17277
1.16423
1.11017
1.01642
1.40537
1.15675
0.795286
1.15651
0.801164
0.803006
0.912259
1.16554
0.76183
0.995999
1.02787
0.952987
0.908931
0.899092
0.952956
0.78858
0.846359
0.796099
0.990435
0.911697
0.780493
0.787489
1.12022
0.788826
0.710129
0.955638
)
;

boundaryField
{
    face
    {
        type            calculated;
        value           nonuniform List<scalar> 
217
(
-1
-1
-1
-1
-1
-1
-1
-1
-1
-1
-1
-1
-1
-1
-1
-1
-1
-1
-1
-1
-1
-1
-1
-1
-1
-1
-1
-1
-1
-1
-1
-1
-1
-1
-1
-1
-1
-1
-1
-1
-1
-1
-1
-1
-1
-1
-1
-1
-1
-1
-1
-1
-1
-1
-1
-1
-1
-1
-1
-1
-1
-1
-1
-1
-1
-1
-1
-1
-1
-1
-1
-1
-1
-1
-1
-1
-1
-1
-1
-1
-1
-1
-1
-1
-1
-1
-1
-1
-1
-1
-1
-1
-1
-1
-1
-1
-1
-1
-1
-1
-1
-1
-1
-1
-1
-1
-1
-1
-1
-1
-1
-1
-1
-1
-1
-1
-1
-1
-1
-1
1
1
1
1
1
1
1
1
1
1
1
1
1
1
1
1
1
1
1
1
1
1
1
1
1
1
1
1
1
1
1
1
1
1
1
1
1
1
1
1
1
1
1
1
1
1
1
1
1
1
1
1
1
1
1
1
1
1
1
1
1
1
1
1
1
1
1
1
1
1
1
1
1
1
1
1
1
1
1
1
1
1
1
1
1
1
1
1
1
1
1
1
1
1
1
1
1
)
;
    }
    outlet
    {
        type            calculated;
        value           nonuniform List<scalar> 
217
(
-0.972209
-0.975788
-1.0005
-0.97605
-1.00487
-0.974546
-0.972982
-0.975939
-1.00049
-1.00489
-0.975284
-0.974257
-0.976086
-0.975479
-0.973998
-0.972769
-0.97427
-1.00041
-1.00475
-1.0047
-1.0075
-1.00066
-0.972984
-0.975731
-0.976207
-0.956517
-0.964485
-0.965522
-0.970386
-0.964864
-0.956226
-0.970196
-0.964294
-0.965397
-0.970187
-0.956109
-0.963704
-0.969998
-0.964685
-0.963602
-0.955881
-1.01149
-1.10846
-1.01267
-1.01315
-1.14112
-1.04094
-1.02051
-1.25399
-1.00089
-1.01407
-1.08881
-1.00529
-1.01469
-1.10787
-1.01491
-1.01219
-1.11276
-1.01409
-1.0412
-1.14275
-1.0198
-1.25249
-1.00134
-1.01062
-1.08229
-1.00594
-1.00587
-1.10036
-1.04126
-1.01452
-1.14205
-1.25262
-1.02051
-1.00062
-1.08526
-1.01412
-1.00548
-1.11196
-1.01501
-1.01192
-1.0153
-1.11285
-1.01423
-1.0146
-1.12446
-1.01155
-1.01265
-1.11156
-1.01059
-1.0013
-1.08196
-1.01984
-1.01334
-1.04129
-1.14171
-1.25236
0.971884
0.968073
0.967976
0.970995
0.967845
0.996279
0.999128
0.999165
0.999979
0.996674
0.998453
0.998175
0.990933
0.991549
1.01663
0.994152
1.01089
0.965449
0.976645
1.10952
0.997507
0.998468
0.998409
1.00029
0.993671
0.988211
0.964942
0.976188
0.997626
0.998478
0.998504
1.00063
1.11005
0.995029
0.991768
0.955451
0.964714
0.963749
0.969885
0.964808
0.965122
0.969908
0.968785
0.969892
0.969122
0.964265
0.96988
0.965178
0.969279
0.9702
0.970403
0.969645
0.968575
0.96953
0.96937
0.967722
0.974647
0.971701
0.97361
0.996605
1.24892
1.01848
1.03809
1.13762
1.01234
1.0084
1.10896
1.01399
1.00952
1.12674
1.01447
1.0816
1.01276
0.997429
1.03489
0.972483
0.981158
0.969549
0.974518
0.96893
0.97931
1.00208
0.981982
0.975886
0.985002
0.978487
1.09421
1.0377
1.25023
1.11277
1.01473
1.00095
1.07703
1.145
1.08885
1.11706
1.0074
1.11613
1.01025
1.00487
1.12476
1.01662
1.13936
1.24718
1.06895
1.08
1.11124
1.01071
1.00401
1.1239
1.01677
1.00379
1.13962
1.24817
1.07094
1.08792
1.03427
0.971504
0.978493
0.96652
)
;
    }
    wall
    {
        type            calculated;
        value           nonuniform List<scalar> 
1558
(
-0.918037
-0.91979
-0.983359
-0.979866
-0.985555
-0.982131
-1.01432
-0.900075
-0.981596
-0.892962
-0.980016
-0.908427
-0.982719
-0.917056
-0.985309
-0.91969
-0.920674
-0.921572
-0.987855
-0.984652
-0.991401
-0.988532
-0.923653
-0.898311
-1.00007
-0.997476
-0.988438
-0.987227
-0.90527
-0.988805
-0.985962
-0.987586
-0.920226
-0.991078
-0.920153
-1.00019
-0.923374
-0.989055
-0.899337
-0.893203
-1.0256
-1.0232
-0.906505
-0.913799
-0.983686
-0.982734
-0.981454
-0.978253
-0.988852
-0.905735
-0.991421
-0.985545
-1.00673
-0.990978
-1.0012
-0.987245
-0.99727
-0.984167
-0.983059
-0.981443
-0.991584
-1.01187
-0.988501
-1.00592
-0.985027
-0.999731
-0.995357
-0.981808
-0.994577
-0.97969
-0.994504
-0.977488
-0.98528
-0.971993
-0.935555
-0.938614
-0.982352
-0.996876
-0.98013
-0.995999
-0.977768
-0.99563
-0.971841
-0.984675
-0.937777
-0.933048
-1.12761
-1.13346
-0.889847
-1.11931
-1.13107
-0.896324
-1.07638
-1.12103
-0.859057
-0.870247
-0.840826
-1.13601
-0.848194
-0.948998
-0.832979
-0.825156
-0.753003
-0.822654
-0.824348
-0.740581
-1.07789
-0.872672
-1.14368
-1.11048
-0.896284
-1.13691
-0.741045
-1.0492
-0.915396
-0.991938
-1.02835
-0.950307
-0.984229
-1.12453
-0.898938
-1.13346
-1.12848
-0.900631
-1.13141
-0.819702
-0.826492
-0.747706
-0.794243
-1.07828
-1.01912
-0.750421
-0.734064
-1.14223
-1.03693
-0.852656
-1.14067
-1.09986
-0.889571
-1.1343
-1.1234
-0.906966
-1.13475
-1.13233
-0.892614
-1.12984
-0.900117
-1.13113
-1.13003
-0.901938
-1.12928
-1.13077
-0.88695
-1.12571
-1.1146
-0.864748
-1.07334
-0.910721
-1.04789
-0.741196
-0.732122
-1.12769
-1.12902
-0.910187
-0.983563
-0.951513
-1.02877
-0.993114
-1.00727
-0.994036
-0.97894
-0.89646
-0.997116
-0.991947
-0.98606
-0.981918
-0.906603
-0.987091
-0.982865
-0.892252
-1.02383
-1.01803
-0.971412
-0.970505
-0.970329
-0.978882
-0.970455
-0.998196
-0.973022
-0.981133
-0.975654
-0.98272
-1.00473
-1.0045
-0.904057
-0.911159
-0.980351
-0.976811
-0.977869
-0.972191
-0.915467
-0.917324
-0.979859
-0.974067
-0.98221
-0.97654
-0.978268
-0.984206
-0.98229
-0.987285
-1.0038
-1.00239
-0.99075
-0.995114
-0.97883
-0.984849
-1.0024
-0.992839
-0.918301
-0.919263
-0.98466
-0.979305
-0.988353
-0.98338
-0.921393
-0.97968
-0.993981
-0.992004
-0.987035
-1.00791
-0.992621
-1.0026
-0.989199
-0.998859
-0.986407
-0.988391
-0.982654
-0.99417
-1.00322
-0.929673
-0.978149
-0.991727
-0.999187
-0.988982
-0.994474
-0.978949
-0.976868
-0.997104
-0.984266
-0.996461
-0.982268
-0.996402
-0.97999
-0.986509
-0.973887
-0.934746
-0.938165
-0.986559
-0.991626
-0.984181
-0.989931
-0.975144
-0.974162
-0.981313
-0.988654
-0.974754
-0.980912
-0.974279
-0.970268
-0.941554
-0.937169
-0.935129
-0.871381
-0.854379
-0.859857
-0.828259
-1.13084
-1.13162
-0.899366
-1.13116
-1.12952
-0.901694
-1.1322
-1.12597
-0.885776
-0.745414
-0.771877
-0.93473
-0.890578
-1.06758
-0.995754
-1.04431
-1.02946
-1.03487
-1.03911
-0.993473
-1.02656
-0.953585
-0.984231
-1.03845
-1.03269
-1.02925
-1.04016
-1.02654
-1.04113
-1.00398
-1.03184
-0.991632
-0.959682
-1.01811
-0.901126
-0.95098
-1.25777
-0.696612
-0.823319
-0.830807
-0.754648
-0.803666
-0.839913
-0.751461
-0.807652
-0.737535
-1.11531
-1.07289
-0.864459
-0.910904
-1.04938
-0.741965
-0.740927
-0.870167
-0.848788
-1.13561
-0.84008
-0.950347
-0.83301
-0.826085
-0.754521
-0.823472
-0.8264
-0.743148
-0.817015
-0.849422
-0.867302
-0.856695
-1.07847
-1.14392
-0.87199
-1.11119
-1.13736
-0.895612
-1.12525
-1.13403
-0.898234
-1.1293
-1.13193
-0.89995
-0.871999
-0.890236
-0.980644
-0.967655
-0.984315
-0.980746
-0.919104
-0.918897
-0.996341
-0.991263
-0.988568
-0.983407
-0.991778
-0.980226
-0.993629
-0.918288
-0.918364
-0.985749
-0.980334
-0.984932
-0.979524
-0.961219
-0.938438
-0.976866
-0.976664
-0.951882
-0.988215
-0.989923
-0.981025
-0.984928
-0.9896
-0.998887
-0.978626
-0.983658
-0.97829
-0.983696
-1.00177
-1.00226
-0.918283
-0.919167
-0.98577
-0.980628
-0.988644
-0.983799
-0.921119
-0.89653
-0.99676
-0.991416
-0.985405
-0.980716
-0.908347
-0.988208
-0.981756
-0.979607
-0.98484
-0.982944
-0.987787
-1.00259
-1.003
-0.990394
-0.995001
-0.977486
-0.98432
-1.00213
-0.933347
-0.940155
-0.985045
-0.975189
-0.995768
-0.980007
-0.995763
-0.981332
-0.995821
-0.98212
-0.940092
-0.921231
-0.893437
-0.975666
-0.979105
-0.98105
-0.988477
-0.957427
-0.970901
-0.982903
-0.988843
-0.983847
-0.988725
-0.972589
-0.973027
-0.995899
-0.982139
-0.996086
-0.981299
-0.996418
-0.979604
-0.98634
-0.973892
-0.935191
-0.939268
-0.983785
-0.98844
-0.982721
-0.987957
-0.973086
-0.973144
-0.980626
-0.987527
-0.974856
-0.981258
-0.973907
-0.970694
-0.943251
-0.939872
-0.936468
-0.990748
-0.981061
-1.00447
-0.948154
-0.982078
-1.09988
-0.789292
-1.0544
-0.957522
-1.05046
-1.01075
-1.0372
-1.02947
-1.03447
-1.03285
-0.993446
-1.02532
-0.955521
-0.98153
-1.03335
-1.03378
-1.0333
-1.03395
-1.02882
-1.03828
-1.01544
-1.01903
-0.991429
-0.958606
-1.01868
-0.898964
-0.951272
-1.25438
-0.693916
-0.861442
-0.979807
-1.04932
-0.850909
-1.10368
-0.725899
-0.712886
-1.12159
-0.879849
-1.12942
-1.1273
-0.908401
-1.12758
-0.831543
-0.747599
-0.771103
-1.13321
-0.887453
-1.13286
-1.12763
-0.912661
-1.12729
-0.724726
-0.715068
-0.810466
-0.83637
-0.856867
-0.860569
-0.862592
-1.13356
-0.885419
-1.13368
-1.12775
-0.910709
-1.12724
-1.13235
-0.883173
-1.12527
-1.1151
-0.862393
-1.0737
-0.910886
-1.04927
-0.743703
-0.739323
-0.862309
-0.864269
-0.850899
-0.998603
-1.0308
-0.958593
-0.989284
-0.967766
-0.979957
-0.976869
-0.972004
-0.959776
-0.973361
-0.974099
-1.00038
-0.99122
-1.00397
-0.985713
-0.975434
-0.982577
-1.00258
-1.00305
-0.976805
-0.983718
-0.986313
-0.985047
-0.979414
-0.978069
-1.00343
-0.983288
-1.00383
-0.982516
-0.976271
-0.975028
-0.975302
-0.974198
-0.980105
-0.986604
-1.00333
-1.00368
-0.987177
-0.993602
-0.974476
-0.982994
-1.00257
-0.991467
-0.979371
-0.993867
-1.00349
-0.983394
-1.00439
-0.986164
-0.976363
-0.97543
-0.979585
-0.978621
-1.00288
-0.993203
-0.99161
-0.982708
-0.986773
-0.985399
-0.974397
-0.974487
-0.959855
-0.938474
-0.973695
-0.975348
-0.951756
-0.984937
-0.988575
-0.978077
-0.983768
-0.990036
-0.999638
-0.975747
-0.982531
-0.994263
-0.979657
-0.976919
-0.919337
-0.938508
-0.942858
-0.96497
-0.972852
-0.981761
-0.978262
-0.989205
-0.983923
-0.973299
-0.973409
-0.989909
-0.985872
-0.990391
-0.986902
-0.939498
-0.920895
-0.893475
-0.97754
-0.980054
-0.983703
-0.990026
-0.957481
-0.971294
-0.985852
-0.99058
-0.986857
-0.990482
-0.97312
-0.973585
-0.973508
-0.973616
-0.990452
-0.986885
-0.990076
-0.985771
-0.974135
-0.970444
-0.989488
-0.983507
-0.982403
-0.977124
-0.936321
-0.939517
-0.94336
-0.98677
-0.990151
-0.985616
-0.989594
-0.973585
-0.973571
-0.98335
-0.98907
-0.977094
-0.982356
-0.974228
-0.970746
-0.943506
-0.939941
-0.936548
-0.731796
-0.819361
-0.733046
-0.712393
-0.846323
-0.870539
-0.861658
-0.863622
-0.853199
-0.874084
-0.863428
-0.864961
-0.852188
-0.831721
-0.750078
-0.771851
-0.851491
-0.872407
-1.00062
-0.950047
-0.980347
-1.10037
-0.789061
-1.05509
-0.958205
-1.05135
-1.01166
-1.03817
-1.03045
-1.03549
-1.03378
-1.0293
-1.03883
-1.03777
-1.0311
-1.02613
-1.04122
-1.01434
-1.02142
-0.95154
-0.694066
-1.25349
-0.901937
-1.01509
-0.964935
-0.988375
-1.03435
-1.03458
-1.03425
-1.03468
-1.03007
-1.03848
-1.01637
-1.01941
-0.990049
-0.963248
-1.01628
-0.900627
-0.952146
-1.25389
-0.694057
-0.849284
-0.830242
-0.726234
-0.715389
-0.810922
-0.837241
-0.857914
-0.772723
-0.750221
-0.746213
-0.676585
-1.22591
-0.934748
-0.900165
-1.0259
-0.966096
-0.995383
-1.00675
-1.01305
-1.03689
-1.02725
-1.03072
-1.03728
-1.03779
-1.02981
-0.985383
-0.98613
0.906637
0.894591
0.985181
0.975352
0.982911
0.9779
0.919502
0.917616
0.978283
0.983858
1.00246
1.00264
0.979801
0.984942
0.99472
0.989162
0.987244
0.982206
0.917338
0.917692
0.984874
0.979687
0.984546
0.979313
0.983265
0.987514
1.00275
1.0025
0.990671
0.993221
0.977051
0.978695
0.999174
0.97968
0.969758
0.971533
0.918453
0.918886
0.985805
0.980802
0.988839
0.984332
0.919142
0.889862
0.996691
0.992331
0.984256
0.981399
0.969086
0.9564
0.97614
0.984152
0.96775
0.987667
0.992776
0.980624
0.985769
0.994608
1.00053
0.978415
0.983938
0.870432
0.979136
0.971726
0.933128
0.936152
0.984785
0.972401
0.995153
0.978521
0.995463
0.980669
0.995583
0.981869
0.937141
0.922202
0.912694
0.973359
0.980474
0.979961
0.989041
0.966291
0.973523
0.982495
0.989092
0.983757
0.988908
0.973452
0.973408
0.995592
0.982074
0.995613
0.981384
0.995393
0.979917
0.984178
0.974623
0.931869
0.940079
0.983885
0.988614
0.982973
0.988024
0.973248
0.972963
0.981154
0.987276
0.975849
0.980115
0.972513
0.96493
0.943524
0.937801
0.919201
1.07632
0.96604
1.05574
1.01331
1.03896
1.0305
1.03535
1.03338
0.997225
1.02821
0.956322
0.983942
1.03395
1.03391
1.03353
1.03343
1.02836
1.03503
1.01096
1.00714
0.99254
0.960313
1.0205
0.899269
0.933564
1.22613
0.677227
0.719669
0.733443
0.901176
1.12982
1.13031
0.899875
1.12809
1.13064
0.882357
1.12062
1.12881
0.851179
1.04904
1.10375
0.750718
0.746058
0.832113
0.841644
0.858695
0.861268
0.97748
0.720943
0.710683
0.991534
1.02417
0.952915
0.984136
0.985257
0.976343
0.997565
0.950974
0.985753
1.18209
0.820192
0.908693
1.04784
0.862563
1.11304
1.07092
0.743626
0.740935
0.885405
1.12943
1.123
0.897234
1.12894
1.12724
0.861473
0.863133
0.898231
1.12835
1.12905
0.896378
1.12965
1.1304
0.862695
0.863572
0.84859
0.818806
0.992128
0.989987
0.980449
0.976585
0.969606
0.971581
0.971316
1.00178
0.991349
1.0029
0.98495
0.984627
0.983099
0.97842
0.977343
0.979429
0.967741
0.971878
1.00296
0.982632
1.00312
0.982256
0.975803
0.974922
0.975198
0.974303
0.967671
0.956581
0.972949
0.982877
0.967663
0.98448
0.991473
0.978051
0.98469
0.994846
1.00077
0.975924
0.982909
0.97561
0.982746
1.00275
1.003
1.00364
0.983233
1.00321
0.985736
0.976422
0.975534
0.979658
0.97873
0.999541
0.991199
0.979216
0.976749
0.986561
0.985611
0.973185
0.974216
0.971751
0.968014
0.964583
0.976847
0.983657
0.979967
0.986028
1.00317
1.00295
0.986769
0.991455
0.973267
0.976956
0.999506
0.934695
0.937671
0.940545
0.968672
0.972795
0.980811
0.97565
0.98823
0.982257
0.972488
0.972809
0.989218
0.98485
0.989933
0.986324
0.93761
0.922399
0.912863
0.975627
0.981612
0.982474
0.990352
0.96633
0.973709
0.985021
0.990394
0.986379
0.990273
0.973694
0.973679
0.973087
0.973073
0.990096
0.986673
0.989691
0.985899
0.972673
0.964672
0.988866
0.983943
0.98099
0.977853
0.919044
0.937329
0.942934
0.986667
0.990129
0.985889
0.989702
0.973568
0.973295
0.983959
0.988926
0.977897
0.981078
0.972798
0.964818
0.942894
0.937341
0.91907
1.03923
1.03077
1.03561
1.03378
1.03248
1.03489
1.03166
1.03526
1.02774
1.03605
1.01075
1.00713
0.933165
0.677039
1.22468
0.901209
1.01658
0.965109
0.989357
1.03422
1.03454
1.03388
1.03411
1.02842
1.03615
1.01117
1.00776
0.989562
0.964748
1.01642
0.901185
0.933384
1.22498
0.677275
0.771643
0.830187
0.750916
0.748022
0.851132
0.861247
0.819551
0.720193
0.73405
0.862193
0.860686
0.753593
0.74713
0.832363
0.84181
0.858887
0.861719
0.863516
0.864638
0.863335
0.848039
0.819269
0.73416
0.720757
0.713422
0.863082
0.864468
0.848647
0.692649
1.25128
0.949225
0.900154
1.0138
0.962743
0.990922
1.01934
1.0121
1.03831
1.02719
1.03402
1.0324
1.03178
1.03523
0.983479
0.981625
0.994447
0.953172
0.984211
1.18207
0.819734
1.0766
0.966011
1.0561
1.01342
1.01463
0.916448
0.891921
1.00036
0.998983
0.9882
0.988971
0.866502
0.979257
0.979336
0.908308
1.02673
1.02239
0.983435
0.976365
0.973069
0.971082
1.00137
0.974484
0.974665
0.983475
0.985459
1.00773
0.787017
0.909989
0.913885
0.983548
0.980965
0.979874
0.974495
0.917294
0.919069
0.981476
0.975833
0.984353
0.980217
0.987275
0.922137
0.992357
0.923798
1.00112
0.922809
0.988678
0.892554
0.920111
0.920784
0.987458
0.984471
0.991454
0.989307
0.921405
0.979483
0.867341
0.995654
0.985071
1.0089
0.992295
1.00265
0.989303
0.998406
0.986053
0.982962
0.984169
0.995043
1.00616
0.948278
0.99312
1.00253
0.989187
0.99654
0.990435
0.977077
0.996114
0.98286
0.994927
0.980109
0.994228
0.977962
0.983272
0.97289
0.931372
0.939414
0.983782
0.997727
0.979311
0.991242
0.977423
0.992399
0.972602
0.982489
0.939223
0.93084
0.814204
0.827894
0.764786
0.79403
1.06226
1.10445
0.794623
0.764062
1.10465
1.0487
0.851533
0.862117
0.976912
0.717671
0.710129
0.911675
0.851352
1.15585
0.864639
1.03366
0.832156
0.821362
0.768937
1.00079
1.03734
1.06446
1.03373
1.04169
1.05499
0.972344
0.99614
1.03236
0.951014
0.988915
0.987846
0.951952
1.03134
0.996447
0.819684
0.822905
0.75797
0.999767
0.813295
0.84816
1.08628
0.869342
0.942124
0.878286
1.08769
1.14847
0.877812
1.11319
1.13832
0.897501
1.12556
1.13397
0.899121
1.12912
1.13143
0.900551
1.12307
1.12022
0.917675
1.13931
1.12719
0.894662
1.12898
1.11612
0.893089
1.10769
1.05045
0.843615
1.13032
1.13064
0.899709
1.12995
1.12736
0.901361
1.12896
1.11968
0.883088
0.717229
0.863438
0.976396
0.91761
0.918893
0.983105
0.979882
0.984761
0.981199
1.00682
0.997331
1.03749
0.979268
0.972163
0.980306
0.915478
0.704723
0.983284
0.924395
0.985691
0.99364
0.919235
0.919356
0.986123
0.981494
0.98898
0.984365
0.919537
0.890112
0.997021
0.992746
0.984716
0.982189
0.869461
0.978681
0.971407
0.980583
0.9768
0.983261
0.987419
1.00296
1.00581
0.991158
0.9935
0.977989
0.978909
1.00034
0.979285
0.907647
1.02415
1.01576
0.909855
0.91419
0.983252
0.980068
0.981206
0.977609
0.969943
0.971082
0.996299
0.987154
1.00864
0.991361
1.00184
0.986877
0.997869
0.984382
0.989321
0.99215
0.991515
1.01221
0.934886
0.985763
0.997017
0.984495
0.996325
0.996404
0.983253
0.995999
0.982111
0.995657
0.980407
0.98434
0.974751
0.93156
0.939283
0.984933
0.989438
0.984185
0.990391
0.943342
0.979343
0.981917
0.988244
0.975916
0.980085
0.974285
0.964947
0.942296
0.936279
0.918299
1.08918
1.13541
1.10423
0.892118
0.907517
0.800426
1.13765
1.12935
0.907635
1.08243
0.872306
1.13054
0.899728
1.13155
1.13041
0.900977
1.12873
1.12911
0.88342
1.12073
1.10455
0.850657
1.04917
0.861641
0.977294
0.720329
0.709738
0.876054
0.860078
0.857423
0.813638
0.911745
0.864436
1.15575
0.851621
1.03428
0.832426
0.821567
0.769599
0.821461
0.824224
0.759959
1.0881
0.877718
1.14844
1.11345
0.897436
1.13833
0.719494
0.732776
0.965043
0.849346
0.997285
1.0288
0.95539
0.984927
0.986627
0.991069
1.05851
1.01713
1.05147
1.02901
1.03636
1.00643
1.01302
0.991532
0.96142
1.02047
0.900333
0.934583
1.2268
0.677412
1.12566
0.899081
1.13414
1.12924
0.900461
1.13197
0.822369
0.834245
0.773626
0.804627
0.866293
0.783945
0.876338
0.761776
)
;
    }
}


// ************************************************************************* //
