/*--------------------------------*- C++ -*----------------------------------*\
| =========                 |                                                 |
| \\      /  F ield         | OpenFOAM: The Open Source CFD Toolbox           |
|  \\    /   O peration     | Version:  2306                                  |
|   \\  /    A nd           | Website:  www.openfoam.com                      |
|    \\/     M anipulation  |                                                 |
\*---------------------------------------------------------------------------*/
FoamFile
{
    version     2.0;
    format      ascii;
    arch        "LSB;label=32;scalar=64";
    class       volScalarField;
    location    "0.6";
    object      gradTy;
}
// * * * * * * * * * * * * * * * * * * * * * * * * * * * * * * * * * * * * * //

dimensions      [0 -1 0 1 0 0 0];

internalField   nonuniform List<scalar> 
5712
(
14338.1
8272.9
22825.3
15166
25030.2
18718.3
38270.1
48830.4
50760
63555.7
33312.5
29337.8
21115.8
17030.5
10764.4
7320.33
22773.4
22241
20052.9
22927
30521.5
26016.7
36467.9
28145.7
9854.98
6921.33
5636.97
4318.5
11395.7
9330.22
7136.36
6053.26
22871.9
22793.8
22189.6
17248
16459.3
13669.7
13248.5
15359.4
21147.3
21356.8
46489.3
48468.4
31402.7
32800.6
19985.9
16833.8
20540
14324.2
9626.01
10175.4
8828.27
14208.7
4669.31
6181.57
11939.2
18632.5
7294.38
9149.1
12647.8
24679.5
8980.27
16204.2
3301.2
9502.77
2764.47
7066.09
19052.9
23779.6
20571.9
24213.4
22627.5
22373.6
23973.6
22594.9
18412.1
25507.1
18141.2
24761.9
20668.4
24366.6
20881.7
24473.8
24739.2
22611.2
24930.8
22534.6
17280.1
25866.9
16843
26106
23609.1
30129.7
29806.8
45538.7
25030.5
35586.6
29495.6
50365.6
22413.8
26188.4
29961.5
43422.4
22269.1
24405.1
30379
43061.8
8860.99
12075.1
23059.9
42266.4
10565.4
12391.6
28755.7
46514.3
12457.7
12656.4
35132.3
49443.4
27032.9
26228.2
25466.1
27112.7
44714.7
25786.3
26544.1
25603.8
24048.1
52455.7
23748.1
25255
24749.4
28091.4
58255.8
3078.38
3726.45
6873.66
17609.1
4236.91
4930.28
8971.57
18660.1
5927.77
4978.19
11550.4
19937
24044.6
21346
23432.5
20490
22721.6
18264.4
18391.4
14922.1
14425.7
21992.7
22518
19781.7
24473.4
22058.6
23325.5
20189
21361.6
18141.4
15033.1
21329.5
25042.7
27316.8
25172.4
28359.3
22656.4
22446
22387.4
23113.5
24699.6
24636.9
24499.7
23814.3
25044.2
28629.3
25048.1
28752.8
21868.7
23656.8
21791
23731.6
24735.6
24530.8
24816.2
24588.5
22436.6
21100.8
14970.9
17467.9
22445.5
20726.3
14832.1
17950.8
22617
20908.8
15267.8
17363.4
22690.5
20658.9
15735.5
17305.5
2147.79
1148.37
646.813
1100.08
538.52
452.633
3069.64
1329.97
802.58
2019.12
1291.21
877.589
3101.91
1774.64
1434.89
3392.8
2164.28
1631.92
17141.2
12232.6
9347.35
16871.5
12486.2
9754.25
12937.4
9495.5
7603.74
10003
6571.98
5022.09
5263.84
2848.75
1953.23
16227
11771.5
8869.24
18076.2
12834
9567.56
14674.2
9540.51
6870.45
10466.1
6150.85
4351.92
5515.98
2750.7
1737.76
29139.3
27399
32741.4
28189.1
34156.1
28404
42763.7
30893
21152.7
20052.2
21187.4
18504.3
23988.2
21186.5
24020.2
19323.3
23633.5
22775.8
21698.8
22491.8
26953.9
25005.3
30401.6
31284.7
34414.1
36096.3
24346.1
25699.7
21890.8
21492.6
25446.7
26372.3
14694.4
7388.09
13980.5
8223.06
15093.2
7439.05
14079.3
8140.51
15111.7
7444.79
14328.4
8529.64
14116.8
8943.75
14378.7
8786.38
20780.4
16699
21317.4
17023.6
23867.7
20666.5
24920.5
20897.1
20038.3
13268.9
20298.4
12831.4
22263.2
17132.3
22749.7
16963.5
26156.7
20988.8
26427.6
20796.7
20211
13427.3
20284.1
13325.8
12096.5
7322.7
9739.66
5950.49
10924.1
6442.24
9183.95
5511.13
12579.5
7822.25
9961.27
6135.08
12636.8
8062.93
9900.81
6136.38
2116.29
1016.52
3752.52
2033.81
2218.06
1203.68
3952.59
2358.61
2677.38
1784.74
4334.5
3000.57
11005.4
18497.3
7606.27
7088.1
4917.73
17492.5
11163.4
5980.03
5939.48
3928.05
19051
14018.5
10459
7645.96
4721.65
476.549
252.72
1190.95
822.646
628.722
313.31
1530.6
1088.7
1075.24
601.406
2112.63
1532.92
16769.7
14419.1
10270.6
8505.19
6004.4
5056.45
4830.9
3533.82
3140.66
2270.05
16327.9
13228.4
11592.7
8733.27
8285.15
6060.33
5870.86
4209.02
3901.61
3116.54
12531.6
8591.54
12945
8773.32
16390.1
12243.1
16775.4
12640.4
9871.26
6608.57
9341.9
6339.39
13143.7
8838.37
13081.8
8837.57
16913.2
13166.7
16810.2
13189.2
10179.9
6647.29
10144.3
6705.83
7048.79
4763.55
4620.89
3871.37
6648.49
4479.27
4390.21
3562.88
7402.89
4917.35
4747.87
4084.39
7537.89
4907.34
4923.17
4122.84
419.792
309.66
222.466
1878.23
812.406
568.575
411.199
351.471
270.851
2128.59
999.28
726.738
645.573
605.512
531.098
2524.81
1326.97
1006.44
11136.4
8181.07
6480.69
6508.69
4872.71
3980.92
4019.1
3033.52
2538.22
2839.29
2110.54
1724.04
3114.55
1746.8
1323.27
9975.78
7032.87
5326.16
6246.37
4327.03
3321.59
4315.36
2942.32
2270.32
3394.82
2252.72
1687.1
4036.62
2030.86
1470.76
3380
1528.33
687.941
291.011
3830.05
1680.25
735.199
304.645
3391.93
1527.5
689.049
291.564
3900.64
1717.56
760.347
317.417
3383.84
1512.54
710.998
307.566
3982.1
1738.11
804.31
343.926
4279.76
1834.11
788.102
323.676
4343.75
1879.32
787.234
320.343
3566.86
1611.73
753.859
322.457
2939.62
1405.7
683.61
298.204
3131.65
1453.97
708.636
314.509
2726.63
1326.85
657.68
291.345
3842.56
1721.11
774.671
323.19
3056.56
1457.45
695.637
301.165
3966.99
1781.9
787.977
328.519
3092.83
1487.41
707.27
308.284
2501.99
1281.34
622.016
275.084
1690.49
1009.77
542.41
250.971
2510.26
1277.43
623.609
276.204
1762.61
1027.98
547.756
253.038
2582.46
1283.5
638.265
284.718
1974.59
1083.88
566.911
259.582
2564.15
1257.22
634.119
291.919
2165.57
1127.07
594.256
268.573
2432.04
1227.76
625.292
285.582
1051.13
812.234
428.056
119.972
522.653
713.106
385.893
113.61
1168.03
850.528
442.587
126.704
633.148
752.711
398.074
116.926
1406.08
921.625
461.921
128.124
843.68
823.447
415.43
119.776
1723.57
1012.12
497
140.294
1109.42
909.082
441.909
126.807
1980.63
1101.85
540.983
161.012
1274.82
985.277
467.344
133.307
2186.1
1204.83
559.922
158.029
1341.53
1084.82
512.837
144.604
2108.73
1162.68
548.731
157.01
1265.59
1042.18
490.735
138.582
2222.01
1228.96
558.54
149.655
1362.79
1113.66
522.03
145.412
2262.22
1247.73
566.703
151.175
1413.65
1133.94
531.269
147.696
126.822
58.1868
24.9221
9.72096
2.50336
128.109
58.4787
25.0141
9.75052
2.51015
128.593
59.0419
25.1949
9.80463
2.52209
131.678
59.5615
25.3558
9.85787
2.53454
133.334
60.1292
25.5131
9.90249
2.5442
136.836
60.6417
25.7095
9.97304
2.56118
136.443
61.6867
26.1412
10.1224
2.59652
138.416
62.8841
26.6434
10.3031
2.64022
137.877
61.3996
25.9433
10.0433
2.57683
141.602
62.2957
26.1893
10.1149
2.59265
137.779
60.8936
25.7306
9.96838
2.559
141.088
61.7759
25.9764
10.0413
2.57523
138.336
62.2746
26.3144
10.1736
2.60787
143.99
63.1171
26.5097
10.2276
2.61962
141.556
63.4702
26.7793
10.3392
2.64791
147.308
64.194
26.9041
10.3669
2.65335
126.579
57.9741
24.8373
9.69262
2.49684
127.561
57.9017
24.7866
9.67487
2.49275
128.428
58.6665
25.0529
9.75737
2.51115
129.29
58.4697
24.9608
9.72672
2.50413
132.471
59.7854
25.3728
9.85299
2.53243
133.102
59.5121
25.2599
9.81534
2.52372
136.978
60.8396
25.6665
9.94139
2.55225
137.442
60.6
25.5768
9.91168
2.54535
140.693
61.3809
25.8286
9.99195
2.56374
18040.9
28139.7
18427.1
28035.3
18860
27683
18730.9
26971.3
17216.1
25002
15135.4
17284.6
15403.5
18621.9
15107.4
16908.8
15357.7
17027.5
16527.9
2892.11
641.675
151.806
28.4624
18365.3
5364.98
1350.15
322.594
60.4761
16427.9
2834.05
626.599
148.129
27.7563
18196.8
5276.72
1327.72
316.7
59.0353
16109.4
2759
608.922
144.141
27.0592
17794.7
5146.24
1295.77
309.537
57.8312
15424.3
2604.18
574.27
136.58
25.7575
17023.3
4919.35
1242.75
298.232
55.9258
14166.9
2343.97
519.992
125.029
23.7706
15671.5
4566.69
1164.69
282.021
53.2193
12074.3
2096.09
486.049
120.236
23.2375
12298.2
3813.41
1011.41
252.235
48.5547
12721.3
2164.5
493.462
120.674
23.1612
13328
4100.07
1071.1
263.322
50.1692
11804.7
2073.59
484.527
120.539
23.3745
11904.5
3680.53
981.109
246.564
47.772
11734.9
2054.6
480.416
119.754
23.2314
11859.8
3648.36
972.192
245.385
47.5635
38608.8
57676
55869.2
37002.8
20323
21649.8
30279.8
32258.7
24745.6
28459.2
40701.9
57366.3
52068
70730.8
33326.7
38785
25470.5
27706.2
13539.2
15043.1
4053.22
2348.04
189.92
102.034
109.478
87.1681
141.443
3497.41
2888.64
1566.32
1901.87
1470.2
565.309
949.529
667.689
377.96
450.184
320.074
3297.16
1286.06
511.267
435.241
717.599
578.349
372.396
294.798
206.56
166.812
317.781
277.777
3675.97
1853.05
2234.13
1111.83
769.833
1358.92
367.312
198.305
431.984
7566.04
6375.86
5318.09
4806.22
6582.42
4749.38
4553.68
4066.35
3751.16
3849.53
468.016
597.408
649.428
659.198
656.95
255.856
335.767
374.625
387.498
389.646
275.005
361.698
403.986
417.759
419.763
219.75
290.815
326.978
340.036
342.773
352.463
457.686
505.093
517.81
518.123
6751.52
5901.64
4811.49
4137.22
5545.25
5571.73
4755.57
3772.52
3178.93
3251.64
3294.67
3304.55
2953.95
2643.93
2567.31
3705.9
3269.64
2621.39
2180.22
2011.11
2856.56
2550.36
2058.04
1688.91
1517.2
1299.42
1486.65
1462.72
1379.69
1327.54
2070.06
2184.93
2015.12
1821.18
1726.22
1483.34
1611.03
1515.53
1377.8
1295.02
895.241
1071.91
1095.33
1058.9
1027.94
1045.31
1213.86
1207.03
1142.47
1095.96
766.303
932.328
965.205
940.543
915.384
6478.89
5835.74
4884.64
4315.1
5806.06
2791.9
2947.33
2751.53
2543.62
2504.75
1194.72
1402.4
1412.09
1356.67
1319.94
1029.8
1233.25
1265.32
1233.27
1208.46
1638.64
1862.36
1834.2
1746.04
1707.3
1352.26
1591.63
1612.22
1562.64
1533.1
893.107
1093.24
1145.55
1134.97
1120.92
715.308
890.262
944.361
941.138
929.612
507.943
645.04
695.624
699.639
692.565
413.44
531.974
581.449
591.266
588.89
764.163
937.082
979.167
963.319
944.358
674.002
838.638
888.791
884.294
872.156
7016.13
6113.05
5144.09
4632.59
6298.62
3859.7
3863.69
3537.99
3295.02
3342.05
4753.18
4725.24
4181.14
3821.23
4108.85
2476.21
2723.79
2636.57
2506.26
2481.47
1769.35
2032.54
2023.97
1947.15
1914.83
2957.81
3142.55
2956.92
2756.67
2733.55
881.11
1078.25
1128.39
1115.86
1100.29
488.005
621.107
672.551
679.95
675.811
1025.36
1234.33
1273.02
1246.43
1224.5
22847.8
15518.6
23299
17088.4
29304
44586.1
31083.3
44692.2
23562.5
24235.4
20623.6
23966.6
25510.6
23378
34478.9
26755.7
18530
18764.8
9088.82
8347.24
19950.1
19498
10316.4
8938.07
25437.3
26843
25020.2
21971.3
26524.5
17371
13380.5
15485.1
21612.4
21527.4
46953.2
48768.9
31077
32786.7
21393.6
17185
22202.5
14677.2
10965.4
10537.5
21224.9
24503.4
8786.16
9973.92
22925.4
27550.9
10800.6
12428
21069.6
31724.3
12123.1
19921.7
4062.79
10834.9
2929.36
7341.62
21107.5
23579.9
21195.5
24166.3
21433.5
21222.7
23201
22006.1
20706.9
26102.5
23641.2
25671.7
20880.7
24361.4
20927.8
24473.2
24406.3
22335.9
24846.2
22452.7
18163.3
26190.1
17051.1
26204.7
25666.9
32707.4
30910.6
46951.7
28219.7
39583.9
31232.4
52596.4
23456.7
27523
30557
44210.4
22568.8
24798.8
30561.9
43316.7
29389.7
31374.5
38885.9
59415.1
28942.9
29053.3
41364.4
59757.7
27529.8
26499.9
43972.6
58266.8
21115.3
20211.2
24790.4
29361
49352.4
19100
19143.5
25919.4
26034.1
57440.4
19917.5
22487.5
24558.2
30066.1
61255.5
14212.6
12134.3
15129.6
21360.4
15727.9
13490.2
15559.2
21670.8
17620.5
14172.5
16086.6
21734.2
17623.9
15554.5
17731.4
15847.1
23015.4
19670.6
20352.5
17121.5
16633.2
22353
18873.9
17214.2
21614
20275.8
22770.4
20142.9
22730.2
19344.4
16176.5
21229.2
23976
26146.7
24757.9
27799.5
21038.9
21024.6
21665.6
22414.2
24790.3
24579.9
24482.7
23642.3
24869
28387.7
25000.4
28686.2
21548.2
23326.8
21698.9
23637
24794
24524.9
24831.7
24587.4
22898.8
21384.8
15417.6
17792.9
23204.5
21187.8
15605.6
18381.7
22859.8
21068.7
15505.7
17559.3
22767
20710.6
15816.5
17371.5
10513.6
10730.5
4986.83
4392.65
11779.8
11133
5596.85
5175.97
11321.1
10000.6
6267.09
5812.96
13934.8
12463.7
14741.8
13864.9
16165.6
14512.5
13404.4
10980.6
7602.75
5753.58
15644.1
13676.3
18366.5
16084.3
16192.9
13470
12819.4
9746.94
6830.73
4381.49
23138.3
21054.2
30391.2
25163.9
27497.9
23338.8
40384.3
28576.5
20213.1
15262.1
23016.6
16669.9
19960.6
15634.2
23138.6
17090.2
21335.2
17791.2
18864.1
16614.6
19592.9
21986.3
29003.3
30888.5
33512.2
35880
23065.7
25305.5
20540.9
21115.6
23698.7
25787.7
11351.2
7512.77
12160
7865.32
11724.4
7482.94
12491.9
7797.45
11841.5
7421.67
12800.8
8133.94
13152.2
8597.23
14032.6
8655.7
16615.9
15276.6
19271.7
16131
20277.9
18724.9
23112.4
19842.3
17856.4
12701.9
16104.9
12153.6
21265.3
16655.3
22458.1
16817.1
25352.5
20472.3
26209
20643.7
19076
13084.6
19933.6
13215.9
11320.7
7229.23
9533.59
5972.15
10279.4
6741.45
9164.33
5751.1
12069.9
7672.93
9790.94
6106.52
12471.1
8000.77
9841.4
6123.02
10217.4
9437.78
6718.77
5835.61
10399.8
9633.98
6612.83
5800.77
10422.1
9357.42
6477.97
5818.76
13643.2
17353.2
13437.3
9129.71
6202.37
15749.2
13788.2
14062
8825.97
5820.83
17622.1
14309.4
11566.7
8827.01
5504.82
8580.34
7715.43
5241.71
4882.14
8675.95
7715.28
5260.13
4890.51
8272.35
7231.16
5191.53
4648.29
14773.3
12686.1
12275
10459.6
11344.5
10138.9
8010.39
7150.92
5143.67
4467.81
15035.2
12378.2
12229.8
9634.4
9844.95
7840.71
7504.44
6083.44
4852.45
4227.08
12192.7
8760.94
12549.4
8681.75
15360.2
11686.9
16133.7
12258.8
9733.67
6712.01
9529.26
6912.77
12893.2
8735.93
13000.3
8798.54
16585.9
12948.8
16711.4
13121.8
10036
6627.5
10090.9
6688.51
7106.1
4966.86
4738.46
4069.88
7089.33
5157.41
4771.65
4124
7363.51
4952.22
4769.61
4149.47
7516.44
4908.23
4924.05
4135.64
7614.55
7172.12
8233.19
7024.81
7594.71
7121.76
7943.13
6720.41
6891.95
6577.86
7368.53
6206.34
11017
9747.26
8910.58
7881.19
8907.98
8229.27
6716.25
6010.45
6768.31
5484.8
10082.3
8566.82
7633.69
6609.68
6456
5835.79
5648.83
4928.24
6317.25
4686.52
3880.4
1801.24
806.554
337.99
4076.99
1880.25
834.846
346.655
3835.22
1777.57
796.46
333.564
4078.04
1880.89
844.408
353.694
3752.92
1728.61
806.671
345.647
4097.8
1863.75
873.838
375.313
4304.65
1902.12
829.572
342.912
4344.09
1900.69
800.674
326.764
3697.93
1713.97
809.85
348.213
3037.38
1479.23
724.021
317.289
3443.82
1627.33
791.704
350.061
2942.25
1457.1
718.812
317.342
3883.65
1773.32
806.527
338.489
3094.94
1494.28
718.545
312.839
3973.94
1797.68
798.264
333.619
3102.46
1498.52
714.66
312.157
3517.16
1667.79
769.882
330.066
3029.59
1494.15
720.009
313.854
3448.29
1640.24
761.923
327.237
2993.01
1480.97
714.22
312.137
3365.49
1598.61
761.846
330.887
2990.78
1469.16
711.681
310.902
3134.23
1512.62
738.709
332.266
2921.47
1441.78
715.748
311.165
2829.31
1428.03
709.863
318.255
2473.21
1338.71
600.564
157.956
1793.7
1248.27
566.582
156.227
2489.11
1341.48
605.411
163.708
1832.94
1251.2
568.259
157.406
2531.68
1341.5
601.8
159.299
1897.69
1251.46
563.304
155.015
2514.94
1334.02
613.435
167.556
1885.72
1243.92
563.503
156.569
2420.4
1313.78
628.538
184.381
1709.21
1218.43
559.611
156.945
2277.55
1272.86
598.435
169.636
1421.24
1161.47
551.48
155.735
2318.82
1287.27
609.134
173.885
1466.98
1183.2
553.059
155.447
2257
1261.97
579.424
156.06
1388.23
1149.36
542.058
151.416
2270.33
1257.44
573.205
153.211
1418.28
1144.02
537.307
149.548
146.355
66.1399
27.9318
10.7749
2.75709
145.671
65.9155
27.878
10.7615
2.75426
146.206
66.1943
27.9114
10.7586
2.75212
146.837
65.9602
27.828
10.7333
2.74632
149.123
66.3629
27.877
10.7341
2.745
149.53
65.8772
27.7342
10.6918
2.73534
144.772
65.2278
27.5279
10.6184
2.71712
141.397
64.1923
27.1618
10.4898
2.68574
149.113
66.0781
27.74
10.6801
2.73117
151.654
66.3796
27.7509
10.6685
2.72694
152.454
66.5545
27.8659
10.7195
2.74047
154.468
66.7889
27.8623
10.7052
2.73583
145.461
65.3935
27.5337
10.6097
2.71396
150.255
65.8044
27.5566
10.6022
2.71087
143.956
64.5268
27.1978
10.49
2.68471
149.403
65.1102
27.2654
10.4971
2.68516
149.378
66.5844
28.0047
10.7895
2.75986
154.635
67.0481
28.0605
10.7989
2.76154
149.74
66.6582
28.0001
10.7803
2.75676
154.868
67.0956
28.0585
10.7928
2.75937
151.718
66.8468
27.9816
10.7615
2.75101
155.961
67.2121
28.0425
10.7773
2.75458
154.417
67.0438
27.9571
10.7411
2.74499
157.459
67.2253
27.9958
10.7531
2.74786
156.912
67.0252
27.9245
10.7261
2.74094
20069.1
27090.6
20047.9
26942.2
19985.8
26607.3
19259.1
25864.8
17526.7
24089.4
15405
17514.4
15777.6
18781.6
15269.7
17069.5
15410.9
17080.8
16656.8
2885.3
641.16
152.366
28.6593
17890.6
5305.69
1346.31
323.593
60.878
16489.5
2823.25
625.768
148.635
27.9412
17703.9
5214.58
1323.38
317.585
59.4131
16080.2
2743.62
607.859
144.598
27.2302
17297.2
5083.18
1291.28
310.338
58.1819
15344.8
2590.41
573.792
137.077
25.9195
16579.3
4865.94
1239.63
299.12
56.2622
14153.9
2342.67
521.181
125.658
23.9274
15389.3
4539.12
1164.93
283.209
53.5583
12196.4
2112.99
489.331
120.971
23.3717
12417.3
3842.25
1018.27
253.868
48.8592
12836.9
2178.84
496.469
121.452
23.3166
13382.2
4114.04
1076.1
264.902
50.5099
11889.8
2085.92
486.922
121.055
23.4653
11996.7
3704.06
986.478
247.757
47.983
11764.8
2058.95
481.26
119.933
23.2626
11892.7
3656.95
974.137
245.811
47.6375
38268.9
57761.6
55763.9
35845.3
26513.2
33268.4
25327.3
33070.7
31461.4
53753.9
33883.9
55375.3
3.6963
5.45438
9.71246
18.1968
34.361
64.5169
5.12392
7.39916
12.8121
23.2844
42.2731
75.4195
2.7708
2.3512
4.31025
3.86908
8.14687
7.77113
16.0449
16.1756
31.1778
32.2853
57.8527
57.2848
120.116
218.834
389.267
673.789
1048.83
1328.85
131.15
220.01
352.835
531.053
722.413
851.364
9.58944
13.3284
15.7913
17.1608
17.7387
14.1047
19.4947
22.9564
24.8174
25.5756
25.0085
34.3115
40.0834
43.0397
44.1816
46.6212
63.4206
73.4186
78.2337
79.9601
87.4819
117.749
134.808
142.345
144.744
162.881
216.189
244.015
254.749
257.448
13.2554
18.3343
21.608
23.377
24.1018
19.0711
26.2122
30.6833
33.0045
33.9152
32.8623
44.793
51.9694
55.4847
56.7728
59.3934
80.2012
92.1382
97.5718
99.3797
107.127
143.081
162.533
170.554
172.844
189.599
249.901
280.125
290.901
293.173
7.20513
10.055
11.9658
13.0531
13.5223
6.12258
8.56508
10.2199
11.1739
11.5908
11.1724
15.5054
18.3405
19.9026
20.5554
10.0419
13.9678
16.562
18.0099
18.6226
21.0303
28.9796
34.0137
36.6663
37.7231
20.0857
27.7376
32.6306
35.2425
36.2972
41.2214
56.3396
65.5458
70.13
71.8405
41.6054
56.9748
66.4161
71.1736
72.9723
79.6246
107.73
123.991
131.472
133.99
82.5498
111.896
129.013
136.973
139.687
146.63
195.859
222.435
233.301
236.335
145.518
195.062
222.249
233.635
236.928
299.719
390.305
432.403
445.055
446.501
537.374
682.262
738.29
747.318
744.034
935.06
1147.75
1206.27
1198.29
1185.02
1568.94
1839.71
1865.34
1816.31
1790.71
2349.56
2607.64
2545.7
2436.66
2412.12
2910.79
3127.71
2988.12
2833.9
2816.1
326.429
423.326
467.104
479.354
480.211
540.875
687.76
745.1
754.739
751.554
854.354
1061.07
1125.86
1124.9
1114.14
1263
1526.69
1584.11
1561.82
1541.15
1686.88
1985.15
2018.2
1968.52
1940.08
1966.09
2276.99
2287.96
2218.95
2186.95
3.71572
5.52505
9.87818
18.5537
35.0929
65.9235
5.14836
7.48412
12.995
23.6341
42.8839
76.3726
2.78733
2.3667
4.37414
3.93258
8.31223
7.95138
16.4468
16.6691
32.1134
33.5123
60.0406
60.7302
122.325
221.193
390.341
671.084
1043.22
1325.89
132.372
221.103
353.123
529.933
720.469
850.383
9.6429
13.4104
15.8987
17.2877
17.8761
14.2993
19.793
23.3474
25.2789
26.0753
25.4652
35.0119
41.0014
44.123
45.3543
47.6061
64.9344
75.4051
80.5789
82.499
89.5108
120.884
138.94
147.233
150.041
166.813
222.334
252.178
264.454
267.988
13.3232
18.4394
21.7472
23.5426
24.2817
19.3072
26.5791
31.1701
33.584
34.5455
33.3726
45.59
53.0311
56.7519
58.1527
60.3754
81.7485
94.2135
100.06
102.095
108.862
145.858
166.303
175.11
177.834
192.366
254.453
286.434
298.622
301.681
7.25037
10.1238
12.0553
13.158
13.6356
6.16487
8.62903
10.3026
11.2707
11.6952
11.3471
15.7704
18.6845
20.3058
20.9904
10.2148
14.2285
16.8985
18.4025
19.0452
21.482
29.6632
34.8989
37.7015
38.8385
20.5754
28.4728
33.5755
36.3412
37.4774
42.318
57.9961
67.6855
72.6267
74.527
42.9424
58.9723
68.9698
74.1299
76.1401
82.1808
111.596
128.984
137.295
140.252
85.8771
116.872
135.373
144.332
147.568
152.595
204.843
233.98
246.699
250.705
154.735
208.545
239.109
252.81
257.278
306.071
400.589
446.432
462.016
465.073
544.796
695.554
757.684
771.718
771.258
940.425
1160.87
1228.45
1228.31
1219.63
1566.4
1845.42
1882.29
1843.64
1824.51
2340.26
2604.75
2552.5
2452.91
2434.73
2905.51
3124.85
2989.12
2838.77
2823.67
330.153
429.809
476.448
491.06
493.254
544.687
695.314
756.853
770.093
768.986
856.665
1067.8
1138.07
1142.02
1134.17
1262.21
1530.2
1593.62
1576.95
1559.72
1683.89
1985.3
2023.17
1978.18
1952.71
1964.43
2276.46
2289.3
2222.13
2191.32
4034.76
2339.86
195.216
105.958
121.547
93.9183
150.035
3344.59
2851.74
1583.03
2004.72
624.267
1028.66
430.902
522.534
368.272
3191.35
1286.77
546.781
455.898
734.127
587.456
376.826
307.437
238.222
187.433
350.749
298.135
3624.01
1835.84
2189.02
1102.34
769.291
1347.84
376.484
210.377
445.647
7535.21
6358.15
5314.84
4817.66
6614.95
4734.94
4544.99
4065.79
3758.82
3863.64
483.301
622.157
682.998
699.514
700.918
266.677
352.306
396.114
412.608
416.664
306.81
407.114
459.43
479.638
484.763
237.744
316.977
359.47
376.773
381.627
375.887
492.853
549.98
569.527
573.339
6673.56
6201.02
5371.8
4872.92
6521.29
5812.2
5498.8
4849.18
4447.68
4636.05
3425.66
3630.53
3447.66
3249.86
3233.58
4319.83
4360.33
3948.26
3655.43
3552.41
1469.67
1754.36
1807.53
1774.91
1747.39
2322.2
2610.38
2575.55
2468.31
2414.48
1041.18
1290.7
1369.45
1368.42
1354.64
1250.94
1528.73
1601.83
1586.8
1564.47
898.737
1130.51
1213.76
1221.74
1212.61
6353.2
5894.28
5112.58
4665.94
6326.27
2837.68
3088.98
2987.15
2849.82
2852.75
1298.78
1570.33
1634.2
1616.36
1598.86
1091.52
1335.66
1404.21
1398.66
1387.85
1699.45
1981.38
2008.85
1962.28
1946.58
1385.27
1656.73
1709.78
1685.68
1670.42
908.486
1123.03
1190.46
1192.19
1185.1
751.767
948.941
1023.08
1034.65
1030.96
591.516
764.396
840.965
861.36
862.181
467.966
610.148
677.093
698.098
701.146
855.268
1075.09
1154.7
1164
1157.55
730.833
926.217
1002.17
1015.7
1012.76
6935.27
6077.73
5155.3
4689.88
6425.47
3830.98
3851.04
3547.04
3325.22
3388.2
4692.95
4737.61
4272.72
3980.63
4329.2
2464.73
2732.83
2672.25
2566.12
2557.13
1778.74
2067.38
2088.14
2036.15
2018.69
2961.32
3207.06
3088.78
2943.52
2955.17
909.518
1127.63
1198.06
1201.19
1194.19
521.443
672.298
738.764
756.812
758.154
1067.6
1307.2
1374.78
1369.96
1359.82
1902.41
1938.37
1982.93
1934.42
1628.39
693.659
22613
22760.3
24573.4
25793.5
21232.6
21823.3
22813.2
21315.4
19515.7
27862
19886.4
28028.2
22742.2
19971.4
35069.8
21065.7
21018.4
22493.7
23362.1
19315.6
19925
21184.9
20075.6
19070.2
33626.3
19295
32578.5
22681.9
25242.1
37432.1
19050.8
18836.7
19668.4
20177.9
17508.3
18731.8
18856
18449.3
21402.1
28192.6
22053.6
27707.7
24225.6
27845.7
32106.1
16931
16747.9
16685.7
16961.7
15940
17402.6
16116.1
16091.6
18845.6
23218.5
19421.2
22058
20669.3
23205.4
25621.6
14887.6
14747.4
14393.4
14549.6
14631.8
16152.5
14011.4
14184.7
16775.3
17464.2
17351.7
16155.7
17540.8
17335.4
19025
13789.8
13717.1
12767.2
12872.2
13472.7
14460
12568.9
12644.5
15143.9
13641.9
15407.7
12858.5
15173.5
13466.3
15730.7
22172.5
20915.8
24473.8
26235.7
19635.4
19047.6
22048.9
20350.4
18102.1
11799.1
17883.2
11856
15447.3
13678.5
15406.3
20108.2
19179.7
21741.5
22946.4
18318.5
17979.3
20056.1
18634.7
15743.4
10426.1
15579.8
10524.3
13127.2
11221.2
12995.9
17203.4
16624.6
18254.3
18902.9
16063.3
15738.9
17318.3
16356.3
13549.2
9126.38
13160.1
8942.78
11287.3
9011.46
11478.8
13964
13613.7
15035.8
15384
13195
12807.6
14597.8
13805.8
11028.7
7957.08
10781.9
7832.24
9369.36
7962.19
10060.5
11733.4
11493.3
12828.6
13043.7
11010.6
10648.6
12608.2
12010.6
9389.4
7588.47
9204.33
7526.84
8283.71
7586.2
9217.45
10097.1
9897.46
11346.2
11506.8
9592.2
9523.22
11130.5
10778.6
8394.85
7315.29
8303.14
7318.81
7614.42
7452.52
8875.68
14123.9
8015.28
22813.3
15172.6
25055.1
18699.3
38302.6
48844.5
50820.4
63583.4
33373.8
29336.1
21127.3
17065.6
10459.7
6992.69
22775.4
22242.7
20049.2
22927.1
30536
26022.6
36476.4
28150
9656.87
6773.94
5447.94
4185.82
11358.6
9317.16
7132.28
6070.97
22864.1
22786.2
22186.6
17247.5
16453.1
13673.1
13249
15360.9
21148.7
21358.5
46497.1
48473.9
31406.1
32803.1
19986.6
16835.7
20541.6
14325.8
9627.22
10176.7
8668.28
13998.3
4544.57
6035
11942.7
18651.5
7314.93
9174.32
12649.9
24689.2
8989.05
16216
3303.1
9507.3
2765.12
7067.8
19053.4
23780.4
20573
24214.3
22630.2
22374.9
23975.8
22595.9
18414.2
25508.4
18141
24762.8
20669.5
24367.5
20882.7
24474.7
24740.8
22611.9
24931.8
22535
17281.5
25868.3
16844.2
26107.4
23611.7
30135.3
29809.2
45542.4
25032.6
35592.6
29497.9
50370
22416.2
26192.4
29963.7
43425.6
22271.4
24408.3
30381.1
43064.8
8736.89
11956.6
22793.4
41985.6
10573.3
12396.2
28779.9
46545.2
12461.5
12659.4
35143.2
49455
27032.3
26228.5
25465.1
27114.2
44721
25786.3
26543.2
25601.9
24048.8
52462.6
23748.6
25255.1
24749.8
28093.5
58261.1
3026.73
3690.44
6743.29
17463.2
4242.93
4937.3
8991.17
18677.4
5930.69
4979.61
11556.5
19940.5
24044.3
21345.5
23431.6
20489.3
22720.2
18263.6
18392.4
14922.9
14428.7
21994.8
22518
19781.3
24473.2
22058.3
23325.7
20189.2
21363.1
18142.6
15034.9
21330.9
25043
27316.6
25172.8
28359.3
22656.6
22445.7
22387.6
23113.3
24700.4
24637.4
24500.4
23814.8
25044.6
28629.2
25048.3
28752.8
21868.8
23656.6
21791
23731.3
24736.3
24531.2
24817
24589
22437.8
21101.7
14972
17468.8
22446.8
20727.3
14833.5
17951.9
22618.1
20909.6
15268.8
17364.2
22691.6
20659.7
15736.4
17306.3
2124.01
1132.61
635.899
1099.09
534.577
447.736
3082.12
1335.81
804.029
2029.09
1296.4
879.318
3102.22
1775.14
1435.47
3393.52
2165.52
1633.02
17140.9
12232.7
9347.59
16871.3
12486.5
9754.81
12937.6
9496.21
7604.55
10003.6
6572.76
5022.95
5264.4
2849.42
1953.82
16226.7
11771.5
8869.44
18076
12834.3
9568.01
14674.4
9540.94
6871
10466.7
6151.36
4352.47
5516.47
2751.1
1738.09
29143.7
27400
32744.4
28190.1
34171.9
28409.9
42777.4
30898.2
20957.3
19989.9
20951.2
18428.1
23951.6
21154.4
23980.2
19292.3
23627
22769.9
21698.3
22489.3
26934.4
24988
30402.3
31284.7
34417.9
36098.4
24343.6
25698.2
21889.5
21491.2
25437.9
26367.9
14694.8
7393.52
13974.2
8230.2
15072.8
7433.48
14061.7
8135.91
15097.9
7439.55
14316.4
8524.2
14109.8
8939.56
14375
8783.74
20778.1
16698.3
21315.9
17023
23869.6
20667.2
24922.2
20897.5
20031.9
13267.2
20290.4
12829.4
22262.3
17131.6
22748.8
16962.8
26157.8
20988.9
26428
20796.5
20207.1
13426
20281.6
13324.6
12092.8
7319.82
9737.59
5948.95
10920.1
6439.41
9181.59
5509.45
12576.7
7819.8
9959.56
6133.76
12634.7
8061.05
9899.4
6135.27
2107.81
1006.81
3742.63
2022.41
2217.9
1204.16
3951.9
2358.94
2676.15
1784.29
4332.58
2999.69
11006
18498.3
7605.69
7086.18
4915.93
17493.1
11163.6
5979.81
5938.03
3926.81
19051.6
14018.2
10457.7
7644.04
4720.17
468.514
245.271
1180.48
815.549
629.333
313.121
1530.68
1088.43
1075.2
601.555
2112.26
1532.81
16769.7
14418.8
10270.3
8504.71
6003.91
5055.9
4829.97
3533.31
3139.89
2269.65
16328
13228.2
11592.4
8732.87
8284.25
6059.72
5869.73
4208.38
3900.61
3115.88
12531.1
8591.07
12944.5
8772.87
16390.3
12242.9
16775.5
12640.2
9870.3
6607.9
9340.84
6338.68
13143.2
8837.94
13081.3
8837.1
16913.1
13166.4
16809.9
13188.8
10179
6646.69
10143.5
6705.25
7047.68
4762.86
4619.94
3870.61
6647.26
4478.55
4389.16
3562.1
7401.92
4916.72
4747.03
4083.66
7537.01
4906.77
4922.41
4122.2
411.793
304.145
218.547
1865.98
804.102
561.655
410.344
351.141
270.841
2127.63
999.224
726.781
645.679
605.56
531.12
2524.51
1326.93
1006.45
11136.1
8180.94
6480.67
6508.3
4872.46
3980.76
4018.62
3033.21
2538.02
2838.93
2110.3
1723.87
3114
1746.61
1323.17
9975.49
7032.71
5326.12
6246.01
4326.8
3321.44
4314.92
2942.06
2270.14
3394.32
2252.45
1686.93
4035.74
2030.56
1470.59
3380.48
1528.09
687.593
290.812
3829.8
1679.26
734.634
304.393
3390.72
1527.11
688.895
291.51
3899.7
1717.26
760.222
317.367
3382.43
1512.09
710.815
307.495
3980.57
1737.64
804.121
343.85
4278.24
1833.61
787.907
323.6
4342.55
1878.87
787.053
320.27
3565.64
1611.24
753.65
322.373
2938.79
1405.29
683.411
298.117
3130.51
1453.51
708.433
314.424
2725.77
1326.44
657.482
291.259
3841.4
1720.63
774.465
323.105
3055.8
1457.06
695.447
301.08
3966.01
1781.47
787.788
328.439
3092.16
1487.05
707.095
308.204
2501.09
1281.22
621.865
274.953
1688.37
1009.23
542.263
250.94
2509.53
1277.12
623.472
276.153
1762.2
1027.76
547.657
252.994
2581.55
1283.13
638.1
284.651
1973.99
1083.59
566.772
259.522
2563.27
1256.83
633.932
291.836
2164.88
1126.74
594.09
268.5
2431.26
1227.37
625.102
285.493
1049.69
811.761
428.011
120.013
521.596
712.28
385.619
113.541
1167.76
850.377
442.492
126.67
632.935
752.633
398.024
116.911
1405.71
921.392
461.806
128.091
843.477
823.255
415.335
119.748
1723.07
1011.83
496.857
140.254
1109.14
908.822
441.783
126.77
1980.05
1101.51
540.815
160.963
1274.49
984.975
467.197
133.265
2185.56
1204.48
559.753
157.982
1341.24
1084.51
512.677
144.558
2108.15
1162.32
548.559
156.962
1265.28
1041.86
490.578
138.537
2221.53
1228.64
558.382
149.612
1362.53
1113.37
521.88
145.369
2261.79
1247.44
566.56
151.136
1413.42
1133.68
531.132
147.656
126.724
58.145
24.9081
9.71654
2.50236
127.985
58.4241
24.9956
9.74464
2.50881
128.577
59.0329
25.1909
9.80309
2.52171
131.66
59.5521
25.3515
9.85624
2.53413
133.307
60.1175
25.5081
9.90062
2.54373
136.809
60.6296
25.7043
9.97108
2.56069
136.412
61.6726
26.1354
10.1202
2.59596
138.384
62.8698
26.6374
10.3009
2.63964
137.842
61.3853
25.9375
10.0411
2.57628
141.56
62.2796
26.1829
10.1125
2.59206
137.745
60.88
25.7251
9.9663
2.55848
141.047
61.7604
25.9703
10.039
2.57466
138.299
62.2592
26.3082
10.1713
2.60728
143.947
63.1005
26.5032
10.2251
2.619
141.522
63.455
26.7731
10.3369
2.64731
147.268
64.1779
26.8977
10.3645
2.65274
126.485
57.9386
24.8256
9.68901
2.49603
127.487
57.8711
24.7765
9.67176
2.49205
128.412
58.6584
25.0492
9.75596
2.5108
129.276
58.4624
24.9575
9.72544
2.50381
132.444
59.774
25.368
9.8512
2.53198
133.075
59.5013
25.2554
9.81364
2.52329
136.943
60.8258
25.661
9.93933
2.55173
137.406
60.5866
25.5715
9.90969
2.54485
140.653
61.3661
25.8227
9.98978
2.56319
17967.5
28058.5
18431.4
28039.5
18862.7
27684.9
18732.6
26972.6
17217.3
25003.1
15136.3
17285.5
15404.4
18622.9
15108.2
16909.6
15358.5
17028.3
16520.1
2874.47
636.765
150.594
28.2329
18349.2
5355.98
1347.12
321.785
60.3145
16423.2
2835.33
626.848
148.171
27.762
18194.1
5275.64
1327.3
316.567
59.0075
16108.4
2759.16
608.948
144.138
27.0574
17794.1
5145.91
1295.62
309.481
57.8183
15424.4
2604.22
574.269
136.575
25.7557
17023.4
4919.3
1242.71
298.209
55.9197
14167.4
2344.03
519.997
125.027
23.7699
15671.9
4566.76
1164.68
282.014
53.2167
12074.8
2096.18
486.065
120.239
23.2379
12298.7
3813.55
1011.44
252.24
48.5552
12721.8
2164.57
493.475
120.676
23.1612
13328.5
4100.2
1071.12
263.323
50.1687
11805.2
2073.67
484.545
120.543
23.3751
11905.1
3680.68
981.143
246.571
47.773
11735.4
2054.69
480.434
119.757
23.232
11860.4
3648.52
972.228
245.393
47.5647
38609.9
57681.6
55879
37005.2
20004.6
21251.6
30280.1
32250.1
24779.7
28491.3
40737.1
57397.2
52125
70776.9
33373.7
38831.2
25437.9
27664.7
13025.4
14448.1
4053.12
2347.96
189.903
102.024
109.466
87.1588
141.43
3497.35
2888.56
1566.26
1901.82
1470.17
565.275
949.485
667.656
377.933
450.155
320.049
3297.1
1286.01
511.234
435.212
717.56
578.314
372.37
294.775
206.542
166.797
317.757
277.755
3675.9
1852.99
2234.08
1111.78
769.792
1358.87
367.286
198.288
431.955
7565.77
6375.45
5317.57
4805.57
6581.23
4749.16
4553.38
4065.95
3750.66
3848.91
467.972
597.343
649.344
659.101
656.845
255.829
335.727
374.574
387.439
389.583
274.975
361.654
403.93
417.695
419.694
219.725
290.779
326.932
339.984
342.717
352.427
457.633
505.026
517.732
518.039
6751.3
5901.25
4810.96
4136.53
5543.94
5571.51
4755.25
3772.12
3178.44
3250.99
3294.51
3304.31
2953.63
2643.53
2566.83
3705.75
3269.42
2621.13
2179.92
2010.78
2856.48
2550.21
2057.86
1688.72
1516.99
1299.33
1486.52
1462.55
1379.49
1327.32
2069.94
2184.76
2014.9
1820.92
1725.93
1483.25
1610.9
1515.37
1377.61
1294.82
895.169
1071.81
1095.2
1058.74
1027.78
1045.23
1213.75
1206.89
1142.31
1095.78
766.238
932.234
965.085
940.405
915.235
6478.68
5835.35
4884.11
4314.41
5804.76
2791.76
2947.1
2751.23
2543.24
2504.29
1194.63
1402.27
1411.92
1356.47
1319.72
1029.72
1233.13
1265.16
1233.08
1208.26
1638.54
1862.2
1833.99
1745.78
1707.01
1352.17
1591.49
1612.03
1562.42
1532.84
893.036
1093.14
1145.41
1134.81
1120.74
715.246
890.17
944.243
940.999
929.461
507.894
644.967
695.532
699.533
692.452
413.398
531.913
581.372
591.177
588.793
764.098
936.986
979.044
963.176
944.202
673.942
838.55
888.678
884.162
872.012
7015.9
6112.67
5143.58
4631.92
6297.37
3859.52
3863.42
3537.63
3294.57
3341.5
4752.99
4724.92
4180.71
3820.66
4108.07
2476.07
2723.57
2636.29
2505.9
2481.06
1769.23
2032.37
2023.74
1946.87
1914.52
2957.67
3142.31
2956.6
2756.27
2733.06
881.04
1078.14
1128.25
1115.7
1100.11
487.959
621.039
672.464
679.849
675.702
1025.29
1234.21
1272.87
1246.24
1224.3
22813
15428.4
23304
17116.9
29285.2
44532.8
31160.7
44809.2
23562.3
24234.8
20627.6
23967
25502.5
23374.2
34459.6
26750.5
18457.9
18683.4
8987.3
8236.73
19961.2
19507
10348
8979.04
25443.7
26845.3
25019.1
21972.2
26532.3
17391.2
13381.6
15486.5
21613.1
21528.9
46952.2
48772.3
31075.2
32787.6
21399.5
17187.8
22206.5
14679.4
10972.5
10540.2
21121.1
24358.3
8665.66
9834.16
22935.7
27573.6
10835.4
12462.2
21078.6
31736.9
12141.5
19939.4
4067.35
10841.8
2930.53
7343.8
21108.6
23580.3
21197.8
24167
21431.5
21221.5
23199.2
22005.3
20714.5
26104.6
23645.8
25673.6
20881.9
24362.1
20928.7
24474
24405.6
22335.6
24846.5
22452.8
18167.1
26191.8
17052.9
26206.2
25672.1
32715.3
30914.1
46956.4
28224.1
39591.6
31235.9
52601.9
23460.6
27528.5
30559.9
44214.3
22571.5
24802.5
30564.3
43320
29328.1
31359.1
38760.3
59312.3
28938
29037.9
41383.7
59781.6
27532.1
26498.6
43981.7
58274.8
21115.5
20209.6
24792.3
29363.8
49358.8
19098.6
19143.8
25919.9
26035.6
57446.2
19916.4
22487.6
24559.7
30069
61261.4
14236.7
12144.6
15093
21311.6
15718.4
13483.7
15572.8
21681.5
17618.6
14170.9
16089.4
21736.2
17622.9
15554
17731.2
15846.7
23014.5
19669.3
20353.3
17121.6
16635.1
22354.2
18873
17213.5
21613.9
20275.5
22771.2
20143.1
22731.9
19345.3
16178.2
21230.4
23976
26146.4
24758
27799.3
21037.9
21023.7
21664.9
22413.4
24791.2
24580.5
24483.8
23642.9
24869.1
28387.4
25000.6
28686.1
21547.8
23326.2
21698.7
23636.6
24794.8
24525.4
24832.4
24587.8
22900.3
21385.8
15419
17794
23206.2
21188.9
15607.1
18383
22861.1
21069.6
15506.8
17560.3
22768.1
20711.3
15817.5
17372.4
10519.1
10750
5044.65
4443.65
11771.7
11122.2
5601.09
5176.58
11319.7
9999.52
6267.1
5813.27
13934.5
12463.5
14741.4
13864.5
16164.6
14511.6
13404.2
10980.3
7602.85
5753.68
15643.6
13676
18366.1
16084
16192.8
13469.7
12819.6
9746.87
6830.95
4381.57
23131.3
21049.6
30380.2
25157.8
27486
23333.2
40358.2
28568.3
20259
15284.7
23059
16688.5
19958.3
15631.5
23137.6
17089.5
21330.1
17787.1
18859.8
16611.2
19589.2
21982.6
28999.4
30886.9
33508.8
35879.9
23061.7
25303
20538
21113.8
23695
25784.2
11366.1
7521.49
12172.4
7875.04
11723.5
7484.6
12491.8
7799.38
11840.3
7421.57
12799.6
8133.79
13150.6
8596.39
14030.4
8654.13
16612.9
15274.5
19268.5
16129.2
20274.5
18722.7
23108.5
19840.5
17853.8
12700.3
16102.4
12151.9
21262.9
16653.9
22456.7
16816.1
25350.4
20471.1
26208.4
20643.1
19073.6
13083.2
19931.5
13214.6
11319.1
7228.53
9532.4
5971.39
10278
6740.91
9163.19
5750.47
12068.2
7671.91
9789.72
6105.66
12469.3
7999.35
9840.13
6122.05
10228.6
9445.86
6726.06
5842.17
10398.2
9632.47
6613.63
5801.26
10420.9
9356.36
6477.76
5818.48
13641.3
17351
13435.5
9128.54
6201.89
15747.4
13786.4
14060.3
8824.9
5820.4
17620.1
14307.5
11565.2
8825.98
5504.31
8586.9
7726.1
5252.63
4901.45
8674.31
7710.07
5260.23
4888.94
8271.57
7230.65
5191.26
4648.16
14772.1
12685.6
12273.8
10459.1
11343.4
10138.2
8009.6
7150.44
5143.27
4467.53
15033.9
12377.5
12228.4
9633.62
9843.82
7840.01
7503.64
6082.9
4851.97
4226.68
12191.4
8760.12
12548.2
8681
15359
11686.2
16132.7
12258.1
9732.62
6711.3
9528.14
6912.04
12892.3
8735.3
12999.6
8798.01
16585.1
12948.3
16710.9
13121.4
10035
6626.86
10090
6687.91
7105.27
4966.29
4737.88
4069.38
7088.5
5156.85
4771.11
4123.55
7362.67
4951.66
4768.99
4148.92
7515.59
4907.68
4923.36
4135.06
7624.5
7180.92
8245.16
7039.67
7584.62
7113.43
7940
6718.64
6891.49
6577.48
7368.32
6206.21
11016.7
9747.15
8910.3
7881.05
8907.57
8228.96
6715.93
6010.19
6767.99
5484.58
10081.9
8566.59
7633.25
6609.42
6455.57
5835.51
5648.44
4927.96
6316.78
4686.22
3883.72
1802.3
806.713
337.982
4079.57
1880.92
834.999
346.686
3835.49
1777.6
796.444
333.558
4078.6
1880.99
844.417
353.689
3752.95
1728.58
806.637
345.628
4097.82
1863.69
873.792
375.288
4304.29
1901.94
829.482
342.871
4343.32
1900.36
800.533
326.705
3697.63
1713.81
809.768
348.176
3037
1479.03
723.918
317.242
3443.63
1627.22
791.646
350.034
2941.96
1456.95
718.732
317.304
3883.14
1773.08
806.409
338.437
3094.46
1494.03
718.418
312.781
3973.19
1797.33
798.107
333.552
3101.89
1498.21
714.507
312.088
3520.93
1669.03
770.173
330.084
3033.15
1495.14
720.33
313.991
3448.47
1640.26
761.913
327.232
2993.08
1481.01
714.229
312.136
3365.5
1598.59
761.823
330.874
2990.75
1469.16
711.671
310.893
3134.08
1512.55
738.665
332.241
2921.35
1441.74
715.717
311.145
2829.09
1427.93
709.801
318.221
2478.01
1339.78
600.904
158.091
1799.8
1249.11
566.727
156.243
2489.05
1341.58
605.418
163.697
1832.61
1251.33
568.296
157.412
2531.6
1341.52
601.797
159.292
1897.55
1251.48
563.31
155.014
2514.81
1333.97
613.41
167.547
1885.6
1243.88
563.485
156.562
2420.21
1313.68
628.489
184.366
1709.07
1218.35
559.573
156.933
2277.26
1272.68
598.35
169.613
1421.07
1161.32
551.401
155.712
2318.58
1287.13
609.068
173.866
1466.83
1183.08
553.001
155.43
2256.67
1261.75
579.32
156.033
1388.05
1149.16
541.958
151.388
2269.95
1257.18
573.08
153.178
1418.07
1143.79
537.187
149.514
146.329
66.1307
27.9306
10.7751
2.75719
145.656
65.9072
27.8776
10.762
2.75446
146.209
66.1916
27.9095
10.7578
2.75191
146.834
65.9562
27.8255
10.7323
2.74605
149.116
66.358
27.8744
10.733
2.7447
149.519
65.8709
27.731
10.6905
2.735
144.753
65.2186
27.5237
10.6167
2.71668
141.37
64.1801
27.1566
10.4877
2.68522
149.096
66.0702
27.7364
10.6787
2.73078
151.631
66.3699
27.7467
10.6669
2.72651
152.441
66.5481
27.8628
10.7182
2.74013
154.45
66.7807
27.8586
10.7038
2.73544
145.438
65.383
27.5291
10.6079
2.7135
150.226
65.7926
27.5516
10.6003
2.71037
143.926
64.5135
27.1922
10.4879
2.68417
149.368
65.096
27.2596
10.4949
2.6846
149.339
66.5749
28.0033
10.7895
2.75991
154.615
67.0411
28.0593
10.7989
2.76156
149.744
66.6564
27.9986
10.7796
2.75658
154.874
67.0939
28.0572
10.7922
2.75922
151.714
66.8429
27.9794
10.7605
2.75075
155.959
67.2088
28.0405
10.7764
2.75434
154.406
67.0379
27.9542
10.7399
2.74467
157.45
67.22
27.9931
10.752
2.74756
156.897
67.0181
27.9212
10.7247
2.74058
20029
27043.9
20051.6
26945.6
19987.9
26608.9
19260.6
25866
17527.9
24090.5
15406
17515.4
15778.7
18782.7
15270.6
17070.4
15411.7
17081.6
16656.9
2868.29
636.3
151.154
28.4288
17883.3
5297.62
1343.38
322.793
60.7168
16486.5
2824.74
626.048
148.681
27.9475
17702.6
5213.91
1323.02
317.462
59.3865
16079.8
2743.91
607.909
144.6
27.229
17297.1
5083.07
1291.18
310.292
58.1704
15345.2
2590.51
573.806
137.075
25.9182
16579.7
4866.01
1239.62
299.105
56.2573
14154.5
2342.75
521.195
125.659
23.9271
15389.8
4539.25
1164.95
283.207
53.5565
12197
2113.08
489.35
120.975
23.3722
12417.9
3842.41
1018.31
253.875
48.8601
12837.5
2178.93
496.486
121.455
23.3169
13382.9
4114.2
1076.14
264.906
50.51
11890.4
2086.01
486.941
121.059
23.4659
11997.2
3704.22
986.517
247.765
47.9842
11765.4
2059.04
481.278
119.937
23.2632
11893.3
3657.1
974.174
245.819
47.6388
38267.5
57763.7
55759.5
35839.6
26603.7
33386.2
25317.9
33050.8
31436.6
53672
34016
55616.9
3.69576
5.45364
9.71123
18.1947
34.3571
64.5102
5.12319
7.39819
12.8106
23.2817
42.2686
75.412
2.77039
2.35084
4.30965
3.86854
8.14581
7.7701
16.0429
16.1736
31.1741
32.2814
57.8463
57.2784
120.104
218.816
389.24
673.749
1048.77
1328.78
131.138
219.992
352.809
531.018
722.369
851.312
9.58799
13.3264
15.7887
17.1579
17.7357
14.1027
19.4919
22.9529
24.8134
25.5714
25.0052
34.3067
40.0774
43.0329
44.1744
46.6153
63.4121
73.408
78.2217
79.9473
87.4716
117.734
134.79
142.323
144.721
162.863
216.162
243.982
254.711
257.408
13.2535
18.3315
21.6046
23.3731
24.0977
19.0685
26.2085
30.6787
32.9993
33.9096
32.8581
44.7869
51.9619
55.4761
56.7637
59.3863
80.1908
92.1252
97.557
99.364
107.115
143.063
162.51
170.529
172.817
189.579
249.872
280.088
290.858
293.127
7.20402
10.0534
11.9639
13.0508
13.5199
6.12162
8.56369
10.2181
11.1719
11.5888
11.1708
15.5031
18.3376
19.8994
20.552
10.0405
13.9657
16.5594
18.0069
18.6195
21.0275
28.9754
34.0086
36.6605
37.7169
20.0829
27.7336
32.6257
35.2369
36.2912
41.2161
56.3319
65.5361
70.119
71.8289
41.6
56.9669
66.4063
71.1624
72.9604
79.6149
107.716
123.973
131.451
133.968
82.5395
111.881
128.994
136.952
139.664
146.613
195.834
222.404
233.266
236.297
145.501
195.037
222.218
233.599
236.89
299.689
390.26
432.347
444.99
446.431
537.326
682.19
738.198
747.21
743.918
934.986
1147.64
1206.12
1198.12
1184.83
1568.83
1839.55
1865.13
1816.06
1790.43
2349.42
2607.43
2545.43
2436.33
2411.75
2910.62
3127.47
2987.81
2833.52
2815.67
326.397
423.279
467.044
479.285
480.137
540.826
687.688
745.008
754.632
751.439
854.283
1060.97
1125.73
1124.74
1113.97
1262.9
1526.55
1583.92
1561.61
1540.91
1686.76
1984.97
2017.97
1968.25
1939.78
1965.96
2276.79
2287.71
2218.66
2186.62
3.71514
5.52418
9.87668
18.551
35.0881
65.9152
5.14758
7.48299
12.9932
23.6308
42.8784
76.3635
2.78687
2.36631
4.37342
3.93192
8.31092
7.95009
16.4444
16.6666
32.1089
33.5074
60.0327
60.7219
122.311
221.171
390.307
671.035
1043.16
1325.82
132.358
221.082
353.092
529.892
720.419
850.329
9.64136
13.4082
15.896
17.2846
17.8729
14.297
19.7898
23.3434
25.2744
26.0706
25.4612
35.0062
40.9945
44.1153
45.3462
47.5991
64.9243
75.3929
80.5652
82.4847
89.4983
120.867
138.918
147.209
150.016
166.792
222.303
252.14
264.412
267.945
13.3212
18.4364
21.7436
23.5385
24.2774
19.3043
26.5749
31.1649
33.5782
34.5394
33.3677
45.5829
53.0225
56.7423
58.1426
60.3669
81.7364
94.1987
100.043
102.077
108.848
145.838
166.278
175.082
177.804
192.343
254.42
286.393
298.576
301.633
7.24917
10.1221
12.0531
13.1556
13.6331
6.16383
8.62754
10.3008
11.2686
11.693
11.3452
15.7677
18.6812
20.3021
20.9865
10.2131
14.226
16.8954
18.3991
19.0416
21.4785
29.6582
34.8929
37.6948
38.8314
20.572
28.468
33.5696
36.3346
37.4705
42.3115
57.9869
67.6742
72.6141
74.5137
42.9356
58.9627
68.9581
74.1169
76.1264
82.1689
111.579
128.963
137.272
140.228
85.8644
116.854
135.351
144.307
147.542
152.574
204.814
233.944
246.659
250.663
154.714
208.514
239.072
252.769
257.235
306.035
400.538
446.37
461.947
465
544.738
695.472
757.585
771.608
771.142
940.336
1160.75
1228.3
1228.14
1219.45
1566.27
1845.24
1882.07
1843.39
1824.24
2340.09
2604.52
2552.23
2452.59
2434.38
2905.34
3124.6
2988.81
2838.4
2823.25
330.116
429.756
476.383
490.988
493.178
544.63
695.233
756.755
769.983
768.871
856.583
1067.69
1137.94
1141.86
1134.01
1262.11
1530.05
1593.43
1576.74
1559.49
1683.76
1985.11
2022.94
1977.92
1952.43
1964.28
2276.26
2289.05
2221.84
2191
4034.64
2339.77
195.195
105.946
121.531
93.9062
150.018
3344.39
2851.6
1582.92
2004.63
624.216
1028.59
430.863
522.489
368.237
3191.17
1286.68
546.733
455.856
734.067
587.406
376.791
307.406
238.196
187.411
350.714
298.104
3623.86
1835.75
2188.9
1102.27
769.231
1347.75
376.448
210.353
445.606
7534.89
6357.71
5314.32
4817.03
6613.86
4734.7
4544.67
4065.39
3758.34
3863.05
483.246
622.08
682.906
699.412
700.812
266.643
352.259
396.057
412.545
416.598
306.77
407.058
459.363
479.564
484.687
237.713
316.932
359.417
376.714
381.565
375.841
492.788
549.903
569.442
573.25
6673.09
6200.47
5371.26
4872.4
6520.58
5811.86
5498.41
4848.79
4447.29
4635.62
3425.41
3630.21
3447.32
3249.51
3233.22
4319.61
4360.06
3947.97
3655.14
3552.11
1469.54
1754.19
1807.34
1774.7
1747.18
2322.03
2610.16
2575.31
2468.06
2414.22
1041.08
1290.56
1369.29
1368.25
1354.46
1250.83
1528.58
1601.65
1586.61
1564.27
898.646
1130.39
1213.61
1221.58
1212.45
6352.76
5893.75
5112.04
4665.39
6325.48
2837.45
3088.69
2986.83
2849.49
2852.39
1298.66
1570.17
1634.01
1616.16
1598.65
1091.41
1335.51
1404.05
1398.48
1387.66
1699.29
1981.18
2008.62
1962.03
1946.33
1385.14
1656.56
1709.58
1685.46
1670.19
908.396
1122.91
1190.32
1192.02
1184.93
751.687
948.831
1022.95
1034.51
1030.81
591.448
764.302
840.854
861.239
862.056
467.91
610.07
677
697.997
701.041
855.179
1074.96
1154.56
1163.85
1157.39
730.754
926.109
1002.04
1015.56
1012.62
6934.9
6077.26
5154.78
4689.3
6424.52
3830.75
3850.73
3546.67
3324.8
3387.71
4692.64
4737.2
4272.28
3980.15
4328.62
2464.55
2732.58
2671.96
2565.79
2556.77
1778.59
2067.17
2087.9
2035.89
2018.41
2961.09
3206.76
3088.45
2943.16
2954.78
909.426
1127.51
1197.91
1201.02
1194.02
521.383
672.215
738.665
756.704
758.041
1067.49
1307.06
1374.61
1369.78
1359.63
1902.19
1938.15
1982.73
1934.25
1628.26
693.604
22608.8
22763
24566.6
25842.2
21233.2
21823.6
22808.8
21312.8
19466.8
27831.9
19896.1
28019.5
22746.2
19972.2
35069.9
21063.9
21022
22490.4
23398.9
19316.8
19925.7
21182.2
20073.8
19025.2
33629
19304
32569.3
22684.6
25240.6
37429.1
19055.8
18839.2
19668.2
20200.7
17509
18732.1
18855.1
18448.2
21386.8
28205.8
22054
27703.8
24224.7
27843.4
32101.4
16936.4
16749.7
16686.4
16974.8
15940.1
17402.4
16116.1
16091.2
18827.2
23211.6
19420.7
22058.8
20668.3
23204
25617.4
14892.4
14748.9
14394.4
14557.6
14631.8
16152.2
14011.7
14184.6
16774.1
17472.9
17351.1
16162.5
17540.1
17334.6
19021.9
13795.9
13718.8
12768.3
12878
13473
14459.9
12569.4
12644.6
15154.3
13662
15407.9
12863.2
15173.3
13466
15728.4
22229.2
20913
24464.9
26309.7
19631.5
19044.3
22043
20346.7
18140.2
11814.9
17882
11852.7
15444.7
13676.3
15403.4
20152.7
19179
21737.2
22999.5
18315.9
17976.7
20052.3
18631.9
15770.7
10440.6
15578.9
10522.1
13125.6
11219.9
12993.7
17232
16625.8
18253.9
18932.9
16062.3
15737.5
17316.9
16354.9
13568.8
9138.63
13160.7
8943.95
11286.7
9010.98
11477.4
13981.2
13615.1
15036.6
15400.3
13195
12807.2
14597.6
13805.3
11043.7
7964.98
10782.8
7834.05
9369.32
7962.15
10059.6
11745
11494.8
12829.5
13053.8
11011
10648.6
12608.4
12010.5
9398.03
7599.72
9205.21
7530.64
8283.83
7586.24
9216.64
10105.5
9898.51
11347
11514.3
9592.54
9523.28
11130.9
10778.7
8401.24
7329.78
8303.58
7321.11
7614.42
7452.53
8874.88
)
;

boundaryField
{
    patch1
    {
        type            calculated;
        value           nonuniform List<scalar> 
2440
(
16459.3
26953.9
0
0
0
0
0
0
0
0
16453.1
26934.4
0
0
0
0
0
0
0
0
14338.1
22825.3
25030.2
38270.1
50760
33312.5
21115.8
10764.4
57664.5
20323
30279.8
24745.6
40701.9
52068
33326.7
25470.5
13539.2
0
0
0
0
0
0
0
0
0
0
0
0
0
0
0
0
0
0
0
0
0
0
0
0
0
0
0
0
0
0
0
0
0
0
0
57749.5
0
0
0
0
0
0
0
0
0
0
0
0
0
0
0
0
0
0
0
0
0
0
0
0
0
0
0
0
0
0
0
0
0
0
0
0
0
0
0
0
0
0
0
0
0
0
0
0
0
0
0
0
0
0
0
0
0
14123.9
22813.3
25055.1
38302.6
50820.4
33373.8
21127.3
10459.7
57670.1
20004.6
30280.1
24779.7
40737.1
52125
33373.7
25437.9
13025.4
0
0
0
0
0
0
0
0
0
0
0
0
0
0
0
0
0
0
0
0
0
0
0
0
0
0
0
0
0
0
0
0
0
0
0
57751.6
0
0
0
0
0
0
0
0
0
0
0
0
0
0
0
0
0
0
0
0
0
0
0
0
0
0
0
0
0
0
0
0
0
0
0
0
0
0
0
0
0
0
0
0
0
0
0
0
0
0
0
0
0
0
0
0
0
17248
22491.8
0
0
0
0
0
13466.3
15730.7
7452.52
8875.68
17247.5
22489.3
0
0
0
0
0
13466
15728.4
7452.53
8874.88
22793.8
27493
28646.2
24899
23962.9
29016.6
29153.9
24892.7
24961
21356.8
17628.5
20887.1
18074.1
21201.7
17542.6
20984.5
17544.2
646.813
452.633
802.58
877.589
1434.89
1631.92
9347.35
9754.25
7603.74
5022.09
1953.23
8869.24
9567.56
6870.45
4351.92
1737.76
22775.8
222.466
568.575
270.851
726.738
531.098
1006.44
6480.69
3980.92
2538.22
1724.04
1323.27
5326.16
3321.59
2270.32
1687.1
1470.76
0
0
0
0
0
0
0
0
0
0
0
0
0
0
0
0
0
0
0
0
0
0
0
0
0
0
0
0
0
0
0
0
0
0
0
0
0
0
0
0
0
2.78248
-1.14078
2.77835
-1.32569
2.75357
-1.32184
2.69876
-1.28391
2.6504
-1.26149
0.849191
-0.481433
1.76203
-0.934696
0.312685
-0.180401
0.0633079
-0.0329748
38607.9
55879
37004.3
21595
32287.6
28466.8
57362.4
70716
38824
27692.6
15028.1
26311.9
28075.9
24835.2
23783.8
28769
29085.4
24883.4
24958.9
21638.8
17955.2
21348.4
18511.7
21361
17739.5
21036
17610.8
10730.6
4392.61
11133
5175.97
10000.6
5812.96
12463.7
13864.9
14512.5
10980.6
5753.58
13676.3
16084.3
13470
9746.94
4381.49
7172.11
7024.81
7121.76
6720.41
6577.86
6206.34
9747.26
7881.19
8229.27
6010.45
5484.8
8566.82
6609.68
5835.79
4928.24
4686.52
0
0
0
0
0
0
0
0
0
0
0
0
0
0
0
0
0
0
0
0
0
0
0
0
0
0
0
0
0
0
0
0
0
0
0
0
0
0
0
0
0
2.80386
-1.14978
2.79908
-1.33561
2.77294
-1.33093
2.71609
-1.29195
2.66559
-1.26864
0.8527
-0.482763
1.77095
-0.938694
0.313663
-0.180537
0.0634323
-0.032907
38267.6
55775.2
35847.8
33239.6
33099.3
53814.5
55302.4
13789.9
13717.1
12767.2
12872.4
13472.7
14460
12568.9
12644.5
15143.9
13641.9
15407.7
12858.5
15173.5
10097
9897.43
11346.1
11506.7
9592.2
9523.22
11130.5
10778.6
8394.85
7315.29
8303.14
7318.81
7614.42
22786.2
27492.8
28646.1
24899.5
23963.3
29016.6
29153.8
24893.1
24961.5
21357.6
17629.5
20888.1
18075.2
21202.5
17543.4
20985.3
17545
635.899
447.736
804.029
879.318
1435.47
1633.02
9347.59
9754.81
7604.55
5022.95
1953.82
8869.44
9568.01
6871
4352.47
1738.09
22769.9
218.547
561.655
270.841
726.781
531.12
1006.45
6480.67
3980.76
2538.02
1723.87
1323.17
5326.12
3321.44
2270.14
1686.93
1470.59
0
0
0
0
0
0
0
0
0
0
0
0
0
0
0
0
0
0
0
0
0
0
0
0
0
0
0
0
0
0
0
0
0
0
0
0
0
0
0
0
0
2.77886
-1.14746
2.77758
-1.32383
2.75272
-1.32122
2.69825
-1.28366
2.65013
-1.26139
0.849169
-0.481438
1.76193
-0.934696
0.312682
-0.180403
0.0633079
-0.0329751
38609
55888.7
37006.7
21183.7
32279.1
28499
57393.4
70762.1
38870.5
27651.3
14421.4
26311.6
28075.6
24835.8
23784.4
28768.8
29085.2
24883.9
24959.3
21639.9
17956.4
21349.5
18512.9
21361.9
17740.5
21036.8
17611.7
10750.1
4443.6
11122.2
5176.58
9999.52
5813.27
12463.5
13864.5
14511.6
10980.3
5753.68
13676
16084
13469.7
9746.87
4381.57
7180.9
7039.68
7113.43
6718.64
6577.48
6206.21
9747.15
7881.05
8228.96
6010.19
5484.58
8566.59
6609.42
5835.51
4927.96
4686.22
0
0
0
0
0
0
0
0
0
0
0
0
0
0
0
0
0
0
0
0
0
0
0
0
0
0
0
0
0
0
0
0
0
0
0
0
0
0
0
0
0
2.80026
-1.15653
2.79833
-1.33375
2.77212
-1.33033
2.7156
-1.29171
2.66533
-1.26854
0.852681
-0.482768
1.77086
-0.938697
0.313661
-0.180539
0.0634324
-0.0329074
38266.1
55770.7
35842
33354.7
33079.7
53732.9
55538.1
13796
13718.9
12768.3
12878.2
13473
14459.9
12569.4
12644.6
15154.3
13662
15407.9
12863.2
15173.3
10105.4
9898.49
11347
11514.2
9592.54
9523.28
11130.9
10778.7
8401.24
7329.78
8303.58
7321.11
7614.42
23442.3
5346.01
693.659
23440.6
5345.81
693.604
22773.4
22241
30521.5
26016.7
9854.98
6921.33
11395.7
9330.22
833.469
1082.91
7050.74
7908.76
14275
15156.3
27429.8
25758
23849.2
707.389
65.6466
5161.5
3802.36
9891.21
7630.74
264.447
201.112
178.05
2641.2
1661.85
1138.99
4893.38
3248.99
2619.94
29139.3
27399
34156.1
28404
21152.7
20052.2
23988.2
21186.5
93.0547
68.6105
1064.94
788.697
1135.76
1225.2
12562.3
19432.7
6929.63
66.8111
72.9176
582.183
417.658
1097.73
909.028
24.8905
19.4583
19.7041
306.355
250.596
219.419
794.956
685.562
592.052
18040.9
18427.1
18860
18730.9
17216.1
15135.4
15403.5
15107.4
15357.7
20069.1
20047.9
19985.8
19259.1
17526.7
15405
15777.6
15269.7
15410.9
22775.4
22242.7
30536
26022.6
9656.87
6773.94
11358.6
9317.16
718.912
929.102
7025.2
7887.79
14270.4
15150.9
27429.1
25758.4
23847.8
589.047
-49.7693
5182.09
3819.76
9887.08
7629.69
208.099
160.232
151.628
2661.38
1670.43
1140.79
4894.27
3250.34
2620.92
29143.7
27400
34171.9
28409.9
20957.3
19989.9
23951.6
21154.4
80.6822
58.1427
1057.47
782.179
1134.78
1224.41
12562.7
19433.6
6929.38
58.2453
69.1986
576.881
414.239
1097.06
908.386
21.112
16.2421
16.3646
303.752
249.385
218.735
794.461
685.218
591.836
17967.5
18431.4
18862.7
18732.6
17217.3
15136.3
15404.4
15108.2
15358.5
20029
20051.6
19987.9
19260.6
17527.9
15406
15778.7
15270.6
15411.7
18540
12898.4
137.442
60.6
25.5768
9.91168
2.54535
140.693
61.3809
25.8286
9.99195
2.56374
23689.1
25780.8
25256.5
24885.3
25428.4
26361.1
157.45
67.22
27.9931
10.752
2.74756
156.897
67.0181
27.9212
10.7247
2.74058
1902.19
1938.15
1982.73
1934.25
1628.26
24279.4
21825.7
23968.6
21628.6
22369.5
18570.2
17475.7
12437.7
9537.23
17677.3
12489.1
9584.99
13086.6
8697.09
6505.75
18366.5
16084.3
16192.9
13470
12819.4
9746.94
6830.73
4381.49
13164.3
8600.75
14065.4
8661.42
4304.65
1902.12
829.572
342.912
4344.09
1900.69
800.674
326.764
144.772
65.2278
27.5279
10.6184
2.71712
141.397
64.1923
27.1618
10.4898
2.68574
2.3667
3.93258
7.95138
16.6691
33.5123
60.7302
6.16487
8.62903
10.3026
11.2707
11.6952
10.2148
14.2285
16.8985
18.4025
19.0452
20.5754
28.4728
33.5755
36.3412
37.4774
42.9424
58.9723
68.9698
74.1299
76.1401
85.8771
116.872
135.373
144.332
147.568
154.735
208.545
239.109
252.81
257.278
238.222
591.516
764.396
840.965
861.36
862.181
18076
12834.3
9568.01
14674.4
9540.94
6871
10466.7
6151.36
4352.47
5516.47
2751.1
1738.09
14122.6
8943.4
14408.6
8789.59
17061.2
14350.3
11002.3
8364.17
4912.74
3831.33
10997
8084.09
6383.26
6086.04
4632.33
3780.94
3044.55
2396.24
2021.52
4278.24
1833.61
787.907
323.6
4342.55
1878.87
787.053
320.27
136.412
61.6726
26.1354
10.1202
2.59596
138.384
62.8698
26.6374
10.3009
2.63964
206.542
507.894
644.967
695.532
699.533
692.452
2.35084
3.86854
7.7701
16.1736
32.2814
57.2784
6.12162
8.56369
10.2181
11.1719
11.5888
10.0405
13.9657
16.5594
18.0069
18.6195
20.0829
27.7336
32.6257
35.2369
36.2912
41.6
56.9669
66.4063
71.1624
72.9604
82.5395
111.881
128.994
136.952
139.664
145.501
195.037
222.218
233.599
236.89
25256.4
24886
25437.1
26365.5
157.459
67.2253
27.9958
10.7531
2.74786
156.912
67.0252
27.9245
10.7261
2.74094
1902.41
1938.37
1982.93
1934.42
1628.39
18540.5
12898.1
137.406
60.5866
25.5715
9.90969
2.54485
140.653
61.3661
25.8227
9.98978
2.56319
23685.4
25777.4
52387.3
69000.5
35875.8
39808.3
17901.7
20320.4
2504.05
2703.17
0
0
0
0
0
0
0
0
0
0
0
0
0
0
0
21188.4
18506.3
24020.2
19323.9
24349.5
25705
13980.5
8223.11
14067.2
8138.33
3830.05
1680.25
735.199
304.645
3900.64
1717.56
760.347
317.417
522.653
713.106
385.893
113.61
633.148
752.711
398.074
116.926
843.68
823.447
415.43
119.776
1109.42
909.082
441.909
126.807
1274.82
985.277
467.344
133.307
1341.53
1084.82
512.837
144.604
1265.59
1042.18
490.735
138.582
1362.79
1113.66
522.03
145.412
1413.65
1133.94
531.269
147.696
128.109
58.4787
25.0141
9.75052
2.51015
131.678
59.5615
25.3558
9.85787
2.53454
141.602
62.2957
26.1893
10.1149
2.59265
141.088
61.7759
25.9764
10.0413
2.57523
143.99
63.1171
26.5097
10.2276
2.61962
147.308
64.194
26.9041
10.3669
2.65335
127.561
57.9017
24.7866
9.67487
2.49275
129.29
58.4697
24.9608
9.72672
2.50413
133.102
59.5121
25.2599
9.81534
2.52372
28304
28198
27840
27048.8
25061.4
17331.6
18657.4
16962.8
17086.5
18471.6
5394.92
1358.66
324.836
61.1788
18305
5309.99
1336.55
319.064
59.8448
17900.6
5178.9
1304.47
311.88
58.6394
17129.4
4952.18
1251.5
300.598
56.746
15768.7
4597.71
1173.09
284.33
54.0327
12372.1
3837.42
1017.99
254.056
49.2185
13404.3
4125.27
1078.04
265.252
50.8619
11977
3703.86
987.462
248.319
48.4178
11932.9
3671.96
978.68
247.08
48.2164
50498.5
68854.7
27887.5
33487.9
15228.4
17748.7
1762.91
2190.66
109.478
1470.2
667.689
320.074
275.005
361.698
403.986
417.759
419.763
2856.56
2550.36
2058.04
1688.91
1517.2
1483.34
1611.03
1515.53
1377.8
1295.02
766.303
932.328
965.205
940.543
915.384
0
0
0
0
0
0
0
0
0
0
23022.1
16673.6
23138.6
17090.8
23067.9
25310.5
12160
7865.36
12484.6
7796.23
4076.99
1880.25
834.846
346.655
4078.04
1880.89
844.408
353.694
1793.7
1248.27
566.582
156.227
1832.94
1251.2
568.259
157.406
1897.69
1251.46
563.304
155.015
1885.72
1243.92
563.503
156.569
1709.21
1218.43
559.611
156.945
1421.24
1161.47
551.48
155.735
1466.98
1183.2
553.059
155.447
1388.23
1149.36
542.058
151.416
1418.28
1144.02
537.307
149.548
145.671
65.9155
27.878
10.7615
2.75426
146.837
65.9602
27.828
10.7333
2.74632
151.654
66.3796
27.7509
10.6685
2.72694
154.468
66.7889
27.8623
10.7052
2.73583
150.255
65.8044
27.5566
10.6022
2.71087
149.403
65.1102
27.2654
10.4971
2.68516
154.635
67.0481
28.0605
10.7989
2.76154
154.868
67.0956
28.0585
10.7928
2.75937
155.961
67.2121
28.0425
10.7773
2.75458
27223.3
27075.2
26739
25931.8
24142.7
17562.9
18820.7
17124.2
17140
17995.1
5335.54
1354.86
325.851
61.5865
17810.2
5247.75
1332.23
319.965
60.2287
17401.3
5115.78
1300
312.696
58.9951
16684.1
4898.75
1248.41
301.499
57.0874
15486.4
4570.25
1173.38
285.531
54.3771
12492
3866.45
1024.88
255.699
49.5252
13459.4
4139.45
1083.09
266.843
51.2063
12069.6
3727.51
992.855
249.518
48.6302
11965.9
3680.58
980.633
247.507
48.2908
5.12392
7.39916
12.8121
23.2844
42.2731
75.4195
131.15
220.01
352.835
531.053
722.413
851.364
13.2554
18.3343
21.608
23.377
24.1018
19.0711
26.2122
30.6833
33.0045
33.9152
32.8623
44.793
51.9694
55.4847
56.7728
59.3934
80.2012
92.1382
97.5718
99.3797
107.127
143.081
162.533
170.554
172.844
189.599
249.901
280.125
290.901
293.173
326.429
423.326
467.104
479.354
480.211
540.875
687.76
745.1
754.739
751.554
854.354
1061.07
1125.86
1124.9
1114.14
1263
1526.69
1584.11
1561.82
1541.15
1686.88
1985.15
2018.2
1968.52
1940.08
1966.09
2276.99
2287.96
2218.95
2186.95
5.14836
7.48412
12.995
23.6341
42.8839
76.3726
132.372
221.103
353.123
529.933
720.469
850.383
13.3232
18.4394
21.7472
23.5426
24.2817
19.3072
26.5791
31.1701
33.584
34.5455
33.3726
45.59
53.0311
56.7519
58.1527
60.3754
81.7485
94.2135
100.06
102.095
108.862
145.858
166.303
175.11
177.834
192.366
254.453
286.434
298.622
301.681
330.153
429.809
476.448
491.06
493.254
544.687
695.314
756.853
770.093
768.986
856.665
1067.8
1138.07
1142.02
1134.17
1262.21
1530.2
1593.62
1576.95
1559.72
1683.89
1985.3
2023.17
1978.18
1952.71
1964.43
2276.46
2289.3
2222.13
2191.32
121.547
2004.72
368.272
306.81
407.114
459.43
479.638
484.763
4319.83
4360.33
3948.26
3655.43
3552.41
898.737
1130.51
1213.76
1221.74
1212.61
52448.6
69028.3
35944.4
39808.2
17917
20382.9
1708.71
1844.9
0
0
0
0
0
0
0
0
0
0
0
0
0
0
0
20952.4
18430.2
23980.2
19292.8
24347
25703.6
13974.2
8230.26
14049.5
8133.71
3829.8
1679.26
734.634
304.393
3899.7
1717.26
760.222
317.367
521.596
712.28
385.619
113.541
632.935
752.633
398.024
116.911
843.477
823.255
415.335
119.748
1109.14
908.822
441.783
126.77
1274.49
984.975
467.197
133.265
1341.24
1084.51
512.677
144.558
1265.28
1041.86
490.578
138.537
1362.53
1113.37
521.88
145.369
1413.42
1133.68
531.132
147.656
127.985
58.4241
24.9956
9.74464
2.50881
131.66
59.5521
25.3515
9.85624
2.53413
141.56
62.2796
26.1829
10.1125
2.59206
141.047
61.7604
25.9703
10.039
2.57466
143.947
63.1005
26.5032
10.2251
2.619
147.268
64.1779
26.8977
10.3645
2.65274
127.487
57.8711
24.7765
9.67176
2.49205
129.276
58.4624
24.9575
9.72544
2.50381
133.075
59.5013
25.2554
9.81364
2.52329
28222.1
28202.4
27842
27050.1
25062.5
17332.4
18658.4
16963.6
17087.3
18456.5
5386.14
1355.69
324.04
61.0213
18302.2
5308.88
1336.11
318.929
59.8159
17900
5178.56
1304.32
311.823
58.6261
17129.6
4952.13
1251.46
300.574
56.7398
15769.2
4597.78
1173.09
284.323
54.03
12372.7
3837.56
1018.02
254.062
49.219
13404.8
4125.4
1078.06
265.254
50.8614
11977.6
3704.01
987.496
248.326
48.4188
11933.4
3672.11
978.716
247.088
48.2176
50556.7
68902.9
27938.7
33541.2
15179.5
17690.4
1185.26
1477.34
109.466
1470.17
667.656
320.049
274.975
361.654
403.93
417.695
419.694
2856.48
2550.21
2057.86
1688.72
1516.99
1483.25
1610.9
1515.37
1377.61
1294.82
766.238
932.234
965.085
940.405
915.235
0
0
0
0
0
0
0
0
0
0
23064.9
16692.4
23137.6
17090.1
23063.8
25308
12172.3
7875.08
12484.4
7798.14
4079.57
1880.92
834.999
346.686
4078.6
1880.99
844.417
353.689
1799.8
1249.11
566.727
156.243
1832.61
1251.33
568.296
157.412
1897.55
1251.48
563.31
155.014
1885.6
1243.88
563.485
156.562
1709.07
1218.35
559.573
156.933
1421.07
1161.32
551.401
155.712
1466.83
1183.08
553.001
155.43
1388.05
1149.16
541.958
151.388
1418.07
1143.79
537.187
149.514
145.656
65.9072
27.8776
10.762
2.75446
146.834
65.9562
27.8255
10.7323
2.74605
151.631
66.3699
27.7467
10.6669
2.72651
154.45
66.7807
27.8586
10.7038
2.73544
150.226
65.7926
27.5516
10.6003
2.71037
149.368
65.096
27.2596
10.4949
2.6846
154.615
67.0411
28.0593
10.7989
2.76156
154.874
67.0939
28.0572
10.7922
2.75922
155.959
67.2088
28.0405
10.7764
2.75434
27176
27078.7
26740.7
25933
24143.8
17563.9
18821.7
17125.1
17140.9
17988.8
5327.7
1351.99
325.064
61.4295
17808.8
5247.05
1331.87
319.84
60.201
17401.2
5115.67
1299.9
312.649
58.9832
16684.5
4898.81
1248.4
301.484
57.0823
15486.9
4570.38
1173.4
285.529
54.3753
12492.6
3866.62
1024.92
255.706
49.5261
13460.1
4139.62
1083.13
266.847
51.2063
12070.2
3727.67
992.894
249.526
48.6314
11966.5
3680.74
980.671
247.515
48.2921
5.12319
7.39819
12.8106
23.2817
42.2686
75.412
131.138
219.992
352.809
531.018
722.369
851.312
13.2535
18.3315
21.6046
23.3731
24.0977
19.0685
26.2085
30.6787
32.9993
33.9096
32.8581
44.7869
51.9619
55.4761
56.7637
59.3863
80.1908
92.1252
97.557
99.364
107.115
143.063
162.51
170.529
172.817
189.579
249.872
280.088
290.858
293.127
326.397
423.279
467.044
479.285
480.137
540.826
687.688
745.008
754.632
751.439
854.283
1060.97
1125.73
1124.74
1113.97
1262.9
1526.55
1583.92
1561.61
1540.91
1686.76
1984.97
2017.97
1968.25
1939.78
1965.96
2276.79
2287.71
2218.66
2186.62
5.14758
7.48299
12.9932
23.6308
42.8784
76.3635
132.358
221.082
353.092
529.892
720.419
850.329
13.3212
18.4364
21.7436
23.5385
24.2774
19.3043
26.5749
31.1649
33.5782
34.5394
33.3677
45.5829
53.0225
56.7423
58.1426
60.3669
81.7364
94.1987
100.043
102.077
108.848
145.838
166.278
175.082
177.804
192.343
254.42
286.393
298.576
301.633
330.116
429.756
476.383
490.988
493.178
544.63
695.233
756.755
769.983
768.871
856.583
1067.69
1137.94
1141.86
1134.01
1262.11
1530.05
1593.43
1576.74
1559.49
1683.76
1985.11
2022.94
1977.92
1952.43
1964.28
2276.26
2289.05
2221.84
2191
121.531
2004.63
368.237
306.77
407.058
459.363
479.564
484.687
4319.61
4360.06
3947.97
3655.14
3552.11
898.646
1130.39
1213.61
1221.58
1212.45
18076.2
12834
9567.56
14674.2
9540.51
6870.45
10466.1
6150.85
4351.92
5515.98
2750.7
1737.76
14129.6
8947.59
14412.3
8792.23
17061.2
14350.5
11002.7
8364.6
4912.91
3831.62
10997.2
8084.22
6383.28
6086.37
4632.57
3781.1
3044.89
2396.49
2021.7
4279.76
1834.11
788.102
323.676
4343.75
1879.32
787.234
320.343
136.443
61.6867
26.1412
10.1224
2.59652
138.416
62.8841
26.6434
10.3031
2.64022
206.56
507.943
645.04
695.624
699.639
692.565
2.3512
3.86908
7.77113
16.1756
32.2853
57.2848
6.12258
8.56508
10.2199
11.1739
11.5908
10.0419
13.9678
16.562
18.0099
18.6226
20.0857
27.7376
32.6306
35.2425
36.2972
41.6054
56.9748
66.4161
71.1736
72.9723
82.5498
111.896
129.013
136.973
139.687
145.518
195.062
222.249
233.635
236.928
24279.1
21825.1
23967.7
21627.7
22367.6
18568.9
17475.4
12437.8
9537.48
17677.1
12489.4
9585.55
13086.5
8697.68
6506.48
18366.1
16084
16192.8
13469.7
12819.6
9746.87
6830.95
4381.57
13162.7
8599.91
14063.2
8659.85
4304.29
1901.94
829.482
342.871
4343.32
1900.36
800.533
326.705
144.753
65.2186
27.5237
10.6167
2.71668
141.37
64.1801
27.1566
10.4877
2.68522
2.36631
3.93192
7.95009
16.6666
33.5074
60.7219
6.16383
8.62754
10.3008
11.2686
11.693
10.2131
14.226
16.8954
18.3991
19.0416
20.572
28.468
33.5696
36.3346
37.4705
42.9356
58.9627
68.9581
74.1169
76.1264
85.8644
116.854
135.351
144.307
147.542
154.714
208.514
239.072
252.769
257.235
238.196
591.448
764.302
840.854
861.239
862.056
)
;
    }
    patch2
    {
        type            calculated;
        value           nonuniform List<scalar> 
348
(
1894.57
1894.35
2780.27
1096.73
674.011
1220.3
3013.71
1192.92
757.746
1358.77
2779.74
1096.55
673.899
1220.09
3013.31
1192.75
757.632
1358.58
6419.38
4024.75
655.735
389.655
419.637
342.963
517.481
5292.49
3334.85
2602.24
1997.36
1484.08
1316.07
1711.53
1274.76
1019.5
1083.55
907.894
5574.34
2542.34
1312.81
1203.64
1708.3
1529.92
1117.93
926.167
689.787
587.453
939.012
868.477
6155.93
3455.96
4331
2504.76
1917.24
17.8677
25.7406
44.4197
80.2974
145.158
257.779
24.2601
34.1075
57.0295
99.708
173.189
293.351
13.6287
11.6862
20.7
18.7596
37.9487
36.5247
72.1862
73.3397
134.451
140.19
236.775
237.427
446.297
742.57
1182.08
1790.37
2428.53
2849.11
479.828
750.039
1111.11
1537.38
1938.13
2187.41
18.0078
26.2502
45.6157
82.8867
150.562
268.537
24.4438
34.751
58.4389
102.482
178.293
302.066
13.7442
11.7925
21.1432
19.1899
39.0849
37.7259
74.9216
76.5617
140.827
148.205
251.394
258.073
465.291
770.549
1217.96
1826.09
2453.21
2857.59
493.227
768.033
1131.94
1556.93
1951.65
2192.14
6452.77
4041.4
700.662
417.163
485.408
382.346
573.582
6259.54
4740.3
3286.98
3554.18
1742.1
2409.76
1350.49
1558.34
1209.18
6112.97
2904.01
1596.73
1386.74
1954.18
1671.21
1184.02
1029.55
861.368
701.053
1155.35
1011.42
6282.78
3508.23
4572.33
2585.63
2025.5
6418.2
4024.07
655.628
389.591
419.567
342.906
517.396
5291.22
3334.14
2601.72
1997.01
1483.86
1315.85
1711.22
1274.55
1019.33
1083.37
907.743
5573.05
2541.85
1312.58
1203.44
1707.99
1529.65
1117.75
926.012
689.671
587.355
938.853
868.33
6154.69
3455.35
4330.13
2504.33
1916.91
17.8646
25.7363
44.4124
80.2844
145.135
257.738
24.2559
34.1018
57.0202
99.692
173.162
293.304
13.6263
11.6841
20.6966
18.7564
37.9425
36.5186
72.1744
73.3276
134.429
140.167
236.736
237.388
446.225
742.451
1181.89
1790.08
2428.14
2848.66
479.753
749.922
1110.93
1537.14
1937.83
2187.07
18.0046
26.2454
45.6075
82.8722
150.536
268.493
24.4394
34.7448
58.4287
102.465
178.263
302.018
13.7416
11.7903
21.1393
19.1863
39.0777
37.7189
74.9082
76.5478
140.802
148.179
251.352
258.03
465.218
770.432
1217.78
1825.83
2452.85
2857.15
493.15
767.916
1131.77
1556.7
1951.36
2191.81
6451.69
4040.76
700.555
417.097
485.331
382.284
573.492
6258.86
4739.86
3286.61
3553.88
1741.88
2409.5
1350.31
1558.15
1209.02
6112.21
2903.65
1596.52
1386.55
1953.92
1670.98
1183.84
1029.4
861.242
700.947
1155.19
1011.28
6281.83
3507.71
4571.71
2585.26
2025.21
2146.05
1037.7
701.561
2405.45
1221.2
847.741
2854.76
1520.83
1091.46
3443.3
1861.12
1332.41
4134.75
2104.54
1450.12
8403.47
7274.67
8107.77
6883.65
7671.67
6262.82
7214.14
5565.05
6571.54
4838.99
2138.9
1030.9
695.264
2404.43
1221.37
847.908
2854.08
1520.68
1091.43
3442.52
1860.84
1332.27
4133.77
2104.18
1449.93
8418.68
7287.7
8105.91
6884
7670.98
6262.52
7213.65
5564.72
6571.02
4838.65
)
;
    }
    patch3
    {
        type            calculated;
        value           uniform 0;
    }
    patch4
    {
        type            calculated;
        value           nonuniform List<scalar> 
384
(
7744.14
15032.2
18661.7
48784.4
63264.8
29010.9
17082.9
6903.39
15418.7
17181.5
44774
44433.7
7452.74
15038.2
18642.5
48798.5
63292.2
29008.7
17118
6514.1
15323.2
17210.6
44721.4
44534.2
13257.4
15338.3
46520.1
48416.5
13390.6
15463.2
46985.4
48716
13257.9
15339.8
46527.8
48422
13391.7
15464.6
46984.4
48719.4
9611.74
10159.2
10956.7
10523.3
3305.8
9507.55
2775.64
7073.24
4074.19
10848.2
2943.3
7351.72
10949.5
10520.7
9612.96
10160.5
5656.49
4331.76
7136.41
6054.92
19978.3
16824.7
4669.31
6181.54
7285.82
9148.28
9110.8
8362.29
10316.5
8939.76
21383.8
17175.1
8785.94
9973.93
10789.6
12426.2
5468.28
4199.64
7132.33
6072.65
19979
16826.6
4544.57
6034.97
7306.17
9173.43
9010.01
8252.12
10348
8980.75
21389.7
17178
8665.45
9834.17
10824.1
12460.4
4069.61
10841.3
2942.12
7349.53
3307.7
9512.09
2776.29
7074.96
80714.5
85210.6
85921.4
88432.2
80724.7
85217.7
85930.8
88440.1
16295.7
6765.68
21277.4
9864.42
29455.2
17743
10341
7669.43
34026.4
57633.4
42906.6
67082.9
28720.8
53390.4
26494.7
52286.3
26021.3
10449.1
29748.3
13119.9
36271.3
21434.6
11738.4
7972.23
36723
59252.7
47045
69573.6
30137.1
54299.1
26917.3
52579.7
16065.9
6609.69
21300.1
9892.72
29467.8
17756.6
10346.2
7671.43
34032.9
57637.9
42914
67088.5
28725.3
53394.2
26498.2
52290
25851.9
10298.9
29775.2
13157.7
36286.6
21453.6
11745.9
7974.69
36731.7
59258.3
47054.1
69580.4
30143.1
54303.6
26921.3
52583.6
28887.1
61537.1
35751.5
68114.6
44921.3
72767.9
60567.3
43492.9
77605.3
47716.4
80848.2
53584.4
81447.7
65443.1
28578.8
61132.8
35780.5
68161.2
44936
72785.2
60575.8
43308.9
77367.3
47743.1
80891
53597.9
81462.3
65451.8
16527.9
16427.9
16109.4
15424.3
14166.9
12074.3
12721.3
11804.7
11734.9
16656.8
16489.5
16080.2
15344.8
14153.9
12196.4
12836.9
11889.8
11764.8
16520.1
16423.2
16108.4
15424.4
14167.4
12074.8
12721.8
11805.2
11735.4
16656.9
16486.5
16079.8
15345.2
14154.5
12197
12837.5
11890.4
11765.4
2892.11
2834.05
2759
2604.18
2343.97
2096.09
2164.5
2073.59
2054.6
2885.3
2823.25
2743.62
2590.41
2342.67
2112.99
2178.84
2085.92
2058.95
2874.47
2835.33
2759.16
2604.22
2344.03
2096.18
2164.57
2073.67
2054.69
2868.29
2824.74
2743.91
2590.51
2342.75
2113.08
2178.93
2086.01
2059.04
641.675
626.599
608.922
574.27
519.992
486.049
493.462
484.527
480.416
641.16
625.768
607.859
573.792
521.181
489.331
496.469
486.922
481.26
636.765
626.848
608.948
574.269
519.997
486.065
493.475
484.545
480.434
636.3
626.048
607.909
573.806
521.195
489.35
496.486
486.941
481.278
151.806
148.129
144.141
136.58
125.029
120.236
120.674
120.539
119.754
152.366
148.635
144.598
137.077
125.658
120.971
121.452
121.055
119.933
150.594
148.171
144.138
136.575
125.027
120.239
120.676
120.543
119.757
151.154
148.681
144.6
137.075
125.659
120.975
121.455
121.059
119.937
28.4624
27.7563
27.0592
25.7575
23.7706
23.2375
23.1612
23.3745
23.2314
28.6593
27.9412
27.2302
25.9195
23.9274
23.3717
23.3166
23.4653
23.2626
28.2329
27.762
27.0574
25.7557
23.7699
23.2379
23.1612
23.3751
23.232
28.4288
27.9475
27.229
25.9182
23.9271
23.3722
23.3169
23.4659
23.2632
)
;
    }
}


// ************************************************************************* //
