/*--------------------------------*- C++ -*----------------------------------*\
| =========                 |                                                 |
| \\      /  F ield         | OpenFOAM: The Open Source CFD Toolbox           |
|  \\    /   O peration     | Version:  2306                                  |
|   \\  /    A nd           | Website:  www.openfoam.com                      |
|    \\/     M anipulation  |                                                 |
\*---------------------------------------------------------------------------*/
FoamFile
{
    version     2.0;
    format      ascii;
    arch        "LSB;label=32;scalar=64";
    class       volScalarField;
    location    "0.7";
    object      gradTz;
}
// * * * * * * * * * * * * * * * * * * * * * * * * * * * * * * * * * * * * * //

dimensions      [0 -1 0 1 0 0 0];

internalField   nonuniform List<scalar> 
5712
(
9304.63
30410.2
7467.96
31120.4
5492.63
31807.7
8425.75
47777.4
10311.7
65343.3
10387.7
48351
10168.3
40554.4
10587.1
36477.4
6372.31
4099.85
17158.7
10327.9
6101.52
3296.93
18199.7
8972.99
7271.21
5563.11
23182.8
17066.7
5503.82
4256.44
22755.3
17254.9
12985
5579.52
11328
5168.65
5464.41
12447.1
42600.3
11293.2
15297.2
4751.55
53557
14162.9
13808.6
4244.58
31208.8
9523.03
16003
5322.57
27822.9
8725.66
9924.66
4920.57
12809.2
5144.88
10772.4
5782.34
12404.7
4931.82
13106.8
7588.81
10650.6
4817.99
14983.9
5540.73
5046.93
1807.79
16826.4
11949.6
9989.04
7353.21
17038.8
13954.5
9075.92
7671.38
10164
7161.15
15230.9
10691.6
6251.3
4559.49
2742.28
2226.03
5531.47
4656.84
2370.79
2322.57
6446.43
4333.05
2945.85
1864.68
9588.39
5396.26
7549.83
8990.41
13778.3
9980.97
11469.9
15757.6
6040.25
2984.78
4244.52
5002.73
2735.44
1201.09
1616.58
1753.16
14141.8
24989.3
9389.05
27712.1
16181.7
24218.4
11370.7
28620.5
17845.3
21519.3
14257.9
27303.7
17351.8
18352
15075.1
15102.8
16230.3
18345.4
19371.8
21235.9
23079.3
32760.9
15026.5
13373.4
12917.6
14922.2
22551.2
29226.5
26282.4
33670.8
32718.5
26707
24864.2
32972.6
31787.8
22890.2
22488.1
30531.7
30296.5
13616.6
10989.6
14919.8
13553.3
17540.3
16666.2
20030.2
20019.8
27401.1
28797.3
12539.7
11441.8
13741.3
14515.2
15479
17826.2
18166.6
21700.5
23701
28709.8
10970.2
8558.91
7129.63
8604.47
13155.7
15023.6
8736.08
13171.6
6702.13
8241.51
10490.7
8673.84
1819.56
5468.69
535.864
1678.37
4203.4
8503.72
1161.64
2635.5
1266.39
5063.98
303.464
1533.59
7006.69
6871.2
8211.01
5318.63
11485.1
9347.32
13731
9833.08
1997.7
3659.04
4052.44
2427.33
1874.76
2362.08
2694.75
2001.84
21230.6
13003.2
4187.81
23854.3
13848.7
4556.99
20371.8
12840.6
4413.33
23286.9
13802.9
4544.66
18600.7
11768.3
3903.55
22440.1
13707
4582.98
7870.06
4776.87
1476.58
11351.7
7590.85
2586.97
14541.5
9915.47
3403.73
17534.2
11470.7
3827.35
21995.9
13887.6
4795.02
8877.42
5511.53
1934.48
11403.2
8297.85
3165.41
14406.7
10540.1
3921.93
17954.6
12602
4554.69
22317.3
14202.6
5081.34
242.58
2029.9
2780.16
4109.65
2546.01
2798.75
6255.09
5821.73
570.904
873.983
608.424
907.726
388.417
1208.6
747.638
1598.88
2786.45
1404.72
3726.5
2221.43
1862.99
3125.71
3241.18
55.7042
6789.03
984.464
-2909.14
-560.021
1149.39
310.9
351.671
-168.339
8314.25
3277.79
2218.12
1202.67
8470.64
3369.61
2797.77
1495.68
8431.21
3574.22
3874.55
2287.23
2497.07
1497.97
475.195
532.277
13041.2
11220.9
5880.93
5907.44
15344.1
14030.2
7353.98
7165.77
4667.42
4652.06
10252.1
8151.84
3139.14
3298.86
1238.93
1671.6
4193.07
4092.63
1789.53
2060.31
2336.45
2624.71
802.827
1412.29
3695.64
2081.78
3522.74
1964.12
6148.26
2871.14
5501.73
2842.88
1850.94
1322.18
2042.69
1140.73
560.666
555.288
1093.62
527.889
9402.25
5504.55
4027.79
3482.06
9457.36
5829.53
4022.78
3480.85
10120.3
6499.88
4084.76
3474.16
14314.5
16955.9
11851.9
7056.69
3154.83
15931.8
13254.1
11023.3
8030.62
3996.98
14829.8
12134.1
8734.03
5884.31
2841.6
3745.62
2692.13
2996.94
2752.9
4158.3
2889.68
3146.89
2848.84
4884.5
3385
3385.93
3042.21
11878.3
8457.62
9794.05
6612.59
6779.55
5068
5428.13
4105.83
3298.86
3209.62
9929.25
8589.36
7829.84
6574.18
5861.47
4949.18
4324.3
3819.19
2523.77
3027.08
6957.84
4703.64
4453.93
2808.69
10038.1
7623.39
6706.51
5467.81
3194.84
1945.31
4807.14
3396.94
4152
1984.4
1167.53
615.893
4849.17
3542.76
1303.45
1097.99
3207.83
1389.48
971.788
448.902
2142.85
1767.03
1365.75
1802.57
3128.58
2600.27
1783.21
2285.43
2165.26
1215.43
982.856
1221.56
436.595
162.636
-183.218
67.2275
1677.86
705.497
204.768
1690.42
475.853
127.755
1862.67
828.83
251.798
1780.7
528.167
148.03
2093.11
989.842
275.042
1913.43
595.246
152.453
5522.35
3108.81
880.873
4065.69
2133.91
607.686
3185.15
1607.74
475.076
2505.12
1194.65
311.248
2048.47
637.081
132.556
6472.17
3543.86
1113.86
4821.56
2479.97
750.591
3622.54
1816.27
548.503
2742.73
1244.02
344.854
2237.38
622.298
162.591
1079
333.768
83.6156
-2.83449
446.662
142.112
39.7852
4.52321
1119.57
352.143
96.5383
8.65732
538.236
177.804
71.4783
27.3069
1166.75
372.738
123.769
31.5907
828.767
290.158
75.0941
11.5997
499.323
200.962
18.7878
-20.0889
306.72
152.914
48.3011
16.1361
857.005
296.859
66.1279
-21.8326
681.998
229.586
80.0788
-10.8566
1091.32
351.762
107.214
7.66072
925.726
293.805
103.662
-17.2445
584.951
221.812
55.3176
-8.35505
453.235
165.363
65.0986
5.42104
305.712
136.069
50.1735
19.4532
227.357
98.4854
46.6277
18.2263
1328.71
405.865
103.115
-16.1629
1223.03
367.877
131.842
-19.0911
1314.98
403.051
104.257
-16.1109
1186.73
355.354
130.817
-19.7128
1273
391.551
124.551
1.81179
1116.63
332.025
139.686
-7.81696
1085.29
341.787
135.625
36.3103
1214.97
359.806
175.364
-5.15709
923.651
288.015
122.587
10.861
885.826
250.459
105.794
-3.01791
334.289
89.2606
30.46
5.15792
933.087
265.266
109.958
-1.86029
356.378
95.9955
34.1891
7.55633
978.3
279.995
120.19
2.39438
377.047
103.02
37.8184
9.91932
896.938
259.031
126.226
7.59543
377.232
104.453
44.9674
13.7389
817.51
244.377
121.046
14.0544
344.097
103.72
52.0092
17.6974
501.097
156.113
58.6465
4.6316
282.315
100.832
41.95
16.3255
628.428
185.984
81.6726
7.59296
314.963
104.219
48.4556
17.8888
349.718
119.416
44.0582
6.20486
208.626
82.2418
32.3144
14.0641
180.35
75.4685
34.8327
13.7404
122.287
57.832
26.3267
13.4381
1.17502
0.728081
0.312983
0.122074
0.0559884
0.939225
0.417999
0.169488
0.0652689
0.0298599
3.34014
1.47437
0.585672
0.223881
0.102379
3.40251
1.28314
0.489443
0.185129
0.0845227
5.08764
2.23335
0.887931
0.340892
0.156762
8.82568
3.7691
1.46753
0.560222
0.257699
8.34597
3.88034
1.56293
0.609346
0.284587
10.9428
4.65901
1.84879
0.723602
0.34096
5.1649
2.78835
1.15212
0.450157
0.209471
5.23695
2.56804
1.0426
0.406078
0.189022
4.90608
2.44265
0.983771
0.378957
0.17468
7.0083
2.96006
1.12617
0.424893
0.194264
5.53884
2.98746
1.25561
0.497921
0.234456
6.29688
2.83812
1.14728
0.450247
0.211419
8.62778
3.68197
1.46869
0.577248
0.272851
7.24959
3.01922
1.20153
0.473035
0.223989
-0.018271
0.503669
0.240705
0.0953535
0.0437966
-0.282348
0.182616
0.0930879
0.0370022
0.0169644
1.38243
1.0001
0.416899
0.159929
0.0729113
0.237957
0.370029
0.158622
0.0607557
0.0276022
2.77167
1.45434
0.583075
0.222701
0.101852
2.30337
0.989514
0.369127
0.13668
0.061577
6.36636
2.61579
0.986898
0.369507
0.167904
4.46191
1.73659
0.634591
0.233947
0.105407
9.36037
3.39787
1.23154
0.45435
0.205222
3030.09
6929.39
3177.65
6918.71
3593.25
6911.39
4187.62
7095.96
4208.12
7118.98
1726.49
2503.45
2784.21
4234.31
906.107
1230.67
235.278
343.377
15817.7
3880.38
924.654
220.424
62.189
4366.25
1204.48
330.475
79.7795
19.9187
15486.8
3777.03
900.957
213.51
60.79
4454.41
1337.52
340.987
84.0422
23.4443
14531.2
3533.62
842.843
200.178
57.2647
4318.58
1288.33
327.579
80.3997
22.5279
13004.5
3150.98
752.94
179.535
51.6517
4148.08
1213.1
305.121
74.3819
20.7765
10618.7
2573.87
618.623
148.544
43.0828
3839.51
1097.6
274.112
66.6454
18.6349
4831.9
1233.61
304.14
74.2897
21.852
1842.1
535.528
133.086
31.9182
8.94524
7324.35
1837.79
447.886
108.387
31.6526
2728.84
782.919
195.976
47.733
13.4766
2800.07
722.129
179.349
44.1584
13.0665
1022.74
308.45
76.3162
18.2878
5.17051
946.749
243.673
60.7844
15.0456
4.46672
372.08
104.265
24.1865
7.11982
1.60065
-1139.39
-348.32
5069.97
-1550.02
818.748
876.945
2527.47
3265.94
2069.84
3943.24
3488.86
5398.6
4387.53
5432.04
2226.45
2983.4
2290.64
2722.23
1186.66
1233.81
2014.94
1250.6
615.274
49.7046
-100.727
-114.935
204.496
14249
4860.48
5132.84
3959.82
750.612
733.846
3319.05
-50.3822
249.045
86.7549
-36.3759
7664.9
4208.55
2075.7
1395.93
3350.57
2062.02
764.928
1292.35
-329.659
38.8927
1029.24
894.361
8553.51
3719.73
5374.27
2597.69
3346.19
4857.01
1519.59
4.11612
1268.55
1239.91
870.757
647.502
493.4
308.581
896.18
648.316
452.403
285.561
112.056
525.565
418.278
299.962
180.006
60.1628
43.3577
35.2687
25.7961
15.6869
5.25863
-89.088
-73.2391
-53.6474
-32.3835
-10.7792
-101.739
-83.7398
-61.4353
-37.1446
-12.3753
177.579
144.239
105.677
64.5394
21.7786
9347
6957.84
4958.47
3545.35
2440.54
3639.01
2636.28
1947.77
1283.33
551.056
3717.59
2693.89
1911.37
1216.22
505.226
2794.14
1920.75
1348.68
844.305
308.397
580.227
393.308
297.915
192.829
71.6532
644.045
528.598
392.675
244.668
84.9004
2618.3
1967.66
1363.88
825.518
297.587
92.9024
157.434
149.24
106.976
40.2601
222.738
189.508
147.36
95.8557
34.2743
136.2
153.322
138.405
96.9168
35.6004
-43.2558
-40.9174
-31.0434
-18.1123
-5.59925
5113.12
3952.86
2874.46
2094.1
1450.78
3081.78
2241.18
1600.96
1014.7
406.696
1739.18
1373.02
990.942
608.028
211.987
1160.37
907.796
648.849
394.099
135.656
2673.07
2019.4
1407.14
846.405
297.032
1730.9
1362.81
976.849
592.465
201.399
640.14
502.902
359.633
217.457
73.8984
1094.47
865.293
618.766
371.931
124.961
-277.064
-214.576
-147.998
-84.9885
-27.3844
31.3458
24.6241
18.7761
12.5867
4.64907
865.749
681.513
487.269
294.285
99.8648
758.573
601.763
432.527
261.517
88.366
5128.97
3333.84
2426.7
1769.87
1176.17
2655.97
1893.34
1305.46
815.712
321.529
3681.82
2712.37
1904.71
1236.19
508.449
1953.42
1459.64
1020.84
633.986
241.574
2708.91
2072.76
1458.86
881.098
304.897
3543.08
2489.34
1752.3
1099.13
403.129
1277.09
1003.2
714.592
429.285
144.625
0.388842
-1.40405
-1.08131
-0.0121991
0.274095
1060.36
832.189
595.478
361.11
123.176
-38771.2
-61766.4
-32379.5
-49846.5
-33706.7
-67708.1
-40117.6
-86137.2
-24963.5
-17489.4
-27216.6
-17514.2
-22601.5
-14843.9
-27103.1
-14908.4
-33078.3
-25753
-46941.5
-34785.5
-28550.1
-23530.8
-39003.4
-30103.7
-22390.8
-23558
-18642.7
-18536.8
-22650.1
-20606.4
-50944.4
-14124.2
-20157.7
-7787.05
-60899.2
-17152
-17909.4
-7104.77
-38847.6
-12259.4
-20707.3
-8126.68
-35219.3
-10863.2
-18045.1
-7396.29
-22272.2
-8184.83
-17253.5
-7742
-19300.5
-7117.26
-17778.2
-8918.33
-15432.8
-6282.52
-19163.7
-6898.75
-6706.44
-2397.53
-14657.5
-10492.9
-12618.1
-8182.1
-12489
-10373.8
-10837.8
-7917.86
-13139.4
-8141.09
-15634.6
-10676.8
-8736.63
-5579.85
-4834.62
-3250.84
-7511.25
-5358.19
-4160.13
-3140.37
-8998.39
-5359.16
-5003.73
-2849.85
-11852.7
-6163.04
-8293.24
-9286.03
-15305.3
-10518
-11846.9
-15854.9
-7962.67
-3646.55
-5003.56
-5312.06
-4271.16
-1753.86
-2337.49
-2044.37
-18529.2
-23331.9
-10700.6
-26911.9
-19256
-22231.9
-12323.4
-27462.3
-19388.9
-20037.9
-14678
-25976.5
-12612.9
-9994.11
-14442.1
-16358.4
-16552.4
-13342.1
-16142.9
-19533.3
-21879
-31285.9
-9618.18
-10636.1
-12003.9
-14584.3
-22043.1
-22603.1
-15891.6
-29035.7
-22589.6
-20944.2
-15593.2
-28611.4
-22537.4
-18461.1
-14686.9
-26714.8
-22385
-10835.1
-8662.29
-12247.2
-10070.5
-14163.6
-11939.3
-16196.2
-14199
-24241.8
-22534.9
-9860.99
-8854.4
-11046
-10589.6
-12886.5
-13142.8
-15811.1
-16660.4
-21817.9
-23364.6
-9433.33
-7459.46
-6904.84
-8214.2
-10565
-13138.1
-7961.66
-12104.8
-6809.73
-8145.28
-9750.07
-7938.58
-2126.2
-5509.21
-1010.59
-1920.88
-4219.27
-8223.62
-1447.79
-2666.64
-1683.16
-5250.54
-834.437
-1845.85
-7189.73
-6845.07
-8326.88
-5243.46
-11131.1
-8739.16
-13491.8
-9149.56
-2357.18
-3847.16
-4272.93
-2537.04
-2318.24
-2646.07
-2967.92
-2193.86
-9760.68
-3354.24
-13313.2
-4514
-9978.44
-3519.53
-13630.8
-4857.33
-9920.51
-3464.63
-14318.9
-5424.23
-5352.42
-1663.37
-7086.26
-2628.84
-8492.63
-3219.52
-10532.2
-3903.62
-15189.8
-5934.66
-6342.67
-2139.07
-7251.76
-3252.41
-9157.55
-3996.88
-12050.8
-5003.99
-16065.5
-6022.79
-8652.01
-7965.03
-7020.64
-6688.49
-14423.8
-11095.5
-12031.3
-9950.19
-5451.13
-4151.36
-2303.06
-1522.49
-5328.72
-4544.2
-2334.72
-2133.34
-4570.39
-6143.68
-5096.63
-6512.02
-4840.72
-3778.98
-5199.27
-1943.73
-9693.02
-3422.75
1309.57
-1160.05
-2387.44
-1700.26
-1103.69
-911.995
-2515.49
-1347.5
-1008.76
-481.217
-2806.93
-1480.97
-1593.55
-671.297
-3314.61
-1804.49
-2636.07
-1215.91
-2265.06
-842.124
-714.023
-43.1841
-6766.53
-6881.32
-5565.42
-4919.8
-9453.56
-9253.7
-8054.25
-6675.94
-3648.53
-3514.22
-4804.12
-4961.4
-3794.97
-3143.37
-2128.87
-1814.03
-5506.51
-4335.12
-3151.01
-2541.99
-2416.15
-2211.6
-1226.03
-1284.16
-2267.58
-1194.15
-2523.61
-1350.69
-2931.88
-1614.53
-3526.9
-1947.84
-1392.41
-751.124
-1550.89
-725.762
-485.357
-143.941
-819.881
-211.766
-3243.46
-3485.5
-2006.33
-2420.97
-3342.03
-3666.92
-2059.69
-2427.57
-3739.47
-3716.68
-2205.4
-2363.04
-4529.2
-7133.95
-3510.17
-2453.37
-1551.77
-10065.6
-6933.21
-5506.75
-4352.26
-2778.06
-8089.29
-6249.77
-4609.34
-3434.12
-1827.68
-3466.94
-2947.5
-3056.09
-4190.33
-3543.58
-2893.5
-3007.6
-4079.5
-3690.52
-3131.08
-2890.7
-3906
-9147.97
-6984.44
-7425.76
-5522.65
-5555.38
-4200.62
-4377.83
-3559.35
-2789.97
-3654.35
-7337.97
-6764.71
-5559.13
-5203.97
-4145.2
-3916.32
-3197.67
-3217.24
-1856.38
-3051.72
-4601.1
-3323.11
-3383.4
-1832.21
-7161.5
-6000.46
-5599.81
-4367.73
-2295.85
-1144.19
-3140.87
-2333.02
-3727.17
-1554.62
-1053.26
-412.322
-4571.38
-3137.48
-1369.2
-966.684
-2754.3
-1001.12
-748.054
-228.757
-1509.25
-1237.41
-1017.43
-1566.35
-2113.04
-1918.33
-1317.86
-2052.8
-1770.47
-922.104
-707.46
-1045.53
-171.832
37.4291
413.847
86.1653
-1973.43
-604.039
-2697.62
-256.024
-2004.93
-693.063
-2684.67
-279.29
-1918.56
-580.274
-2499.01
-205.882
-4074.45
-1142.14
-3253.22
-929.933
-2752.12
-889.684
-2110.75
-523.675
-2376.33
-300.858
-4899.52
-1276.52
-3740.88
-837.254
-2926.22
-671.076
-2356.23
-427.949
-2473.81
-341.492
-546.152
-171.846
-28.0543
26.8914
-211.938
-66.9234
-14.8549
4.89999
-573.648
-176.035
-33.7902
18.4295
-228.4
-66.3269
-33.1104
-13.3099
-625.286
-183.886
-52.9447
-0.961085
-329.491
-78.983
15.0791
28.8708
-68.6741
11.747
80.3203
65.1853
139.978
91.0063
66.5934
34.9799
-449.258
-119.349
14.7693
61.8184
-357.383
-76.922
-8.76623
48.7941
-645.178
-180.023
-35.7263
27.4297
-523.554
-123.873
-28.4073
60.5286
-232.953
-46.0619
27.0256
47.1372
-190.004
-28.2712
2.85737
30.0634
16.8305
40.0726
36.3497
21.6617
4.41131
30.4045
20.0672
16.891
-751.867
-226.96
-38.156
49.1226
-817.739
-224.514
-85.4834
53.4276
-742.012
-219.185
-35.6171
51.1835
-796.609
-215.598
-84.5072
54.0992
-721.666
-205.599
-56.9132
31.4145
-747.607
-198.592
-95.7516
41.6054
-548.083
-147.352
-61.1427
0.362699
-804.173
-205.042
-120.335
47.5821
-506.923
-120.075
-50.0009
34.0126
-679.697
-157.829
-75.8577
28.2634
-279.284
-57.6182
-16.2813
3.4808
-659.698
-152.144
-73.2333
29.0904
-274.383
-56.1968
-17.1818
2.31208
-610.183
-138.125
-76.267
26.4278
-250.97
-50.1279
-15.7044
2.4915
-537.712
-120.746
-83.6316
19.8732
-224.034
-43.7279
-19.9638
0.569249
-453.723
-98.0305
-70.9568
14.3742
-158.254
-28.0907
-21.5264
-0.527202
-286.567
-50.4065
-8.0003
25.9265
-77.2246
-1.43857
3.21344
8.73241
-384.507
-78.0619
-35.2447
21.0888
-102.329
-11.3792
-8.85818
4.05236
-154.777
-14.2564
9.12792
25.0754
-33.6265
12.6437
13.9942
11.9446
0.0242053
27.8275
18.5655
17.3055
31.8284
32.54
19.2809
12.3359
4.6448
0.953794
0.236358
0.0749684
0.0334781
1.74235
0.426249
0.117283
0.0393224
0.0179662
4.74059
1.22634
0.375028
0.135254
0.0637815
2.21271
0.806709
0.289637
0.111931
0.0540939
5.89299
1.72284
0.577593
0.217676
0.104055
7.04876
2.46845
0.929929
0.367686
0.178484
9.03858
3.18277
1.20091
0.47068
0.225836
10.3437
4.16253
1.64167
0.64879
0.309916
8.42929
2.43026
0.844153
0.322467
0.154091
7.13757
2.15513
0.763387
0.293549
0.140519
7.03509
1.91673
0.649879
0.247455
0.118694
5.712
1.77738
0.666881
0.26559
0.129714
9.29715
2.943
1.05348
0.403596
0.191739
7.03404
2.48599
0.928239
0.361166
0.172586
8.53672
3.41918
1.34152
0.528709
0.252172
6.93544
2.81797
1.10752
0.436338
0.208066
5.72942
0.922387
0.199428
0.0590527
0.0256698
2.81105
0.389111
0.0781171
0.0225052
0.0097148
5.67074
1.0487
0.275161
0.0935233
0.0433154
2.7757
0.428253
0.103694
0.0344074
0.0158628
5.4094
1.20436
0.367594
0.134635
0.0639798
2.41399
0.560884
0.189577
0.0737989
0.0361052
5.39152
1.51738
0.542765
0.213537
0.104204
2.90023
0.829926
0.313037
0.126578
0.0626172
3.92413
1.51382
0.617592
0.254997
0.126694
-2805.82
-5635.53
-2976.13
-5709.72
-3390.47
-5852.81
-3848.72
-6102.2
-3790.85
-6168.05
-1719.99
-2427.45
-2602.25
-3868.08
-1001.93
-1287.1
-382.987
-459.36
-15468.2
-3819.79
-916.201
-219.698
-62.3009
-4221.18
-1184.44
-327.252
-79.4692
-19.9601
-15140.5
-3717.84
-892.785
-212.839
-60.9031
-4309.99
-1313.79
-337.535
-83.6933
-23.4693
-14199.8
-3479.03
-835.533
-199.616
-57.3783
-4176.45
-1264.41
-324.096
-80.0547
-22.5514
-12722.7
-3107.06
-747.391
-179.185
-51.7726
-4002.23
-1189.04
-301.732
-74.0563
-20.7987
-10442.2
-2547.99
-615.72
-148.49
-43.2104
-3699.74
-1076.07
-271.265
-66.4034
-18.6646
-4840.86
-1235.7
-304.925
-74.5673
-21.9529
-1815.32
-531.249
-132.751
-31.9912
-9.00159
-7276.44
-1830.67
-447.463
-108.571
-31.7723
-2645.28
-770.066
-194.389
-47.6419
-13.5162
-2824.09
-726.77
-180.412
-44.4253
-13.1457
-1036.36
-311.58
-77.183
-18.5389
-5.25162
-971.939
-248.327
-61.7738
-15.2723
-4.52907
-406.516
-111.667
-25.8021
-7.49301
-1.70051
-1468.27
-2810.19
-8409.17
-820.383
-8976.35
-3983.66
-8767.12
-4207.39
-15973.3
-8535.28
-17738.1
-9306.66
-26.0868
-80.3833
-127.762
-153.549
-118.096
74.9866
-48.4661
-149.744
-240.438
-292.404
-248.645
-22.1307
-18.7846
-17.6725
-55.9837
-54.0087
-80.4411
-82.8401
-69.0206
-81.9797
-38.6437
-78.1048
41.1473
-33.7147
607.363
1394.9
2377.42
1692.11
1478.31
570.177
471.471
1255.63
2154.03
2609.27
2183.65
874.465
-23.2189
-19.3043
-14.3686
-8.82037
-2.96955
-71.571
-59.5335
-44.3383
-27.2325
-9.17139
-113.656
-94.4416
-70.2637
-43.1214
-14.5162
-136.484
-113.302
-84.2138
-51.6431
-17.3775
-105.306
-87.7339
-65.4247
-40.2128
-13.546
63.4042
49.6329
34.8573
20.5108
6.76521
-43.0394
-35.6841
-26.4855
-16.2222
-5.45483
-132.974
-110.256
-81.8495
-50.1445
-16.8645
-213.131
-176.35
-130.649
-79.9191
-26.8571
-258.52
-213.261
-157.537
-96.1607
-32.2804
-219.29
-180.401
-132.924
-80.9923
-27.1659
-20.7148
-18.149
-14.1227
-8.92341
-3.04312
-16.7505
-13.9585
-10.4146
-6.40549
-2.1588
-15.7753
-13.163
-9.83443
-6.05541
-2.04207
-49.9325
-41.6229
-31.0671
-19.1147
-6.44346
-48.197
-40.2024
-30.0269
-18.4844
-6.2328
-71.7099
-59.7395
-44.5609
-27.4028
-9.23459
-73.8209
-61.4683
-45.8266
-28.1691
-9.49064
-61.6742
-51.52
-38.53
-23.7391
-8.0074
-72.9742
-60.6791
-45.1706
-27.7312
-9.33647
-35.0965
-29.8437
-22.6756
-14.1227
-4.78787
-69.4247
-57.6124
-42.7875
-26.213
-8.81431
34.2729
26.3497
18.1854
10.571
3.46837
-30.4369
-25.661
-19.301
-11.9107
-4.0152
523.995
420.843
303.588
182.453
60.8666
1191.23
947.968
679.653
407.683
136.237
1991.59
1560.56
1109.15
665.181
224.047
1399.22
1087.85
772.641
464.982
157.073
1250.3
974.327
688.015
408.607
130.715
501.25
398.122
284.753
169.671
52.6154
406.722
326.598
235.548
141.526
47.202
1075.76
858.404
616.459
369.857
123.456
1825.8
1443.14
1030.06
616.994
206.383
2187.72
1713.54
1216.76
728.333
244.324
1827.52
1426.97
1010.74
604.104
201.874
736.394
578.251
411.975
247.374
82.662
29.8475
85.1909
134.756
164.229
134.778
-46.3411
54.6991
157.398
250.438
304.56
261.685
35.9029
21.3669
19.7253
59.431
57.0685
85.5176
87.7732
76.2966
88.5126
52.2517
78.4455
-3.49649
48.2213
-560.868
-1324.34
-2264
-1575.55
-1387.75
-501.242
-453.746
-1228.94
-2107.25
-2546.16
-2115.31
-806.071
26.6438
22.2344
16.617
10.2357
3.45283
75.9493
63.2793
47.2123
29.0415
9.78906
120.023
99.8862
74.4387
45.7479
15.4127
146.195
121.592
90.5601
55.6298
18.7372
120.436
100.609
75.247
46.3656
15.6411
-37.609
-27.8724
-18.4084
-10.2838
-3.29729
48.7247
40.5576
30.2323
18.5843
6.26209
139.963
116.254
86.466
53.0576
17.8605
222.275
184.21
136.708
83.7472
28.1669
269.65
222.843
164.934
100.838
33.8816
231.218
190.656
140.829
85.9852
28.8739
33.1736
28.7178
22.158
13.9427
4.74959
19.0995
15.9654
11.9523
7.37233
2.48873
17.6415
14.7562
11.0543
6.82192
2.30355
53.0671
44.2997
33.1171
20.403
6.88298
50.978
42.5759
31.8435
19.6256
6.62202
76.321
63.6719
47.568
29.2904
9.87809
78.3024
65.2909
48.7503
30.0046
10.1165
68.2632
57.1182
42.7944
26.4074
8.91544
78.9039
65.7312
49.0301
30.1518
10.1613
47.4013
40.2783
30.6076
19.0776
6.47249
69.9696
58.3161
43.5092
26.7565
9.01636
-0.451373
2.09746
3.25528
2.73028
1.03726
43.61
36.8846
27.8717
17.2835
5.84582
-482.509
-386.233
-277.731
-166.534
-55.5001
-1128.53
-895.884
-640.913
-383.935
-128.261
-1889.73
-1474.76
-1044.44
-625.118
-210.547
-1286.7
-986.149
-690.814
-411.585
-138.333
-1155.46
-883.143
-610.764
-355.966
-111.507
-423.556
-319.074
-214.9
-120.657
-34.492
-391.004
-313.583
-225.9
-135.626
-45.2212
-1052.28
-839.124
-602.299
-361.272
-120.592
-1783.76
-1407.71
-1003.32
-600.415
-200.78
-2128.42
-1661.1
-1175.31
-701.654
-235.084
-1759.79
-1364.07
-958.81
-569.512
-189.611
-666.101
-510.801
-354.797
-208.556
-68.7663
-1942.19
-1173.7
-504.307
35.9376
204.969
256.756
-47.8717
-12276.8
-3020.34
-3954.46
-1848.62
-279.429
-3357.23
136.693
1240.37
417.596
-6788.19
-3396.78
-1293.91
-1007.1
-3068.26
-1628.36
-596.021
-1071.99
771.594
261.695
-743.641
-594.421
-8230.09
-3567.01
-4870.57
-2333.94
-3081.27
-4158.61
-1278.9
246.222
-921.972
-1101.8
-711.735
-496.165
-379.877
-261.235
-796.059
-539.74
-352.457
-212.937
-83.9103
-426.235
-335.082
-237.549
-141.454
-47.1449
34.0263
30.2488
23.8944
15.2872
5.26047
182.642
151.829
112.801
69.0445
23.1911
228.424
189.606
140.73
86.1091
28.9213
-36.269
-24.8753
-15.4117
-8.42881
-2.75885
-7985.2
-6014.57
-4364.13
-3298.95
-2541.1
-2018.22
-1292.1
-966.234
-700.106
-355.905
-2745.3
-1909.64
-1345.64
-882.336
-401.728
-1204.25
-755.455
-542.687
-363.054
-137.918
-221.305
-166.007
-116.993
-73.0061
-26.7307
-2641.31
-1990.1
-1381.4
-838.253
-303.627
134.38
117.106
86.8492
50.9527
15.8255
1033.74
802.851
562.979
331.81
109.555
369.187
302.012
219.834
131.996
43.6746
-4329.59
-3336.32
-2442.22
-1863.99
-1428.51
-2357.06
-1633.33
-1147.79
-739.596
-318.151
-1040.11
-790.863
-557.672
-342.633
-123.208
-814.177
-619.888
-434.615
-262.859
-91.7335
-2443.73
-1845.54
-1288.98
-779.939
-276.757
-1334.69
-1024.93
-719.923
-432.41
-147.086
-486.945
-372.639
-260.514
-155.6
-52.919
-898.232
-702.053
-497.259
-297.419
-99.9306
670.693
542.15
392.386
235.565
78.2423
236.522
198.575
147.936
90.1629
30.0432
-611.035
-470.008
-330.308
-198.222
-67.6393
-490.825
-378.552
-266.009
-159.16
-53.92
-4823.67
-3060.62
-2208.99
-1635.53
-1145.45
-2504.62
-1752.7
-1189.67
-738.951
-294.406
-3178.04
-2269.13
-1554.38
-1012.78
-424.844
-1702.1
-1234.89
-842.587
-519.436
-202.436
-2470.48
-1871.64
-1307.51
-787.792
-273.618
-2920.75
-1959.26
-1354.32
-855.614
-322.825
-1062.53
-824.308
-581.073
-347.243
-117.053
223.233
188.235
140.955
86.3378
28.8833
-748.287
-569.493
-397.782
-238.876
-81.9474
-16.269
-39.3041
-66.2257
-114.99
-205.654
-348.427
-28246.7
-25087.4
-23281.6
-26423.3
-20958.5
-16744.9
-18404.3
-14077.9
-25392.8
-22934.6
-23483.4
-22641.3
-20778.1
-17891.6
-22054.9
-23738.6
-21366.5
-19109
-21427.2
-18120.4
-15377.1
-15742.7
-12660.5
-23236.7
-21383.9
-21513.9
-20217.5
-18799.5
-17448.4
-18555.6
-19123.1
-17625.8
-15411.7
-16801
-15410.5
-13338.2
-13333.7
-11391.9
-19850.5
-18892.6
-18542.7
-17726.2
-16263.7
-14990
-16108.3
-13801.4
-13034.1
-11119.6
-11784.6
-11759.9
-10591.5
-10076.6
-9082.26
-14876.1
-15290.4
-14075.2
-14489.7
-12663.7
-11520.4
-12986.7
-9016.35
-8638.11
-7251.8
-7574.17
-7985.87
-7252.64
-6727.63
-6144.08
-9997.67
-10176.8
-9556.49
-9621.57
-8760.74
-7962.95
-8781.69
-3279.48
-3166.2
-2639.95
-2738.13
-2967.59
-2756.56
-2479.33
-2288.94
-3747.59
-3840.68
-3545.07
-3501.96
-3291.56
-3022.43
-3294.31
-10206.8
-9993.31
-15586.3
-16804.4
-9478.1
-8373.71
-13656
-11079.8
-7268.4
-4909.89
-7263.38
-5028.74
-7241.54
-7037.06
-5282.86
-10097.1
-9568.78
-14004.4
-15241.7
-8855.74
-7948.64
-12189.6
-10376.6
-7217.72
-4115.2
-7120.9
-4424.5
-6513.2
-6350.48
-4949.6
-9094.21
-8634.15
-11913.8
-12780.2
-8047.45
-7379.11
-10623.1
-9273.98
-5878.87
-3971.07
-5851.25
-4316.61
-5403.68
-5452.38
-4664.38
-7162.81
-6850.08
-8936.16
-9415.42
-6438.09
-5927.02
-8206.39
-7370.93
-5175.06
-3255.54
-5089.99
-3559.02
-4716.39
-4718.51
-3832.74
-4827.47
-4643.42
-5893.65
-6143.97
-4307.72
-3921.67
-5503.67
-4978.49
-3475.43
-2288.89
-3414.04
-2498.53
-3177.36
-3147.99
-2593.31
-1774.02
-1710.01
-2150.39
-2230.73
-1584.63
-1437.99
-2023.11
-1841.66
-1166.27
-824.093
-1211.13
-920.006
-1162.31
-1142.55
-932.559
9264.03
29793
7428.52
31119.7
5472.45
31810.8
8420.29
47786.8
10305.3
65356.2
10367
48346.3
10125.8
40533.1
10560.2
35707.2
6363.35
4097.76
17159.9
10328.1
6099.42
3296.61
18203.4
8974.25
7226.21
5525.51
22723.8
16751.2
5477.62
4245.25
22776.1
17279.8
12993.6
5571.31
11328.9
5165.76
5458.69
12458.3
42612.1
11294.6
15299.8
4751.39
53569
14165.2
13811.1
4245.05
31225.7
9526.04
16007.7
5323.25
27845.6
8729.72
9840.12
4878.43
12594.1
5062.59
10773.4
5783.5
12425
4939.59
13105.8
7589.26
10657.4
4821.25
14996.5
5545.57
5049.95
1808.99
16825.2
11948.8
9988.85
7352.98
17036.9
13953
9075.99
7671.12
10164.3
7161.19
15230.1
10691.4
6251.72
4559.47
2741.65
2225.7
5532.08
4656.9
2370.6
2322.42
6447.54
4333.17
2945.48
1864.39
9589.71
5397.1
7550.16
8990.87
13778.3
9981.53
11470.2
15758.2
6042.18
2985.62
4244.8
5003.02
2735.63
1201.24
1616.44
1753.18
14075.6
24995.9
9339.53
27714.1
16184.7
24212.8
11376.5
28616.5
17845.6
21518
14259.4
27303
17350.7
18349.5
15074.6
15103.6
16231.6
18343.1
19370.4
21234.9
23079
32761.3
15024.6
13372.4
12917.2
14922.4
22552
29279.3
26356.4
33698.6
32700.7
26696
24856.7
32960
31780.7
22886.3
22482.8
30530.2
30294.5
13615
10988.4
14918.5
13552
17538.9
16664.4
20028
20017.2
27400.3
28796.3
12538.4
11440.6
13740.3
14514
15478.2
17825
18166
21699.5
23701.2
28709.4
10969.6
8558.63
7129.38
8604.41
13154.5
15022.6
8735.54
13171
6702.11
8241.67
10490.5
8673.78
1819.4
5468.66
535.704
1678.3
4203.18
8503.43
1161.56
2635.41
1266.3
5064.07
303.302
1533.54
7006.87
6871.41
8211.36
5318.81
11485.2
9347.45
13731.4
9833.27
1997.74
3659.15
4052.61
2427.41
1874.74
2362.11
2694.81
2001.87
21283.3
13033.1
4205.89
23875.9
13870.5
4564.32
20366.3
12839.8
4413.51
23282.6
13800.9
4544.73
18597.1
11766.8
3903.27
22437.8
13705.3
4582.62
7869.16
4776.29
1476.4
11350.5
7590.05
2586.71
14539.9
9914.39
3403.39
17531.8
11469.4
3826.97
21994.5
13886.4
4794.61
8876.46
5510.91
1934.25
11402
8296.99
3165.08
14405.4
10539
3921.55
17953.3
12600.9
4554.27
22316.3
14201.5
5080.92
248.531
2032.16
2796.15
4114.54
2548.52
2799.9
6263.96
5824.53
554.635
863.836
590.064
894.026
392.663
1207.74
752.091
1597.67
2799.8
1410.2
3731.49
2222.75
1866.47
3134.17
3246.35
59.8883
6792.11
986.457
-2895.82
-550.83
1155.68
316.54
362.366
-159.824
8327.8
3279.02
2211.04
1199.4
8461.19
3368.83
2795.28
1495.17
8425.56
3572.83
3875.93
2286.67
2501.43
1498.44
480.561
534.095
13037.1
11218.5
5881.92
5907.42
15341
14028.1
7354.5
7165.66
4668.46
4651.98
10247.9
8149.8
3141.45
3299.43
1240.74
1672.15
4194.42
4092.96
1790.27
2060.51
2339.08
2625.27
805.26
1412.98
3695.96
2081.66
3522.56
1963.97
6145.55
2870.26
5500.28
2842.19
1852.82
1322.69
2043.11
1140.94
562.93
556.305
1094.25
528.322
9427.93
5504.75
4031.8
3482.23
9448.59
5828.35
4021.06
3480.19
10111.9
6496.17
4082.71
3472.75
14308.8
16951.7
11846.2
7052.8
3153.53
15928.5
13249.7
11018.5
8026.69
3995.38
14827
12130.9
8731.22
5882.28
2840.72
3739.72
2686.8
2995.05
2749.71
4157.12
2889.85
3145.15
2848.08
4882.49
3384.02
3384.85
3041.52
11876.2
8456.29
9791.28
6611.06
6776.92
5066.49
5425.89
4104.51
3297.71
3208.71
9927.43
8587.99
7827.65
6572.66
5859.4
4947.74
4322.68
3817.99
2522.9
3026.18
6956.01
4702.51
4453.3
2808.16
10036.4
7622.28
6705.87
5467.23
3194.32
1944.88
4805.62
3395.98
4151.91
1984.21
1167.76
615.977
4849.02
3542.53
1303.53
1098
3207.76
1389.36
972.079
449.019
2142.47
1766.63
1365.51
1802.19
3127.54
2599.5
1782.68
2284.8
2165.22
1215.31
982.866
1221.41
436.903
162.77
-182.931
67.342
1674.9
704.671
204.88
1690.56
477.468
128.103
1862.5
829.069
251.872
1779.95
527.738
148.037
2092.63
989.723
275.035
1912.96
595.017
152.405
5521.52
3108.36
880.733
4064.87
2133.52
607.571
3184.36
1607.4
474.983
2504.45
1194.39
311.183
2047.93
636.89
132.507
6471.23
3543.35
1113.69
4820.62
2479.52
750.454
3621.66
1815.88
548.391
2741.99
1243.71
344.769
2236.78
622.132
162.548
1076
332.461
83.1202
-2.9726
443.031
140.737
39.3821
4.40707
1119.63
352.152
96.5343
8.64038
538.174
177.776
71.4348
27.2734
1166.54
372.685
123.748
31.5722
828.498
290.06
75.0491
11.5683
499.307
200.928
18.7773
-20.0943
307.166
153.043
48.3443
16.1495
856.928
296.837
66.127
-21.8296
681.979
229.593
80.0853
-10.8441
1091.07
351.698
107.197
7.65311
925.547
293.76
103.647
-17.2402
585.077
221.855
55.3402
-8.34242
453.348
165.419
65.1246
5.43625
306.062
136.196
50.2235
19.4717
227.58
98.5867
46.6736
18.2476
1328.88
405.782
102.825
-16.374
1224.45
368.371
131.9
-19.2903
1314.58
402.911
104.226
-16.1247
1186.42
355.251
130.811
-19.7169
1272.58
391.43
124.518
1.80413
1116.25
331.915
139.655
-7.82172
1084.92
341.665
135.574
36.2838
1214.56
359.696
175.319
-5.16144
923.403
287.941
122.55
10.8397
888.685
251.491
106.233
-3.14101
335.92
89.7933
30.6289
5.15068
931.812
264.857
109.821
-1.87488
355.861
95.832
34.1203
7.54987
977.854
279.827
120.135
2.38111
376.839
102.941
37.7843
9.90701
896.599
258.918
126.181
7.58649
377.072
104.395
44.94
13.7252
817.253
244.296
121.009
14.0469
343.978
103.677
51.9852
17.6841
501.065
156.119
58.6519
4.63933
282.312
100.836
41.9497
16.3247
628.291
185.953
81.6594
7.59323
314.896
104.194
48.4399
17.8794
349.789
119.462
44.0819
6.22065
208.696
82.2815
32.3329
14.0739
180.504
75.5506
34.8722
13.7628
122.415
57.9033
26.3611
13.4571
1.08007
0.690685
0.299137
0.116907
0.0536303
0.876367
0.393873
0.160505
0.0618983
0.0283176
3.33318
1.47118
0.584291
0.223274
0.102053
3.39673
1.28074
0.488386
0.184649
0.0842611
5.07965
2.22984
0.886401
0.340205
0.156388
8.81232
3.76365
1.46511
0.559105
0.257086
8.34069
3.87789
1.56172
0.608738
0.284235
10.9468
4.66033
1.84914
0.723655
0.340945
5.15986
2.78573
1.1509
0.449581
0.209147
5.2341
2.56626
1.04176
0.405678
0.188794
4.89854
2.43915
0.982223
0.378255
0.174294
6.99894
2.95609
1.12449
0.424144
0.193856
5.53884
2.98676
1.25513
0.497651
0.234287
6.2975
2.83779
1.147
0.450071
0.211301
8.6335
3.68389
1.4693
0.577426
0.272909
7.25556
3.0212
1.20217
0.473241
0.224064
-0.0779164
0.481109
0.232649
0.0924071
0.0424642
-0.309014
0.173722
0.0900518
0.0359132
0.0164761
1.37616
0.996967
0.415515
0.159335
0.0726038
0.235414
0.368638
0.157983
0.0604805
0.0274617
2.76558
1.45158
0.581893
0.222185
0.101579
2.29795
0.987343
0.36822
0.136286
0.0613691
6.35497
2.6112
0.984972
0.36866
0.167451
4.45291
1.73309
0.633139
0.23331
0.105069
9.3451
3.39208
1.22917
0.453309
0.204662
2979.79
6900.34
3176.32
6915.61
3592.46
6910.77
4187.14
7095.45
4207.94
7118.74
1726.51
2503.47
2784.19
4234.28
906.111
1230.68
235.24
343.351
15838.7
3879.88
924.252
220.296
62.1477
4401.44
1213.96
332.528
80.2513
20.0572
15478.9
3774.34
900.202
213.312
60.7289
4445.25
1334.7
340.245
83.8407
23.3852
14531.5
3533.47
842.742
200.14
57.2501
4316.89
1287.73
327.401
80.3515
22.5127
13004.4
3150.88
752.882
179.512
51.6423
4147.55
1212.89
305.05
74.3604
20.7691
10618.8
2573.85
618.601
148.534
43.0779
3839.34
1097.52
274.081
66.6348
18.6308
4832.07
1233.64
304.144
74.2894
21.8513
1842.11
535.523
133.082
31.9159
8.94417
7324.54
1837.82
447.884
108.384
31.6506
2728.81
782.896
195.964
47.7283
13.4746
2800.17
722.152
179.353
44.1587
13.0663
1022.75
308.45
76.3143
18.2868
5.16996
946.78
243.68
60.7857
15.0457
4.46668
372.077
104.263
24.1854
7.11943
1.60045
-1130.84
-343.832
5078.82
-1535.08
776.982
831.996
2530.41
3269.43
2078.84
3954.01
3491.33
5401.98
4386.63
5431.36
2227.87
2985.59
2289
2720.6
1117.45
1161.14
2014.86
1250.53
615.218
49.7038
-100.713
-114.918
204.478
14248
4859.93
5132.37
3959.38
750.469
733.746
3318.72
-50.4622
248.997
86.6919
-36.3705
7664.44
4208.21
2075.48
1395.79
3350.28
2061.84
764.865
1292.23
-329.631
38.891
1029.13
894.272
8553.1
3719.51
5373.98
2597.53
3345.92
4856.67
1519.45
4.12068
1268.43
1239.87
870.753
647.514
493.405
308.567
896.135
648.295
452.398
285.562
112.058
525.514
418.233
299.927
179.983
60.155
43.357
35.2681
25.7956
15.6865
5.25851
-89.075
-73.2282
-53.6392
-32.3784
-10.7775
-101.723
-83.7267
-61.4255
-37.1384
-12.3733
177.562
144.225
105.666
64.532
21.776
9345.88
6956.73
4957.47
3544.53
2439.93
3638.48
2635.79
1947.35
1283.02
550.913
3717.13
2693.47
1911.01
1215.96
505.107
2793.74
1920.41
1348.4
844.11
308.318
580.107
393.209
297.836
192.775
71.6325
643.951
528.513
392.606
244.621
84.8834
2617.99
1967.38
1363.65
825.356
297.523
92.8307
157.369
149.187
106.938
40.2463
222.693
189.467
147.326
95.8323
34.2657
136.142
153.27
138.362
96.8876
35.5897
-43.2514
-40.9142
-31.0416
-18.1116
-5.59914
5112.63
3952.36
2873.99
2093.7
1450.46
3081.45
2240.88
1600.7
1014.52
406.613
1738.97
1372.83
990.787
607.923
211.948
1160.25
907.683
648.756
394.037
135.633
2672.79
2019.15
1406.94
846.266
296.978
1730.73
1362.66
976.73
592.385
201.37
640.081
502.85
359.592
217.43
73.8887
1094.36
865.194
618.687
371.879
124.942
-277.039
-214.556
-147.983
-84.9793
-27.3814
31.3436
24.6213
18.7731
12.5842
4.64808
865.648
681.424
487.197
294.237
99.8475
758.49
601.689
432.468
261.478
88.352
5128.56
3333.49
2426.39
1769.59
1175.95
2655.77
1893.17
1305.33
815.615
321.486
3681.54
2712.12
1904.5
1236.03
508.373
1953.27
1459.51
1020.74
633.912
241.542
2708.66
2072.54
1458.68
880.977
304.852
3542.75
2489.04
1752.05
1098.95
403.053
1276.97
1003.09
714.503
429.226
144.604
0.392447
-1.4016
-1.08004
-0.0117993
0.274126
1060.25
832.093
595.401
361.058
123.157
-38905.3
-61390.3
-32321.2
-49911.4
-33639.2
-67776
-40338.3
-85814.6
-24945.2
-17482.6
-27242
-17518.5
-22585.7
-14838.8
-27125.9
-14911.1
-33156.3
-25804.4
-46627.5
-34552.3
-28501.8
-23498.2
-39056.1
-30141.9
-22410.4
-23541.2
-18646.9
-18527.4
-22633.8
-20625.5
-50990.8
-14135.3
-20168
-7792.49
-60937
-17161.4
-17915.7
-7108.21
-38886.7
-12270.2
-20720.1
-8133.15
-35261.6
-10872.8
-18053.1
-7377.43
-22115.5
-8119.57
-17245.1
-7740.71
-19324.9
-7126.52
-17770.4
-8916.89
-15441.4
-6286.37
-19183.5
-6905.63
-6712.51
-2399.69
-14653.9
-10491.3
-12618.8
-8182.16
-12486
-10372
-10837.9
-7917.57
-13140.5
-8141.37
-15631.1
-10675.6
-8740.01
-5580.77
-4836.74
-3251.5
-7513.34
-5358.68
-4161.27
-3140.67
-9002.43
-5360.16
-5006.21
-2850.55
-11854.2
-6163.94
-8293.67
-9286.58
-15303
-10517.9
-11846.4
-15855.4
-7966.44
-3647.96
-5004.42
-5312.58
-4273.24
-1754.62
-2338.03
-2044.65
-18535.3
-23346.1
-10672.4
-26935
-19250
-22225.5
-12327.2
-27458.3
-19382.4
-20034.8
-14677.7
-25975.9
-12609.2
-9990.99
-14438.1
-16355.9
-16552.8
-13338
-16138.2
-19528.7
-21876.2
-31285.9
-9615.94
-10633.8
-12002
-14583.3
-22043.6
-22630.6
-15920.8
-29091.4
-22575.1
-20941
-15585.7
-28601.5
-22533.6
-18459.2
-14684.7
-26714.1
-22384
-10832.1
-8660.55
-12243.7
-10068.5
-14160.7
-11937.5
-16194.1
-14197.4
-24241.4
-22534.5
-9859.03
-8852.83
-11043.9
-10587.9
-12884.8
-13141.3
-15810.1
-16659.5
-21818.2
-23364.6
-9432
-7458.86
-6904.48
-8214.07
-10563.5
-13136.9
-7961.02
-12104.1
-6809.64
-8145.42
-9749.19
-7938.28
-2126.33
-5509.32
-1010.84
-1921.03
-4219.17
-8223.33
-1447.87
-2666.61
-1683.38
-5250.79
-834.735
-1846.06
-7189.91
-6845.31
-8327.31
-5243.7
-11130.9
-8739.16
-13492.3
-9149.78
-2357.46
-3847.42
-4273.26
-2537.23
-2318.58
-2646.33
-2968.2
-2194.04
-9773.75
-3356.77
-13310
-4513.87
-9975.3
-3518.49
-13628.7
-4855.92
-9919
-3464.12
-14318
-5423.7
-5351.55
-1663.11
-7085.27
-2628.52
-8491.62
-3219.18
-10531.1
-3903.24
-15189.3
-5934.4
-6341.68
-2138.71
-7250.65
-3252
-9156.56
-3996.51
-12050.1
-5003.7
-16065.3
-6022.61
-8649.76
-7963.01
-7017.21
-6687.14
-14417.2
-11092.2
-12032.4
-9950.14
-5442.54
-4144.6
-2291.84
-1513.78
-5329.85
-4542.31
-2332.91
-2129.05
-4567.36
-6143.02
-5095.02
-6510.87
-4840.38
-3775.74
-5198.37
-1941.73
-9694.6
-3423.27
1312.31
-1155.14
-2385.49
-1696.79
-1099.9
-906.746
-2510.77
-1347.55
-1005.08
-480.791
-2806.04
-1481.51
-1590.85
-671.114
-3314.3
-1804.44
-2633.27
-1214.47
-2261.36
-840.053
-709.658
-40.9571
-6765.03
-6879.97
-5564.34
-4918.91
-9451.36
-9252.04
-8053.67
-6675.28
-3647.29
-3513.26
-4803.1
-4960.32
-3794.07
-3142.7
-2127.49
-1813.29
-5506.91
-4334.96
-3150.85
-2541.74
-2414.58
-2210.69
-1223.96
-1283.2
-2266.33
-1193.31
-2522.72
-1350.06
-2931.31
-1614.14
-3526.06
-1947.3
-1390.58
-749.944
-1549.99
-725.123
-483.169
-142.699
-818.96
-211.166
-3242.39
-3487.54
-2005.84
-2416.24
-3344.04
-3669.88
-2060.12
-2428.61
-3739.84
-3716.76
-2205.5
-2363.24
-4527.84
-7131.75
-3509.31
-2452.95
-1551.48
-10062.7
-6931.42
-5505.69
-4351.79
-2777.91
-8087.45
-6248.38
-4608.35
-3433.41
-1827.26
-3468.43
-2944.75
-3043.94
-4180.63
-3543.27
-2896.43
-3006.63
-4079.13
-3690.34
-3130.82
-2890.9
-3906.19
-9145.74
-6983.07
-7424.26
-5521.67
-5554.57
-4200
-4377.48
-3559.01
-2789.89
-3654.24
-7336.49
-6763.49
-5558.1
-5203.1
-4144.55
-3915.75
-3197.27
-3216.87
-1856.15
-3051.46
-4600.25
-3322.51
-3382.8
-1831.81
-7160.27
-5999.58
-5599.13
-4367.2
-2295.32
-1143.87
-3140.28
-2332.61
-3726.62
-1554.29
-1052.91
-412.12
-4571.01
-3137.17
-1369.05
-966.554
-2753.69
-1000.82
-747.61
-228.535
-1508.81
-1237.1
-1017.09
-1566.03
-2112.65
-1918.02
-1317.6
-2052.51
-1769.93
-921.808
-707.079
-1045.23
-171.438
37.62
414.114
86.3373
-1973.91
-605.954
-2696.85
-256.653
-2003.38
-692.469
-2682.73
-278.126
-1918.07
-579.994
-2498.88
-205.678
-4073.76
-1141.94
-3252.7
-929.768
-2751.72
-889.538
-2110.45
-523.531
-2376.22
-300.795
-4898.74
-1276.25
-3740.31
-837.064
-2925.82
-670.943
-2355.96
-427.856
-2473.63
-341.455
-544.89
-171.642
-28.129
26.7359
-210.433
-66.5428
-14.9089
4.80787
-573.825
-176.052
-33.7714
18.4646
-228.369
-66.2886
-33.0546
-13.2666
-625.183
-183.809
-52.8973
-0.923006
-328.927
-78.7538
15.1836
28.9275
-67.9194
12.0331
80.431
65.2309
140.742
91.2795
66.6965
35.022
-448.864
-119.177
14.8455
61.8535
-357.063
-76.77
-8.69382
48.8244
-644.945
-179.906
-35.6681
27.464
-523.276
-123.734
-28.3369
60.5632
-232.446
-45.8568
27.107
47.1692
-189.675
-28.1195
2.92873
30.0949
17.3232
40.262
36.4266
21.6952
4.70874
30.5393
20.1306
16.9211
-751.992
-227.211
-38.0652
49.2376
-818.788
-225.016
-85.6227
53.6422
-741.953
-219.127
-35.6077
51.2029
-796.464
-215.52
-84.5197
54.1058
-721.554
-205.517
-56.8793
31.4371
-747.509
-198.523
-95.7324
41.6206
-547.865
-147.231
-61.0805
0.404521
-804.035
-204.957
-120.291
47.6094
-506.691
-119.954
-49.9313
34.061
-681.267
-158.54
-76.2911
28.449
-280.366
-57.9817
-16.3875
3.52512
-658.691
-151.863
-73.1506
29.0858
-273.954
-56.0857
-17.1295
2.30718
-609.951
-138.01
-76.238
26.441
-250.853
-50.0736
-15.6812
2.49812
-537.554
-120.656
-83.5942
19.8913
-223.954
-43.6834
-19.9416
0.581841
-453.545
-97.9322
-70.9077
14.3984
-158.164
-28.0394
-21.4975
-0.509157
-286.366
-50.3044
-7.94813
25.9549
-77.0709
-1.35028
3.2601
8.76043
-384.344
-77.977
-35.199
21.1141
-102.207
-11.309
-8.8194
4.07641
-154.554
-14.1437
9.18362
25.1048
-33.4581
12.7398
14.0433
11.9731
0.232403
27.9337
18.6176
17.3335
31.9903
32.6312
19.3262
12.3614
4.62313
0.943215
0.23126
0.0727292
0.0323454
1.72582
0.418287
0.113762
0.0378332
0.0172232
4.75154
1.23103
0.37703
0.136117
0.0642322
2.22164
0.810306
0.291181
0.112609
0.0544512
5.9072
1.72843
0.579905
0.218667
0.104572
7.06947
2.47647
0.933327
0.369178
0.179272
9.05655
3.1898
1.2038
0.471904
0.226464
10.3599
4.16867
1.64402
0.649719
0.310366
8.4446
2.43635
0.846614
0.3235
0.154621
7.15154
2.16064
0.765542
0.294427
0.140961
7.04978
1.92253
0.652262
0.248474
0.119227
5.72897
1.78384
0.669461
0.26668
0.130279
9.31124
2.94867
1.05573
0.404511
0.192195
7.04756
2.49128
0.930276
0.361976
0.172984
8.54968
3.42411
1.34337
0.52942
0.252508
6.94661
2.82218
1.10908
0.436926
0.20834
5.73471
0.920124
0.197258
0.0579401
0.0250794
2.8226
0.389729
0.0776028
0.0221699
0.00952672
5.67447
1.05124
0.276438
0.0941009
0.0436218
2.77524
0.428887
0.10413
0.0346196
0.0159774
5.41815
1.20793
0.369096
0.135283
0.0643169
2.41955
0.563093
0.190534
0.0742244
0.0363311
5.40724
1.52334
0.545213
0.214595
0.104759
2.91037
0.833775
0.314664
0.127297
0.0629974
3.94402
1.52115
0.620567
0.256281
0.127371
-2771.55
-5614.3
-2975.19
-5707.43
-3390.04
-5852.47
-3848.48
-6101.94
-3790.79
-6167.96
-1720.1
-2427.54
-2602.3
-3868.12
-1002.04
-1287.2
-383.072
-459.432
-15492.1
-3819.56
-915.826
-219.572
-62.2599
-4255.95
-1193.79
-329.293
-79.94
-20.0988
-15134
-3715.4
-892.069
-212.647
-60.8428
-4301.58
-1311.1
-336.812
-83.4944
-23.4104
-14200.8
-3479.05
-835.464
-199.584
-57.3647
-4175.18
-1263.9
-323.935
-80.0089
-22.5365
-12723.1
-3107.07
-747.356
-179.167
-51.7641
-4001.95
-1188.9
-301.674
-74.0372
-20.7917
-10442.5
-2548.03
-615.712
-148.482
-43.2062
-3699.71
-1076.03
-271.243
-66.3946
-18.6609
-4841.08
-1235.74
-304.933
-74.5678
-21.9525
-1815.37
-531.258
-132.75
-31.9898
-9.00071
-7276.72
-1830.72
-447.468
-108.57
-31.7707
-2645.32
-770.065
-194.383
-47.6384
-13.5144
-2824.23
-726.801
-180.418
-44.4261
-13.1456
-1036.41
-311.589
-77.1836
-18.5384
-5.25121
-971.995
-248.34
-61.7763
-15.2727
-4.5291
-406.548
-111.674
-25.8032
-7.49311
-1.70043
-1465.2
-2812.12
-8415.42
-819.023
-8984.34
-3977.43
-8765.72
-4205.39
-15959.3
-8525.23
-17787.9
-9308.77
-26.084
-80.373
-127.745
-153.529
-118.079
74.9826
-48.4608
-149.725
-240.408
-292.368
-248.614
-22.1258
-18.7826
-17.6704
-55.9763
-54.0015
-80.4301
-82.8289
-69.0107
-81.9685
-38.6367
-78.0941
41.1466
-33.7088
607.304
1394.77
2377.21
1691.98
1478.19
570.131
471.424
1255.51
2153.83
2609.04
2183.46
874.391
-23.2164
-19.3021
-14.3669
-8.81929
-2.96918
-71.5616
-59.5255
-44.3322
-27.2287
-9.17008
-113.64
-94.4286
-70.2538
-43.1152
-14.5141
-136.466
-113.286
-84.2017
-51.6355
-17.375
-105.291
-87.721
-65.4148
-40.2066
-13.5439
63.4005
49.6296
34.8547
20.5091
6.76461
-43.0345
-35.6799
-26.4823
-16.2201
-5.45413
-132.957
-110.242
-81.8384
-50.1375
-16.8622
-213.103
-176.327
-130.631
-79.9078
-26.8533
-258.487
-213.233
-157.516
-96.1472
-32.2758
-219.262
-180.377
-132.906
-80.9809
-27.162
-20.7103
-18.1452
-14.1198
-8.92164
-3.04252
-16.7486
-13.9569
-10.4133
-6.4047
-2.15853
-15.7735
-13.1614
-9.8332
-6.05464
-2.04181
-49.9258
-41.6172
-31.0628
-19.112
-6.44253
-48.1904
-40.1968
-30.0226
-18.4817
-6.23189
-71.7
-59.7311
-44.5545
-27.3988
-9.23322
-73.8107
-61.4596
-45.82
-28.1649
-9.48923
-61.6653
-51.5124
-38.5242
-23.7355
-8.00617
-72.9641
-60.6705
-45.1641
-27.7271
-9.33507
-35.0902
-29.8383
-22.6716
-14.1202
-4.78701
-69.4149
-57.6041
-42.7812
-26.209
-8.81296
34.2722
26.349
18.1848
10.5706
3.4682
-30.4316
-25.6566
-19.2976
-11.9086
-4.01449
523.941
420.797
303.552
182.43
60.8587
1191.11
947.864
679.571
407.63
136.219
1991.4
1560.39
1109.02
665.096
224.017
1399.1
1087.75
772.563
464.933
157.056
1250.2
974.248
687.96
408.575
130.706
501.219
398.105
284.748
169.673
52.6183
406.68
326.562
235.519
141.508
47.1958
1075.65
858.309
616.384
369.809
123.439
1825.62
1442.98
1029.94
616.915
206.356
2187.51
1713.36
1216.62
728.244
244.294
1827.35
1426.83
1010.63
604.037
201.851
736.333
578.204
411.944
247.356
82.6564
29.8425
85.1782
134.737
164.206
134.758
-46.3408
54.6905
157.376
250.404
304.52
261.652
35.896
21.3632
19.7219
59.4218
57.0597
85.5048
87.7604
76.2849
88.5
52.2426
78.4345
-3.50008
48.214
-560.814
-1324.22
-2263.79
-1575.42
-1387.63
-501.201
-453.702
-1228.82
-2107.05
-2545.94
-2115.13
-806.003
26.6392
22.2306
16.6141
10.2339
3.45223
75.9379
63.2696
47.205
29.037
9.78752
120.005
99.8715
74.4276
45.741
15.4104
146.174
121.575
90.5468
55.6215
18.7344
120.418
100.595
75.2357
46.3586
15.6388
-37.6086
-27.8719
-18.4079
-10.2834
-3.29712
48.717
40.5511
30.2274
18.5813
6.26107
139.943
116.237
86.4533
53.0496
17.8579
222.244
184.185
136.689
83.7351
28.1628
269.614
222.813
164.911
100.824
33.8768
231.188
190.631
140.81
85.9734
28.8699
33.1674
28.7127
22.1542
13.9404
4.74881
19.0961
15.9626
11.9501
7.37102
2.48828
17.6384
14.7536
11.0523
6.82071
2.30314
53.0589
44.2928
33.1118
20.3998
6.88186
50.97
42.5692
31.8385
19.6225
6.62096
76.3095
63.6622
47.5607
29.2858
9.87654
78.2908
65.2811
48.7429
30
10.1149
68.2526
57.1093
42.7877
26.4033
8.91403
78.8925
65.7216
49.0229
30.1473
10.1598
47.3932
40.2715
30.6025
19.0744
6.47143
69.9597
58.3078
43.503
26.7526
9.01505
-0.454476
2.09499
3.25356
2.7293
1.03695
43.6035
36.8792
27.8677
17.281
5.84499
-482.46
-386.192
-277.699
-166.514
-55.4931
-1128.42
-895.788
-640.838
-383.888
-128.244
-1889.54
-1474.6
-1044.32
-625.038
-210.519
-1286.57
-986.038
-690.724
-411.524
-138.311
-1155.35
-883.039
-610.677
-355.906
-111.486
-423.508
-319.022
-214.851
-120.622
-34.479
-390.964
-313.548
-225.874
-135.61
-45.2156
-1052.17
-839.033
-602.229
-361.228
-120.576
-1783.58
-1407.56
-1003.21
-600.34
-200.754
-2128.21
-1660.92
-1175.17
-701.563
-235.052
-1759.62
-1363.92
-958.689
-569.432
-189.583
-666.033
-510.736
-354.741
-208.517
-68.7522
-1942.13
-1173.63
-504.261
35.9312
204.945
256.726
-47.8657
-12275.7
-3019.86
-3954.03
-1848.43
-279.375
-3356.96
136.697
1240.31
417.564
-6787.69
-3396.45
-1293.74
-1006.99
-3067.99
-1628.2
-595.967
-1071.88
771.533
261.673
-743.564
-594.356
-8229.66
-3566.78
-4870.27
-2333.78
-3081.01
-4158.27
-1278.78
246.197
-921.877
-1101.69
-711.594
-496.017
-379.744
-261.151
-795.98
-539.651
-352.37
-212.868
-83.8797
-426.193
-335.046
-237.521
-141.436
-47.1387
34.021
30.2448
23.8918
15.2858
5.26003
182.621
151.811
112.789
69.0366
23.1884
228.397
189.584
140.714
86.0991
28.9179
-36.263
-24.8695
-15.4067
-8.4253
-2.75757
-7984.26
-6013.84
-4363.59
-3298.56
-2540.84
-2017.83
-1291.81
-966.028
-699.972
-355.85
-2744.94
-1909.37
-1345.44
-882.207
-401.675
-1204.1
-755.344
-542.609
-363.004
-137.9
-221.257
-165.966
-116.962
-72.9861
-26.7236
-2641.08
-1989.92
-1381.27
-838.171
-303.597
134.384
117.11
86.8523
50.9551
15.8265
1033.69
802.812
562.951
331.794
109.55
369.158
301.988
219.816
131.985
43.6711
-4329.13
-3335.92
-2441.9
-1863.72
-1428.32
-2356.78
-1633.1
-1147.61
-739.475
-318.101
-1039.96
-790.736
-557.575
-342.571
-123.186
-814.08
-619.806
-434.552
-262.819
-91.719
-2443.5
-1845.35
-1288.84
-779.848
-276.724
-1334.55
-1024.8
-719.82
-432.342
-147.062
-486.895
-372.595
-260.479
-155.576
-52.9106
-898.138
-701.973
-497.198
-297.38
-99.917
670.64
542.106
392.354
235.545
78.2358
236.503
198.56
147.925
90.1564
30.0411
-610.967
-469.951
-330.265
-198.195
-67.6298
-490.766
-378.502
-265.971
-159.136
-53.9115
-4823.26
-3060.26
-2208.67
-1635.26
-1145.26
-2504.4
-1752.51
-1189.5
-738.829
-294.353
-3177.76
-2268.85
-1554.15
-1012.6
-424.759
-1701.94
-1234.74
-842.467
-519.349
-202.4
-2470.25
-1871.43
-1307.35
-787.687
-273.58
-2920.45
-1959.01
-1354.13
-855.478
-322.772
-1062.42
-824.216
-581.002
-347.197
-117.037
223.211
188.218
140.942
86.3303
28.8809
-748.2
-569.418
-397.723
-238.838
-81.9337
-16.2683
-39.3032
-66.2245
-114.988
-205.65
-348.42
-28355.3
-25058.1
-23253.2
-26543.2
-20943.7
-16737.3
-18391.8
-14072.1
-25467.4
-22990.7
-23456.4
-22619.7
-20764.6
-17882.8
-22042.7
-23831.7
-21349.6
-19093.4
-21520.3
-18109.6
-15370.6
-15733.5
-12655.4
-23293.7
-21414.6
-21500
-20208.3
-18790.4
-17441.6
-18550
-19186.7
-17618.1
-15404.8
-16861.1
-15404.1
-13333.7
-13328.1
-11388.2
-19898
-18916.5
-18538.1
-17727.7
-16259.3
-14986
-16106.1
-13835.6
-13032.3
-11118.1
-11815.1
-11757.4
-10589.2
-10074.4
-9080.23
-14907.4
-15295.7
-14074.4
-14483.4
-12662
-11518.5
-12985.5
-9033.45
-8637.75
-7251.57
-7589.16
-7984.92
-7251.59
-6726.77
-6143.1
-10016.3
-10178.5
-9556.31
-9621.08
-8759.86
-7962
-8780.74
-3284.67
-3166.15
-2639.95
-2742.73
-2967.33
-2756.25
-2479.1
-2288.65
-3761.75
-3848.32
-3544.95
-3501.5
-3291.25
-3022.11
-3293.89
-10229.9
-9992.82
-15578.2
-16858.7
-9475.9
-8371.52
-13649.7
-11075.9
-7275.51
-4911.66
-7265.39
-5030.73
-7240.96
-7035.86
-5283.01
-10120.1
-9567.26
-13998.2
-15294
-8853.52
-7946.54
-12184.4
-10373.1
-7234.24
-4119.53
-7120.78
-4427.09
-6512.37
-6349.33
-4949.32
-9114.71
-8633.04
-11910.6
-12818.7
-8045.75
-7377.39
-10619.7
-9271.29
-5889.72
-3979.5
-5850.57
-4316.62
-5402.9
-5451.41
-4663.93
-7177.18
-6849.64
-8935.37
-9437.62
-6437.13
-5925.94
-8204.82
-7369.37
-5182.43
-3265.27
-5089.41
-3562.11
-4715.79
-4717.81
-3832.31
-4835.95
-4643.26
-5893.54
-6155.67
-4307.25
-3921.11
-5503.02
-4977.71
-3479.25
-2296.35
-3413.59
-2497.89
-3176.94
-3147.56
-2592.89
-1776.92
-1709.94
-2150.39
-2234.47
-1584.48
-1437.81
-2022.93
-1841.42
-1167.41
-826.229
-1210.85
-919.461
-1162.12
-1142.39
-932.315
)
;

boundaryField
{
    patch1
    {
        type            calculated;
        value           nonuniform List<scalar> 
2440
(
0
0
4857.01
1519.59
4.11612
1268.55
-4158.61
-1278.9
246.222
-921.972
0
0
4856.67
1519.45
4.12068
1268.43
-4158.27
-1278.78
246.197
-921.877
0
0
0
0
0
0
0
0
-2083.53
0
0
0
0
0
0
0
0
2014.94
1250.6
615.274
49.7046
-100.727
-114.935
204.496
14249
4860.48
5132.84
3959.82
750.612
733.846
3319.05
-50.3822
249.045
86.7549
-36.3759
7664.9
4208.55
2075.7
1395.93
3350.57
2062.02
764.928
1292.35
-329.659
38.8927
1029.24
894.361
8553.51
3719.73
5374.27
2597.69
3346.19
-992.127
-18.7846
-17.6725
-55.9837
-54.0087
-80.4411
-82.8401
-69.0206
-81.9797
-38.6437
-78.1048
41.1473
-33.7147
21.3669
19.7253
59.431
57.0685
85.5176
87.7732
76.2966
88.5126
52.2517
78.4455
-3.49649
48.2213
-1942.19
-1173.7
-504.307
35.9376
204.969
256.756
-47.8717
-12276.8
-3020.34
-3954.46
-1848.62
-279.429
-3357.23
136.693
1240.37
417.596
-6788.19
-3396.78
-1293.91
-1007.1
-3068.26
-1628.36
-596.021
-1071.99
771.594
261.695
-743.641
-594.421
-8230.09
-3567.01
-4870.57
-2333.94
-3081.27
0
0
0
0
0
0
0
0
-2078.97
0
0
0
0
0
0
0
0
2014.86
1250.53
615.218
49.7038
-100.713
-114.918
204.478
14248
4859.93
5132.37
3959.38
750.469
733.746
3318.72
-50.4622
248.997
86.6919
-36.3705
7664.44
4208.21
2075.48
1395.79
3350.28
2061.84
764.865
1292.23
-329.631
38.891
1029.13
894.272
8553.1
3719.51
5373.98
2597.53
3345.92
-994.129
-18.7826
-17.6704
-55.9763
-54.0015
-80.4301
-82.8289
-69.0107
-81.9685
-38.6367
-78.0941
41.1466
-33.7088
21.3632
19.7219
59.4218
57.0597
85.5048
87.7604
76.2849
88.5
52.2426
78.4345
-3.50008
48.214
-1942.13
-1173.63
-504.261
35.9312
204.945
256.726
-47.8657
-12275.7
-3019.86
-3954.03
-1848.43
-279.375
-3356.96
136.697
1240.31
417.564
-6787.69
-3396.45
-1293.74
-1006.99
-3067.99
-1628.2
-595.967
-1071.88
771.533
261.673
-743.564
-594.356
-8229.66
-3566.78
-4870.27
-2333.78
-3081.01
0
0
0.105407
0.205222
0.0626172
0.126694
-348.427
0
0
0
0
0
0
0.105069
0.204662
0.0629974
0.127371
-348.42
0
0
0
0
0
3450.79
2699.85
2959.8
4476.07
593.281
24.8149
592.543
26.5542
2405.99
1789.97
5452.14
6027.42
269.365
240.689
1074.22
1081.34
0
0
0
0
0
0
0
0
0
0
0
0
0
0
0
0
0
0
0
0
0
0
0
0
0
0
0
0
0
0
0
0
0
-3.01791
5.15792
-1.86029
7.55633
2.39438
9.91932
7.59543
13.7389
14.0544
17.6974
4.6316
16.3255
7.59296
17.8888
6.20486
14.0641
13.7404
13.4381
0.0559884
0.0298599
0.102379
0.0845227
0.156762
0.257699
0.284587
0.34096
0.209471
0.189022
0.17468
0.194264
0.234456
0.211419
0.272851
0.223989
0.0437966
0.0169644
0.0729113
0.0276022
0.101852
0.061577
0.167904
62.861
17.7391
61.4268
21.3769
57.851
20.6077
52.159
19.0683
43.4844
17.2155
22.0086
8.73286
31.962
12.7206
13.1337
5.17195
4.48297
1.6205
-1266.5
-313.714
-2351.84
-333.359
5897.05
5663.36
2966.29
3055.13
5816.18
6927.23
694.717
-2657.97
-2516.7
-2995.06
-3938.42
-706.38
-274.704
-819.675
-342.865
-2416.87
-1681.46
-4842.02
-5130.21
-467.857
-339.894
-1359.06
-1271.6
-0.264149
0.0185317
0
0
0
0
0
0
0
0
0
0
0
0
0
0
0.191477
-0.0788975
0
0
0
0
0
0
0
0
0
0
0
0
0
0
28.2634
3.4808
29.0904
2.31208
26.4278
2.4915
19.8732
0.569249
14.3742
-0.527202
25.9265
8.73241
21.0888
4.05236
25.0754
11.9446
17.3055
12.3359
0.0334781
0.0179662
0.0637815
0.0540939
0.104055
0.178484
0.225836
0.309916
0.154091
0.140519
0.118694
0.129714
0.191739
0.172586
0.252172
0.208066
0.0256698
0.0097148
0.0433154
0.0158628
0.0639798
0.0361052
0.104204
-62.9691
-17.7922
-61.5364
-21.4126
-57.9618
-20.6402
-52.2783
-19.0962
-43.6119
-17.2467
-22.1101
-8.78851
-32.0824
-12.7589
-13.213
-5.25307
-4.54533
-1.72037
-1275.22
-2250.66
483.019
188.329
-336.463
397.336
516.701
-0.612909
-0.155991
-0.142101
-0.619948
0
0
0
0
0
0
0
0
0
0.500196
0.163731
0.299117
0.632862
0
0
0
0
0
0
0
0
0
0
3450.76
2700
2960.02
4476.15
593.374
24.7796
592.637
26.5039
2406.15
1790.01
5452.29
6027.43
269.426
240.691
1074.23
1081.34
0
0
0
0
0
0
0
0
0
0
0
0
0
0
0
0
0
0
0
0
0
0
0
0
0
0
0
0
0
0
0
0
0
-3.14101
5.15068
-1.87488
7.54987
2.38111
9.90701
7.58649
13.7252
14.0469
17.6841
4.63933
16.3247
7.59323
17.8794
6.22065
14.0739
13.7628
13.4571
0.0536303
0.0283176
0.102053
0.0842611
0.156388
0.257086
0.284235
0.340945
0.209147
0.188794
0.174294
0.193856
0.234287
0.211301
0.272909
0.224064
0.0424642
0.0164761
0.0726038
0.0274617
0.101579
0.0613691
0.167451
62.8142
17.8817
61.3658
21.3188
57.8364
20.5929
52.1496
19.0611
43.4795
17.2115
22.008
8.73178
31.9601
12.7186
13.1335
5.17141
4.48292
1.6203
-1257.84
-305.938
-2338.64
-531.279
5904.77
5696.85
2979.98
3062.98
5833.7
6894.86
351.072
-2657.83
-2516.92
-2995.33
-3938.36
-706.661
-274.904
-819.967
-343.078
-2417.08
-1681.56
-4842.06
-5130.26
-468.074
-340.004
-1359.29
-1271.75
-0.260212
0.0215245
0
0
0
0
0
0
0
0
0
0
0
0
0
0
0.19226
-0.0787698
0
0
0
0
0
0
0
0
0
0
0
0
0
0
28.449
3.52512
29.0858
2.30718
26.441
2.49812
19.8913
0.581841
14.3984
-0.509157
25.9549
8.76043
21.1141
4.07641
25.1048
11.9731
17.3335
12.3614
0.0323454
0.0172232
0.0642322
0.0544512
0.104572
0.179272
0.226464
0.310366
0.154621
0.140961
0.119227
0.130279
0.192195
0.172984
0.252508
0.20834
0.0250794
0.00952672
0.0436218
0.0159774
0.0643169
0.0363311
0.104759
-62.9227
-17.9349
-61.4763
-21.3546
-57.9482
-20.6258
-52.2698
-19.0894
-43.6076
-17.2431
-22.1097
-8.78762
-32.0809
-12.7571
-13.213
-5.25266
-4.54536
-1.7203
-1272.38
-2255.95
484.001
203.577
-302.146
448.716
513.676
-0.615138
-0.155995
-0.142086
-0.625615
0
0
0
0
0
0
0
0
0
0.498971
0.163753
0.299156
0.628161
0
0
0
0
0
0
0
0
0
21226.3
11026.5
0
21225.3
11021.7
0
0
0
0
0
0
0
0
0
14141.8
25026.2
16181.7
24289.3
17848.4
21500.7
17351.8
18352
15067.9
29226.4
26230.9
26707
24856.8
22890.3
22479.2
21230.6
13003.2
4190.08
20371.8
12840.6
4415.75
18599.2
11767.1
3902.54
0
0
0
0
0
0
0
0
9402.25
5500.78
9457.36
5821.83
10123.1
6495.48
14314.5
16955.9
11855.1
3745.64
2695.46
4158.3
2888.83
4884.5
3386.19
1677.86
705.497
203.383
1862.67
828.83
252.324
2093.23
989.916
275.101
12.031
177.096
714.822
1875.75
3150.45
1337.84
2627.59
576.261
93.8635
-22.3265
-239.196
-788.992
-1795.63
-2820.05
-1308.29
-2361.78
-667.594
-241.273
0
0
0
0
0
0
0
0
14075.6
25029.9
16184.7
24284.1
17848.7
21499.5
17350.7
18349.5
15067.4
29279.2
26300.7
26696.1
24849.4
22886.4
22474
21283.3
13033.1
4208.46
20366.3
12839.8
4415.93
18595.6
11765.5
3902.25
0
0
0
0
0
0
0
0
9427.93
5501.29
9448.59
5820.52
10114.7
6491.76
14308.8
16951.7
11849.4
3739.75
2690.25
4157.12
2889.02
4882.49
3385.2
1674.9
704.671
203.368
1862.5
829.069
252.404
2092.76
989.796
275.094
12.6754
169.675
712.025
1874.49
3149.97
1337.81
2627.46
576.244
93.8175
-20.4557
-233.711
-787.229
-1794.86
-2819.77
-1308.35
-2361.73
-667.682
-241.35
15931.8
13254.1
4.5489
1.57651
0.555939
0.201819
0.0902098
7.31338
2.57808
0.92622
0.340424
0.153487
2502.07
255.517
18343.1
19370.4
-3321.52
-1327.21
1.43882
0.579977
0.245527
0.103483
0.0520842
2.54193
1.08223
0.453278
0.188913
0.0942208
0
0
0
0
0
13616.6
10983.8
14919.8
13560.5
17540.3
16665.9
7870.06
4776.86
1476.58
11351.7
7590.85
2586.97
14541.5
9916.43
3405.02
-7251.76
-3252.41
-9157.55
-3996.88
-12050.8
-5003.99
-16065.5
-6022.79
2535.37
722.206
1481.31
589.72
70.3025
49.0492
72.1516
50.3414
182.676
102.674
64.9508
30.8126
6.88313
2.56974
1.00259
0.399089
0.192901
9.85136
4.04832
1.61053
0.638872
0.305738
21.8951
66.8826
116.511
161.891
218.18
326.074
19.5794
16.3743
12.2642
7.56741
2.55505
59.7269
49.8645
37.2805
22.9693
7.74893
103.849
86.5002
64.5157
39.6732
13.3701
143.896
119.453
88.7885
54.4521
18.3239
193.27
159.79
118.292
72.3211
24.2976
287.478
236.373
174.058
105.997
35.5409
707.761
606.038
483.085
346.263
207.181
68.9858
11402
8296.99
3165.08
14405.4
10539
3921.55
17953.3
12600.9
4554.27
22316.3
14201.5
5080.92
-2700.25
-225.688
-1765.86
-114.58
11876.2
8455.52
9791.26
6611.94
6776.94
5064.34
5521.53
3108.36
880.734
4064.87
2133.52
607.571
3183.26
1606.63
474.321
309.893
139.565
15.2104
-11.2636
260.777
139.327
48.9315
19.8005
8.15912
3.55329
1.39458
0.537433
0.249514
11.2539
4.6981
1.8499
0.721553
0.339388
-558.555
-466.047
-360.232
-250.223
-145.986
-47.9448
-19.8126
-63.5159
-110.401
-152.019
-213.035
-301.461
-17.6862
-14.758
-11.0266
-6.7897
-2.28975
-56.6661
-47.2513
-35.2796
-21.7121
-7.32007
-98.2936
-81.7568
-60.8841
-37.3914
-12.5917
-134.906
-111.763
-82.8898
-50.7407
-17.057
-188.258
-155.174
-114.497
-69.8085
-23.4165
-264.714
-216.562
-158.616
-96.1648
-32.1632
18345.4
19371.8
-3331.4
-1335.82
1.42978
0.576569
0.244054
0.10282
0.0517288
2.52686
1.07672
0.451036
0.187942
0.0937083
0
0
0
0
0
15928.5
13249.7
4.53952
1.57304
0.554504
0.20119
0.0898756
7.30133
2.57359
0.924387
0.339622
0.153056
2504.53
260.436
10311.7
65405.4
10387.6
48340.8
10168.4
40549.2
10587.3
36479.3
23854.3
13848.7
4556.99
23286.9
13802.9
4544.66
22440.1
13707
4582.98
21995.9
13887.6
4795.02
22317.3
14202.6
5081.34
178.894
43.3652
-460.477
79.4156
-1797.46
319.379
-67.1294
-30.2771
758.921
680.034
44.8948
16.0179
7.65588
3.94915
256.022
91.6283
57.9754
33.4817
7.92142
2.5942
0.910493
0.41011
63.6664
20.9696
6.79619
3.06928
146.352
49.299
16.6265
7.60255
199.608
73.1949
27.037
12.5993
189.93
83.7609
33.315
15.9944
138.186
75.5571
32.5864
16.5306
143.429
78.4594
34.8696
17.5344
116.19
65.0866
27.5819
14.7387
90.2119
51.5075
24.7193
13.7076
0.937268
0.324754
0.114607
0.0415663
0.0185644
5.35529
1.88993
0.680512
0.250089
0.112658
5.7076
2.46688
0.963447
0.369553
0.170809
6.57352
2.52489
0.931503
0.346973
0.157667
6.76162
2.8377
1.12191
0.436525
0.204171
7.50248
3.04626
1.20267
0.472111
0.22327
0.209334
0.0684708
0.0228068
0.0079363
0.00344856
1.60631
0.514633
0.172341
0.0604939
0.0264621
3.77499
1.20587
0.410313
0.146164
0.0646176
657.401
824.926
1270.18
1865.59
3515.21
1596
3315.62
594.559
114.782
422.594
116.58
30.3094
7.01163
1.16324
502.288
142.726
34.7869
8.31267
1.55272
627.639
168.349
40.3531
9.09438
1.7956
838.596
209.439
48.3739
10.7314
2.23501
1157.15
257.363
55.2093
11.5348
2.30534
499.038
109.193
21.891
4.01798
0.519995
860.09
178.485
36.7402
7.42799
1.3997
211.534
54.1742
10.3835
1.82789
0.165284
107.859
21.0561
2.31596
1.99299
-0.0484296
4387.53
5453.35
2226.27
2978.15
2290.34
2705.67
1186.37
1228.29
-391.425
-1804.22
-1131.1
-716.155
-338.442
-272.021
-195.897
-117.301
-38.9966
-759.944
-430.239
-226.985
-126.792
-54.0797
-697.485
-396.196
-221.452
-110.795
-34.7772
-578.288
-432.608
-292.144
-167.205
-54.4743
-13313.2
-4514
-13630.8
-4857.33
-14318.9
-5424.23
-15189.8
-5934.66
-16065.5
-6022.79
-65.5188
-48.536
399.467
-243.349
537.279
-1989.79
120.927
102.929
-391.289
-218.015
-3.69181
0.539755
-1.32809
-1.51011
-19.9112
5.27253
-22.4472
-20.0708
-0.134665
0.143026
0.00439721
-0.0242076
0.374321
1.42425
0.90839
0.169104
12.9595
5.847
2.18749
0.326514
52.3049
14.5712
2.71594
0.0972406
103.167
24.8695
5.67294
1.76097
93.2158
33.4632
15.1436
8.50213
129.828
34.7451
10.0074
4.68309
67.2652
33.2058
19.5706
11.1422
64.6361
39.1685
20.9604
12.0461
0.0964034
0.0916971
0.0459792
0.0203727
0.0104233
1.03795
0.694411
0.319448
0.136826
0.0688703
5.18842
1.73282
0.647282
0.254816
0.123243
3.4509
1.25896
0.506309
0.207178
0.102324
5.98425
2.26422
0.867918
0.341344
0.163895
6.59963
2.75799
1.09341
0.432139
0.20634
-0.00708699
0.00803991
0.005796
0.0029092
0.00157605
0.0243816
0.0913346
0.0531265
0.024984
0.0131834
0.295809
0.301683
0.151799
0.0676561
0.0348424
-627.189
-798.907
-1200.8
-1656.68
-2998.23
-1488.68
-2854.44
-642.492
-230.106
-407.459
-113.61
-29.8438
-6.93896
-1.15774
-485.62
-139.086
-34.1428
-8.21684
-1.54422
-597.97
-162.398
-39.2856
-8.94673
-1.78076
-774.628
-198.14
-46.5594
-10.4941
-2.21444
-1043.13
-239.932
-52.7034
-11.2238
-2.28055
-461.06
-102.374
-21.0054
-3.96959
-0.544183
-761.223
-163.077
-34.5687
-7.179
-1.38851
-220.951
-56.2425
-11.0194
-2.02939
-0.233487
-141.865
-28.3384
-3.90458
-2.36091
-0.0499813
-53.507
-168.251
-282.516
-373.316
-380.708
-201.17
294.969
1188.84
2369.86
3282.85
3039.04
1275.81
-47.5289
-39.42
-29.269
-17.9323
-6.03089
-149.412
-123.889
-91.9721
-56.3472
-18.9508
-250.345
-207.057
-153.333
-93.7635
-31.5038
-329.696
-271.622
-200.385
-122.19
-40.996
-334.667
-274.262
-201.33
-122.329
-40.9721
-175.747
-143.044
-104.362
-63.1497
-21.1134
255.604
206.266
149.405
90.0137
30.0536
1019.3
813.963
584.841
350.954
117.154
2004.15
1580.55
1126.08
673.908
225.506
2730.33
2124.03
1501.56
898.2
302.489
2489.98
1915.42
1346.86
806.798
273.84
1040.8
799.818
563.809
339.468
115.961
59.781
176.27
293.446
386.644
393.166
206.596
-300.224
-1198.32
-2364.18
-3246.08
-2977.62
-1207.81
53.2519
44.3259
33.0409
20.3104
6.8436
156.736
130.176
96.8131
59.4026
19.9956
260.348
215.665
159.976
97.9636
32.9414
341.933
282.191
208.571
127.381
42.7752
346.162
284.247
209.105
127.279
42.6728
180.805
147.485
107.856
65.3912
21.8869
-260.621
-210.785
-153.042
-92.3869
-30.8802
-1029.01
-823.302
-592.778
-356.336
-119.07
-2001.01
-1579.75
-1126.86
-675.114
-226.075
-2698.01
-2097.33
-1481.76
-886.128
-298.48
-2431.05
-1862.08
-1303.75
-778.579
-263.991
-971.265
-733.336
-507.606
-301.397
-102.361
459.03
0
973.122
400.674
325.823
237.53
143.656
48.0223
0
0
0
0
0
821.23
645.591
457.81
272.312
90.5545
10305.2
65418.3
10366.9
48336.1
10125.9
40527.9
10560.4
35709.7
23875.9
13870.5
4564.32
23282.6
13800.9
4544.73
22437.8
13705.3
4582.62
21994.5
13886.4
4794.61
22316.3
14201.5
5080.92
152.186
51.7997
-457.807
44.1306
-1785.57
328.586
-49.6725
-23.9727
732.837
673.417
37.8781
13.4837
6.49222
3.35234
254.503
91.139
57.6498
33.2946
6.96027
2.26431
0.791206
0.35269
63.2046
20.8266
6.74095
3.05138
146.176
49.2102
16.5872
7.58083
199.464
73.1147
26.9983
12.5756
189.836
83.7007
33.2825
15.9729
138.222
75.5636
32.5843
16.5264
143.404
78.4307
34.8497
17.5194
116.283
65.1289
27.5996
14.7465
90.3465
51.5795
24.7535
13.726
0.77879
0.268585
0.0945743
0.0342384
0.0152629
5.33384
1.88136
0.676668
0.248406
0.111791
5.70302
2.46472
0.962488
0.36911
0.170562
6.56411
2.52118
0.929966
0.346293
0.157299
6.76106
2.83707
1.12152
0.436312
0.204036
7.50807
3.04814
1.20328
0.472302
0.223338
0.17207
0.0558579
0.0184946
0.00640441
0.00277122
1.60125
0.512011
0.171098
0.0599392
0.0261731
3.76589
1.20249
0.408866
0.145523
0.0642765
656.78
816.625
1268.32
1864.67
3514.78
1595.97
3315.46
594.545
114.747
423.826
117.689
30.3961
7.04831
1.18987
496.881
141.039
34.3699
8.19901
1.52228
626.813
168.058
40.2685
9.07266
1.78932
838.187
209.291
48.3264
10.718
2.23079
1156.92
257.278
55.1804
11.5261
2.30237
498.992
109.171
21.8826
4.0151
0.518855
859.977
178.44
36.7239
7.42272
1.39776
211.511
54.1633
10.3792
1.82638
0.164664
107.844
21.0507
2.31404
1.99245
-0.0486596
4386.63
5452.64
2227.69
2980.34
2288.71
2704.02
1117.17
1154.58
-391.381
-1804.28
-1131.09
-716.103
-338.403
-271.988
-195.871
-117.285
-38.991
-759.967
-430.251
-226.995
-126.8
-54.0797
-697.471
-396.186
-221.446
-110.791
-34.7758
-578.24
-432.567
-292.111
-167.184
-54.4672
-13310
-4513.87
-13628.7
-4855.92
-14318
-5423.7
-15189.3
-5934.4
-16065.3
-6022.61
-75.0177
-62.0782
427.291
-201.927
539.652
-1985.02
93.1963
84.8991
-368.193
-213.505
-3.24233
0.444276
-1.17456
-1.30508
-19.0025
5.58805
-22.1848
-19.9244
-0.294197
0.0867224
-0.00519293
-0.0209358
0.861978
1.51644
0.936481
0.170781
13.1218
5.91071
2.20879
0.337148
52.4371
14.6407
2.7445
0.11383
103.293
24.945
5.70897
1.78279
93.3645
33.5564
15.1925
8.53173
129.96
34.8281
10.0506
4.70971
67.4242
33.3027
19.6207
11.1718
64.7929
39.2593
21.0059
12.0721
0.0895581
0.0809937
0.0401639
0.0177262
0.00905898
1.03637
0.695233
0.320633
0.137538
0.0692928
5.20179
1.73797
0.6493
0.255647
0.123665
3.4653
1.26433
0.508463
0.208096
0.102803
5.99791
2.26948
0.869939
0.34215
0.164294
6.61102
2.76225
1.09498
0.432735
0.206619
-0.00332592
0.00773507
0.00523727
0.00258866
0.00139497
0.0218995
0.0921707
0.0538548
0.0253672
0.0133983
0.302017
0.3043
0.153065
0.0682536
0.0351699
-625.934
-793.085
-1199.64
-1656.11
-2997.98
-1488.71
-2854.37
-642.557
-230.169
-408.632
-114.686
-29.9288
-6.97538
-1.18424
-480.576
-137.445
-33.7304
-8.10359
-1.51368
-597.381
-162.144
-39.2056
-8.92548
-1.77449
-774.389
-198.028
-46.5179
-10.4815
-2.21034
-1043.01
-239.876
-52.6806
-11.216
-2.27775
-461.047
-102.363
-21.0001
-3.96738
-0.543197
-761.168
-163.05
-34.5568
-7.17461
-1.38675
-220.96
-56.2406
-11.0174
-2.02842
-0.233001
-141.885
-28.3416
-3.90477
-2.36086
-0.0498739
-53.5009
-168.23
-282.481
-373.27
-380.663
-201.147
294.938
1188.72
2369.64
3282.56
3038.79
1275.71
-47.5234
-39.4153
-29.2653
-17.93
-6.0301
-149.393
-123.872
-91.9596
-56.3393
-18.9481
-250.313
-207.03
-153.312
-93.7504
-31.4993
-329.654
-271.587
-200.358
-122.173
-40.9902
-334.626
-274.227
-201.303
-122.312
-40.9663
-175.727
-143.027
-104.349
-63.1411
-21.1105
255.575
206.241
149.386
90.0016
30.0494
1019.19
813.869
584.768
350.907
117.138
2003.95
1580.37
1125.94
673.819
225.475
2730.06
2123.81
1501.39
898.084
302.448
2489.75
1915.23
1346.71
806.7
273.805
1040.71
799.747
563.758
339.437
115.95
59.7717
176.246
293.407
386.595
393.119
206.573
-300.193
-1198.2
-2363.96
-3245.8
-2977.38
-1207.71
53.2436
44.3189
33.0356
20.3071
6.8425
156.713
130.157
96.7989
59.3938
19.9927
260.313
215.635
159.953
97.9496
32.9367
341.889
282.154
208.543
127.363
42.7693
346.12
284.212
209.078
127.262
42.667
180.784
147.468
107.842
65.3828
21.884
-260.593
-210.761
-153.024
-92.3754
-30.8763
-1028.9
-823.212
-592.709
-356.293
-119.056
-2000.81
-1579.58
-1126.73
-675.031
-226.046
-2697.76
-2097.11
-1481.59
-886.017
-298.441
-2430.82
-1861.88
-1303.59
-778.474
-263.953
-971.171
-733.248
-507.532
-301.347
-102.342
458.984
0
973.055
400.633
325.789
237.504
143.64
48.017
0
0
0
0
0
821.172
645.543
457.776
272.291
90.5473
11403.2
8297.85
3165.41
14406.7
10540.1
3921.93
17954.6
12602
4554.69
22317.3
14202.6
5081.34
-2706.66
-226.834
-1771.8
-116.571
11878.3
8456.86
9794.04
6613.47
6779.57
5065.84
5522.35
3108.81
880.873
4065.69
2133.91
607.686
3184.04
1606.96
474.414
309.906
139.609
15.232
-11.251
260.337
139.204
48.8931
19.79
8.16586
3.55611
1.39589
0.538067
0.249874
11.2506
4.69705
1.84966
0.721538
0.339422
-558.604
-466.092
-360.271
-250.253
-146.006
-47.9514
-19.815
-63.5244
-110.416
-152.039
-213.062
-301.498
-17.6884
-14.7598
-11.028
-6.79058
-2.29005
-56.6739
-47.2578
-35.2847
-21.7152
-7.32114
-98.307
-81.7682
-60.8928
-37.3969
-12.5936
-134.924
-111.778
-82.9015
-50.748
-17.0595
-188.283
-155.194
-114.513
-69.8185
-23.4199
-264.747
-216.59
-158.638
-96.1785
-32.1679
13615
10982.6
14918.5
13559.1
17538.9
16664.1
7869.15
4776.29
1476.39
11350.5
7590.05
2586.71
14539.9
9915.35
3404.68
-7250.65
-3252
-9156.56
-3996.51
-12050.1
-5003.7
-16065.3
-6022.61
2538.05
723.94
1485.23
591.819
70.9919
49.3141
72.2571
50.3861
183.437
102.95
65.0566
30.8567
6.89992
2.5762
1.00524
0.40022
0.193485
9.86799
4.0546
1.61293
0.639826
0.306202
21.8914
66.8724
116.494
161.869
218.152
326.036
19.5761
16.3715
12.262
7.56608
2.5546
59.7178
49.8568
37.2746
22.9657
7.74769
103.834
86.4874
64.5061
39.6673
13.368
143.877
119.437
88.776
54.4443
18.3213
193.245
159.769
118.276
72.3113
24.2943
287.444
236.344
174.037
105.984
35.5364
707.705
605.989
483.045
346.233
207.163
68.9796
)
;
    }
    patch2
    {
        type            calculated;
        value           nonuniform List<scalar> 
348
(
-16.269
-16.2683
403.129
144.625
0.274095
123.176
-322.825
-117.053
28.8833
-81.9474
403.053
144.604
0.274126
123.157
-322.772
-117.037
28.8809
-81.9337
308.581
112.056
60.1628
5.25863
-10.7792
-12.3753
21.7786
2440.54
551.056
505.226
308.397
71.6532
84.9004
297.587
40.2601
34.2743
35.6004
-5.59925
1450.78
406.696
211.987
135.656
297.032
201.399
73.8984
124.961
-27.3844
4.64907
99.8648
88.366
1176.17
321.529
508.449
241.574
304.897
-2.96955
-9.17139
-14.5162
-17.3775
-13.546
6.76521
-5.45483
-16.8645
-26.8571
-32.2804
-27.1659
-3.04312
-2.1588
-2.04207
-6.44346
-6.2328
-9.23459
-9.49064
-8.0074
-9.33647
-4.78787
-8.81431
3.46837
-4.0152
60.8666
136.237
224.047
157.073
130.715
52.6154
47.202
123.456
206.383
244.324
201.874
82.662
3.45283
9.78906
15.4127
18.7372
15.6411
-3.29729
6.26209
17.8605
28.1669
33.8816
28.8739
4.74959
2.48873
2.30355
6.88298
6.62202
9.87809
10.1165
8.91544
10.1613
6.47249
9.01636
1.03726
5.84582
-55.5001
-128.261
-210.547
-138.333
-111.507
-34.492
-45.2212
-120.592
-200.78
-235.084
-189.611
-68.7663
-261.235
-83.9103
-47.1449
5.26047
23.1911
28.9213
-2.75885
-2541.1
-355.905
-401.728
-137.918
-26.7307
-303.627
15.8255
109.555
43.6746
-1428.51
-318.151
-123.208
-91.7335
-276.757
-147.086
-52.919
-99.9306
78.2423
30.0432
-67.6393
-53.92
-1145.45
-294.406
-424.844
-202.436
-273.618
308.567
112.058
60.155
5.25851
-10.7775
-12.3733
21.776
2439.93
550.913
505.107
308.318
71.6325
84.8834
297.523
40.2463
34.2657
35.5897
-5.59914
1450.46
406.613
211.948
135.633
296.978
201.37
73.8887
124.942
-27.3814
4.64808
99.8475
88.352
1175.95
321.486
508.373
241.542
304.852
-2.96918
-9.17008
-14.5141
-17.375
-13.5439
6.76461
-5.45413
-16.8622
-26.8533
-32.2758
-27.162
-3.04252
-2.15853
-2.04181
-6.44253
-6.23189
-9.23322
-9.48923
-8.00617
-9.33507
-4.78701
-8.81296
3.4682
-4.01449
60.8587
136.219
224.017
157.056
130.706
52.6183
47.1958
123.439
206.356
244.294
201.851
82.6564
3.45223
9.78752
15.4104
18.7344
15.6388
-3.29712
6.26107
17.8579
28.1628
33.8768
28.8699
4.74881
2.48828
2.30314
6.88186
6.62096
9.87654
10.1149
8.91403
10.1598
6.47143
9.01505
1.03695
5.84499
-55.4931
-128.244
-210.519
-138.311
-111.486
-34.479
-45.2156
-120.576
-200.754
-235.052
-189.583
-68.7522
-261.151
-83.8797
-47.1387
5.26003
23.1884
28.9179
-2.75757
-2540.84
-355.85
-401.675
-137.9
-26.7236
-303.597
15.8265
109.55
43.6711
-1428.32
-318.101
-123.186
-91.719
-276.724
-147.062
-52.9106
-99.917
78.2358
30.0411
-67.6298
-53.9115
-1145.26
-294.353
-424.759
-202.4
-273.58
1690.42
475.853
127.755
1780.7
528.167
148.03
1913.43
595.246
152.453
2048.47
637.081
132.556
2237.38
622.298
162.591
-2697.62
-256.024
-2684.67
-279.29
-2499.01
-205.882
-2376.33
-300.858
-2473.81
-341.492
1690.56
477.468
128.103
1779.95
527.738
148.037
1912.96
595.017
152.405
2047.93
636.89
132.507
2236.78
622.132
162.548
-2696.85
-256.653
-2682.73
-278.126
-2498.88
-205.678
-2376.22
-300.795
-2473.63
-341.455
)
;
    }
    patch3
    {
        type            calculated;
        value           nonuniform List<scalar> 
96
(
-26.0868
-80.3833
-127.762
-153.549
-118.096
74.9866
-48.4661
-149.744
-240.438
-292.404
-248.645
-22.1307
607.363
1394.9
2377.42
1692.11
1478.31
570.177
471.471
1255.63
2154.03
2609.27
2183.65
874.465
29.8475
85.1909
134.756
164.229
134.778
-46.3411
54.6991
157.398
250.438
304.56
261.685
35.9029
-560.868
-1324.34
-2264
-1575.55
-1387.75
-501.242
-453.746
-1228.94
-2107.25
-2546.16
-2115.31
-806.071
-26.084
-80.373
-127.745
-153.529
-118.079
74.9826
-48.4608
-149.725
-240.408
-292.368
-248.614
-22.1258
607.304
1394.77
2377.21
1691.98
1478.19
570.131
471.424
1255.51
2153.83
2609.04
2183.46
874.391
29.8425
85.1782
134.737
164.206
134.758
-46.3408
54.6905
157.376
250.404
304.52
261.652
35.896
-560.814
-1324.22
-2263.79
-1575.42
-1387.63
-501.201
-453.702
-1228.82
-2107.05
-2545.94
-2115.13
-806.003
)
;
    }
    patch4
    {
        type            calculated;
        value           nonuniform List<scalar> 
384
(
41643.3
42782.2
43724.6
78199.8
113682
71301.5
56327.3
51142.2
-76219.4
-62351.2
-95611.4
-121302
40665.4
42824.4
43767
78230.8
113724
71330.9
56337.7
49921.4
-75379.9
-62515.7
-95777.5
-120420
47588.5
14533.6
70537
22058.9
-56558.1
-17480.6
-78663.1
-25184.1
47602.4
14536
70552.9
22062.7
-56610
-17493
-78706.8
-25195.2
32940.2
11316.2
-40842.8
-13568.3
16707.2
6616.72
5737.87
2213.73
-21708.4
-8346.15
-7501.25
-2848.49
-40797.6
-13557.8
32964.1
11320.9
30856.1
22235.1
29773.3
21663.5
33576.2
10941.6
15308.8
5854.7
13737.9
5081.73
-55735.6
-40500.7
-46680.9
-34967.3
-41902.8
-13789.3
-25524.8
-9181.37
-21022.6
-7429.47
30130.2
21746.3
29852.6
21738.9
33595.7
10945.4
14987.4
5732.86
13791.3
5101.27
-55034.4
-39984.2
-46814.1
-35070.9
-41947.4
-13801.1
-25194.7
-9054.04
-21090.1
-7453.9
-21683.3
-8337.05
-7494.34
-2845.97
16722.8
6623.03
5741.5
2215.23
32760.9
22551.2
-31285.9
-22043.1
32761.3
22552
-31285.9
-22043.6
4920.57
5144.88
5782.34
4931.82
7588.81
4817.99
5540.73
1807.79
5396.26
8990.41
9980.97
15757.6
2984.78
5002.73
1201.09
1753.16
-7396.29
-8184.83
-7742
-7117.26
-8918.33
-6282.52
-6898.75
-2397.53
-6163.04
-9286.03
-10518
-15854.9
-3646.55
-5312.06
-1753.86
-2044.37
4878.43
5062.59
5783.5
4939.59
7589.26
4821.25
5545.57
1808.99
5397.1
8990.87
9981.53
15758.2
2985.62
5003.02
1201.24
1753.18
-7377.43
-8119.57
-7740.71
-7126.52
-8916.89
-6286.37
-6905.63
-2399.69
-6163.94
-9286.58
-10517.9
-15855.4
-3647.96
-5312.58
-1754.62
-2044.65
9389.05
27712.1
11370.7
28620.5
14257.9
27303.7
16230.3
-10700.6
-26911.9
-12323.4
-27462.3
-14678
-25976.5
-16552.4
9339.53
27714.1
11376.5
28616.5
14259.4
27303
16231.6
-10672.4
-26935
-12327.2
-27458.3
-14677.7
-25975.9
-16552.8
23049.4
22346.2
20854.7
18449
14790.3
7052.28
10525.3
4126.29
1374.24
-22696.4
-21978.7
-20482.5
-18124.4
-14596.9
-7073.1
-10485.6
-4156.12
-1400.07
22980.8
22345.8
20856.7
18449.3
14790.5
7052.55
10525.6
4126.45
1374.29
-22633.2
-21980.2
-20485.6
-18125.3
-14597.4
-7073.43
-10486
-4156.32
-1400.15
5077.1
4904.71
4566.19
4030.95
3235.3
1614.99
2362
955.949
319.624
-5006.18
-4835.2
-4501.9
-3980.05
-3207.23
-1618.63
-2356.11
-961.324
-324.355
5054.68
4903.83
4566.54
4030.94
3235.3
1615.04
2362.04
955.982
319.634
-4984.38
-4834.6
-4502.45
-3980.17
-3207.3
-1618.69
-2356.19
-961.365
-324.37
1192.65
1151.04
1071.7
948.119
765.934
392.277
567.048
233.821
78.419
-1182.29
-1141.14
-1062.97
-941.701
-762.884
-393.373
-566.947
-235.026
-79.4223
1187.02
1150.67
1071.7
948.075
765.915
392.283
567.048
233.827
78.4209
-1176.74
-1140.82
-1063.01
-941.685
-762.881
-393.384
-566.956
-235.034
-79.4255
284.977
275.072
256.581
227.877
185.403
96.7485
138.592
58.0694
19.5579
-284.109
-274.269
-255.928
-227.508
-185.406
-97.104
-138.88
-58.3697
-19.7877
283.603
274.956
256.563
227.855
185.392
96.7486
138.589
58.0701
19.5581
-282.741
-274.16
-255.916
-227.491
-185.398
-97.1051
-138.879
-58.3709
-19.7883
81.9165
79.3638
74.3598
66.4151
54.468
29.0157
41.1521
17.5436
5.93491
-82.0727
-79.5195
-74.5156
-66.5794
-54.6364
-29.1409
-41.309
-17.6329
-5.99817
81.5101
79.3234
74.3491
66.4049
54.4625
29.015
41.1499
17.5435
5.93489
-81.666
-79.4802
-74.5062
-66.5703
-54.6317
-29.1405
-41.3073
-17.6328
-5.99821
)
;
    }
}


// ************************************************************************* //
