/*--------------------------------*- C++ -*----------------------------------*\
| =========                 |                                                 |
| \\      /  F ield         | OpenFOAM: The Open Source CFD Toolbox           |
|  \\    /   O peration     | Version:  2306                                  |
|   \\  /    A nd           | Website:  www.openfoam.com                      |
|    \\/     M anipulation  |                                                 |
\*---------------------------------------------------------------------------*/
FoamFile
{
    version     2.0;
    format      ascii;
    arch        "LSB;label=32;scalar=64";
    class       volScalarField;
    location    "0.3";
    object      gradTz;
}
// * * * * * * * * * * * * * * * * * * * * * * * * * * * * * * * * * * * * * //

dimensions      [0 -1 0 1 0 0 0];

internalField   nonuniform List<scalar> 
5322
(
-0.837055
-0.825814
-0.804939
-0.872007
-0.809954
-0.755941
-0.709005
-0.669985
-0.640031
-0.62188
-0.60125
-0.598087
-0.448686
-0.619359
-0.677873
-0.542975
-0.641485
-0.481958
-0.681778
-0.695168
-0.711434
-0.720396
-0.738264
-0.758854
-0.781506
-0.797816
-0.825297
-0.853395
-0.884909
-0.907571
-0.941655
-0.972655
-1.002
-1.01442
-0.995846
-0.836171
-0.9634
-0.971319
-1.00206
-0.715279
-0.930803
-0.960688
-0.702053
-0.961772
-0.952266
-0.713991
-0.975347
-0.921114
-0.705221
-0.955827
-1.07782
-0.758703
-1.04176
-0.959556
-0.885353
-0.91095
-1.0963
-0.895723
-0.892215
-0.910853
-1.10903
-0.907782
-0.892404
-0.888456
-1.10853
-0.938958
-0.888546
-0.844228
-1.084
-0.998685
-0.737248
-1.12999
-1.07594
-1.06042
-1.07132
-1.06614
-1.06552
-1.0621
-1.0769
-1.02224
-0.979029
-0.764805
-0.792888
-1.05454
-0.707228
-0.94952
-1.31319
-0.818753
-0.833113
-0.740024
-0.928766
-0.776587
-0.819021
-0.814023
-1.00531
-0.897607
-0.881
-0.910205
-1.33606
-0.796139
-0.803754
-0.751574
-0.917211
-0.993766
-1.08224
-0.855624
-0.905124
-0.877177
-0.817948
-0.766367
-0.719491
-0.678969
-0.645859
-0.624419
-0.702304
-0.690677
-0.484043
-0.524084
-0.700927
-0.577339
-0.511087
-0.620742
-0.612043
-0.861746
-0.642215
-0.843829
-0.606233
-0.633014
-0.829373
-0.603729
-0.6196
-0.836885
-0.613092
-0.608081
-0.840704
-0.621728
-0.611822
-0.863192
-0.642751
-0.84398
-0.607798
-0.512856
-0.577441
-0.516778
-0.484961
-0.701053
-0.524143
-0.520511
-0.478583
-0.48177
-0.699921
-0.521224
-0.519218
-0.478896
-0.482857
-0.699716
-0.522224
-0.51651
-0.512639
-0.677807
-0.542206
-0.642363
-0.753279
-0.744307
-0.469101
-0.681981
-0.482042
-0.650687
-0.444019
-0.600068
-0.620145
-0.57616
-0.599077
-0.693216
-0.57203
-0.710273
-0.705239
-0.688882
-0.572041
-0.687734
-0.715009
-0.716401
-0.722927
-0.598934
-0.723794
-0.742479
-0.743356
-0.758798
-0.627844
-0.759542
-0.781759
-0.782399
-0.80245
-0.663555
-0.803546
-0.830334
-0.831405
-0.853417
-0.706301
-0.855237
-0.887164
-0.889123
-0.910564
-0.754979
-0.913266
-0.949135
-0.952308
-0.973262
-0.805352
-0.977274
-0.998061
-1.00115
-0.908278
-1.33659
-0.79627
-0.793558
-0.754101
-1.05283
-1.05007
-0.819082
-0.814448
-1.0025
-0.904828
-0.871007
-0.917363
-1.33288
-0.800802
-0.793192
-0.755621
-0.904848
-0.999218
-0.88058
-0.88793
-0.875627
-0.817902
-0.766827
-0.719886
-0.679212
-0.645974
-0.624429
-0.702301
-0.690877
-0.481979
-0.480533
-0.480162
-0.481931
-0.699632
-0.519174
-0.522048
-0.524395
-0.619465
-0.872093
-0.519317
-0.699672
-0.521912
-0.867179
-0.631184
-0.826662
-0.603338
-0.524534
-0.619418
-0.826835
-0.441801
-0.594299
-0.572382
-0.571721
-0.599268
-0.704751
-0.689015
-0.716022
-0.722964
-0.743209
-0.758743
-0.782419
-0.802421
-0.831611
-0.853379
-0.889671
-0.910305
-0.953483
-0.972261
-1.00762
-0.896838
-1.33637
-0.913841
-0.880731
-0.995788
-0.979707
-0.805822
-0.948913
-0.914475
-0.755379
-0.887621
-0.855717
-0.706576
-0.830902
-0.803657
-0.663712
-0.782299
-0.759436
-0.627916
-0.743147
-0.723398
-0.598942
-0.71602
-0.687008
-0.571893
-0.711245
-0.580763
-0.710468
-0.687759
-0.571903
-0.705462
-0.599139
-0.693089
-0.574942
-0.447149
-0.621529
-0.543139
-0.713433
-0.690257
-0.714693
-0.726978
-0.742888
-0.76141
-0.783216
-0.804555
-0.833077
-0.855331
-0.892941
-0.909474
-0.960689
-0.963455
-1.01104
-0.902063
-1.31825
-0.954201
-0.850088
-1.07633
-1.05396
-0.780625
-1.02229
-0.981219
-0.731793
-0.953468
-0.915968
-0.683557
-0.89041
-0.859563
-0.64178
-0.837972
-0.813195
-0.607465
-0.795941
-0.776218
-0.580271
-0.76711
-0.744547
-0.554965
-0.753159
-0.642264
-0.677632
-0.599901
-0.633087
-0.553011
-0.652784
-0.442787
-0.505417
-0.576678
-0.529753
-0.729874
-0.718731
-0.692596
-0.688118
-0.570379
-0.70553
-0.715907
-0.551366
-0.695905
-0.613093
-0.585218
-0.574984
-0.84175
-0.677805
-0.642668
-0.864552
-0.623863
-0.581925
-0.592174
-0.575536
-0.711216
-0.687016
-0.585949
-0.716525
-0.723402
-0.743531
-0.759457
-0.635028
-0.782933
-0.803214
-0.832171
-0.85418
-0.7157
-0.890024
-0.910958
-0.952733
-0.973965
-0.81516
-0.81978
-0.767589
-0.767834
-0.719521
-0.71718
-0.893234
-0.91123
-0.754275
-0.91948
-0.94336
-0.958368
-0.96897
-0.803276
-0.988328
-0.983206
-1.09875
-0.869563
-1.31658
-0.812749
-0.775523
-0.775212
-1.01766
-0.772371
-0.69138
-0.995278
-0.65343
-0.926409
-0.922734
-0.607482
-0.880063
-0.856052
-0.566575
-0.82971
-0.803728
-0.532384
-0.778765
-0.754984
-0.504586
-0.741977
-0.720519
-0.483763
-0.710486
-0.691356
-0.468738
-0.685318
-0.522638
-0.503801
-0.630709
-0.553262
-0.620236
-0.653768
-0.729274
-0.750276
-0.760613
-0.783453
-0.759812
-0.761499
-0.626573
-0.744799
-0.744359
-0.726125
-0.598058
-0.723787
-0.606666
-0.574437
-0.555223
-0.493154
-0.575942
-0.557903
-0.535097
-0.624419
-0.620689
-0.60087
-0.601519
-0.465655
-0.759591
-0.421023
-0.567083
-0.604808
-0.597152
-0.617851
-0.648163
-0.639024
-0.669124
-0.681968
-0.64532
-0.680632
-0.605074
-0.689387
-0.711963
-0.80434
-0.826331
-0.856435
-0.877712
-0.857544
-0.855899
-0.705285
-0.83197
-0.833969
-0.804993
-0.662276
-0.8045
-0.673822
-0.639262
-0.603136
-0.535474
-0.625758
-0.618267
-0.591784
-0.595643
-0.575201
-0.552153
-0.656138
-0.578486
-0.510248
-0.631556
-0.624035
-0.603526
-0.598551
-0.565714
-0.548279
-0.548771
-0.48081
-0.60614
-0.598528
-0.688647
-0.584992
-0.71656
-0.715405
-0.723955
-0.599051
-0.722795
-0.604357
-0.74352
-0.742875
-0.759611
-0.628103
-0.759016
-0.633722
-0.78248
-0.782628
-0.803224
-0.664018
-0.803298
-0.670878
-0.83127
-0.832156
-0.854118
-0.707031
-0.855297
-0.714308
-0.888009
-0.890668
-0.910352
-0.755875
-0.914216
-0.762563
-0.948243
-0.954754
-0.971805
-0.805656
-0.979051
-0.811679
-0.995566
-1.00506
-0.906948
-0.879159
-0.907168
-0.759163
-0.796965
-0.766669
-0.716186
-1.01278
-0.705948
-0.941638
-0.75797
-0.726091
-0.931221
-0.948895
-0.811804
-0.859283
-0.861376
-0.838307
-0.824143
-0.807908
-0.754973
-0.772766
-0.727087
-0.72361
-0.708341
-0.70324
-0.665217
-0.636058
-0.618257
-0.597349
-0.59305
-0.44977
-0.615105
-0.544402
-0.568261
-0.570992
-0.579875
-0.599169
-0.694853
-0.523321
-0.644709
-0.635738
-0.642446
-0.652799
-0.511529
-0.642639
-0.643928
-0.641028
-0.695507
-0.470808
-0.473953
-0.47312
-0.47229
-0.47078
-0.469045
-0.70043
-0.472367
-0.471796
-0.471959
-0.700481
-0.473151
-0.69958
-0.705429
-0.703815
-0.623921
-0.622739
-0.578855
-0.584423
-0.605102
-0.635748
-0.673699
-0.717766
-0.681151
-0.60566
-0.70588
-0.697069
-0.666497
-0.781457
-0.805978
-0.923008
-0.924646
-1.01027
-0.789545
-0.838307
-0.70059
-0.845352
-0.733304
-0.780311
-0.795692
-0.748397
-0.799578
-0.857922
-0.94634
-0.9367
-0.928041
-0.853347
-0.808725
-0.826537
-0.875906
-0.706118
-0.783496
-1.08267
-0.979397
-1.00249
-1.03059
-0.674296
-0.846886
-0.891654
-1.05919
-0.697176
-0.880255
-0.89622
-1.06429
-0.700041
-0.869222
-0.907052
-1.06093
-0.714388
-0.85982
-0.962334
-1.32097
-1.0067
-0.983125
-1.23953
-1.20623
-0.974175
-0.729
-1.04184
-0.960312
-0.884927
-0.909072
-0.922983
-0.705567
-0.954182
-1.07833
-0.7585
-0.979683
-0.765241
-0.793588
-1.0549
-0.97055
-0.769928
-0.990234
-0.931126
-0.736691
-0.917151
-0.879395
-0.689957
-0.854547
-0.826351
-0.648244
-0.801038
-0.779161
-0.61136
-0.757314
-0.739897
-0.583178
-0.72186
-0.710603
-0.5523
-0.695581
-0.681579
-0.526183
-0.650987
-0.550163
-0.632245
-0.599153
-0.642033
-0.753434
-0.744159
-0.554966
-0.714763
-0.542007
-0.677893
-0.621241
-0.447227
-0.574198
-0.594691
-0.693234
-0.569203
-0.59693
-0.602527
-0.622498
-0.640172
-0.641682
-0.671552
-0.710258
-0.663067
-0.642822
-0.616847
-0.735876
-0.760999
-0.681609
-0.639162
-0.681989
-0.693544
-0.783355
-0.78419
-0.636272
-0.75929
-0.782016
-0.664138
-0.803447
-0.830706
-0.707053
-0.855238
-0.887498
-0.755646
-0.913206
-0.948769
-0.805312
-0.975526
-0.848242
-0.857121
-0.897765
-0.902037
-0.862356
-0.80068
-0.748961
-0.703785
-0.66591
-0.636795
-0.619027
-0.599257
-0.595016
-0.447078
-0.594682
-0.5689
-0.597442
-0.601669
-0.622107
-0.639882
-0.669436
-0.707721
-0.753191
-0.80509
-0.865194
-0.961909
-0.956096
-0.724404
-1.32123
-0.987868
-0.947913
-0.897262
-1.06416
-0.70115
-0.702926
-0.767385
-1.10595
-0.731238
-0.742326
-0.75673
-1.1122
-0.734577
-0.745629
-0.750691
-1.10838
-0.75164
-0.764615
-0.833912
-1.40179
-1.01986
-0.995456
-1.0001
-0.99123
-0.824449
-0.786551
-0.837121
-1.39661
-0.828055
-0.839002
-1.1083
-0.90921
-0.891875
-0.887406
-0.966435
-0.701576
-0.956523
-0.957185
-0.715524
-0.971644
-0.898136
-0.891699
-0.907637
-1.06709
-1.06351
-1.07294
-1.05851
-0.892506
-0.855685
-0.931526
-1.11012
-0.93775
-0.722224
-0.99664
-0.875081
-0.721338
-1.1945
-0.654225
-0.887265
-0.766278
-0.925691
-0.904587
-0.742442
-0.893461
-0.857602
-0.713732
-0.830117
-0.80959
-0.654204
-0.78219
-0.753311
-0.62881
-0.728856
-0.715887
-0.578095
-0.694945
-0.674723
-0.56385
-0.65601
-0.653996
-0.528637
-0.626765
-0.624427
-0.505015
-0.576992
-0.419431
-0.756883
-0.544811
-0.466083
-0.862798
-0.612214
-0.642286
-0.842842
-0.607088
-0.631837
-0.828365
-0.602876
-0.62042
-0.836723
-0.614595
-0.606388
-0.840126
-0.451052
-0.579189
-0.695143
-0.573725
-0.581038
-0.709604
-0.571888
-0.687686
-0.687987
-0.584931
-0.71486
-0.580157
-0.725999
-0.775911
-0.510391
-0.795892
-0.503932
-0.812295
-0.53524
-0.836426
-0.531349
-0.859256
-0.566941
-0.887793
-0.564882
-0.91452
-0.604344
-0.946688
-0.603492
-0.978762
-0.64691
-1.01261
-0.646553
-1.05038
-0.693497
-1.07284
-0.689704
-0.812316
-1.02361
-0.999809
-0.826824
-1.00548
-0.772327
-0.97318
-0.944601
-0.769395
-0.939924
-0.72267
-0.908893
-0.884669
-0.71874
-0.878755
-0.676795
-0.852611
-0.829728
-0.674026
-0.826524
-0.636662
-0.802413
-0.782399
-0.636586
-0.781246
-0.603594
-0.762794
-0.744282
-0.607063
-0.7479
-0.577565
-0.732114
-0.717875
-0.588373
-0.714261
-0.553068
-0.733503
-0.705248
-0.585236
-0.527435
-0.504881
-0.443278
-0.600013
-0.633017
-0.550213
-0.65112
-0.524678
-0.547042
-0.549799
-0.566954
-0.569547
-0.593013
-0.693452
-0.572207
-0.597794
-0.578825
-0.713433
-0.555189
-0.743942
-0.493279
-0.766893
-0.483312
-0.632082
-0.607175
-0.599785
-0.705893
-0.622765
-0.866446
-0.522004
-0.699631
-0.519447
-0.523696
-0.643925
-0.64018
-0.635183
-0.640632
-0.644398
-0.871819
-0.62354
-0.580951
-0.5852
-0.585971
-0.587474
-0.717427
-0.718311
-0.58815
-0.627352
-0.604056
-0.600376
-0.705152
-0.572217
-0.688909
-0.715359
-0.599175
-0.723364
-0.742874
-0.628241
-0.680683
-0.606619
-0.606932
-0.63732
-0.675336
-0.673491
-0.67515
-0.637187
-0.606316
-0.605671
-0.605119
-0.584504
-0.585024
-0.688993
-0.715405
-0.766684
-0.775926
-0.795509
-0.812235
-0.504162
-0.740579
-0.510096
-0.721947
-0.483514
-0.711449
-0.49319
-0.695695
-0.551541
-0.529729
-0.652268
-0.577709
-0.657824
-0.747088
-0.607074
-0.74394
-0.625643
-0.759492
-0.760601
-0.636381
-0.780885
-0.662662
-0.80285
-0.80319
-0.672609
-0.828397
-0.704088
-0.855049
-0.855172
-0.715755
-0.885058
-0.726908
-0.914659
-0.94589
-0.776441
-0.98137
-0.991964
-0.818752
-0.908763
-0.879092
-0.818532
-0.766461
-0.719501
-0.678992
-0.645885
-0.624466
-0.702295
-0.690492
-0.482309
-0.47846
-0.48112
-0.52099
-0.871201
-0.623633
-0.623996
-0.863639
-0.520686
-0.522896
-0.645171
-0.64249
-0.678065
-0.642059
-0.866979
-0.622641
-0.578788
-0.714184
-0.555439
-0.615211
-0.603709
-0.703913
-0.695336
-0.471853
-0.470307
-0.700474
-0.468674
-0.478137
-0.699809
-0.604013
-0.585899
-0.555293
-0.57487
-0.840635
-0.734826
-0.585518
-0.704257
-0.570237
-0.693379
-0.686645
-0.587388
-0.715
-0.598801
-0.722602
-0.605712
-0.742092
-0.62728
-0.759209
-0.758581
-0.634009
-0.781725
-0.640558
-0.804031
-0.8297
-0.680871
-0.855712
-0.717583
-0.673435
-0.635667
-0.605137
-0.584501
-0.603637
-0.703861
-0.695192
-0.590768
-0.626433
-0.604098
-0.615185
-0.603519
-0.590748
-0.62629
-0.584929
-0.585855
-0.606035
-0.605429
-0.636905
-0.634808
-0.669612
-0.707908
-0.753549
-0.756019
-0.807938
-0.750249
-0.733803
-0.791655
-0.847113
-0.702329
-0.985194
-0.734375
-1.35392
-0.969498
-0.948491
-0.930594
-1.0997
-0.983642
-1.02598
-0.978703
-1.34476
-0.955997
-0.946411
-0.895973
-1.05958
-0.699428
-0.712649
-0.774955
-1.09987
-0.728132
-0.753954
-0.766977
-1.10595
-0.731436
-0.755064
-0.763161
-1.10212
-0.750012
-0.769401
-1.09449
-0.905256
-0.819153
-0.814293
-0.97886
-1.04369
-0.779934
-1.02172
-0.649871
-0.778388
-0.98818
-0.767424
-0.937346
-0.990108
-0.822213
-0.981943
-1.06085
-0.978952
-0.910225
-0.738013
-0.861785
-0.811756
-1.02202
-1.07791
-1.06034
-0.996734
-0.823948
-0.987754
-0.843598
-0.99271
-0.823507
-0.987841
-0.84431
-0.993696
-0.825849
-0.988442
-1.07944
-1.0551
-0.892914
-0.80365
-0.958679
-1.11245
-0.821183
-1.00274
-1.01945
-0.979914
-0.838371
-0.827921
-0.833199
-1.38856
-0.834984
-0.922292
-1.33474
-1.02503
-0.984285
-0.820905
-0.82433
-1.09358
-0.762279
-0.761076
-1.08824
-0.891506
-0.880993
-0.877309
-0.818094
-0.766508
-0.719598
-0.679049
-0.645906
-0.62445
-0.702321
-0.690693
-0.468667
-0.470659
-0.638785
-0.635168
-0.642181
-0.826477
-0.63138
-0.512559
-0.516642
-0.577198
-0.524152
-0.511307
-0.612099
-0.863117
-0.642372
-0.840544
-0.606868
-0.84245
-0.678111
-0.653343
-0.642654
-0.863904
-0.520752
-0.5211
-0.699892
-0.479964
-0.479661
-0.521209
-0.520666
-0.522514
-0.615428
-0.847708
-0.615783
-0.870851
-0.623275
-0.623838
-0.574923
-0.482342
-0.548209
-0.548011
-0.567237
-0.598516
-0.603171
-0.624025
-0.641944
-0.671702
-0.710226
-0.755968
-0.808101
-0.805835
-0.867726
-0.867434
-0.953354
-0.729444
-0.790024
-0.794372
-1.337
-0.921695
-0.957142
-0.987098
-1.31766
-0.721872
-0.792894
-0.79521
-0.734552
-0.803737
-0.818163
-1.31336
-0.919674
-0.949512
-0.740434
-0.833188
-0.92846
-0.836879
-0.799893
-0.868137
-0.963522
-0.961051
-0.897507
-0.897751
-0.865387
-0.801298
-0.744038
-0.69719
-0.659866
-0.649566
-0.620574
-0.620431
-0.598643
-0.606602
-0.576279
-0.59669
-0.626021
-0.662791
-0.705635
-0.75234
-0.858442
-0.845294
-0.846375
-0.786838
-0.733004
-0.687106
-0.686673
-0.649286
-0.658975
-0.630981
-0.715894
-0.766776
-0.775818
-0.795679
-0.8122
-0.606867
-0.743356
-0.725759
-0.579925
-0.65879
-0.584421
-0.585009
-0.688645
-0.622862
-0.866627
-0.60334
-0.578936
-0.603514
-0.615223
-0.700909
-0.484148
-0.479021
-0.645797
-0.639745
-0.644589
-0.638536
-0.468254
-0.700531
-0.63878
-0.643488
-0.524096
-0.653373
-0.639033
-0.634704
-0.641929
-0.643778
-0.678172
-0.642454
-0.64402
-0.645959
-0.65378
-0.483475
-0.524319
-0.577105
-0.70083
-0.516907
-0.512278
-0.615251
-0.604223
-0.703971
-0.695019
-0.590775
-0.604232
-0.586027
-0.555329
-0.493346
-0.574484
-0.510317
-0.605034
-0.604448
-0.635578
-0.633717
-0.760698
-0.782585
-0.837189
-0.858252
-0.889411
-0.912859
-0.682086
-0.831035
-0.804489
-0.640877
-0.728678
-0.603003
-0.535211
-0.638683
-0.566823
-0.673384
-0.670772
-0.674893
-0.671978
-0.718984
-0.71567
-0.767473
-0.765941
-0.726622
-0.649176
-0.765775
-0.827484
-0.775404
-0.729168
-0.690474
-0.658854
-0.648513
-0.636516
-0.648295
-0.679962
-0.667498
-0.681836
-0.71816
-0.705095
-0.681952
-0.648415
-0.6492
-0.648625
-0.636466
-0.627957
-0.650261
-0.684109
-0.725033
-0.722648
-0.763463
-0.749335
-0.769641
-0.814293
-0.798728
-0.820889
-0.866558
-0.880609
-0.817095
-1.04644
-0.708052
-1.09833
-0.90356
-0.887239
-1.06797
-0.750287
-1.08826
-1.03832
-1.02872
-0.97507
-1.33511
-0.957293
-0.925289
-0.868831
-1.05344
-1.06393
-0.820154
-0.926371
-1.04324
-1.06314
-0.97729
-0.956609
-1.32733
-0.979297
-1.03174
-1.03678
-1.0394
-1.03229
-0.975238
-1.05366
-0.933432
-0.907157
-1.06105
-0.71487
-0.69907
-0.763281
-1.10239
-0.749426
-0.737908
-0.750793
-1.10889
-0.750329
-0.741244
-0.744686
-1.10475
-0.76591
-0.834612
-1.39211
-1.04778
-0.981958
-0.841076
-0.826779
-1.08826
-0.89085
-0.8808
-0.8212
-0.769462
-0.722467
-0.68175
-0.648281
-0.626368
-0.649024
-0.658746
-0.580385
-0.725857
-0.742966
-0.607306
-0.760606
-0.782185
-0.836938
-0.858194
-0.889095
-0.912736
-0.565312
-0.826907
-0.566481
-0.801344
-0.531648
-0.779802
-0.534945
-0.757582
-0.610816
-0.585525
-0.712534
-0.636975
-0.731871
-0.82536
-0.673765
-0.828979
-0.702104
-0.856481
-0.855773
-0.717903
-0.881981
-0.751267
-0.913919
-0.767219
-0.942222
-0.801245
-0.981329
-0.982413
-0.82296
-0.993472
-0.843908
-0.989765
-0.991672
-0.823914
-0.980965
-0.981708
-0.988716
-0.843352
-0.889908
-0.823095
-0.767902
-0.718886
-0.674801
-0.636996
-0.606451
-0.57439
-0.602858
-0.635633
-0.633692
-0.673392
-0.67067
-0.804232
-0.830593
-0.682446
-0.855997
-0.887522
-0.951074
-0.974943
-1.0211
-1.0439
-0.649804
-0.931707
-0.646566
-0.917467
-0.604754
-0.879928
-0.603928
-0.854921
-0.689386
-0.660252
-0.804334
-0.725088
-0.836779
-0.930844
-0.767501
-0.937411
-0.798423
-0.98949
-0.977276
-0.824048
-0.995943
-0.837909
-0.982416
-1.06044
-0.822397
-0.97872
-0.909431
-0.861164
-0.81121
-0.869599
-0.870762
-0.737231
-0.769319
-0.990415
-0.971078
-0.690471
-0.797763
-0.750143
-0.703604
-0.660943
-0.624331
-0.595117
-0.574801
-0.547036
-0.548784
-0.633137
-0.550261
-0.419366
-0.505088
-0.576882
-0.526836
-0.757488
-0.465143
-0.543054
-0.696241
-0.612707
-0.550153
-0.582089
-0.704485
-0.572078
-0.685944
-0.5858
-0.714629
-0.598653
-0.72362
-0.722312
-0.604564
-0.74265
-0.606956
-0.760511
-0.659788
-0.650186
-0.743334
-0.621728
-0.716799
-0.618722
-0.618091
-0.596541
-0.593357
-0.569891
-0.615408
-0.601296
-0.567911
-0.604239
-0.505863
-0.623047
-0.553354
-0.713248
-0.588431
-0.717297
-0.597574
-0.724154
-0.724954
-0.607011
-0.742414
-0.627478
-0.75897
-0.635238
-0.78093
-0.662434
-0.803111
-0.802898
-0.671408
-0.828635
-0.729278
-0.68638
-0.781469
-0.666575
-0.66589
-0.63649
-0.626732
-0.718248
-0.604337
-0.716992
-0.600602
-0.597572
-0.627545
-0.624454
-0.620754
-0.617822
-0.733247
-0.6487
-0.558675
-0.676687
-0.60371
-0.781223
-0.636408
-0.782016
-0.660491
-0.803648
-0.804389
-0.673731
-0.827997
-0.704335
-0.855091
-0.716903
-0.882968
-0.751191
-0.914115
-0.914754
-0.766214
-0.942168
-0.766981
-0.813967
-0.762942
-0.749167
-0.722685
-0.681945
-0.648448
-0.626529
-0.636488
-0.648468
-0.679863
-0.69026
-0.60664
-0.637237
-0.675082
-0.774568
-0.763265
-0.718
-0.705006
-0.667443
-0.68065
-0.649247
-0.599049
-0.716351
-0.58569
-0.715752
-0.723246
-0.605815
-0.742855
-0.74326
-0.722894
-0.723058
-0.6071
-0.742872
-0.744421
-0.725077
-0.71798
-0.587353
-0.715598
-0.68855
-0.686453
-0.687041
-0.687945
-0.587273
-0.717249
-0.71603
-0.599031
-0.722686
-0.607036
-0.743938
-0.743129
-0.627741
-0.758755
-0.636496
-0.782539
-0.781492
-0.781414
-0.781797
-0.635377
-0.759352
-0.759111
-0.627755
-0.759013
-0.636546
-0.781259
-0.783067
-0.760693
-0.626083
-0.744069
-0.763202
-0.606968
-0.724263
-0.597965
-0.717406
-0.733652
-0.588253
-0.693353
-0.686929
-0.716359
-0.581952
-0.705106
-0.572408
-0.711152
-0.58113
-0.71024
-0.572371
-0.705922
-0.581879
-0.715435
-0.687449
-0.692626
-0.570491
-0.604983
-0.594605
-0.592968
-0.452608
-0.613208
-0.582991
-0.597152
-0.598176
-0.450217
-0.591391
-0.572151
-0.581988
-0.613956
-0.452543
-0.843569
-0.621585
-0.60567
-0.522678
-0.695237
-0.591869
-0.573872
-0.574873
-0.590822
-0.551774
-0.611498
-0.696163
-0.510976
-0.621471
-0.843266
-0.606032
-0.863731
-0.623858
-0.586035
-0.585354
-0.606491
-0.637346
-0.718713
-0.662958
-0.803212
-0.672727
-0.828645
-0.829241
-0.828295
-0.83099
-0.673881
-0.803275
-0.80445
-0.661006
-0.782158
-0.80367
-0.636341
-0.759708
-0.781379
-0.604155
-0.677204
-0.692732
-0.586309
-0.713115
-0.732623
-0.621449
-0.756514
-0.780926
-0.661113
-0.805122
-0.837597
-0.704749
-0.847269
-0.825909
-0.821072
-0.772575
-0.769373
-0.723467
-0.721954
-0.680545
-0.681539
-0.644988
-0.649167
-0.559149
-0.658669
-0.747067
-0.578102
-0.652426
-0.628151
-0.530551
-0.624744
-0.618048
-0.597617
-0.623306
-0.553752
-0.734969
-0.585238
-0.7044
-0.57059
-0.605015
-0.599791
-0.601442
-0.465596
-0.544058
-0.757198
-0.419468
-0.577427
-0.505984
-0.604062
-0.567967
-0.505335
-0.527016
-0.61236
-0.551082
-0.696211
-0.569928
-0.592826
-0.594689
-0.616082
-0.619888
-0.638678
-0.668622
-0.707474
-0.673715
-0.82915
-0.853787
-0.825624
-0.803938
-0.692062
-0.655696
-0.627719
-0.624227
-0.634658
-0.663995
-0.70225
-0.735723
-0.702688
-0.855758
-0.71806
-0.882112
-0.886914
-0.882409
-0.914243
-0.717844
-0.85687
-0.877227
-0.678217
-0.565348
-0.741678
-0.732187
-0.785455
-0.796215
-0.88791
-0.951528
-0.975021
-0.647017
-0.726789
-0.680436
-0.60431
-0.717436
-0.714382
-0.856475
-0.76619
-0.763492
-0.914908
-0.729606
-0.826565
-0.719189
-0.768181
-0.88082
-0.867076
-0.81421
-0.798783
-0.749245
-0.763836
-0.769692
-0.772042
-0.769719
-0.722749
-0.718907
-0.718127
-0.680017
-0.667414
-0.680372
-0.69017
-0.728541
-0.641295
-0.697114
-0.660132
-0.650915
-0.652247
-0.655952
-0.622865
-0.621956
-0.599771
-0.607303
-0.566716
-0.632101
-0.69
-0.688301
-0.733752
-0.735842
-0.74009
-0.789197
-0.786899
-0.797271
-0.742781
-0.914062
-0.950414
-0.780228
-0.977467
-0.859438
-0.846598
-0.900642
-0.904674
-0.836066
-0.929791
-1.20695
-1.23894
-0.728912
-0.962043
-1.32123
-1.00643
-0.824673
-0.991022
-1.00196
-0.840217
-0.833349
-1.40388
-1.02606
-0.993666
-1.27363
-1.09546
-1.09676
-1.03638
-1.03795
-0.753539
-1.09036
-0.888717
-0.879187
-0.820945
-0.815032
-0.764218
-0.763336
-0.719183
-0.717387
-0.714165
-0.766092
-0.763209
-0.72654
-0.680201
-0.638487
-0.853299
-0.876902
-0.71787
-0.882269
-0.749179
-0.91811
-0.913156
-0.767988
-0.940114
-0.80091
-0.942883
-0.767959
-0.718906
-0.763489
-0.774375
-0.826341
-0.72994
-0.814229
-0.798707
-0.749178
-0.704956
-0.718397
-0.636962
-0.606163
-0.585084
-0.716948
-0.622476
-0.723042
-0.600471
-0.688759
-0.711927
-0.572004
-0.592441
-0.599006
-0.446084
-0.59433
-0.598522
-0.651199
-0.654598
-0.744455
-0.639431
-0.644679
-0.692053
-0.68101
-0.669366
-0.680169
-0.803237
-0.721358
-0.620681
-0.755805
-0.677588
-0.780116
-0.723023
-0.76872
-0.754827
-0.708257
-0.690849
-0.782975
-0.687576
-0.781787
-0.704294
-0.734395
-0.830795
-0.730599
-0.855028
-0.750571
-0.784096
-0.886578
-0.772122
-0.913712
-0.820421
-0.703867
-0.846489
-0.777767
-0.987669
-0.82554
-0.80826
-0.868625
-0.908283
-0.891012
-0.852913
-0.903876
-0.877505
-0.884784
-0.837997
-0.947927
-0.803902
-0.864916
-0.905876
-0.923432
-0.894692
-0.880373
-0.830628
-0.778874
-0.914498
-0.883718
-0.751726
-0.705128
-0.805529
-0.867168
-0.90904
-0.929063
-0.894976
-0.880064
-0.829731
-0.777585
-0.883077
-0.789283
-0.739513
-0.695935
-0.624159
-0.594992
-0.574586
-0.549835
-0.588732
-0.661212
-0.704437
-0.75329
-0.843672
-0.889782
-0.912957
-0.942916
-0.889237
-0.702188
-0.785205
-0.874251
-0.905904
-0.867492
-0.862767
-0.802215
-0.748577
-0.702053
-0.663629
-0.634264
-0.615781
-0.615
-0.594718
-0.601863
-0.601861
-0.572049
-0.695221
-0.569627
-0.601617
-0.599545
-0.61954
-0.627904
-0.597933
-0.723829
-0.725425
-0.606662
-0.649231
-0.636459
-0.590802
-0.64851
-0.658816
-0.555429
-0.574951
-0.840663
-0.753625
-0.468678
-0.574571
-0.690276
-0.680626
-0.667389
-0.679845
-0.71784
-0.704925
-0.718684
-0.637259
-0.675122
-0.675249
-0.719334
-0.81473
-0.75162
-0.884046
-0.716976
-0.882849
-0.915244
-0.767228
-0.94128
-0.943488
-0.913426
-0.915281
-0.768063
-0.939864
-0.948411
-0.912952
-0.749818
-0.918599
-0.931182
-0.725796
-0.604829
-0.785503
-0.753992
-0.807348
-0.867502
-0.871181
-0.869683
-0.89092
-0.852998
-0.907144
-0.904011
-0.877257
-0.885697
-0.839352
-0.801509
-0.748379
-0.781207
-0.732841
-0.855615
-0.854971
-0.855773
-0.855052
-0.718477
-0.884984
-0.883352
-0.751713
-0.91418
-0.769147
-0.944474
-0.942725
-0.801632
-0.980669
-0.984796
-0.982433
-0.800133
-0.881773
-0.868609
-0.821414
-0.823331
-0.849682
-0.879129
-0.819721
-0.815338
-1.05204
-0.755699
-0.701681
-1.0885
-1.03701
-1.05068
-0.975558
-1.03341
-1.03986
-1.03511
-0.74108
-1.07805
-0.866254
-1.07364
-1.07896
-1.07378
-1.07431
-1.05189
-0.859374
-1.03364
-1.32792
-0.736101
-0.983271
-1.10132
-1.03179
-1.09631
-1.02297
-0.983373
-1.28974
-1.06009
-0.769273
-0.83631
-1.39741
-0.828861
-1.08677
-0.766256
-1.08033
-0.867804
-0.881834
-0.850215
-0.867064
-0.867248
-0.880607
-0.867653
-0.814375
-0.867711
-0.850881
-0.798857
-0.814892
-0.763834
-0.774451
-0.719352
-0.768846
-0.768332
-0.86795
-0.823263
-0.776783
-0.690879
-1.08309
-0.707364
-0.904142
-0.99263
-0.855009
-0.899372
-0.928701
-1.05173
-0.752369
-0.698708
-1.09056
-0.888698
-0.867859
-1.07424
-0.737722
-1.0802
-1.03586
-1.03747
-1.05277
-0.935128
-1.03325
-1.32709
-0.983133
-1.03207
-1.03655
-1.03792
-1.04134
-1.03577
-0.745623
-1.08018
-1.05552
-1.03851
-1.05413
-1.03671
-0.742495
-1.08237
-0.869433
-1.08032
-1.08079
-0.963884
-0.823319
-0.823548
-0.96342
-0.958969
-0.781674
-0.825325
-0.823768
-0.890094
-0.958601
-0.962507
-0.96502
-0.887082
-1.10211
-0.871753
-0.824527
-0.807694
-0.754064
-0.707222
-0.668277
-0.638285
-0.655925
-0.760874
-0.759453
-0.626088
-0.603201
-0.72863
-0.660933
-0.803472
-0.804846
-0.673976
-0.830163
-0.82877
-0.802952
-0.662935
-0.803558
-0.689716
-0.663058
-0.633729
-0.653138
-0.65321
-0.6243
-0.689676
-0.701294
-0.747634
-0.801096
-0.832857
-0.982799
-0.979609
-0.983053
-0.832829
-0.781087
-0.732805
-0.704635
-0.73542
-0.856923
-0.855752
-0.702528
-0.680946
-0.638838
-0.826607
-0.749795
-0.915371
-0.916528
-0.784426
-0.771614
-0.722951
-0.68031
-0.644887
-0.61786
-0.597332
-0.567762
-0.60407
-0.624823
-0.649498
-0.681507
-0.692152
-0.722284
-0.769409
-0.822893
-0.837599
-0.88595
-0.840973
-0.88249
-0.86163
-0.86209
-0.903049
-0.922259
-0.894153
-0.882044
-0.902886
-0.921449
-0.897305
-0.902373
-0.934104
-0.893647
-0.930643
-0.728173
-0.801187
-0.976579
-0.799003
-0.876475
-0.912235
-1.0866
-1.05623
-1.05997
-1.1011
-1.02269
-1.09595
-1.09674
-1.09532
-1.05678
-1.03611
-1.09268
-1.28838
-1.07671
-1.09798
-1.17745
-1.15083
-1.29505
-1.29604
-1.276
-1.2921
-1.29016
-0.919161
-0.921747
-0.850284
-1.0945
-0.787187
-0.919085
-0.974447
-0.704654
-0.838351
-1.09601
-0.674829
-0.829097
-0.744861
-0.680563
-0.656672
-0.601248
-0.736117
-0.647719
-0.762796
-0.758756
-0.743437
-0.637049
-1.29014
-0.950457
-0.69598
-0.531636
-0.63751
-0.444008
-0.713175
-0.469102
-0.483448
-0.504112
-0.582983
-0.525989
-0.604469
-0.865625
-0.922519
-0.915454
-0.736121
-0.764897
-0.699858
-0.478976
-0.642827
-0.734536
-0.689236
-0.672091
-0.577296
-0.771953
-0.795709
-0.447664
-0.764765
-0.765979
-0.636142
-0.567427
-0.568697
-0.887619
-0.717628
0.601049
0.598881
0.6191
0.615156
0.634182
0.663856
0.702498
0.749105
0.802705
0.863149
0.902237
0.930074
0.710045
0.987712
1.11075
0.858811
0.956
0.892123
1.10062
0.812147
1.02447
0.902832
0.744201
0.893101
0.858488
0.708222
0.834308
0.805822
0.663504
0.780703
0.756008
0.619778
0.733798
0.711772
0.585962
0.692069
0.677336
0.557221
0.657379
0.652897
0.530389
0.626106
0.623893
0.505592
0.576284
0.419081
0.756464
0.465994
0.544394
0.613171
0.453573
0.582379
0.599425
0.451853
0.594952
0.593834
0.455219
0.601578
0.576579
0.451303
0.595263
0.714398
0.496713
0.664655
0.628476
0.580931
0.582133
0.687905
0.576849
0.581808
0.579733
0.693637
0.580865
0.580874
0.569505
0.694441
0.591785
0.581547
0.549516
0.695704
0.610872
0.584853
0.526266
0.504088
0.442598
0.549552
0.65022
0.681321
0.694573
0.710398
0.721161
0.739799
0.756526
0.778738
0.800844
0.827552
0.852204
0.882945
0.910652
0.942808
0.972528
1.00144
1.01472
0.995706
0.83606
0.96116
0.970024
0.99961
0.92871
0.71041
1.28629
0.987075
1.04597
0.983928
1.02258
1.1509
1.17617
1.09391
1.0417
1.04577
1.04229
1.0938
1.28649
1.04589
0.822553
0.823402
0.921312
0.835297
0.822733
1.00028
1.29696
1.02245
1.33415
0.983775
1.15087
0.960958
0.970061
0.999047
1.12893
1.0731
0.818826
1.07556
0.845251
1.08215
1.00017
0.709806
0.92779
0.937565
1.0608
0.993896
0.982916
0.943194
0.915406
0.883988
0.856241
0.828621
0.805164
0.779538
0.762915
0.738571
0.729158
0.707859
0.695366
0.594823
0.857364
0.604579
0.595562
0.687847
0.712129
0.601297
0.726211
0.74091
0.629965
0.761948
0.780329
0.66443
0.805978
0.827857
0.705636
0.857924
0.882676
0.752417
0.91621
0.942795
0.802174
0.98235
0.991204
0.844272
1.06976
0.894097
1.10703
0.956537
0.698998
0.962761
0.898242
1.10924
0.933404
0.708798
0.991468
0.858603
1.0784
0.991021
0.983852
0.949038
0.91362
0.89279
0.851199
0.839074
0.802562
0.77998
0.762671
0.739112
0.729989
0.703599
0.700993
0.599074
0.860148
0.62179
0.590154
0.663619
0.77348
0.581151
0.776544
0.792778
0.607572
0.812133
0.834606
0.640814
0.869618
0.807794
0.704408
0.874694
0.874346
0.751167
0.924037
0.941518
0.800801
0.98557
0.998853
0.840806
1.05613
0.958194
1.11069
0.875223
0.722386
1.19548
0.807506
1.09904
1.02783
0.812805
0.931893
0.887375
0.786189
0.655134
0.838184
0.702757
0.997186
1.01859
0.69029
1.07436
0.993082
0.818103
1.12847
1.07636
0.84494
1.08195
1.0003
0.736077
0.88678
1.33489
0.983588
1.1508
1.02259
1.29702
1.0006
0.823105
0.921544
0.835278
0.770524
1.09373
0.823443
0.833013
0.765274
0.762226
1.08886
0.827936
0.827381
0.761424
0.76546
1.08879
0.833555
0.823033
0.769166
0.835565
1.09346
0.921315
0.822495
1.02106
1.00022
1.29749
1.02267
1.15081
0.982798
1.04626
1.28393
0.990578
1.01623
1.27232
1.01549
0.991349
1.28353
1.04585
0.822882
1.07086
1.17546
1.0939
1.39282
0.963968
0.888262
0.938913
0.896526
1.07087
0.992009
0.991807
0.99487
0.844227
1.07133
1.06023
0.939775
1.10761
0.895242
0.89187
0.965506
1.40496
1.09757
1.09395
1.3924
0.963951
0.888168
0.843624
1.00051
1.1286
1.07365
0.690074
1.01551
0.736461
0.995345
0.703068
0.968917
1.08202
1.00364
0.923604
0.960503
0.959438
1.10753
0.924555
1.00265
0.969244
0.960088
0.832666
0.828188
0.78915
0.761181
0.911961
0.873477
0.934073
0.908028
0.86999
0.877051
0.752642
0.899212
0.893744
1.00283
0.980409
0.929766
0.930808
0.720679
0.848584
0.86016
0.77267
0.64697
0.94266
0.918829
0.602922
0.946938
0.887282
0.726314
0.976218
0.91419
0.947633
0.77597
1.01381
0.647287
0.728975
0.781737
0.827299
0.693762
0.973065
0.784052
0.997708
0.808795
0.758367
0.734631
0.706134
0.825636
0.826585
0.872221
0.884743
0.906722
0.931948
0.891613
0.896864
0.927178
0.892187
1.06063
1.07088
0.990866
0.84453
0.993112
0.826664
0.982879
0.983078
0.944324
0.802574
0.941421
0.769838
0.91815
0.914707
0.885834
0.752978
0.880018
0.718681
0.860566
0.855361
0.830367
0.706251
0.826007
0.672214
0.806989
0.804839
0.780295
0.664558
0.779664
0.631725
0.761656
0.762717
0.738644
0.629685
0.740165
0.600286
0.725691
0.72916
0.707759
0.601122
0.712034
0.57686
0.687205
0.693978
0.600816
0.595694
0.603822
0.487123
0.505424
0.487319
0.507231
0.554186
0.857908
0.587319
0.541725
0.71276
0.550926
0.683708
0.485604
0.705495
0.743088
0.502189
0.755412
0.783134
0.535031
0.764694
0.93378
0.729777
0.831657
0.651514
0.653589
0.681795
0.723063
0.837962
0.802586
0.796591
0.674384
0.706112
0.849147
0.567933
0.798391
0.951277
0.788817
0.775786
0.792806
0.779957
0.664663
0.790262
0.813339
0.829843
0.68167
0.899542
0.648183
0.710063
0.708723
0.758004
0.813904
0.87678
0.917219
0.941797
0.706731
0.886985
0.894296
0.940646
0.91695
0.874509
0.810997
0.755391
0.705663
0.708363
0.661645
0.661292
0.682672
0.67926
0.558957
0.633383
0.6727
0.683635
0.621541
0.724905
0.696936
0.791662
0.764677
0.730707
0.689313
0.704729
0.709084
0.602087
0.737123
0.730895
0.742445
0.630848
0.739783
0.60543
0.573821
0.604071
0.535024
0.627589
0.615671
0.589311
0.715765
0.750125
0.772261
0.778165
0.809848
0.771176
0.837206
0.867269
0.805541
0.751722
0.708949
0.667412
0.633437
0.591583
0.576772
0.548356
0.676508
0.663808
0.562368
0.630251
0.787653
0.614642
0.477478
0.672073
0.64317
0.480856
0.464645
0.631054
0.595894
0.573395
0.753701
0.697002
0.575709
0.710538
0.707611
0.711232
0.707541
0.601443
0.726917
0.729464
0.738458
0.630422
0.740829
0.601636
0.729951
0.602031
0.728467
0.602756
0.740085
0.73901
0.631501
0.761764
0.764401
0.780018
0.781715
0.779408
0.664876
0.80426
0.805749
0.828431
0.705846
0.830368
0.67191
0.806855
0.665914
0.782812
0.634734
0.768074
0.761548
0.638864
0.662691
0.696317
0.741977
0.913238
0.854713
0.71572
0.884885
0.884641
0.885204
0.883869
0.752462
0.914873
0.915413
0.943491
0.802174
0.944393
0.768077
0.91512
0.75232
0.914623
0.767111
0.943995
0.944236
0.802054
0.982209
0.982431
0.825222
0.982476
0.98244
0.823535
0.992347
0.982345
1.05014
1.01325
0.978832
0.94728
0.604032
0.909892
0.647029
0.94205
0.64696
0.97257
0.693535
1.00053
0.774982
0.744642
0.893058
0.773208
0.858886
0.973813
0.769339
0.916018
0.750193
0.885014
0.885498
0.718939
0.85561
0.705077
0.829316
0.828792
0.673091
0.803323
0.663152
0.782148
0.781133
0.636635
0.760554
0.626087
0.744187
0.744125
0.607003
0.747543
0.577345
0.73196
0.713862
0.552606
0.732957
0.704544
0.715439
0.704016
0.711848
0.706204
0.71014
0.704345
0.720945
0.680755
0.657104
0.505883
0.52556
0.705455
0.478752
0.632954
0.849218
0.515634
0.552776
0.484402
0.602723
0.552311
0.58169
0.576855
0.695365
0.594708
0.595188
0.604422
0.858229
0.497556
0.504033
0.483805
0.608851
0.687779
0.749286
0.578985
0.613902
0.623661
0.645826
0.679378
0.72008
0.767153
0.819308
0.879684
1.08185
1.10535
0.740165
0.744907
0.744464
0.740827
1.08372
0.744746
0.742826
0.745291
1.08384
0.746083
1.11322
0.746101
1.08385
0.742524
1.10996
0.742942
0.747492
1.08397
0.739479
0.744628
0.76382
0.75931
0.766296
1.08863
0.827222
0.833099
0.84377
1.01933
1.40234
0.830142
1.08894
0.759627
1.1057
1.08195
0.96532
1.38895
1.01976
1.28543
0.993472
0.84227
0.830502
1.05071
1.09872
1.04294
1.04767
0.845155
1.03205
1.04637
1.09771
1.27329
1.0058
1.04873
1.07159
1.17595
1.09888
1.38842
0.830694
0.830125
1.08883
0.762957
0.758541
0.827552
0.833042
0.843354
1.01904
1.27363
1.00569
1.402
0.964635
0.965536
1.08185
1.1054
0.740176
0.742118
1.10959
1.08245
0.964495
0.891538
0.910462
0.932833
0.894231
0.941041
0.913409
0.872779
0.868602
0.806352
0.752447
0.705876
0.665209
0.631695
0.610095
0.609655
0.604791
0.434617
0.494561
0.563648
0.770189
0.520956
0.572213
0.629884
0.461702
0.530369
0.524473
0.474099
0.888355
0.58775
0.612746
0.650288
0.643189
0.423608
0.512714
0.567511
0.661753
0.441199
0.542787
0.563959
0.664575
0.442369
0.541674
0.568281
0.662239
0.449626
0.54099
0.610305
0.831106
0.617089
0.600566
0.841088
0.884596
0.612322
0.471292
0.664819
0.627949
0.581086
0.582886
0.57526
0.450663
0.596192
0.71441
0.496993
0.656945
0.505738
0.525447
0.705408
0.67112
0.545796
0.72051
0.710878
0.579925
0.744843
0.753419
0.610685
0.782073
0.799475
0.648191
0.828785
0.851969
0.690265
0.883953
0.910174
0.739008
0.94311
0.972603
0.775229
1.0014
1.01536
0.795532
0.995761
0.836382
0.702486
0.785928
0.806132
0.892557
1.05468
1.10159
0.926152
0.90288
0.744565
0.892037
0.858806
0.708249
0.832581
0.806997
0.661793
0.779635
0.756729
0.621275
0.732085
0.713779
0.585118
0.690206
0.679767
0.554913
0.647396
0.662365
0.523411
0.596091
0.55118
0.681011
0.720535
0.704987
0.581881
0.580623
0.575747
0.687958
0.60347
0.453497
0.59065
0.596031
0.447599
0.595318
0.576428
0.449184
0.619416
0.599581
0.632919
0.841451
0.605546
0.632444
0.599266
0.62268
0.60521
0.610507
0.601057
0.513462
0.492641
0.527589
0.86689
0.518347
0.523264
0.869909
0.517615
0.522585
0.864831
0.516008
0.576798
0.839026
0.641767
0.61066
0.50915
0.523498
0.700189
0.479258
0.482133
0.698789
0.472531
0.483257
0.698498
0.471834
0.486799
0.704665
0.613796
0.581665
0.577025
0.711923
0.760991
0.58258
0.781475
0.484466
0.580597
0.757768
0.605501
0.718965
0.723157
0.585043
0.681484
0.738225
0.713395
0.55219
0.489879
0.749227
0.632829
0.848814
0.608602
0.579161
0.687495
0.612115
0.612077
0.634066
0.667539
0.708658
0.756253
0.810446
0.778255
0.779779
0.785138
0.734617
0.7057
0.721923
0.627046
0.649831
0.731039
0.68732
0.695481
0.659363
0.651942
0.627634
0.640601
0.609486
0.60688
0.613227
0.468035
0.498248
0.499348
0.858005
0.581255
0.576601
0.600116
0.855219
0.459794
0.497667
0.497689
0.465548
0.504203
0.51581
0.62525
0.552828
0.484247
0.602704
0.680994
0.483408
0.623697
0.618667
0.607843
0.606489
0.627538
0.652745
0.687373
0.729935
0.739978
0.705311
0.753861
0.805477
0.825763
0.834637
0.887586
0.889291
0.879821
0.880611
0.831357
0.830233
0.843786
0.982105
1.05032
1.01288
0.978819
0.947101
0.727656
0.915728
0.946167
0.776941
0.882107
0.823597
0.823147
0.99222
0.963471
1.39151
0.986637
0.887603
0.891473
0.892034
0.908926
0.825653
0.769251
0.71975
0.674704
0.635816
0.604466
0.581738
0.559908
0.561606
0.606902
0.503971
0.663966
0.601179
0.647099
0.626902
0.628266
0.611693
0.617726
0.557848
0.463175
0.480529
0.911715
0.599122
0.617417
0.60529
0.773407
0.658506
0.590197
0.617032
0.596136
0.640866
0.593742
0.563205
0.661146
0.439477
0.44753
0.493064
0.688728
0.461147
0.475906
0.487498
0.69287
0.463073
0.478159
0.484227
0.689199
0.466834
0.476225
0.693246
0.468943
0.471297
0.688914
0.47876
0.521234
0.86206
0.621878
0.601678
0.519911
0.519377
0.69899
0.473677
0.470044
0.699095
0.465119
0.4729
0.698399
0.589754
0.625408
0.623157
0.645884
0.679658
0.720369
0.767247
0.819323
0.879678
0.82366
0.823872
0.981814
1.04958
0.841668
0.887939
0.878211
1.06062
0.844164
0.994984
0.891354
0.870308
0.882225
0.824631
0.824707
0.76892
0.767821
0.719604
0.716936
0.675257
0.672031
0.636947
0.633258
0.605467
0.601939
0.58226
0.577455
0.682132
0.68162
0.659921
0.532697
0.576059
0.849124
0.501485
0.493228
0.487081
0.601659
0.600512
0.858926
0.498514
0.496558
0.484632
0.681314
0.678034
0.581252
0.605935
0.637538
0.674938
0.718156
0.767472
0.768731
0.824494
0.823641
0.767424
0.766641
0.946887
0.915377
0.727335
0.886359
0.856451
0.915553
0.887233
0.860785
0.834923
0.531802
0.799426
0.56687
0.828442
0.565333
0.851879
0.60452
0.883309
0.690279
0.662081
0.780122
0.677805
0.756926
0.852523
0.674108
0.80348
0.661283
0.783513
0.782039
0.636446
0.758273
0.627776
0.741998
0.605595
0.722236
0.598795
0.716318
0.715089
0.5869
0.686491
0.57006
0.692185
0.588079
0.717533
0.717221
0.724883
0.597757
0.723694
0.574525
0.603244
0.635805
0.67915
0.719908
0.767073
0.819281
0.879682
1.08173
1.10505
0.760016
0.830369
1.08858
0.829879
0.840464
0.991014
1.00685
1.27956
1.00662
0.991239
1.28555
0.709479
0.936615
1.10908
0.89674
0.891127
1.06937
0.844409
0.99009
0.992182
0.826028
0.984319
0.80027
0.945644
0.944004
0.769722
0.938623
0.723098
0.911153
0.878391
0.677155
0.853863
0.825119
0.637029
0.803996
0.781252
0.603663
0.762379
0.644813
0.680503
0.723334
0.771949
0.824729
1.0048
0.772508
0.974375
0.728504
0.781662
0.82364
0.963671
1.39126
0.823699
0.920993
1.09324
0.835541
0.822226
1.00021
1.02109
1.28584
1.09854
1.09838
1.09851
1.04229
1.04699
1.04794
0.844949
1.03237
1.05053
1.04512
1.10901
0.760805
0.830014
1.39968
0.963521
0.965015
1.38744
0.830209
0.840604
1.05216
1.0716
1.17604
1.33406
0.886621
0.781561
0.728321
0.681086
0.717995
0.715834
0.856637
0.855832
0.856895
0.829254
0.830988
0.80402
0.672407
0.690976
0.73094
0.855855
0.70628
0.764015
0.814757
0.82704
0.882197
0.869403
0.852161
0.822458
0.815584
0.799869
0.770396
0.764344
0.775487
0.729851
0.718707
0.723143
0.682141
0.680151
0.690819
0.681054
0.719305
0.675341
0.719505
0.71716
0.814741
0.82231
0.88206
1.08239
0.891355
0.87032
1.08224
0.883884
0.824752
0.772883
0.77031
0.723201
0.682318
0.637149
0.632882
0.761456
0.76343
0.631937
0.782331
0.761868
0.815842
0.792099
0.781547
0.760958
0.484302
0.7107
0.509461
0.744826
0.504397
0.753356
0.53488
0.781979
0.610716
0.585279
0.690382
0.605462
0.679936
0.756009
0.605595
0.718924
0.59742
0.723379
0.712242
0.586135
0.684954
0.571936
0.688603
0.585215
0.685152
0.571936
0.688197
0.585673
0.624074
0.645757
0.648113
0.645707
0.679239
0.71996
0.76707
0.81926
0.879664
0.868648
0.767412
0.766369
0.717945
0.715675
0.885343
0.857097
0.915412
0.887184
0.860636
0.834942
0.641904
0.805379
0.829922
0.68182
0.77486
0.680911
0.604294
0.728169
0.781445
0.6932
0.886685
0.736204
0.908881
1.09346
0.769193
0.758985
1.0514
1.03237
1.0327
1.04941
1.09778
1.07219
1.05238
0.760202
1.08237
0.882297
0.852124
0.868506
0.868518
0.882185
0.908906
0.818243
1.07701
0.888453
0.916699
0.941541
0.707168
0.894456
0.88742
0.831755
0.827464
0.807234
0.875926
0.812802
0.757626
0.708615
0.666503
0.662571
0.62949
0.610437
0.622604
0.45858
0.848917
0.596671
0.580859
0.561701
0.664485
0.441946
0.443327
0.48713
0.692785
0.463305
0.470031
0.480639
0.696973
0.472597
0.476038
0.693002
0.481961
0.523459
0.869456
0.618029
0.606017
0.520397
0.518382
0.698561
0.472581
0.46697
0.698405
0.589787
0.62542
0.648282
0.605632
0.582172
0.577039
0.693645
0.594502
0.689851
0.603714
0.604003
0.636022
0.62949
0.65667
0.654311
0.688747
0.730058
0.777134
0.776727
0.786927
0.828231
0.828549
0.878408
0.84278
0.776459
0.755207
0.706165
0.661842
0.623186
0.59071
0.633143
0.612182
0.625237
0.465149
0.848143
0.622928
0.567205
0.567172
0.662168
0.449737
0.440385
0.48386
0.689013
0.48662
0.527879
0.866956
0.609838
0.601709
0.513491
0.492479
0.704672
0.651197
0.627453
0.588415
0.656137
0.635637
0.581694
0.634163
0.578747
0.85226
0.462645
0.584796
0.627431
0.62992
0.641073
0.47873
0.704543
0.603065
0.648332
0.680316
0.718567
0.763706
0.749867
0.79982
0.822498
0.770421
0.72313
0.725538
0.749946
0.749832
0.799799
0.814848
0.827024
0.769143
0.82555
0.869227
0.852112
0.870322
0.891921
1.08234
1.10942
0.882141
0.82233
0.770238
0.722953
0.705332
0.718429
0.673661
0.670788
0.635586
0.632231
0.781898
0.762176
0.815745
0.792147
0.509389
0.573455
0.602762
0.534811
0.623359
0.661587
0.697024
0.662779
0.590928
0.566467
0.5531
0.63846
0.727916
0.741941
0.609063
0.69038
0.728951
0.638819
0.566728
0.675249
0.719598
0.764137
0.815376
0.752038
0.916065
0.768128
0.914332
0.884224
0.717613
0.855324
0.856456
0.88379
0.883646
0.718869
0.855345
0.857704
0.885691
0.917189
0.769637
0.914615
0.943068
0.942395
0.943801
0.942298
0.76672
0.914692
0.915821
0.751791
0.883415
0.716241
0.855834
0.856041
0.704584
0.828856
0.671721
0.80391
0.803571
0.803152
0.804172
0.672985
0.829328
0.829184
0.704894
0.829023
0.674153
0.802938
0.805773
0.830571
0.702623
0.856036
0.879932
0.718836
0.884993
0.749779
0.915751
0.939832
0.769541
0.944816
0.945059
0.985675
0.826349
0.980949
0.801936
0.984179
0.824659
0.981069
0.801767
0.983515
0.82322
0.981256
0.946776
1.01287
0.647084
0.978904
0.727305
0.886107
0.947446
0.604727
0.915183
0.681261
0.888056
0.567191
0.859428
0.640829
0.782419
0.634075
0.760307
0.759097
0.781384
0.662742
0.781641
0.635292
0.758823
0.759957
0.781426
0.663069
0.781708
0.636277
0.758176
0.762467
0.782231
0.661066
0.803379
0.827433
0.674062
0.830328
0.852209
0.677691
0.565451
0.72318
0.769236
0.771653
0.821943
0.824434
0.875557
0.871815
0.91205
0.76582
0.886201
0.654893
1.19476
0.722997
0.874151
0.95814
0.856985
0.892422
1.05942
1.07971
0.840433
0.988666
0.993637
0.989192
0.991737
0.99285
0.992584
1.07278
0.693421
1.05054
0.776651
0.882188
0.908888
0.891389
0.870331
0.892038
0.89206
0.825617
0.769329
0.827146
0.815644
0.719836
0.775004
0.681718
0.830833
0.804751
0.641987
0.729116
0.673736
0.670666
0.635668
0.604521
0.600813
0.741878
0.727985
0.582529
0.711642
0.638576
0.627987
0.60512
0.688974
0.611684
0.566521
0.553485
0.624868
0.883858
0.841009
0.471318
0.61013
0.831352
0.617168
0.600639
0.849941
0.639899
0.630933
0.637712
0.630514
0.632887
0.62995
0.625518
0.583401
0.864307
0.58481
0.576078
0.584184
0.643837
0.637437
0.583151
0.629492
0.641999
0.644614
0.451103
0.710154
0.613618
0.658741
0.64817
0.648118
0.635793
0.648667
0.60268
0.696541
0.477858
0.703698
0.641023
0.640873
0.470547
0.697653
0.589239
0.602973
0.703684
0.444035
0.700162
0.703355
0.700013
0.69891
0.680861
0.541802
0.578175
0.612248
0.6204
0.58503
0.606441
0.637442
0.675501
0.638989
0.602925
0.573597
0.757932
0.713306
0.585028
0.681321
0.569534
0.693109
0.604901
0.628727
0.728266
0.606421
0.721198
0.598756
0.714063
0.717069
0.624215
0.633731
0.663762
0.70266
0.749323
0.802876
0.863271
0.902273
0.929777
0.892537
0.876041
1.11077
0.956314
0.858682
0.891719
1.06045
0.844467
0.989616
0.824074
0.982459
0.802117
0.943009
0.942107
0.769563
0.91617
0.750115
0.884161
0.719098
0.857047
0.829359
0.6744
0.804451
0.782094
0.636601
0.759779
0.656027
0.692401
0.804495
0.661163
0.783266
0.63739
0.675456
0.719832
0.769349
0.825626
0.965058
1.38739
1.06084
0.891758
1.07753
0.840666
0.998781
0.826753
0.983411
0.837575
0.885385
0.882167
0.897383
0.960561
1.10915
0.896924
0.92439
0.936949
0.960732
0.702645
0.926181
0.897332
0.924662
0.882185
0.885401
1.05541
0.840848
0.999215
0.989046
0.826047
0.981773
0.802145
0.942325
0.768015
0.91508
0.752216
0.884285
0.882947
0.718943
0.856665
0.702874
0.831223
0.674315
0.803944
0.828432
0.829697
0.855674
0.705026
0.85644
0.733051
0.781395
0.915818
0.832996
0.982306
0.862171
0.902966
0.832976
0.837526
0.982957
0.800403
0.94461
0.945058
0.769566
0.91508
0.752246
0.883432
0.717632
0.856705
0.719949
0.769172
0.82472
0.869431
0.869406
0.852081
0.868542
0.824546
0.768869
0.719586
0.675261
0.718785
0.637191
0.60623
0.658412
0.604457
0.601072
0.648238
0.680131
0.667445
0.667579
0.705499
0.684326
0.650035
0.627217
0.635965
0.6675
0.705388
0.719037
0.764409
0.675621
0.637479
0.682117
0.648263
0.625978
0.702329
0.60331
0.648782
0.658529
0.690533
0.609146
0.663312
0.697506
0.739972
0.789037
0.680673
0.606319
0.584852
0.621955
0.603659
0.648922
0.63609
0.667407
0.681952
0.705251
0.74977
0.799761
0.814724
0.767509
0.718077
0.7635
0.774901
0.827122
0.8156
0.764351
0.718963
0.728899
0.718158
0.673787
0.639179
0.681269
0.830554
0.739955
0.756497
0.810577
0.872578
0.913004
0.941477
0.894967
0.955572
0.963724
0.699912
0.933078
0.897949
0.932311
0.99146
0.708925
1.28485
1.02021
0.993551
0.841874
1.10974
0.927435
0.896635
0.891735
1.06872
1.07198
0.844231
0.880438
0.905712
0.931624
0.892921
0.934327
0.874125
0.907574
0.869364
0.826775
0.982505
1.00567
1.02379
0.999837
0.884526
0.866724
0.836163
0.79992
0.80943
0.755687
0.708565
0.721789
0.680534
0.681026
0.644809
0.785231
0.635982
0.757968
0.746641
0.741924
0.60633
0.72126
0.728209
0.597194
0.712533
0.586157
0.685212
0.692887
0.569236
0.604203
0.619282
0.619225
0.594413
0.617142
0.646856
0.638118
0.66893
0.655599
0.691473
0.7345
0.783257
0.805659
0.751676
0.704648
0.665482
0.635398
0.627893
0.62259
0.716532
0.71457
0.58538
0.68578
0.688268
0.571618
0.70947
0.706917
0.580786
0.566857
0.580741
0.693525
0.520768
0.647356
0.630655
0.627444
0.589222
0.849804
0.624265
0.566096
0.578568
0.636526
0.656239
0.631198
0.639862
0.651124
0.641398
0.440487
0.704514
0.603126
0.623582
0.698918
0.702246
0.625826
0.635922
0.648578
0.584873
0.620517
0.6031
0.584601
0.60602
0.637129
0.680437
0.627653
0.743365
0.742228
0.605463
0.722624
0.723874
0.598596
0.715306
0.715704
0.584591
0.68823
0.688478
0.571458
0.703828
0.578448
0.540443
0.598967
0.692598
0.52117
0.645863
0.640827
0.640919
0.64815
0.632611
0.634906
0.632724
0.640819
0.633134
0.629709
0.647957
0.655408
0.638837
0.639213
0.63764
0.84437
0.837772
0.676872
0.63942
0.639352
0.849764
0.841476
0.86031
0.826146
0.510548
0.677362
0.641064
0.4816
0.752695
0.468279
0.743649
0.493054
0.766503
0.483089
0.775792
0.510302
0.79561
0.503988
0.812756
0.535426
0.83697
0.531623
0.69637
0.709316
0.705473
0.75249
0.806564
0.868254
0.909679
0.879691
1.06167
0.887761
1.07488
0.818546
1.12928
0.736314
0.998601
0.702017
0.785531
0.806584
0.885899
0.766325
0.926251
0.871702
0.874079
1.19341
0.876078
0.72375
1.29743
0.934678
0.892564
0.905911
0.867727
0.808115
0.784656
0.886299
0.916734
0.735724
0.754554
0.707657
0.668425
0.638188
0.627813
0.624176
0.722968
0.606935
0.742599
0.743387
0.758831
0.627728
0.75933
0.653211
0.689852
0.701788
0.748314
0.801791
0.781341
0.784524
0.917123
0.808185
0.867837
0.875883
0.871748
0.926774
0.812857
1.02434
0.826439
1.00536
0.824688
0.822317
0.708991
0.833158
0.723737
0.91002
0.718786
0.856194
0.702952
0.830398
0.830323
0.674289
0.803101
0.663215
0.78115
0.635454
0.760116
0.653227
0.656453
0.758011
0.62626
0.74678
0.741769
0.762514
0.743768
0.785306
0.636098
0.801636
0.713952
0.732375
0.637972
0.827405
0.680704
0.722027
0.621538
0.648272
0.723392
0.769541
0.771901
0.807283
0.939682
0.754653
0.707722
0.668208
0.681205
0.644961
0.647009
0.555036
0.647463
0.580573
0.662584
0.596071
0.551243
0.738461
0.594428
0.61937
0.523515
0.545851
0.720515
0.670861
0.489969
0.617256
0.637413
0.618462
0.599897
0.589343
0.553879
0.579496
0.559921
0.594375
0.614887
0.614234
0.633501
0.663234
0.689814
0.692391
0.80588
0.735564
0.857809
0.732988
0.782037
0.804415
0.60159
0.569261
0.586467
0.593485
0.587686
0.571033
0.601658
0.604721
0.593599
0.591825
0.569194
0.567457
0.596943
0.617697
0.649225
0.624852
0.6038
0.579963
0.879847
0.739364
0.903116
1.10096
0.891863
0.806565
0.886049
0.766539
0.796378
0.911848
0.874052
0.654942
0.785698
1.19366
0.723618
0.934756
0.906031
0.836864
0.960572
0.883801
0.915972
0.680629
0.690298
0.679879
0.648225
0.605038
0.584149
0.603092
0.590246
0.701026
0.623133
0.614706
0.658578
0.606552
0.579994
0.725457
0.722741
0.60441
0.742922
0.607032
0.660052
0.670011
0.666487
0.688022
0.731013
0.779154
0.83073
0.829926
0.843724
0.889204
0.887905
0.835616
0.825598
0.805259
0.753715
0.789672
0.778033
0.729755
0.686767
0.650385
0.627392
0.742806
0.742686
0.651546
0.636617
0.617978
0.616876
0.596341
0.600692
0.589407
0.553785
0.559814
0.579398
0.568983
0.587342
0.600172
0.599557
0.621693
0.639797
0.621314
0.600443
0.597505
0.591177
0.568344
0.566383
0.596977
0.606926
0.631975
0.714938
0.594626
0.624149
0.661343
0.705111
0.691644
0.645592
0.610577
0.574234
0.546505
0.549426
0.525406
0.551854
0.580626
0.554805
0.713575
0.622026
0.622312
0.711319
0.574441
0.55515
0.598462
0.603874
0.738298
0.774422
0.796095
1.0823
0.845707
0.936144
1.10748
0.894855
0.822199
0.689652
0.646717
0.681849
0.722454
0.770168
0.82272
0.876029
0.911718
0.654744
0.886723
1.33396
1.05578
0.844053
0.849046
0.578496
0.783397
0.801467
0.637978
0.531965
0.626045
0.755982
0.605563
0.504591
0.812488
0.690024
0.772804
0.973259
0.647013
1.11107
0.565168
0.72404
0.983151
0.942817
0.985025
0.992693
1.07795
1.0698
0.989408
0.987518
0.848321
1.08866
0.759913
1.08854
0.765625
0.768059
0.723436
0.909609
0.604102
0.789643
0.763703
0.577514
0.550703
0.54474
0.577487
0.646735
0.822552
0.483878
0.654814
0.603143
0.478782
0.605207
0.877223
0.509987
0.699419
0.892306
)
;

boundaryField
{
    face
    {
        type            calculated;
        value           nonuniform List<scalar> 
217
(
-1
-1
-1
-1
-1
-1
-1
-1
-1
-1
-1
-1
-1
-1
-1
-1
-1
-1
-1
-1
-1
-1
-1
-1
-1
-1
-1
-1
-1
-1
-1
-1
-1
-1
-1
-1
-1
-1
-1
-1
-1
-1
-1
-1
-1
-1
-1
-1
-1
-1
-1
-1
-1
-1
-1
-1
-1
-1
-1
-1
-1
-1
-1
-1
-1
-1
-1
-1
-1
-1
-1
-1
-1
-1
-1
-1
-1
-1
-1
-1
-1
-1
-1
-1
-1
-1
-1
-1
-1
-1
-1
-1
-1
-1
-1
-1
-1
-1
-1
-1
-1
-1
-1
-1
-1
-1
-1
-1
-1
-1
-1
-1
-1
-1
-1
-1
-1
-1
-1
-1
1
1
1
1
1
1
1
1
1
1
1
1
1
1
1
1
1
1
1
1
1
1
1
1
1
1
1
1
1
1
1
1
1
1
1
1
1
1
1
1
1
1
1
1
1
1
1
1
1
1
1
1
1
1
1
1
1
1
1
1
1
1
1
1
1
1
1
1
1
1
1
1
1
1
1
1
1
1
1
1
1
1
1
1
1
1
1
1
1
1
1
1
1
1
1
1
1
)
;
    }
    outlet
    {
        type            calculated;
        value           nonuniform List<scalar> 
217
(
-0.586284
-0.588405
-0.603411
-0.588621
-0.606086
-0.587744
-0.58676
-0.58851
-0.603406
-0.606103
-0.588179
-0.587583
-0.588558
-0.588244
-0.587376
-0.586603
-0.587532
-0.603329
-0.605989
-0.605961
-0.607704
-0.603536
-0.586797
-0.588469
-0.588718
-0.576911
-0.581763
-0.582391
-0.585406
-0.582004
-0.576771
-0.585302
-0.58168
-0.58233
-0.585297
-0.576706
-0.581331
-0.585196
-0.581932
-0.581283
-0.576603
-0.60991
-0.668144
-0.610614
-0.610909
-0.687886
-0.627665
-0.615358
-0.755904
-0.60353
-0.611504
-0.656339
-0.606206
-0.611894
-0.667852
-0.611974
-0.610334
-0.670764
-0.611476
-0.627822
-0.688867
-0.614956
-0.755011
-0.603828
-0.609447
-0.652463
-0.606629
-0.60659
-0.663344
-0.627821
-0.611708
-0.688426
-0.755043
-0.615317
-0.60333
-0.654158
-0.611495
-0.606279
-0.670264
-0.612035
-0.610131
-0.612181
-0.670764
-0.611544
-0.61178
-0.67778
-0.609992
-0.610651
-0.670075
-0.609447
-0.603836
-0.65227
-0.615016
-0.611076
-0.627946
-0.688307
-0.755007
0.586734
0.584478
0.584456
0.586254
0.584387
0.60157
0.603338
0.603362
0.60391
0.601923
0.60299
0.602829
0.598479
0.598826
0.61398
0.600382
0.610477
0.582948
0.589737
0.669827
0.602369
0.602956
0.602967
0.604096
0.600073
0.596817
0.582648
0.589456
0.602442
0.603009
0.602977
0.604302
0.670137
0.600889
0.598952
0.576978
0.582622
0.58204
0.585832
0.582702
0.582892
0.585871
0.585169
0.585602
0.585165
0.582377
0.585854
0.582926
0.585468
0.585784
0.585929
0.585737
0.585064
0.585644
0.585529
0.584334
0.588522
0.586741
0.587892
0.601759
0.753734
0.614852
0.626668
0.686575
0.611133
0.608751
0.669246
0.61215
0.609456
0.680015
0.612465
0.65276
0.611428
0.602141
0.624841
0.587143
0.592392
0.585361
0.588415
0.585024
0.591282
0.605095
0.592889
0.589206
0.594703
0.590746
0.660761
0.626536
0.754867
0.671598
0.612637
0.604299
0.650084
0.691238
0.657203
0.674213
0.608206
0.673647
0.609941
0.606703
0.678855
0.613771
0.687787
0.752663
0.645186
0.651889
0.670702
0.610224
0.60617
0.678317
0.613872
0.606045
0.687947
0.753239
0.646377
0.656619
0.624498
0.586563
0.5908
0.58358
)
;
    }
    wall
    {
        type            calculated;
        value           nonuniform List<scalar> 
1558
(
-0.705635
-0.662791
-0.755968
-0.753549
-0.710226
-0.707908
-0.953354
-0.847113
-0.867434
-0.791655
-0.807938
-0.750249
-0.756019
-0.70588
-0.710258
-0.663067
-0.626021
-0.59669
-0.671702
-0.669612
-0.641944
-0.640172
-0.576279
-0.548209
-0.624025
-0.622498
-0.603171
-0.602527
-0.548011
-0.598516
-0.59693
-0.671552
-0.625758
-0.641682
-0.595643
-0.624035
-0.575942
-0.603526
-0.548771
-0.836879
-0.963522
-0.961051
-0.799893
-0.75234
-0.868137
-0.867726
-0.808101
-0.805835
-0.598551
-0.548279
-0.904142
-0.899372
-0.858442
-0.845294
-0.796215
-0.785455
-0.741678
-0.732187
-0.897507
-0.897751
-0.846375
-0.865387
-0.786838
-0.801298
-0.733004
-0.744038
-0.69598
-0.686673
-0.658975
-0.649286
-0.630981
-0.620431
-0.606602
-0.598643
-0.567237
-0.569203
-0.687106
-0.69719
-0.649566
-0.659866
-0.620574
-0.631556
-0.598528
-0.60614
-0.568697
-0.565714
-0.720519
-0.741977
-0.575201
-0.691356
-0.710486
-0.557903
-0.652784
-0.685318
-0.522638
-0.833188
-0.793588
-1.0549
-0.818163
-0.92846
-0.803737
-0.79521
-0.734552
-0.792894
-0.794372
-0.721872
-0.97055
-0.769928
-0.990234
-0.931126
-0.736691
-0.917151
-0.447149
-0.633087
-0.553011
-0.599153
-0.621241
-0.574198
-0.594691
-0.879395
-0.689957
-0.854547
-0.826351
-0.648244
-0.801038
-0.790024
-0.796965
-0.729444
-0.766669
-1.01278
-0.985194
-0.734375
-0.702329
-0.995278
-0.941638
-0.75797
-0.922734
-0.926409
-0.733803
-0.856052
-0.880063
-0.697069
-0.803728
-0.82971
-0.642822
-0.779161
-0.61136
-0.757314
-0.739897
-0.583178
-0.72186
-0.710603
-0.5523
-0.695581
-0.681579
-0.526183
-0.650987
-0.550163
-0.632245
-0.447227
-0.441801
-0.754984
-0.778765
-0.618267
-0.594299
-0.574942
-0.621529
-0.599901
-0.94634
-0.9367
-0.928041
-0.547036
-0.622107
-0.619027
-0.601669
-0.599257
-0.548784
-0.597442
-0.595016
-0.836066
-0.961909
-0.956096
-0.857922
-0.859283
-0.799578
-0.807908
-0.861376
-0.824143
-0.748397
-0.754973
-0.70324
-0.708341
-0.772766
-0.72361
-0.797763
-0.750143
-0.865194
-0.862356
-0.80509
-0.80068
-0.703604
-0.660943
-0.753191
-0.748961
-0.707721
-0.703785
-0.665217
-0.669124
-0.636058
-0.639024
-0.681968
-0.648163
-0.618257
-0.620689
-0.597349
-0.60087
-0.624419
-0.604808
-0.624331
-0.595117
-0.669436
-0.66591
-0.639882
-0.636795
-0.574801
-0.59305
-0.601519
-0.904674
-0.900642
-0.859438
-0.846598
-0.797271
-0.786899
-0.742781
-0.733752
-0.902037
-0.897765
-0.848242
-0.857121
-0.853347
-0.838307
-0.789197
-0.795692
-0.735842
-0.74009
-0.780311
-0.727087
-0.697114
-0.688301
-0.660132
-0.650915
-0.632101
-0.621956
-0.607303
-0.599771
-0.566716
-0.5689
-0.69
-0.693544
-0.652247
-0.655952
-0.681989
-0.64532
-0.622865
-0.627352
-0.600376
-0.604056
-0.617851
-0.597152
-0.570992
-0.568261
-0.567083
-0.591784
-0.552153
-0.535097
-0.503801
-0.779802
-0.757582
-0.610816
-0.740579
-0.721947
-0.582983
-0.711449
-0.695695
-0.551541
-0.44977
-0.465655
-0.875906
-0.808725
-0.931221
-0.838307
-0.845352
-0.805978
-0.781457
-0.760999
-0.600068
-0.620145
-0.57616
-0.594682
-0.735876
-0.711963
-0.689387
-0.680632
-0.656138
-0.653768
-0.620236
-0.630709
-0.599169
-0.579875
-0.615105
-0.544402
-0.576678
-0.759591
-0.421023
-0.793192
-0.800802
-0.736121
-0.775523
-0.812749
-0.734536
-0.783496
-0.706118
-0.681981
-0.650687
-0.525989
-0.550261
-0.633137
-0.447664
-0.447078
-0.833113
-0.818753
-1.05454
-0.792888
-0.929791
-0.803754
-0.796139
-0.736101
-0.793558
-0.79627
-0.724404
-0.726091
-0.70059
-0.666497
-0.616847
-0.971078
-0.990415
-0.769319
-0.931707
-0.917467
-0.736117
-0.879928
-0.854921
-0.689386
-0.826907
-0.801344
-0.647719
-0.837055
-0.825814
-0.942916
-0.929063
-0.912957
-0.90904
-0.804939
-0.75329
-0.872007
-0.867168
-0.809954
-0.805529
-0.604239
-0.593357
-0.601296
-0.704437
-0.661212
-0.755941
-0.751726
-0.709005
-0.705128
-0.923432
-0.903876
-0.905876
-0.908283
-0.891012
-0.864916
-0.868625
-0.803902
-0.80826
-0.870762
-0.820421
-0.750571
-0.754827
-0.704294
-0.708257
-0.76872
-0.721358
-0.624159
-0.594992
-0.669985
-0.666575
-0.640031
-0.637049
-0.574586
-0.547042
-0.62188
-0.618722
-0.60125
-0.598522
-0.549799
-0.598087
-0.59433
-0.66589
-0.669366
-0.63649
-0.639431
-0.68101
-0.6487
-0.618091
-0.620754
-0.596541
-0.600602
-0.624454
-0.889237
-0.894976
-0.889782
-0.880064
-0.843672
-0.829731
-0.789283
-0.777585
-0.739513
-0.729278
-0.894692
-0.877505
-0.852913
-0.880373
-0.884784
-0.830628
-0.837997
-0.869599
-0.82554
-0.778874
-0.784096
-0.730599
-0.734395
-0.772122
-0.723023
-0.695935
-0.68638
-0.659788
-0.650186
-0.632082
-0.621728
-0.607175
-0.599785
-0.566954
-0.569547
-0.687576
-0.690849
-0.651199
-0.654598
-0.680169
-0.644679
-0.622476
-0.626732
-0.600471
-0.604337
-0.617822
-0.597572
-0.572004
-0.569891
-0.567911
-0.961772
-0.952266
-0.975347
-0.921114
-0.955827
-1.07782
-0.758703
-0.979029
-0.861164
-0.909431
-0.846489
-0.836779
-0.804334
-0.780116
-0.755805
-0.600013
-0.619359
-0.577296
-0.593013
-0.731871
-0.712534
-0.692053
-0.676687
-0.657824
-0.652268
-0.627545
-0.623047
-0.599006
-0.579189
-0.615408
-0.543054
-0.576882
-0.757488
-0.419366
-0.836171
-0.9634
-0.995846
-0.795709
-1.01442
-0.715279
-0.702053
-1.002
-0.771953
-0.972655
-0.941655
-0.744861
-0.907571
-0.505863
-0.451052
-0.465143
-0.884909
-0.680563
-0.853395
-0.825297
-0.656672
-0.797816
-0.713991
-0.705221
-0.764805
-0.737231
-0.703867
-0.660252
-0.620681
-0.781506
-0.601248
-0.758854
-0.738264
-0.588732
-0.720396
-0.711434
-0.549835
-0.695168
-0.681778
-0.524678
-0.65112
-0.550213
-0.633017
-0.448686
-0.446084
-0.585525
-0.558675
-0.529729
-0.971319
-1.00206
-0.930803
-0.960688
-0.930643
-0.912235
-0.905904
-0.934104
-0.921449
-0.902373
-0.902886
-0.876475
-0.867492
-0.822893
-0.807694
-0.70225
-0.707474
-0.769373
-0.721954
-0.663995
-0.668622
-0.862767
-0.86163
-0.802215
-0.801096
-0.769409
-0.754064
-0.722284
-0.707222
-0.748577
-0.747634
-0.702053
-0.701294
-0.634658
-0.638678
-0.681539
-0.649167
-0.616082
-0.619888
-0.594689
-0.599791
-0.624744
-0.604062
-0.592826
-0.601442
-0.681507
-0.668277
-0.649498
-0.638285
-0.663629
-0.663058
-0.634264
-0.633729
-0.624823
-0.61954
-0.60407
-0.599545
-0.615781
-0.615
-0.594605
-0.594718
-0.922259
-0.904011
-0.903049
-0.907144
-0.89092
-0.86209
-0.867502
-0.801509
-0.807348
-0.871181
-0.821072
-0.748379
-0.753992
-0.601617
-0.592968
-0.591391
-0.874251
-0.893647
-0.897305
-0.871753
-0.824527
-0.88595
-0.88249
-0.837599
-0.832829
-0.771614
-0.722951
-0.784426
-0.781087
-0.73542
-0.732805
-0.894153
-0.877257
-0.852998
-0.882044
-0.885697
-0.832857
-0.839352
-0.869683
-0.825909
-0.781207
-0.785503
-0.732841
-0.735723
-0.772575
-0.723467
-0.68031
-0.644887
-0.692152
-0.689716
-0.655925
-0.65321
-0.61786
-0.597332
-0.627904
-0.6243
-0.604983
-0.601861
-0.567762
-0.569627
-0.572049
-0.689676
-0.692062
-0.653138
-0.655696
-0.680545
-0.644988
-0.624227
-0.627719
-0.601863
-0.605015
-0.618048
-0.597617
-0.572151
-0.569928
-0.567967
-0.721338
-0.766278
-0.722224
-0.701576
-0.742442
-0.713732
-0.661113
-0.621449
-0.654204
-0.62881
-0.586309
-0.559149
-0.530551
-0.505984
-0.452543
-0.465596
-0.578095
-0.56385
-0.971644
-0.922983
-0.954182
-1.07833
-0.7585
-0.979683
-0.861785
-0.910225
-0.847269
-0.837597
-0.805122
-0.780926
-0.756514
-0.728856
-0.715887
-0.694945
-0.674723
-0.65601
-0.653996
-0.626765
-0.624427
-0.576992
-0.419431
-0.756883
-0.544811
-0.613208
-0.582991
-0.597152
-0.732623
-0.713115
-0.692732
-0.677204
-0.658669
-0.652426
-0.628151
-0.623306
-0.598176
-0.581988
-0.613956
-0.544058
-0.577427
-0.757198
-0.419468
-0.528637
-0.505015
-0.715524
-0.705567
-0.765241
-0.738013
-0.704749
-0.466083
-0.452608
-0.450217
-0.654225
-1.1945
-0.887265
-0.875081
-0.99664
-0.93775
-0.966435
-0.925691
-0.904587
-0.893461
-0.857602
-0.830117
-0.80959
-0.78219
-0.753311
-0.956523
-0.957185
0.549426
0.546505
0.596977
0.591177
0.600443
0.597505
0.574234
0.594626
0.704648
0.708565
0.681026
0.721789
0.751676
0.755687
0.621314
0.617978
0.639797
0.636617
0.624149
0.661343
0.670011
0.666487
0.709316
0.705473
0.805659
0.80943
0.769236
0.821943
0.866724
0.869364
0.905712
0.907574
0.875557
0.91205
0.931624
0.934327
0.705111
0.753715
0.756497
0.75249
0.810577
0.806564
0.805259
0.825598
0.872578
0.868254
0.913004
0.909679
0.587342
0.579398
0.596341
0.600692
0.589407
0.616876
0.619282
0.635398
0.638118
0.619225
0.646856
0.665482
0.66893
0.835616
0.941477
0.933078
0.566383
0.568344
0.606926
0.599557
0.631975
0.621693
0.660052
0.650385
0.69637
0.686767
0.568983
0.559814
0.553785
0.600172
0.604203
0.62259
0.627893
0.594413
0.617142
0.651546
0.655599
0.688022
0.691473
0.644809
0.680534
0.739955
0.729755
0.789672
0.778033
0.843724
0.829926
0.889204
0.879691
0.887905
0.894967
0.731013
0.7345
0.779154
0.783257
0.72318
0.771653
0.83073
0.836163
0.880438
0.884526
0.824434
0.871815
0.897949
0.892921
0.874125
0.656945
0.596091
0.662365
0.647396
0.679767
0.690206
0.713779
0.732085
0.970024
0.99961
0.92871
0.955572
0.756729
0.779635
0.806997
0.832581
0.858806
0.892037
0.90288
0.926152
0.963724
0.932311
0.99146
0.874151
0.886201
1.19476
0.654893
0.708925
0.722997
0.691644
0.882945
0.852204
0.738298
0.942808
0.910652
0.774422
1.00144
0.972528
0.796095
0.995706
1.01472
0.453497
0.450663
0.505738
0.523411
0.554913
0.83606
0.96116
0.71041
0.699912
0.599581
0.619416
0.576428
0.595318
0.596031
0.59065
0.60347
0.57526
0.596192
0.71441
0.496993
0.549552
0.632919
0.525406
0.681321
0.65022
0.449184
0.447599
0.551854
0.710398
0.694573
0.580626
0.739799
0.721161
0.585118
0.621275
0.610577
0.778738
0.756526
0.645592
0.827552
0.800844
0.661793
0.708249
0.744565
0.76582
0.601049
0.6038
0.598881
0.591825
0.587686
0.593599
0.593485
0.624852
0.6191
0.649225
0.638188
0.615156
0.614234
0.634182
0.633501
0.911848
0.929777
0.934756
0.681849
0.668425
0.722454
0.707657
0.663856
0.663234
0.702498
0.701788
0.586467
0.579496
0.594375
0.599897
0.589343
0.614887
0.618462
0.633731
0.637413
0.61937
0.647009
0.663762
0.668208
0.70266
0.707722
0.681205
0.722027
0.770168
0.754554
0.82272
0.808115
0.749105
0.748314
0.802705
0.801791
0.876029
0.867727
0.911718
0.905911
0.863149
0.862171
0.902237
0.902966
0.934678
0.930074
0.926181
0.749323
0.754653
0.802876
0.808185
0.769541
0.822317
0.863271
0.867837
0.902273
0.906031
0.875883
0.567457
0.569194
0.571033
0.596943
0.617697
0.604721
0.601658
0.627813
0.624176
0.644813
0.680503
0.656027
0.653211
0.692401
0.689852
0.569261
0.559921
0.553879
0.60159
0.604901
0.624215
0.628727
0.594428
0.617256
0.653227
0.656453
0.689814
0.692391
0.644961
0.680704
0.723334
0.771949
0.735724
0.733051
0.784656
0.781395
0.824729
0.871702
0.837575
0.832996
0.885385
0.882167
0.874079
0.892564
0.897383
0.732988
0.735564
0.781341
0.784524
0.723392
0.771901
0.832976
0.837526
0.882185
0.885401
0.824688
0.871748
0.897332
0.892537
0.874052
0.679936
0.690382
0.713952
0.732375
0.756008
0.780703
0.805822
0.834308
0.858488
0.893101
0.902832
0.926251
0.885899
0.654744
1.19341
0.876078
0.987712
0.936949
0.960561
0.756926
0.780122
0.807283
0.833158
0.858886
0.893058
0.903116
0.926774
0.960732
0.936615
0.987518
0.876041
0.886049
1.19366
0.654942
0.465994
0.505592
0.453573
0.451853
0.530389
0.557221
0.766539
0.709479
0.723618
0.585962
0.619778
0.455219
0.451303
0.505883
0.523515
0.555036
0.585279
0.621538
0.663504
0.708222
0.744201
0.766325
0.72375
0.710045
0.702645
0.662081
0.708991
0.744642
0.419081
0.756464
0.576284
0.544394
0.613171
0.582379
0.599425
0.623893
0.626106
0.652897
0.657379
0.677336
0.692069
0.711772
0.733798
0.594952
0.593834
0.601578
0.576579
0.595263
0.714398
0.496713
0.657104
0.596071
0.662584
0.647463
0.617726
0.557848
0.827464
0.875926
0.874509
0.916699
0.91695
0.831755
0.941541
0.940646
0.553485
0.625237
0.622604
0.611693
0.606902
0.628266
0.626902
0.647099
0.661645
0.661292
0.708363
0.710063
0.682672
0.558957
0.566521
0.59071
0.612182
0.610437
0.633143
0.62949
0.623186
0.661842
0.666503
0.662571
0.708615
0.705663
0.758004
0.708723
0.813904
0.758367
0.87678
0.808795
0.917219
0.828188
0.706165
0.755207
0.757626
0.755391
0.812802
0.810997
0.807234
0.941797
0.832666
0.611684
0.60512
0.638576
0.627987
0.663312
0.654311
0.697506
0.688747
0.603714
0.604003
0.62949
0.636022
0.601179
0.65667
0.662691
0.690976
0.696317
0.654814
0.67926
0.739972
0.730058
0.789037
0.777134
0.84278
0.828549
0.888453
0.878408
0.88742
0.894456
0.73094
0.741977
0.776727
0.786927
0.828231
0.841668
0.878211
0.887939
0.894296
0.886985
0.493228
0.501485
0.462645
0.480856
0.64317
0.672073
0.480529
0.463175
1.01551
0.995345
0.796378
0.836864
0.960572
0.707168
0.699419
0.552776
0.515634
0.705455
0.52556
0.624868
0.504033
0.497556
0.465149
0.630251
0.663808
0.663966
0.676508
0.696936
0.724905
0.683635
0.968917
1.00364
0.923604
0.960503
0.959438
0.924555
1.00265
0.969244
0.496558
0.498514
0.45858
0.614642
0.503971
0.548356
0.798391
0.589311
0.6727
0.633383
0.670861
0.720515
0.545851
0.7107
0.744826
0.579963
0.753356
0.781979
0.610716
0.799426
0.828442
0.648272
0.849147
0.877223
0.706112
0.918829
0.94266
0.734631
0.973065
0.997708
0.784052
1.01859
0.997186
0.78915
0.851879
0.883309
0.690279
0.909892
0.94205
0.739364
0.97257
1.00053
0.774982
0.706731
0.838184
0.960088
0.623359
0.661587
0.667539
0.665209
0.708658
0.705876
0.613227
0.60688
0.629884
0.609655
0.604791
0.633437
0.591583
0.434617
0.667412
0.627589
0.708949
0.715765
0.705311
0.753861
0.756253
0.752447
0.810446
0.806352
0.805477
0.825763
0.872779
0.868602
0.913409
0.910462
0.834637
0.941041
0.932833
0.751722
0.750125
0.805541
0.809848
0.772261
0.825636
0.867269
0.86999
0.906722
0.908028
0.877051
0.911961
0.5531
0.623697
0.618667
0.566467
0.590928
0.612077
0.610095
0.634066
0.631695
0.931948
0.934073
0.612115
0.606489
0.63846
0.627538
0.662779
0.652745
0.697024
0.687373
0.607843
0.609486
0.627634
0.640601
0.572213
0.651942
0.659363
0.68732
0.695481
0.739978
0.729935
0.789643
0.778255
0.843786
0.830233
0.889291
0.879821
0.887586
0.894231
0.731039
0.734617
0.779779
0.785138
0.7057
0.778165
0.831357
0.837206
0.880611
0.884743
0.826585
0.872221
0.896864
0.891613
0.873477
0.683708
0.743088
0.705495
0.576772
0.563648
0.494561
0.783134
0.755412
0.615671
0.764694
0.627046
0.851969
0.690265
0.883953
0.910174
0.739008
0.94311
0.972603
0.775229
1.0014
1.01536
0.795532
0.995761
0.836382
0.960958
0.709806
0.698998
0.674384
0.706134
0.752642
0.761181
0.552828
0.525447
0.705408
0.51581
0.62525
0.504203
0.497689
0.465548
0.497667
0.499348
0.459794
0.67112
0.545796
0.72051
0.710878
0.579925
0.744843
0.708798
0.722386
0.587319
0.520956
0.970061
1.00017
0.92779
0.956537
0.729777
0.721923
0.802586
0.796591
0.848584
0.86016
0.893744
0.899212
0.931893
0.962761
0.933404
0.991468
0.875223
0.887375
1.19548
0.655134
0.753419
0.610685
0.782073
0.799475
0.648191
0.828785
0.498248
0.505424
0.468035
0.487319
0.524473
0.474099
0.530369
0.461702
)
;
    }
}


// ************************************************************************* //
