/*--------------------------------*- C++ -*----------------------------------*\
| =========                 |                                                 |
| \\      /  F ield         | OpenFOAM: The Open Source CFD Toolbox           |
|  \\    /   O peration     | Version:  2306                                  |
|   \\  /    A nd           | Website:  www.openfoam.com                      |
|    \\/     M anipulation  |                                                 |
\*---------------------------------------------------------------------------*/
FoamFile
{
    version     2.0;
    format      ascii;
    arch        "LSB;label=32;scalar=64";
    class       volScalarField;
    location    "0.3";
    object      gradTx;
}
// * * * * * * * * * * * * * * * * * * * * * * * * * * * * * * * * * * * * * //

dimensions      [0 -1 0 1 0 0 0];

internalField   nonuniform List<scalar> 
5322
(
-0.243236
0.00818142
0.00938314
0.000466928
-0.000446298
-0.000447949
-0.000268423
-0.000139294
-0.00013283
-0.00023986
-0.000637741
0.00668034
0.010235
-0.14091
-0.00364591
0.246311
-0.193458
-0.00276247
-0.148319
0.0979655
-0.13304
0.119982
-0.126937
0.133738
-0.135958
0.137997
-0.138458
0.152614
-0.150958
0.160919
-0.152754
0.185214
-0.138528
0.2257
0.00808658
0.29822
0.210672
-0.0838114
0.234491
-0.0136208
-0.222437
0.223462
-0.0135364
-0.237713
0.236303
-0.00812795
-0.252656
0.221237
-0.00548481
-0.264956
-0.261964
-0.37899
-0.120789
0.249304
-0.0160989
-0.410276
-0.0119821
0.39136
-0.00471985
-0.391175
-0.00170088
0.381158
-0.00214206
-0.384202
2.90662e-05
0.375577
0.00503542
-0.38048
0.0175543
0.312328
0.0142496
-0.322203
0.365333
-0.377632
0.36348
-0.370212
0.370789
-0.370338
0.421645
-0.305401
0.147858
-0.204956
-0.134409
0.225531
0.0219354
-0.1191
0.153938
-0.418061
-0.149213
0.485296
-0.0212518
0.00767293
0.0139908
0.0687713
0.328201
-0.0732856
-0.00544245
-0.03377
0.158619
-0.370216
-0.370197
0.805043
-0.0333757
0.253368
0.412774
-0.00115319
0.00302999
0.00339542
0.00193784
0.000863197
0.000290566
-0.000108956
-0.000758861
-0.00177189
0.00270051
-0.00094174
-0.0812059
-0.0800146
0.00858105
0.0509217
0.00284
0.0775532
-0.0927727
-0.00695244
-0.021481
0.143839
0.118264
0.0327923
0.0925133
0.0597
0.0453619
0.0993276
0.050036
0.0536881
0.101053
0.0437829
0.0845773
0.114859
0.130174
0.00559632
-0.0954876
0.00520981
0.063715
-0.0772793
-0.0830054
0.0119645
0.0341646
0.0187382
-0.0649572
-0.0714053
0.0134795
0.02113
0.0255077
-0.0704728
-0.0668277
0.0135933
0.0138375
0.0404705
-0.0771972
0.100759
-0.217834
-0.291754
0.253938
-0.299998
-0.0127512
-0.204122
0.00181699
0.198027
-0.0474449
0.234512
0.116218
0.173353
-0.261027
0.101581
-0.224937
0.150997
0.196812
-0.24322
0.00634696
-0.206774
0.185012
0.230262
-0.249079
-0.000239336
-0.208761
0.203221
0.248274
-0.260567
0.00118364
-0.217449
0.21775
0.264476
-0.277155
0.00212864
-0.231414
0.230845
0.281411
-0.299439
0.00281754
-0.250654
0.242578
0.298974
-0.327206
0.00374871
-0.273695
0.251697
0.315941
-0.35612
0.00553181
-0.294282
0.253263
0.315987
-0.0659302
0.151609
-0.367186
-0.37445
0.809601
-0.0299099
-0.0324863
0.0157807
0.0743554
0.326248
-0.0570276
-0.00211907
-0.0645497
0.144709
-0.373888
-0.36807
0.804866
-0.0408327
0.253383
-0.00575645
0.00501479
0.00406908
0.00249209
0.00120878
0.00047214
-1.51959e-05
-0.000696701
-0.00160913
0.00269381
-0.000865485
0.0644822
-0.0715928
0.0713623
-0.064764
0.000137416
0.064814
-0.0612145
-0.000330227
-0.076916
4.71298e-05
-0.0648092
-3.71603e-05
0.0610762
0.00240704
0.0718277
-0.00587238
-0.077673
0.000250123
0.076815
-7.69182e-05
-8.46236e-06
0.1363
-0.23524
0.234981
-0.232374
0.246715
-0.255309
0.271179
-0.275371
0.286041
-0.291779
0.302566
-0.309932
0.322934
-0.330577
0.347132
-0.35265
0.372924
-0.370052
0.393201
-0.215408
0.00478094
0.217693
0.00599921
-0.38338
0.360298
0.00194435
-0.362065
0.344815
0.00128724
-0.337211
0.323574
0.000837439
-0.313929
0.303183
0.000557758
-0.29412
0.285269
0.000516363
-0.277589
0.269412
0.000740364
-0.262017
0.25125
0.00081122
-0.237223
0.000152494
0.23718
-0.251349
-0.00110557
-0.246317
0.232049
-0.000437593
-0.137452
-0.00892888
0.139806
-0.243623
0.237196
-0.252595
0.257848
-0.267153
0.27307
-0.28082
0.289671
-0.297363
0.310232
-0.316563
0.335531
-0.335914
0.363761
-0.347093
0.386087
-0.212467
-0.0474427
0.0915373
0.0111584
-0.358701
0.312469
0.00389913
-0.329889
0.308548
0.000156703
-0.298563
0.288037
-0.000782894
-0.276223
0.268461
-0.000859024
-0.259288
0.253263
-0.00159058
-0.245528
0.242109
-0.00330787
-0.232555
0.2309
-0.0070574
-0.210763
0.191423
0.00403417
-0.0691112
0.117494
0.193316
0.00561136
0.0238969
-0.0353087
0.0993433
-0.306379
0.234496
-0.297179
-0.200119
-0.247556
0.0073307
0.161308
0.178484
-0.254698
0.098186
-0.228432
-0.0171386
0.0120423
-0.092125
0.0078617
-0.00372975
-0.0976175
0.00956317
-0.0160256
-0.231919
-0.251531
0.183099
-0.239891
0.00235461
0.222466
-0.24683
0.243804
-0.258754
0.000120594
0.261448
-0.275707
0.278568
-0.298253
0.00898049
0.295439
-0.324775
0.31022
-0.348524
0.0720222
0.0155911
0.00867323
0.00928207
0.00326035
0.00959797
0.305574
-0.33329
0.00559917
-0.27035
0.231766
0.322584
-0.349827
0.00979079
-0.307274
0.222498
0.44525
-0.048481
0.011985
-0.401863
-0.371703
0.764108
-0.0487981
0.0111175
0.0190532
-0.217762
0.0478767
0.15907
-0.164804
0.0128912
0.159714
-0.144371
0.00169485
0.145639
-0.13856
-0.000501788
0.131107
-0.127021
-0.00353201
0.129947
-0.117008
-0.00796821
0.13194
-0.0890005
-0.0128066
0.152512
0.0576573
0.0425429
-0.0109824
-0.00569575
0.0611152
-0.0267637
0.278781
-0.303137
0.303179
-0.316884
-0.205119
-0.266149
0.00111838
0.198488
0.250364
-0.253904
-7.54408e-05
-0.196628
0.000764394
-0.000228124
0.00184397
-0.000586811
0.00315576
0.015704
0.0142732
0.0248001
-0.0109875
0.0026808
0.108039
0.170792
0.142549
0.0483069
0.21781
0.086361
0.0421494
0.0142513
0.00543224
-0.00865427
-0.00903231
-0.001212
0.00620516
-0.0363267
-6.33436e-05
0.0442232
-0.0406315
0.3234
-0.336744
0.345592
-0.365782
-0.239823
-0.307199
0.00341121
0.220285
0.28716
-0.283793
0.0022492
-0.219166
0.00176355
0.000863247
-0.000155137
-0.00045417
-0.00114077
0.000900843
0.00102823
-0.000102988
0.00318
0.00460252
0.0493322
-0.00047316
-0.000856877
-0.00149942
0.000407144
0.000662996
-0.0061222
0.0141455
-0.163191
-0.000795631
0.00197264
4.96234e-05
-0.00221114
0.255403
4.16045e-05
-0.270997
0.262059
-0.269336
-0.000891415
0.275868
0.000157803
-0.285894
0.277913
-0.284918
-0.000342208
0.292643
0.000367362
-0.302266
0.294886
-0.30239
0.000108638
0.311335
0.000592941
-0.322444
0.315348
-0.322105
0.000600636
0.3328
0.000626421
-0.346341
0.339444
-0.342395
0.00137482
0.355393
-0.000332776
-0.371238
0.364633
-0.357379
0.00218475
0.370616
-0.00317002
-0.389861
0.384357
-0.215946
-0.000328391
0.214336
-0.0136746
-0.0295632
-0.0286833
-0.0334447
-0.390282
0.0928092
0.0770495
-0.0323431
-0.0661875
-0.0299665
-0.406663
0.0873317
-0.118182
-0.185694
-0.0589555
-0.0544375
-0.0613425
-0.0295324
-0.0143765
0.00482341
-0.00489052
-0.0148051
-0.0156092
-0.0104332
-0.0128808
-0.0192186
0.00143276
0.126972
0.148064
0.145294
0.167388
0.207712
0.197784
0.154179
0.1552
0.101466
-0.0901947
0.0290819
-0.0105669
-0.00739822
0.0263969
-0.07863
-0.000211415
-0.000120941
-0.000250024
2.73474e-05
-0.0496914
-0.0566381
-0.0561406
-0.0502897
0.0498739
-0.0422739
0.00158479
0.0564173
-0.0486194
-0.0488095
0.00157384
0.0562025
3.55545e-06
2.25498e-05
3.9172e-05
4.06177e-05
-0.00152186
0.00197139
-0.00100255
-0.000542763
-1.75865e-05
0.000454658
0.0011048
0.00357313
0.00218053
-0.000745595
0.00702612
-0.00296743
0.0437487
-0.0622054
0.375073
-0.399722
0.413506
-0.00756074
-0.120577
-0.0191713
0.0332712
-0.00247907
-0.00361903
0.000702106
-0.0298479
-0.0575408
-0.112457
-0.257532
-0.263872
-0.640139
-0.289598
-0.251545
-0.00749074
-0.0987309
0.0812136
-0.530666
-0.319148
-0.151095
0.237747
0.0190767
0.0116781
-0.247055
0.261002
0.00157861
-0.031354
-0.270851
0.262175
0.000479597
-0.0348378
-0.26434
0.261361
0.00223029
-0.056724
-0.252233
0.186425
-0.151949
0.126866
0.0963772
0.280746
-0.131935
-0.0753873
0.0416192
0.165924
-0.531088
-0.028447
-0.310229
0.279126
0.260644
0.245742
0.309168
0.145565
0.0301368
0.117192
0.17535
0.285621
-0.122962
0.0267652
0.198729
-0.159488
0.000692047
0.162145
-0.153791
-0.00156418
0.146766
-0.14093
-0.000776646
0.13673
-0.131536
-0.000645464
0.128624
-0.126005
-0.00158946
0.118449
-0.128153
-0.00990848
0.0971155
-0.145014
-0.0537733
-0.00171063
-0.193559
-0.119773
0.0699752
-0.191535
0.213681
-0.229472
0.00656703
-0.237732
0.243254
-0.00358949
-0.139647
0.00892364
0.137661
-0.136177
0.000498179
0.000821893
0.000246873
0.000206816
0.000331041
0.000339814
0.000341307
0.000549609
0.001044
-0.00113096
0.00246039
-0.000441869
0.0444543
-0.0465249
-0.000613776
0.000318861
0.00465418
0.00336723
0.209026
0.269099
1.58974e-05
-0.216786
0.217944
0.00221631
-0.230891
0.230424
0.00292294
-0.250945
0.241505
0.00389492
-0.276444
0.249841
0.00554042
-0.301716
-0.00827421
-0.00486098
-0.0553499
-0.0550517
-0.104615
-0.0522542
-0.0279354
-0.0153155
-0.0108916
-0.0140197
-0.0202077
-0.000307435
0.123893
0.143153
0.139086
0.198114
0.118784
-9.67148e-05
-0.0168624
-0.0121214
-0.0102106
-0.0143953
-0.0260403
-0.0496354
-0.0985283
-0.229559
-0.243078
-0.428211
-0.329718
-0.105837
-0.106221
0.217143
0.0247194
-0.0268104
-0.0213614
0.105802
0.00414227
-0.0848253
-0.0811511
0.0838059
-7.6071e-05
-0.0935582
-0.0895096
0.0735218
-0.000238449
-0.116261
-0.110903
0.0359632
-0.151144
0.0987613
0.0957939
0.100194
0.0873253
-0.131526
0.00954424
0.0482227
-0.150304
0.0356224
-0.143622
0.16767
-0.381199
-0.0191967
-0.366858
0.257972
0.268791
0.265912
0.260893
0.25958
0.259433
-0.396981
-0.0226937
-0.358111
0.248381
0.266113
0.24946
0.262701
-0.0190359
-0.381903
-0.379473
0.168083
0.266779
0.239038
0.233592
0.291046
0.281975
0.223896
0.0669196
0.14411
0.0593478
-0.0319457
0.0672409
0.0115524
-0.0491199
0.0472053
0.00303668
-0.0472682
0.0434641
0.00126161
-0.0449954
0.0402215
0.000613952
-0.0410126
0.0392147
0.000205746
-0.0396555
0.0361309
-0.00199945
-0.0394947
0.0329888
-0.00842806
-0.0504006
0.0186982
-0.0390655
-0.0950903
-0.0452922
-0.140481
-0.169303
-0.172629
-0.116231
-0.085357
-0.131316
-0.00553561
0.0961007
-0.0725647
0.00706503
0.0796412
-0.0794176
0.00335737
0.0829984
-0.0851298
-0.00281919
-0.00573299
-0.147889
-0.000476377
-0.240837
0.000290127
-0.240658
0.00131392
0.254698
-0.25851
0.000261566
-0.26046
0.00333986
0.269167
-0.244105
0.000617203
0.249763
0.0016243
-0.25573
0.000785472
0.262914
0.00130282
-0.270509
0.000976109
0.278852
-5.79176e-05
-0.288107
0.00116001
0.297394
-0.000305422
-0.307932
0.00159421
0.318242
-0.0041884
-0.326012
0.00377409
0.337113
-0.00583636
-0.00839329
-0.420596
-0.304188
0.00856099
0.378703
-0.00328062
-0.389717
-0.270419
0.00717981
0.368076
-0.00153851
-0.3627
-0.249288
0.00363601
0.347941
-0.00122594
-0.339273
-0.231916
0.00168244
0.328828
-0.000149284
-0.317974
-0.217457
-3.95217e-05
0.311835
2.30405e-05
-0.299203
-0.20477
-0.00259361
0.299927
0.00156259
-0.275968
-0.191771
-0.00306216
0.29468
0.0063515
-0.233593
-0.165226
0.0153665
0.304911
0.0366422
-0.0260889
0.0702153
-0.120105
-0.194312
-0.00136958
-0.054647
0.00127893
0.166833
-0.0137536
0.00235484
-0.140486
0.000644323
0.241441
-0.236007
-0.00143469
-0.23962
0.00687824
-0.232583
-5.1529e-05
0.237437
0.00560498
0.00195148
0.000566794
0.00277124
0.250461
0.00175969
-0.00211681
-0.061517
-0.000170747
0.066537
-7.67841e-05
0.000221901
0.000302979
-0.0105813
-0.0122348
-0.00877557
-0.0957337
0.00922958
-0.0159422
0.000931456
0.00114975
0.00232708
0.226439
0.186888
0.000527538
-0.000277716
-0.00717352
-0.00886125
0.161556
0.0068902
-0.207909
0.189264
-0.000119664
-0.208472
0.204678
0.00122541
-0.000270757
-0.000202401
0.00141573
-0.000380062
0.000488334
0.00202682
0.000402381
-0.000361448
-0.000205936
0.0016851
-0.000674288
6.49768e-05
0.000831192
-0.205939
0.184372
0.292588
-0.306546
0.310313
-0.319929
-0.00140456
-0.246064
-0.00196094
0.244002
-0.00343456
-0.234718
-0.007205
0.243049
0.0130706
0.0171823
-0.16855
-0.00125211
0.183221
-0.192952
-0.000337219
-0.325084
-0.000743175
0.331575
-0.290885
-2.82897e-05
-0.302495
0.000139017
0.311245
-0.307542
-1.50898e-05
-0.315071
7.86402e-06
0.325152
-0.334474
-0.000308402
-0.329156
-0.000421202
0.33929
-0.350452
-0.00251973
0.358836
-0.365595
-0.00624826
-0.00923042
-0.00196365
-0.000727344
3.57827e-05
0.000254129
0.000414377
0.000894603
0.00167529
-0.00271824
0.000758026
-0.0645335
0.0717451
-0.070902
-0.0662468
0.000662514
0.000411817
-0.00140787
0.00388076
0.0628225
0.000567084
-0.000744323
-0.00583877
0.0076317
-0.00670536
-0.0937545
0.00877255
-0.0201324
0.142654
0.00784016
-0.00672813
-0.00561745
0.0036843
3.74338e-05
0.0481967
0.0488452
-0.00146882
0.0416278
0.0644829
-0.00111091
-0.00140025
-0.00143505
-0.00077175
0.0048192
-0.0748321
0.19364
0.0111364
-0.289212
-0.00190159
0.296123
-0.259919
-0.00124629
-0.272417
-9.39966e-05
-0.273854
-9.96556e-05
-0.280832
0.000653317
0.288258
-0.29569
3.26491e-05
-0.290683
0.000945123
0.299373
-0.308656
0.000291587
0.318496
-0.000169284
0.000115996
0.000348334
0.000760915
0.00117551
0.00156177
9.68303e-05
-3.92283e-05
-0.0015554
-0.00148545
-0.00549049
-0.00700022
-0.00147143
-0.00151682
5.1245e-05
5.87824e-05
0.000219498
0.000127157
0.000260407
0.000244808
0.000302399
0.000351501
0.000384524
0.000338073
0.00172649
0.00215908
-0.00103756
0.00692926
-0.00434396
0.0585904
-0.318123
-0.0823878
0.000619363
-0.0298319
0.14048
-0.142307
-0.453425
-0.167732
-0.00201656
0.0412186
0.000899422
-0.331435
-0.142071
-0.0945602
0.206375
0.0242313
-0.0230422
-0.0398506
0.114588
0.00399314
-0.0789392
-0.0979477
0.0982128
0.00020052
-0.0870607
-0.103069
0.0912052
0.000636979
-0.111864
-0.116842
0.0238842
-0.00662964
0.00110295
0.001327
0.356104
-0.322158
0.00290471
0.322409
-0.0112623
0.00803803
-0.407413
0.00331636
-0.252729
0.267163
-0.000774621
-0.263198
-0.459156
0.383246
-0.0254678
0.0414179
0.149742
0.000449428
0.330764
0.244768
0.275359
-0.355753
0.00637604
-0.301173
0.00598357
-0.333389
0.00934498
-0.319432
0.00587375
-0.321056
0.0102112
-0.342689
0.256561
0.251015
-0.0173976
-0.458168
-0.368307
0.165293
-0.115612
0.149686
0.0847562
0.100433
-0.142001
0.0398527
0.0304179
-0.154828
0.0602094
0.110092
-0.133226
0.213548
-0.114305
0.0180544
-0.121963
0.0206164
-0.132569
-0.103844
0.0196579
-0.00847172
-0.00176048
-0.00113327
-0.000121625
0.000422476
0.000453472
0.000486054
0.000887098
0.00164114
-0.00275293
0.000819036
-0.0421316
0.0498191
0.000368185
0.010034
0.00719788
0.00579953
-0.0722313
-0.00524004
0.0774704
-0.0636785
-0.0348037
0.0785455
-0.0852265
-0.116568
-0.131528
0.0929675
0.0958576
-0.00573504
-0.00806579
-0.0262052
0.00306151
0.0982894
-0.0177957
-0.0229628
-0.0131358
0.0706472
0.0707049
-0.0230766
-0.0176228
0.0906653
-0.0495055
-0.105078
-0.0497722
0.0968277
-0.00928283
-0.00988861
-0.0124283
-0.00306467
0.00147934
0.166623
-0.0140389
0.00645014
-0.000291196
0.000123249
0.000209675
5.10803e-05
-0.000242072
-0.000775114
-0.00170458
-7.04119e-05
-0.00106174
0.000671796
-0.0106478
-0.00372494
0.00731209
-0.016392
-0.00719574
-0.00721986
-0.205436
0.197413
-0.00570818
-0.00458696
0.010596
-0.00593296
-0.00445306
0.0341805
0.0684356
0.0354177
0.232467
-0.114797
0.0179226
0.134557
0.164127
-0.0598895
0.00971321
-0.0022428
0.0106458
-0.00257638
0.00109815
-0.0180691
-0.00289538
0.000367753
0.000118633
-0.00028684
-0.000723989
-0.000421257
-0.00123416
0.000925328
0.00173253
0.000458589
-0.0023215
0.000672192
0.00162586
0.00201585
0.00226474
0.00354889
0.006707
0.00206944
0.00353755
0.00204989
0.000846301
0.000177906
0.000569798
0.000538068
0.00115294
0.00189377
-0.25812
0.23458
-0.240557
0.246341
-0.252239
0.00168368
-0.27262
0.266589
0.00308816
0.00179026
0.00112957
0.000462503
0.252121
0.00154806
-0.00229073
0.0777823
-0.00164046
0.00149691
0.00700908
-0.0115979
0.0826881
0.0649304
-0.0286317
0.0113949
-0.000238916
-0.000101311
0.0423115
-0.00145193
-8.43132e-05
0.0298266
-0.090325
0.0261634
0.000319789
0.010479
0.00766371
0.000817214
-0.00798321
0.00325795
0.00706084
-0.0286912
-0.0263488
0.0829751
-0.0348927
-0.0636096
-0.0117031
0.0782482
-0.00513644
0.00705986
0.00557684
-0.00383811
-0.000183464
0.00158347
0.00557727
-0.00167309
-0.00226442
-0.000269591
1.70432e-05
0.000454037
0.000779131
0.000412692
0.000488285
0.000223159
0.280572
-0.288521
0.259529
-0.267458
0.276007
-0.286173
0.00201321
-0.30781
0.297433
0.0014933
0.000374765
0.000611338
0.000499625
0.00111784
0.000145418
0.000484602
0.000120072
0.000410023
0.000348296
0.000606541
0.000298193
0.000654141
0.00179554
0.00874704
0.0074778
0.0287902
0.00171925
0.000771514
0.000248159
-0.000380874
-0.00160634
-0.000672305
-0.00067713
0.000125803
-0.000118203
-9.13466e-05
0.000230873
0.000262312
0.000237043
-7.53384e-06
-0.000700938
-0.00166145
-0.00175258
-0.000710997
3.40135e-05
0.00010956
0.000187553
0.000288189
0.000386729
0.000646939
0.000545871
0.000551476
0.00115856
0.000985178
0.000580382
0.0015931
0.00331563
0.00128568
0.00175069
0.0472866
-0.00926116
0.00451685
0.00127312
0.00469393
0.103404
-0.00462364
-0.014988
0.0766646
0.0239771
-0.331241
-0.117019
-0.239119
0.220265
-0.152006
-0.162869
0.197685
-0.254605
-0.0137652
-0.0187968
-0.219736
0.194365
-0.00271305
-0.0105112
-0.000942785
0.00388678
0.00540735
0.081481
0.0262683
-0.150514
-0.132221
0.242079
0.0234578
-0.0572632
-0.0169376
0.0985248
0.00301354
-0.1132
-0.073471
0.0743579
-0.000266701
-0.118278
-0.0812985
0.0648034
-0.00092717
0.103209
0.0995449
0.00591087
0.12858
-0.125198
0.000643238
-0.109083
-0.000669709
-0.00234927
-0.000389263
8.05967e-06
0.000194934
0.000199181
0.000163275
0.000123742
4.83641e-05
-0.000617367
-0.00170084
0.00033077
-0.207953
0.203595
0.00124676
-0.216755
0.21812
0.328142
-0.339108
0.348934
-0.365062
-0.000706621
-0.2786
0.00241063
0.269028
-0.00105102
-0.259791
0.000317212
0.254302
-0.00147602
-0.000508537
-0.192608
-0.000585095
0.199386
-0.215781
0.000494681
-0.362942
0.00015722
0.375914
-0.327901
3.24535e-05
-0.341171
0.000430428
-0.348856
-0.000569385
-0.355678
-0.00110193
0.36405
-0.377804
1.14585e-05
0.374246
-0.00101431
-0.368321
0.367318
-0.00110343
-0.368233
0.37219
-0.371936
-0.000165753
0.000367973
0.00172638
0.00139884
0.000703918
0.000250409
-0.000101471
-0.000646246
-0.00117017
-0.000656418
-0.000645776
-0.000204671
9.1935e-05
0.00136736
-0.230493
0.231495
0.00318901
-0.249274
0.243961
0.37246
-0.398935
0.396747
-0.435005
0.0100668
-0.361154
0.0336775
0.305782
0.000989751
-0.308631
0.00945137
0.287811
-0.00347482
0.00254756
-0.216016
0.00316221
0.23583
-0.251024
0.0015624
-0.410822
0.00214639
0.428777
-0.367132
-0.00138838
0.371384
0.00317091
-0.420715
0.245871
-0.000795108
-0.274647
0.242853
-0.267305
0.0123807
-0.0364248
-0.0181937
-0.031234
-0.0545535
0.306719
-0.447044
0.0964347
-0.0795832
-0.0338965
-0.016273
-0.00922008
-0.00669218
-0.00644708
-0.00318938
0.0392809
0.414391
0.207149
-0.107557
0.0725173
0.0368101
0.236785
-0.205527
0.222283
-0.013244
-0.145089
0.00700303
0.263461
-0.249255
-0.000686527
-0.249433
-4.45845e-05
-0.255176
-0.000153251
-0.265295
0.00117516
0.272638
-0.279062
0.000186836
-0.275102
0.00153273
0.283033
0.00108807
0.00070449
0.289891
0.00153963
0.275205
-0.000221266
-0.00165599
-0.00319557
-0.0108995
0.00169902
0.145107
0.0100518
0.0124474
0.0500693
0.0880127
-0.123394
-0.000806687
-0.184625
0.000695773
-0.310607
-0.00151577
0.31432
-0.275974
-0.00042844
-0.286864
1.91009e-05
-0.289868
-5.80071e-06
-0.29677
0.000300657
0.305617
-0.313844
-0.000110484
0.323856
-7.30271e-05
0.000265565
0.305534
-1.98121e-05
4.70216e-05
-0.000424076
-0.00135812
0.268481
-0.00278625
0.24656
0.0147713
0.00678357
0.187573
0.00687485
0.00483832
-0.00154328
0.193972
-5.29253e-05
0.00154525
-0.182387
-0.00115682
-0.203324
3.14071e-05
-0.342122
-0.000290867
0.35185
-0.308183
0.000107699
-0.320845
0.000267364
-0.327428
-0.000191239
-0.335358
-0.000424136
0.345968
-0.357066
-0.000525934
0.364068
-0.000767943
-0.000279153
7.04597e-05
0.000183566
0.000318437
0.000407157
0.000867498
0.00147442
0.0008238
0.000817131
0.000471525
0.00069025
-1.83059e-05
0.000936427
0.00174893
0.000314887
0.000506885
0.000427137
0.000319518
0.000414919
0.000562527
0.00182701
0.000432482
-0.20744
-0.0045481
-0.203185
0.229804
-0.0034219
-0.222898
-0.227997
0.234237
0.219015
-0.00336914
-0.21278
-0.243052
0.248838
-0.219742
-0.00474728
-0.196548
0.217719
0.228996
0.225663
0.220692
-0.00428965
-0.216345
-0.200919
0.000450513
0.223096
-0.00303565
-0.238976
-0.217962
-0.000825192
0.230927
9.47793e-05
-0.257261
-0.2335
-0.239884
-0.245525
-8.59343e-05
0.238347
0.243371
-0.000789592
0.226324
-9.18802e-05
-0.227825
-0.261804
0.259012
-0.000891266
-0.199795
-0.300009
-0.0030994
0.202573
9.51969e-05
-0.187301
-0.276998
-0.0038797
0.206606
0.243442
-0.173295
0.0140257
-0.16844
-0.0068673
-0.170751
0.0138331
-0.167945
-0.00683812
-0.171392
0.014517
-0.171103
0.240498
0.20911
-0.00741191
0.00825469
0.000583332
-0.126585
-0.150923
-0.143006
-0.158573
-0.150982
-0.152186
-0.156222
-0.128966
-0.199336
-0.157094
-0.143564
-0.15049
-0.101624
-0.0437813
-0.0543813
0.0904698
-0.101206
0.238855
0.241505
0.239654
0.240644
0.249431
0.234286
-0.0980155
0.079015
-0.0435975
-0.101714
-0.0546498
0.0983716
-0.00977873
-0.00154795
-0.00154428
-3.09293e-05
0.000891526
0.000146235
-0.00169917
0.255521
0.00218944
-0.257063
-0.263281
-0.243529
-0.280724
0.00196238
0.237572
0.272481
-0.00169002
-0.212132
-0.319792
-0.000271817
0.209312
0.31309
0.000551107
0.0392761
-0.0406738
0.000225125
0.0411393
-0.0433489
0.000771121
0.0441547
-0.0458124
0.00265584
0.0522428
-0.0443195
0.0117484
0.0787968
0.0250367
0.0213905
0.00136944
0.00738767
-0.00284895
0.00436513
-0.0030541
0.00362024
-0.00301256
0.0022153
-0.0012647
-0.0399984
0.300507
0.00163632
0.0360324
-0.0500039
-0.00745515
-0.0117706
-0.0070134
-0.0333298
0.0219565
0.00649825
-0.23453
0.0145347
-0.161983
-0.00753568
0.00855712
0.00190713
-0.101816
-0.17253
-0.16806
-0.140617
-0.0445144
-0.0952905
-0.0383439
-0.0756219
-0.216134
0.0366957
0.30489
0.23283
0.250961
-0.0977704
-0.208504
-0.126012
0.00111139
0.0246122
0.0174304
0.0132931
0.00974036
0.00890556
0.00143014
-0.225832
-0.342408
0.330275
0.220389
-0.00278132
-0.00114839
0.00189498
0.0024121
0.0169484
0.0104852
0.00773158
-0.00375922
-0.00229662
0.288064
0.00369307
-0.260575
-0.301906
-0.240157
-0.370587
0.0025643
0.23506
0.351391
0.00112785
0.0016314
0.00134477
0.000911497
0.00146834
0.00256357
-0.331015
0.296509
-0.307054
-0.00363132
0.00294098
0.00174847
-0.00096227
0.000570154
8.5216e-05
0.317268
0.000583875
0.000279709
0.338646
0.00285926
0.000148813
0.00248018
0.00316369
-0.000912338
4.9126e-05
0.000495168
0.000141247
0.00032727
-4.78936e-05
0.000171751
0.000363692
0.00108435
0.000423665
0.000328836
0.000256864
-0.00033123
-0.000126509
-0.000126523
-0.000466617
6.33912e-05
0.00222389
0.00362699
0.00248118
0.00200765
0.00211717
0.00238118
-0.000743892
-0.000821273
-0.00935545
-0.00271241
0.225288
0.000470779
0.00303208
0.00294449
0.00218117
0.00213559
0.00311735
-0.00141781
-0.000993164
0.00112661
0.00350691
-0.271612
0.254096
0.0073178
-0.288608
-0.00592058
-0.00682188
-0.0544128
-0.0702778
-0.294046
-0.300697
-0.487844
0.122578
0.0447573
0.245568
-0.0872308
0.131522
-0.0147216
-0.149667
0.134954
-0.003304
0.101518
-0.00341294
0.126941
-0.139938
-0.0116917
-0.00366725
-0.00450585
0.00191776
-0.0163218
0.107894
-0.00520734
0.00457782
0.00384293
0.00232539
0.00167602
0.000812041
0.00071205
0.00295988
0.00239982
0.00771535
0.00766284
0.0240748
0.00474532
0.00159161
7.56691e-05
0.222059
-0.231264
0.00109297
-0.386862
0.000928043
0.40354
-0.348873
-0.000350705
-0.361089
0.000425434
0.356963
-0.000204979
5.49903e-05
0.000292862
0.000481481
0.001126
0.004755
0.00152878
0.000771668
0.00041547
0.000171035
0.000114099
0.000135406
0.000136606
0.0001162
0.267876
5.41268e-05
0.276489
4.44714e-05
0.256404
0.243346
0.000974493
0.240358
0.144357
0.00380596
0.00081674
-0.000101975
0.000118257
-0.000438476
0.283556
0.00158189
-0.00229009
0.188218
-0.000922152
0.00115041
-0.00220465
0.20949
-0.000479062
3.22184e-05
-0.203765
0.00075224
0.215505
-0.0022331
0.000186888
0.00188464
0.00142207
7.78861e-05
0.29961
0.000189163
0.299228
0.000192385
0.000654107
0.318345
0.000313542
0.33159
0.00012508
0.00170624
0.339474
-0.00397826
0.236443
-0.00210048
0.00167293
-0.234447
0.00684008
0.249245
-0.0114829
0.00103504
-0.0082042
-0.0331975
-0.0800697
0.00197281
-0.0119032
-0.00514075
0.00366952
0.00342728
0.360723
-0.000275863
-0.00102085
-0.00119702
-0.000507129
-0.00467115
-0.000233145
0.000638128
0.000510499
0.3534
0.337549
-0.000265065
-4.97352e-05
-0.000754258
-0.00154715
-0.00180558
-0.00777587
-0.00282561
-0.00284713
-0.00146674
-0.000549808
0.344154
-0.000960196
-0.000115735
0.000314405
0.00160993
0.000419029
-0.00243828
-0.0101775
-0.00247266
0.00223628
0.00280144
0.00430867
-0.00170122
0.00281248
0.00388483
-0.00691546
0.0314164
0.0668303
-0.0476154
0.33186
0.00676427
-0.0107919
-0.0215646
-0.00735716
0.00264113
0.00674691
0.00998994
0.0163934
0.0239423
0.0255234
0.00184001
0.00993437
0.00983512
-0.199373
-0.101287
-0.208753
-0.102534
0.00120417
0.0164683
0.00167135
0.000163506
0.206091
0.245053
6.21017e-05
0.00182603
0.000823439
0.00158091
0.000898445
0.00183814
-0.00214313
-0.0123038
0.0928954
0.215552
0.00926214
0.000110039
0.000613021
0.00054701
0.000386992
0.000439653
0.000243407
0.000251414
9.30451e-05
0.0009531
0.00171789
0.00175067
0.00255814
-0.000559803
-0.00320262
-0.28323
0.00446536
-0.275809
0.274783
0.00822467
-0.296343
-0.306361
0.282367
0.264329
0.0063181
-0.279105
-0.326543
0.302254
-0.00326393
0.252652
0.373806
0.00338288
-0.000282983
-0.00505355
0.00970531
0.0112711
0.0139481
0.0741611
0.107968
0.179597
0.423454
0.0346486
0.21986
0.325624
-0.0188939
-0.00809703
-0.000911009
0.00540235
-0.00487398
-0.00340002
0.251264
0.269515
0.263407
0.25572
0.00453672
-0.295597
-0.26909
-0.00338517
0.268888
0.00848203
-0.317706
-0.292062
-0.00494594
0.27728
0.295551
0.262947
-0.00440983
-0.00225069
-0.00270088
-0.000601264
0.000271415
0.00151496
0.000312594
0.000275063
-0.000673736
-0.000284265
-0.00298115
0.0287263
-0.00318568
-0.00198718
-0.00470293
-0.00384266
-0.00238402
-0.00405805
-0.00177707
0.0805558
-0.00207102
0.00169434
0.000277708
2.99228e-05
0.00442335
0.00386527
-0.0319243
0.17588
-0.0807831
-0.30439
-0.376449
0.029377
-0.174384
0.0728536
0.0232042
-0.107676
-0.116946
-0.0124353
-0.0186427
0.123088
0.113182
-0.0108661
-0.110454
-0.00205318
0.110472
-0.00050026
0.00134775
-8.53467e-05
0.00122885
0.0033826
0.00352151
0.00235445
0.000648046
0.000509439
-0.0011292
-0.000987115
-9.87168e-05
-0.000797414
-0.000178147
-0.000161878
0.00246816
0.00339272
0.00333021
-0.00238652
0.00452448
0.00667151
-0.00953868
0.345153
-0.0219499
0.0178359
-0.383782
0.00573709
0.00435067
0.035832
0.00421079
0.00831767
0.0257388
-0.00193713
-0.000604154
-0.00232778
0.00693454
0.0710447
-0.00463359
-0.00278661
-0.00150725
0.00171369
-0.184753
0.213526
-0.00683425
0.000987488
-0.00909429
-0.0221623
-0.0249725
-0.00464164
-0.00223379
0.0863139
-0.00236448
-0.00276106
-0.00520439
-0.000903637
-0.00309351
0.0762776
-0.00500921
-0.00268903
0.00697916
0.00543477
-0.000788369
-0.00115682
-0.000764932
-0.00202305
0.00178712
0.00573092
0.00568448
0.00493108
-0.00842327
0.0197338
0.0199549
0.0225003
0.027197
0.354494
0.0438177
0.00311999
-0.00126128
0.00517135
0.00751432
0.00905453
0.0124489
-0.00123484
0.254636
0.213423
-0.000903707
0.000526913
0.000209573
-0.00179511
0.224191
0.267465
0.00223448
-0.275593
-0.250014
0.242272
-0.0017374
0.250045
-0.00249981
0.0106763
0.0178802
-0.000780139
-0.000827242
0.00230973
-0.00247735
0.00704202
0.00285597
-0.00725813
-0.00833177
0.270038
0.2883
0.27713
-0.00886501
-0.00513187
-0.0034599
-0.00239528
-0.00374945
0.281829
0.237474
-0.00250028
0.00107268
0.000786179
-0.000680387
-0.00339957
0.251571
0.294019
-0.00535514
-0.00276243
-0.00317074
-0.00306721
-0.00345628
-0.00821627
-0.0349452
-0.216845
-0.0778235
-0.0138199
0.000634146
0.00334312
-0.00282203
0.00422669
0.00457313
0.00620279
-0.00864812
-0.0168216
0.00772087
-0.0193627
-0.0209209
-0.0112063
0.0194889
0.220507
0.317771
-0.0188848
0.0104882
0.21082
0.319495
0.00975145
0.200825
0.332358
0.15852
0.00168983
-0.00468704
0.306486
-0.00488845
0.0234145
0.117683
0.0193185
0.0430378
0.045621
0.043832
0.0582477
0.0365424
-0.00142817
-0.00525038
0.0441674
-0.021297
-0.00999616
-0.00783794
0.0473434
0.00431006
0.0331428
0.0291756
0.20641
0.174209
0.193241
0.184536
0.189075
0.0404348
0.00650257
-0.00066214
-0.00654812
-0.0808446
-0.26789
-0.265409
-0.00229889
0.0066617
0.165034
0.000126415
0.317506
0.0029263
0.000836032
0.000281757
-0.000143544
-0.0136985
-0.00214909
0.19974
0.293148
0.283311
-0.000144355
-0.0105152
-0.357304
0.000918172
0.00147568
0.000413886
-0.0266358
0.295101
0.00800379
0.00452131
0.00181478
0.00156186
0.0571047
0.000940843
0.207905
-0.239311
-0.0305353
-0.436546
-5.48843e-05
-0.0131143
0.065066
0.000438781
-0.443744
0.254674
0.00191532
0.140589
0.0141352
0.0843827
0.130777
0.0262264
0.0281564
-1.81547e-05
0.000289101
-0.00105322
0.229565
0.00858642
-0.0111705
-0.0161001
-0.00560834
0.00128886
0.000220547
4.72943e-05
0.00014964
0.000191685
-3.17897e-05
-0.000939526
-0.00138468
-0.0127418
-0.00677281
0.237652
0.0195444
-0.387901
0.424266
0.0261867
0.297204
0.00386467
-0.265565
0.276774
0.029991
-0.231807
0.245858
0.00792839
-0.226276
0.226081
0.00562967
-0.213773
0.211762
0.00437873
-0.202155
0.199392
0.00165481
-0.193475
0.187145
-0.00306232
-0.189206
0.17169
-0.0198068
-0.192559
0.124819
-0.089884
-0.239507
-0.0726564
-0.223758
0.0139858
0.146317
-0.147433
0.00840548
0.152985
-0.151363
0.00314982
0.153686
-0.15799
-0.00177642
0.153215
-0.157275
-0.0129941
0.147927
0.155239
0.239506
0.0603713
-0.173237
0.00224685
0.255084
-0.000462774
-0.259888
-0.00111972
0.249284
-0.00150036
-0.251655
-1.21485e-05
0.250238
0.000280548
-0.246425
0.000835758
0.25368
-0.00741365
-0.266405
-0.0115012
0.207883
-0.0364723
0.0477617
0.107846
-0.198805
0.203497
-0.245341
0.233858
-0.246987
0.24729
-0.254986
0.261424
-0.267657
0.278315
-0.283625
0.29565
-0.30463
0.317174
-0.323804
0.347923
-0.30688
0.302866
-0.155633
0.310064
0.385996
0.192954
0.284946
0.211105
0.162885
0.107953
0.0668809
0.190741
0.00652056
0.242608
0.0339342
-0.0011942
-0.0191989
-0.0232957
-0.0192295
-0.00884036
-0.00530266
0.127739
0.0181426
-0.119958
0.111369
0.058814
-0.11203
0.146768
0.198171
0.210949
-0.13405
-0.114487
0.0281777
0.20936
-0.0830739
0.309352
-0.318913
0.334825
-0.005759
0.364872
-0.376801
0.017825
0.232579
-0.0108491
-0.217173
0.37272
-0.374912
0.373976
-0.376685
0.36368
-0.35663
0.342847
-0.33429
0.321428
-0.314444
0.302581
-0.298468
0.286955
-0.285591
0.271112
-0.271975
0.146685
-0.00300908
-0.146024
-0.00372973
0.266501
-0.262945
-0.000897148
0.277568
-0.279875
-0.000730638
0.289622
-0.29577
-0.000559096
0.305277
-0.313979
-0.000333013
0.3248
-0.334716
-0.00040383
0.346129
-0.355116
-0.000812804
0.364515
-0.366712
-0.000568966
0.363198
-0.376618
0.000966209
0.22134
-0.00639731
-0.227301
0.376264
-0.000555934
0.22858
0.00392304
-0.236369
0.383525
-0.37464
0.373271
-0.369769
0.360632
-0.350464
0.339296
-0.327029
0.31091
-0.305847
0.284033
-0.284679
0.271201
-0.272683
0.258948
-0.269876
0.14024
0.0257111
-0.1793
-0.00739117
0.275145
-0.251659
-0.002341
0.240183
-0.250916
-0.000585286
0.253681
-0.253836
-0.00032174
0.285388
-0.337378
0.00771176
0.378656
-0.383615
0.00269725
0.400937
-0.410433
0.00177753
0.424542
-0.429304
3.20306e-05
0.428645
-0.420869
-0.0200158
0.206443
-0.000792341
-0.361912
0.308093
-0.296609
0.264769
-0.00397042
0.178322
-0.371358
-0.0618901
-0.128418
0.153269
0.0639657
-0.301136
0.301088
0.016256
0.425062
0.305043
-0.00841754
-0.377111
-0.225372
0.342875
-0.168765
0.445079
-0.0115286
-0.0144539
0.102542
-0.189683
-0.240535
-0.00675885
-0.0197386
0.122004
-0.0113359
-0.0910723
0.123141
0.127725
-0.0172647
-0.0674098
-0.0275499
0.10698
0.114472
-0.0217698
-0.0393417
-0.0393744
0.114363
0.107412
-0.0216596
-0.0273162
-0.0672469
0.127917
0.124808
-0.0169863
-0.0907566
-0.0108877
-0.130512
0.123028
-0.0190016
-0.00660755
-0.24234
-0.190226
-0.0664924
-0.162492
-0.106571
-0.0877415
-0.169268
-0.0882847
-0.105939
-0.162008
-0.0669573
0.108393
-0.0470942
-0.0339798
0.00215222
0.146165
-0.0216914
0.0270324
0.395696
0.36924
-0.247945
0.318511
0.316047
0.337458
-0.00508558
-0.246313
-0.282383
0.398238
-0.16691
0.367274
0.0221162
-0.0216855
0.15031
0.0108643
0.00236801
0.146756
-0.0217682
0.0265108
0.341848
0.447768
-0.378352
0.428826
0.0152188
0.303671
-0.0144706
-0.300719
0.064416
-0.384805
-0.168768
-0.194236
-0.280383
-0.238858
-0.240348
-0.166914
-0.278727
-0.195511
-0.383847
-0.310134
-0.619305
-0.0659745
-0.0864961
-0.136474
-0.0837563
-0.030231
-0.0291919
-0.029488
-0.00730107
-0.0147428
-0.0292356
-0.273778
0.23234
-0.2691
0.253321
-0.249944
0.239591
-0.00119232
0.225631
-0.239593
-0.00180763
0.00276363
-0.31835
0.283117
0.00548348
0.360338
0.265755
0.00513233
-0.373285
-0.263923
0.280908
0.00446029
0.390411
0.0169298
0.000499381
-0.00136598
-0.00344422
0.0139097
0.309039
-0.0280101
-0.343732
-0.00939929
-0.011289
-0.0168059
-0.00613604
-0.00499821
-0.00557561
-0.0183049
0.00122848
0.00139846
0.0114371
-0.0112872
-0.00314563
-0.378686
-0.00236344
0.37362
-0.366899
0.367877
-0.000272486
-0.371063
0.000188669
0.37341
-0.367937
0.35697
0.000426675
-0.361161
-0.000865361
0.353538
-0.34932
0.336004
0.000583152
-0.340757
-0.00196043
0.331281
-0.327407
0.313411
0.000236545
-0.320117
-0.00188769
0.310848
-0.307236
0.293726
-0.000560307
-0.303021
-0.00167255
0.295349
-0.291112
0.278168
-0.000937654
-0.287349
-0.000231795
0.282658
-0.278568
0.261997
-0.00140563
-0.270244
0.000253303
0.268921
-0.267617
0.14413
-0.00192592
-0.14826
0.00463034
0.00269764
-0.0119268
0.0675931
0.121236
0.21649
0.0276103
0.00951878
-0.190223
-0.0683431
0.0477718
-0.0055917
-0.145385
0.112193
-0.00464414
-0.134618
0.134323
-0.012336
-0.0677239
-0.167592
-0.0739466
0.228317
0.077762
-0.0290612
0.000269953
0.000454065
-0.234511
0.214061
-0.225003
-0.012678
-0.0294578
0.248463
0.00585999
-0.209165
0.0697423
-0.172781
0.298087
0.255064
0.260458
0.000921687
-0.25208
-0.25508
0.261529
0.00623863
0.341312
0.265488
-0.000494983
-0.02285
-0.0143359
-0.00579604
0.0075717
-0.00854036
-0.181727
-0.20762
-0.351124
-0.312786
-0.183338
-0.00731651
0.0134144
0.000199935
-0.00702099
-0.00381407
-0.0121959
0.00678292
0.00628742
-0.0129558
-0.0612916
-0.0635948
-0.242847
0.11242
0.068381
0.00246191
-0.0171546
0.0337986
-0.291246
0.300869
-0.272354
0.161906
0.253314
0.236275
-0.00202584
-0.217649
-0.225864
0.257395
0.000131285
0.234856
-0.0447426
-0.007861
-0.00485305
-0.00126297
-0.00386364
-0.00407177
0.00457388
0.0220489
-0.000412644
-0.00393548
-0.00388039
-0.00192912
-0.000815292
0.00220387
0.000514128
-0.0016663
-0.00414109
-0.00638733
-0.00309565
-0.000206004
-0.000937953
-0.0198546
-0.00633443
-0.023404
0.0406331
0.00484875
-0.0355299
0.0623082
0.296649
-0.0456897
-0.0746363
0.354811
0.229313
-0.407027
0.0774811
0.0282856
-0.00331784
-0.257384
-0.203265
-0.0659664
0.23828
0.24054
0.223199
0.251935
-0.00124554
-0.20086
-0.235051
0.258429
0.000523763
0.230637
-0.0258139
-0.225298
-0.00128694
-0.206003
-0.0304616
0.238946
0.252133
0.000491569
-0.224379
-0.242414
0.258459
0.237514
0.265468
0.00139604
-0.237525
-0.264667
0.275737
0.0021176
0.249502
-0.002774
-0.255417
0.00133701
0.244093
-0.00871429
-0.247144
-0.218632
0.00416801
0.00625933
0.00205896
-0.00160886
-0.344874
-0.255938
0.00317386
0.279309
0.275854
0.267109
0.29061
0.00315732
-0.270084
-0.292795
0.310602
0.0048106
0.289025
-0.00454708
-0.274827
0.00335984
-0.289504
-0.00170594
0.304339
0.293432
0.00489263
-0.299562
-0.277074
-0.00653605
-0.274632
-0.301251
-0.00528464
0.304055
-0.262112
-0.395469
0.397066
-0.376637
0.370558
-0.000185777
0.302645
0.00299723
-0.313462
0.0024943
0.320609
0.00820475
-0.34491
-0.0242701
-0.0293448
0.231005
-0.00126253
-0.243966
0.253211
0.000206441
0.403354
0.000198474
-0.389937
0.341127
2.46827e-05
0.335774
-0.000257775
-0.325376
0.321005
-2.24827e-05
0.311508
-0.000226133
-0.303082
0.306704
3.26988e-05
0.294074
0.000727178
-0.286759
0.329546
0.000153383
0.195648
0.000851823
-0.19633
0.186709
0.000552739
-0.195085
0.292178
-0.249184
0.25333
-0.247599
0.246887
-0.252664
0.243611
-0.288516
0.198789
-0.10408
0.13215
0.0885472
-0.148204
-0.0192158
0.0799335
-0.102251
0.259916
0.0960672
-0.326476
0.00809719
-0.00822461
-0.0134059
-0.0519061
-0.220419
0.0484875
0.00545881
0.0309069
-0.10096
0.22489
0.229187
-0.520304
0.024682
-0.179808
-0.284316
0.00139297
-0.00435379
-0.00382489
-0.0022963
-0.00121362
-0.00059939
-0.000120981
0.000728904
0.00209248
-0.00514092
0.00190591
-0.0657546
0.0803012
-0.0800905
0.0658396
-0.0027369
-0.0893249
0.0767872
0.0759675
-0.00274211
-0.0901804
0.0001759
0.0903178
0.00289404
-0.0754788
0.00173524
-0.0758924
0.0901883
0.00281981
-0.0654578
0.0800135
0.113627
-0.114524
0.103409
0.000829772
-0.104933
0.100775
0.00168901
0.124989
-0.00127824
0.104901
0.00131756
-0.102998
0.00199082
-0.00517114
0.000135217
-0.00886024
-0.130234
-0.000902756
0.129682
-0.00158984
-0.101921
0.0010859
0.00642179
0.0195502
-0.0462225
0.138277
0.00160705
-0.000314688
-0.000960893
-0.00587718
-0.130167
0.000291571
0.0470938
0.0334841
0.00464702
-0.153084
0.0336234
0.0362628
0.0212874
-0.11427
-0.112749
0.0428004
0.026242
-0.138144
0.0885391
0.178705
0.0960029
-0.150683
0.0222369
0.0238426
0.00550006
-0.001358
0.0667659
-0.0790349
0.000217576
5.40702e-06
-0.000483934
-0.000498933
-8.59246e-05
-0.00202955
-0.000941885
-0.00530044
0.0043853
0.000821255
-0.000433175
-0.00102041
-0.00158668
-0.00171319
-0.00100297
0.000267062
0.00126243
0.00173351
-0.0167527
0.190231
-0.0700203
0.0123338
0.167977
0.0847683
0.0750317
-0.0869367
0.395074
0.103681
0.00175368
-0.00899627
-0.0140206
-0.141207
0.134011
-0.125779
-0.0149739
-0.0145891
0.151334
-0.176785
-0.00464902
0.0167643
0.169729
-0.168401
-0.000782679
0.0211726
0.168595
-0.163459
0.000624621
0.0364094
0.167334
-0.110106
0.104047
-0.0720701
-0.0528526
-0.194299
0.106999
0.0814958
-0.00018176
-0.092505
0.356379
0.0225968
0.198135
-0.164926
-0.164463
-0.154047
-0.204856
-0.0963788
-0.0194989
-0.076781
-0.113397
-0.185939
0.0903713
-0.0174523
-0.14087
0.126264
0.000226826
-0.128004
0.136334
0.0019858
-0.130692
0.141687
0.00130206
-0.138119
0.150122
0.00128146
-0.147289
0.16212
0.002657
-0.152183
0.183194
0.0153226
-0.136434
0.225349
0.0847351
0.00896153
0.296534
0.0667777
-0.0481043
-0.462687
-0.0162353
0.238618
0.358608
-0.0350623
0.0729265
0.0124985
-0.0527032
0.0525179
0.00343364
-0.0518074
0.0474567
0.00154573
-0.0483346
0.0447111
0.000905395
-0.0459068
0.0418015
-0.000797036
-0.0477129
0.0360063
-0.0077535
-0.0626945
0.0186549
-0.0277743
-0.105051
0.00108544
-0.217353
-0.159445
-0.185559
0.0163559
0.223975
0.263117
-0.0985281
-0.155891
-0.158667
-0.151823
-0.160447
-0.153922
-0.141658
-0.173815
-0.131755
-0.11731
-0.235508
-0.207879
-0.143908
-0.118135
-0.0336397
-0.0583444
-0.0479164
-0.049151
-0.0529679
-0.0426882
0.0891727
0.00078743
-0.0286922
0.0968067
-0.0204939
-0.0201945
0.096379
-0.025524
-0.0136218
0.0947844
-0.0404198
-0.050965
0.0753757
0.0222341
0.0933793
-0.00242345
0.0814947
-0.00861164
0.0824187
0.0667122
-0.0132376
0.0717841
0.0701154
-0.012832
0.0691155
0.0756795
-0.0135786
0.00564919
-0.000132384
-3.6306e-05
-0.258877
0.235488
-0.000407312
-0.246616
0.0105472
-0.00626677
0.314762
-0.000144564
0.189066
-0.190716
0.00274539
0.179143
0.32271
-0.280163
-0.00249169
0.00965505
-0.237448
0.0825428
-0.0155124
-0.15088
-0.000668611
0.26864
-0.00712908
0.00283826
0.00133453
0.000141065
-0.000535168
-0.000779573
-0.000534932
-0.000321297
0.00100563
0.00209077
0.00441429
-0.0386032
-0.160832
0.150174
0.0167345
0.000862607
-0.000714051
0.00069788
-0.000692432
-0.00107004
-0.00158678
-0.00218994
-0.00349276
0.0266292
0.00145708
-0.00158181
-0.0113368
0.0118305
0.000345338
0.000163635
0.138812
-0.131381
0.00490819
0.00461157
-0.00619103
0.00973015
0.00885589
-0.012034
-0.0212792
-0.0948413
-0.0852895
-0.0024747
-0.0162877
-0.000905641
-0.00147946
-0.00300089
0.00204283
-0.00150483
-0.001417
-0.000738293
-0.000796824
-0.000551988
-0.000163374
-0.000516814
0.00289774
0.00426438
0.00963331
0.00816906
-0.24226
0.0318487
0.0033067
-0.00228798
-0.000427841
0.000517932
-0.00114914
-0.00135439
0.35872
-0.323052
0.316036
-0.305157
0.295086
-0.000578406
0.339146
-0.349737
-0.00221591
-0.00196475
-0.000729858
0.00051926
-0.364286
-0.000291566
0.00642494
-0.121388
0.00586245
-0.00155256
0.00174366
0.00862735
0.00139983
0.000803287
0.000125736
-0.000611668
-0.00117743
-0.00188165
-0.00268915
0.0176548
-0.364584
0.0602317
0.0680111
-0.0331775
0.106224
0.0261437
0.0324812
0.035506
0.0760667
0.156254
0.236897
-0.0060911
0.266838
0.18018
0.11322
0.103172
-0.0531551
-0.0268543
0.0786879
-0.0146021
-0.0312222
-0.0234892
0.0928525
0.040215
-0.118094
-0.0181887
0.0087922
0.0223906
-0.0757816
-0.00466719
0.0468763
0.0599749
-0.0635958
-0.0011181
0.0532969
0.0650424
-0.0582683
-0.000912508
-0.045144
-0.0476056
-0.00106241
-0.0489791
-0.0416844
7.40628e-05
-0.0645694
-0.0633512
-0.00357934
-0.0786998
0.0887149
-0.000302909
0.0691668
0.000874647
0.0720331
0.0507925
0.002135
0.0570131
0.0559625
0.00202542
0.00105857
-0.000810583
-0.0044456
-0.00251884
-0.00131805
-0.000242681
0.000400685
0.000956789
0.00217009
-0.0031291
-0.00393858
-0.264416
-0.39373
0.0059597
0.00923287
0.0195946
-0.281081
-0.00508329
0.333995
0.00841284
0.00235158
7.32957e-05
-0.000103096
-0.000124954
-0.000208087
-0.000467099
-0.000340708
-0.000736999
-0.000569053
-0.000812211
-0.000656426
-0.000650126
-0.0005592
-0.000171878
-0.000430482
0.000155399
-0.000270024
-0.00367416
0.0142161
-0.13781
0.154731
-0.0750524
0.22996
0.218884
-0.519908
0.0428454
0.038985
-0.0953267
0.224026
0.225528
-0.521292
0.0144348
0.0136494
-0.0166033
-0.0108406
-0.00516881
-0.00204265
-0.000297625
-0.00114976
-0.00243541
-0.00413123
-0.00361954
-0.00228541
-0.00470647
0.278908
-0.259463
0.00302446
0.259017
-0.246484
-0.354521
0.348733
-0.334084
0.332679
-0.00102628
0.27031
-0.00124409
-0.273987
-0.000661861
0.284535
0.000792364
-0.291928
-0.00506274
-0.00435395
0.211602
-0.00170679
-0.209777
0.224286
-0.00027857
0.354363
-0.000797704
-0.346826
0.301534
-0.000179387
0.296575
-0.000896398
0.286
3.5262e-05
0.277223
6.00753e-05
-0.271363
0.276173
0.000960631
0.262627
0.00194509
-0.299593
-0.00102801
0.314514
-0.271363
0.278937
0.00159711
-0.318646
0.0010647
0.000769583
0.000918321
7.32793e-05
-5.95495e-05
-0.000203671
-0.000831291
-0.00199087
0.00546126
-0.00152455
0.103125
0.102668
-0.000841102
-0.107552
0.00143485
-0.133534
0.133964
3.2589e-06
-0.133903
0.133536
0.00191817
0.00688218
0.234003
-0.000184265
0.386174
3.62644e-05
0.372362
0.000113546
-0.372601
0.375394
-0.000517624
0.373092
-0.00122156
-0.362757
0.415164
-5.06219e-05
0.249185
0.0012981
-0.238745
0.232557
0.00140127
-0.224662
0.218524
0.00130752
-0.212345
0.20628
0.00114948
-0.202642
0.00224699
0.00264323
0.00277577
0.00227642
0.00326054
0.269718
0.0016385
-0.253287
0.000275267
0.00171768
0.0041007
0.0222095
-0.146604
0.0687213
0.0906421
0.0170299
-0.124575
0.0111287
-0.12291
0.130758
-0.0018163
-0.00687076
0.000209017
0.00726138
0.0203296
0.0250689
-0.0462541
0.138526
0.00156317
0.000543183
0.000498697
0.000119728
0.113949
0.107747
5.7575e-05
1.90951e-05
0.000432033
-0.00828151
-0.102524
-0.00120209
0.000826343
-0.0470708
-0.0339141
0.103293
-0.014229
-0.00153459
-0.000247383
-0.000753508
-0.00227825
-0.0027138
-0.27911
-0.255804
-0.265697
0.264793
0.258102
-0.248243
0.00301965
0.00215449
0.00114973
-0.271473
0.00240441
0.000100834
0.000865653
0.00114769
0.00218154
0.000794924
0.00100913
-4.55783e-05
0.00029802
0.000218697
-0.000134144
0.000142772
0.00161431
-0.000112056
-0.000583023
-0.000331302
-0.000563701
-0.00115358
-0.00139551
-0.00127661
-0.000685163
-0.00308965
-0.00214843
-0.0013399
0.000704145
0.000853457
0.00206723
-0.00603891
0.00840341
0.00233821
0.000107836
8.12281e-05
-3.56603e-05
-0.000144563
-5.63557e-05
-0.000603894
-0.00132123
-0.00553496
-0.0106122
-0.218422
-0.24993
-0.0101619
0.232133
-0.214161
-0.316156
0.322959
-0.300535
0.315426
-0.00949561
0.275726
-0.0264118
-0.244478
-0.00252066
0.265035
-0.00751258
-0.25947
-0.00317427
-0.00687152
0.185546
-0.00498295
-0.194927
0.204694
-0.00171748
0.316368
-0.00321064
-0.3174
0.267984
-0.000696311
0.258849
-0.00192435
-0.259473
6.87456e-05
0.258678
-0.00013926
-0.260235
0.0012809
0.00150967
0.000606137
0.000456691
0.000260191
-0.000147463
-0.000149213
-0.000171979
-0.000689339
-0.00165039
-0.00081112
-0.000659805
-0.000331258
-0.000381731
-0.000408292
-0.328398
0.318262
-0.28541
0.276619
-0.268064
0.26137
-0.000612648
0.299632
-0.307962
-0.000291191
-0.000341793
0.000916159
0.00157992
0.00189702
0.00624335
0.00380509
0.0277956
0.0140643
-0.00874101
0.0218807
-0.13014
-0.103795
0.0444743
-0.0017251
-0.00163349
0.0460839
-0.00679855
0.0472379
-0.000883508
-0.1134
6.29789e-05
2.74644e-05
0.000988476
0.00269215
0.00274601
0.00201201
0.00860774
-0.00862829
-0.223889
0.00977128
-0.00769213
-0.182222
-0.208849
-0.312932
-0.351131
-0.622089
-0.0644253
-0.00631764
0.010072
-0.000763465
-0.0057258
-0.00259331
0.00759014
0.00864779
0.0290758
0.0646968
0.147417
0.261111
0.190015
0.0582298
0.0543768
-0.135365
-0.0175311
0.0131584
0.0114915
-0.0696304
-0.00456806
0.0506865
0.0497354
-0.0546426
-0.0011536
-0.0558558
-0.0491249
-0.00106692
-0.0710453
-0.067867
0.000283348
-0.0885773
0.0904504
9.32649e-05
0.065691
-0.000597096
0.0673301
0.0442838
-0.000215486
-0.00230035
-0.00394533
-0.00247251
-0.00997472
-0.014766
-0.0561843
-0.205456
0.00520267
-0.189979
0.0398802
0.0612063
0.0131887
0.0123386
0.00694961
0.00633005
0.00321854
0.002223
0.0032668
0.00281085
0.00264603
0.00662096
0.00681683
0.019659
0.00645396
0.00372857
-0.00427034
-0.00540585
-0.00348463
0.00245137
0.0157007
0.0257101
0.058733
0.139607
0.23602
0.179031
0.0420529
0.0728841
-0.153299
-0.0180872
0.0310389
0.00727878
-0.0653854
-0.00459161
-0.0818329
-0.0784067
0.002305
-0.0932129
0.0863715
0.00252998
0.0409152
0.00033538
0.00539882
-0.0485769
-0.0334737
0.097678
0.0889704
-0.0324647
0.0880739
0.0696655
0.185096
0.257327
-0.0337502
-0.0503053
-0.0519594
0.00814917
-0.0708574
0.00151576
-0.00416365
-0.00286582
-0.00125885
-0.000543679
-4.19222e-05
-0.000229411
0.000166274
-5.39155e-05
-0.000153497
-0.000267192
-0.000295884
-0.000170523
-0.000227232
-0.000333956
-0.000333532
-0.000682246
0.00361632
0.00626976
-0.0026137
-0.000910178
-0.00208738
-0.00807022
0.0065929
-0.00111303
-0.00177507
-0.000797442
-0.000165909
-8.51288e-05
-0.000278115
-0.000367594
-0.000369964
-0.000353961
-0.000378055
-0.000274528
-0.290232
0.285036
-0.254703
0.249154
0.00476399
-0.000780072
-0.000124008
0.00269814
0.00224219
0.00246564
-0.000823339
-0.00153415
0.00159646
-0.00137193
0.0477439
-0.00362667
0.274825
-0.274945
-0.00102765
-9.0288e-05
-0.000282177
0.000358706
0.00184516
0.00153938
0.00241546
-0.000429426
-0.000910115
-0.00344946
0.300587
0.00843564
0.247605
-0.250588
0.00432467
0.237227
0.287291
-0.301097
-0.249945
0.00449216
0.236672
0.295214
-0.309583
0.308367
0.00874688
0.248416
-0.271579
-0.323504
-0.2716
-0.325992
0.00655865
0.248832
0.306283
-0.0035012
-0.303107
0.0033676
0.238052
0.290652
-0.00259187
-0.282842
0.00150411
0.225742
0.274731
0.225187
0.272332
0.00195111
-0.23287
-0.28078
-0.00257864
-0.232472
0.00220545
0.224056
0.280046
-0.28897
-0.00265262
0.226316
0.3533
0.00358865
-0.237984
-0.00339985
0.239753
0.37301
0.00737408
-0.258256
-0.33245
0.310633
0.0112124
0.255397
-0.00481753
0.305054
0.0101611
0.250845
-0.00498645
0.315803
0.00710753
0.251096
-0.270953
-0.402867
-0.00385393
0.381551
-0.00340156
-0.250721
-0.374927
-0.00292167
0.359145
-0.00264574
-0.350411
-0.0027524
0.338573
-0.00202633
-0.217839
4.37465e-06
0.214953
0.260942
-0.26515
-0.00198544
-0.217225
-7.1208e-05
0.214421
0.259104
-0.262555
-0.0020463
-0.217742
0.000505656
0.212668
0.266773
-0.270492
-0.00208297
0.213191
0.334557
0.00163674
-0.222051
-0.343539
-0.00183239
-0.00069558
-0.0028454
0.00501059
-0.00248579
0.00609495
0.00380217
0.0240836
0.0445527
0.117474
0.0598777
0.147412
0.0663416
0.223793
0.269036
0.280099
-0.35924
-0.393185
-0.0171255
0.240671
0.269775
0.00829376
-0.357654
-0.30097
-0.347661
-0.29859
-0.352201
-0.296498
-0.434472
-0.00816047
0.400541
-0.00392543
-0.00212937
-0.0085565
-0.00825438
-0.00215996
-0.00165306
0.00172025
0.00139301
0.000641883
0.000508336
0.000125186
1.99397e-05
-0.000107799
0.00207336
0.243205
-0.23052
0.0011313
-0.000559835
-0.00305092
-0.00419592
-0.00505877
-0.00899547
-0.0228304
0.224445
-0.198474
-0.00285672
0.213465
0.0103403
0.0102568
0.039352
-0.182977
0.0502444
0.0471041
0.189384
0.201403
0.320731
-0.125606
-0.0393675
-0.1668
0.0448688
-0.101097
0.040861
-0.011882
-0.02708
0.0226121
-0.00279783
-0.00484099
-0.00582952
-0.00488091
-0.00206421
0.00211021
-0.00236711
-0.141627
0.141204
0.00265164
0.000458312
-0.000609812
0.00359542
0.00161781
-0.000591368
0.0062808
-0.034033
0.00234011
-0.00602706
-0.00326851
-0.00179086
-0.000702226
-0.00183547
-0.00281619
-0.00465354
-0.00531397
-0.0684498
0.00141142
0.00802688
-0.00025484
-0.0521089
-0.000204386
-0.00247255
-0.00240361
-0.000141305
-0.0189499
-0.000931563
-0.000988411
-0.0048928
-0.00487072
0.015562
-0.116644
0.16401
0.166781
-0.00443557
-0.00282514
-0.0017895
-0.000928774
-0.000387216
-0.00152862
-0.00290871
-0.00548446
-0.193854
0.199799
-0.00164248
0.290911
-0.00574754
-0.26295
-0.00637192
-0.00368698
-0.280354
-0.000307753
0.279527
-0.00144717
0.270277
-0.276305
-0.00165927
-0.00027334
-0.000106366
2.62555e-05
0.000171929
0.000431209
0.00124523
0.00154544
0.0132039
-0.00983007
0.208711
-0.0194703
-0.423801
0.387754
-0.00162526
0.379342
-0.000206529
0.372556
5.48343e-05
0.372582
-0.000496423
-0.361632
0.365443
-0.000167662
0.353263
-0.000589403
0.390871
-7.90726e-05
-0.379143
0.367438
9.15944e-07
-0.356191
0.346801
6.40982e-05
-0.336223
0.00037275
-0.000132244
0.311579
0.00020827
-0.302886
8.36859e-05
-0.000101655
-0.000288223
-0.000754884
-0.00137698
-0.000292007
0.00844896
-0.379377
0.00170186
0.377951
-3.64274e-05
0.433389
0.00301986
-0.428875
-0.00154015
-0.00144901
-0.000337228
0.000860655
0.233692
0.000133661
-0.386123
0.384858
-0.234163
-0.233726
-3.59293e-05
0.000273467
-0.000916563
-0.384661
0.000134527
0.00127452
0.432415
-8.42556e-05
-0.432778
0.375668
0.000624839
0.3786
0.000201514
0.361397
6.24733e-05
0.353569
-0.000435416
-0.341848
0.345722
4.01775e-06
0.331568
-0.000149013
-0.321439
1.65472e-05
-0.31575
0.325274
-0.321591
0.331795
-0.000317345
-0.336362
-0.000433124
-0.00049341
-0.358681
-0.000557902
-0.378814
0.000156541
9.37376e-05
0.000127858
0.00118852
0.427993
0.000972492
-0.414357
0.3622
0.000283053
0.358291
1.70253e-05
0.341438
2.42821e-05
-0.332091
-0.000117111
-4.84537e-05
9.58364e-06
0.000780378
-0.000858733
-0.000953726
-0.00272539
0.005447
0.0034052
0.00241225
0.00154958
-0.000268602
0.000800734
0.000164612
0.000945257
-0.000204987
-0.000143702
-5.42575e-06
-0.000363553
-0.00022433
-0.00112577
-0.000592686
-0.00048196
-0.00061382
-0.000680895
-0.00169337
-0.00103494
-0.00056483
-0.000495412
-0.000213545
-0.000204623
-0.000294719
-0.000403977
-0.00049785
-0.000538658
-0.00078806
-0.00202639
-0.00145794
-0.00263082
-0.00122466
-0.000359777
0.00583007
0.00379679
0.00347754
0.00446971
-0.000895668
-0.000352792
-0.000345138
-0.000117354
0.00112005
0.000421889
0.00036277
-0.000108772
-2.97311e-05
-0.000203248
-0.000197178
-0.000338627
-0.000937534
0.00250516
0.0018822
-0.000399067
-0.000282465
-0.000774089
-0.000360114
-0.000214319
-0.000163847
-1.40024e-05
-0.000181714
0.00136258
0.000624247
0.000480123
-0.233348
-0.0038877
0.0050779
-0.00274336
-0.0144023
0.00640648
0.181281
0.315797
0.235268
0.259213
0.237028
0.19095
0.315047
0.256163
0.240058
0.238503
0.178619
0.0871348
0.100501
-0.137528
0.16698
-0.362958
-0.391838
-0.0185943
0.226036
0.275662
0.00623559
-0.0200385
0.00655074
0.193897
0.329429
0.156511
0.33012
0.00625535
-0.0105886
0.00928425
0.250353
0.383805
-0.425705
-0.292266
-0.0173069
-0.0220424
-0.00864546
-0.00419273
-0.00123283
0.00505411
0.00669683
0.00441992
-0.00308584
0.00166624
-0.00637291
0.320655
0.000528236
0.200973
-0.200433
-0.252176
-0.00178231
0.203792
0.257428
0.000604407
-0.229004
-0.00223927
0.200307
0.253806
-0.00605667
0.0103457
0.000450495
-0.0468367
-0.0765628
-0.0230579
-0.00946311
0.00398656
0.00591187
-0.00147784
-0.00278837
-0.00369147
-0.00528185
-0.00746193
0.00253411
0.00614714
0.00785704
0.011533
0.00139643
0.00199127
-0.187373
-0.224359
-0.00393666
0.203921
0.2436
-0.00661454
-0.157258
-0.187229
0.0145201
0.223015
0.255501
-0.101355
0.0932765
-0.0293299
0.0125749
0.00781804
0.0042454
0.00978299
-0.128081
0.126092
-0.00329011
0.000154172
-0.0155984
0.00107754
-0.0103797
-0.0278531
0.000312222
-0.0142599
0.000852693
0.000419178
0.00101363
-0.00385187
-0.00428508
0.00112875
0.000207858
0.00143154
-0.000691792
-0.00790141
0.005419
-0.00102638
9.51272e-05
0.000785245
0.000109643
-0.00120104
-0.20386
-0.244869
-0.00299927
0.206459
0.24921
0.000146933
-0.182387
-0.231361
-0.00211429
0.205151
0.245193
-0.00606569
-0.198612
0.0193741
0.2185
0.262922
-0.101838
0.0924404
-0.0304344
9.16093e-05
-0.000204418
-0.000492287
0.00133676
0.00158412
0.00169692
5.33467e-05
0.0138094
0.0121822
0.000526122
-0.0268436
0.00770875
0.00978937
0.00672106
-0.103238
-0.103446
-0.00723765
0.0067281
0.000407206
0.00203402
0.0050757
0.00770099
-0.0917772
0.0787606
-0.101187
0.293278
-0.000282519
-0.255049
0.013197
0.301389
0.00887911
-0.293971
0.00377044
0.308235
0.00261695
-0.31186
0.00149605
0.321303
-0.00112513
-0.32961
0.000539746
-0.00289267
0.00792597
0.00680402
0.00273665
-0.00760147
-0.0215311
0.00528125
-0.0202604
0.296025
-0.0251357
0.215147
0.00871939
0.382798
0.0148809
-0.450782
-0.0640595
0.0623269
-0.308441
0.372901
0.138523
-0.181453
0.016573
0.0279102
0.363053
-0.208719
0.000239081
0.0189891
0.0296229
0.00985689
0.0302074
0.0078358
0.00113335
-0.00089483
-0.341979
-0.404594
-0.00050772
-0.000118291
-0.00045152
-0.000903069
-0.00193854
0.00135594
6.78516e-06
-0.28052
0.000279888
0.290833
-0.28698
0.293475
-8.77881e-05
-0.297414
-0.000204595
-0.000339615
0.000124417
0.000203131
0.000212613
-0.000117454
0.000417138
-0.353229
-0.000795037
-0.00760838
-0.0137662
-0.0165857
0.181139
-0.00340576
0.265739
-0.00285087
-0.270472
-0.00317807
-0.00281217
-0.00700423
0.225334
-0.00110584
0.238515
0.000129738
0.37752
-0.000308226
-0.366664
0.320336
-9.34919e-05
0.314994
-0.000508105
0.302305
-2.50108e-05
-0.294098
-0.000931321
-0.00170747
0.334467
-0.00163119
-0.331327
0.284814
-0.294836
-0.291304
-0.205563
-0.000926793
0.212595
-0.200507
0.197894
-0.00301579
-0.217887
-0.00231774
-0.00201057
-0.00479464
-0.00435638
-0.0022429
-0.00152687
-0.00203532
-0.223576
-0.249583
0.000415179
0.000311506
-0.000205132
-0.00271795
-0.00104546
-0.00129173
-0.00573612
0.178816
-0.00768504
-0.180633
0.182845
-0.0134336
-0.175193
0.0184418
0.00896309
0.0180926
0.0336759
-0.219279
0.308232
-0.0705085
0.00384374
-1.69899e-05
0.00467001
0.0152492
0.0455897
-0.0140317
-0.0047691
-0.00557638
-0.00305215
-0.000959082
0.000320874
0.00014562
6.35469e-05
-0.000533606
-0.000682003
-0.311761
-0.000103871
-0.331546
-0.00030748
-0.306999
-0.311943
-0.00238775
-0.0013686
-0.00551135
6.43159e-05
0.00248359
0.000703679
0.000296499
0.00291058
0.00263082
0.0113043
-0.00103573
-0.0122351
-0.00728963
0.000885879
-0.000491847
-0.00797491
-0.051478
0.00487974
-0.23245
-0.00867799
-0.275732
-0.297827
-0.0260111
0.308663
-0.371986
-0.138038
-0.087887
-0.0831661
-0.0279318
-0.130936
-0.0614389
-0.362797
-0.000184724
-0.0295474
-0.030037
0.15509
-0.311185
-0.345685
-0.353739
-2.52067e-05
0.000443991
0.000272058
0.00164176
0.000541182
-0.000246138
0.00547883
0.00120016
-0.00312516
0.00139546
0.00663699
0.00165224
0.000546875
-0.00020575
0.207128
0.250652
-0.00212281
-0.202302
-0.00112969
-0.00166295
0.00961783
0.00954388
-0.00250066
-0.00338701
-0.00506895
-0.00881592
-0.0085026
-0.00764456
-0.0105018
0.353448
0.623254
0.0642957
0.00473712
0.00338463
-0.00539283
-0.00490113
-0.00328447
-0.00238154
-0.000928243
-0.00107416
-0.248968
-0.201535
-0.00107269
0.0152409
0.0219508
0.0168081
-0.00542848
-0.0164623
-0.116498
-0.277006
-0.202887
-0.143166
-0.196749
-0.13892
0.0100714
0.0104958
0.00211393
0.0135683
0.0187289
0.000798193
0.000424322
-0.127961
-0.19817
-0.225711
-0.118478
0.00340118
0.000334509
-0.182539
0.00677705
0.00683316
0.00702767
0.00612927
0.0069247
0.00548198
0.00264091
0.00327636
-0.0395367
-0.414696
-0.0582502
-0.0152807
-0.00273689
-0.00751953
-0.141274
-0.00875707
-0.00869671
-0.148208
-0.00496602
0.000615085
0.000352509
-0.000124218
0.010025
0.0250034
0.0885937
0.168945
-0.335646
-0.407842
0.167229
-0.350697
-0.109127
-0.0146418
-0.00238032
0.00135723
0.00194836
0.00204227
0.00334935
0.0141273
0.0835609
0.131531
0.0146104
-0.102943
-0.432955
0.00541072
-0.1089
-0.0127214
-0.20964
-0.323393
-0.00231316
-0.000612775
-0.00109264
-0.305374
-0.00372747
0.00145265
-0.00831895
-0.00534003
-0.00294914
-0.394513
-0.00389342
0.164787
0.00039973
-0.277987
-0.372637
-0.365381
-0.373059
-0.375298
-0.377875
-0.372322
-0.375903
-0.237341
-0.000803067
0.000978056
-0.10241
0.0215585
-0.10678
-0.127429
-0.00198779
-0.367425
-0.00103505
-0.000813205
-0.000251947
0.147431
-0.14773
-0.134746
0.148968
0.0017876
0.108966
0.00281132
-0.000416475
0.00145657
0.0210522
0.0353203
-0.304569
-0.00348468
-0.217927
-0.0264624
)
;

boundaryField
{
    face
    {
        type            calculated;
        value           nonuniform List<scalar> 
217
(
0.0331428
-0.00999616
-0.00366725
0.00431006
-0.00525038
-0.021297
-0.00520439
-0.0249725
-0.00464164
0.00388678
0.0766646
-0.000942785
0.0412186
0.0239771
0.000899422
-0.0105112
-0.00201656
-0.00450585
0.0232042
-0.107676
0.00191776
0.0728536
0.00540735
0.081481
0.029377
0.0262683
-0.00142817
0.0365424
-0.0221623
-0.00405805
-0.00909429
-0.00238402
0.0582477
0.000987488
-0.00384266
0.0473434
-0.000903637
0.0441674
-0.00309351
-0.00276106
-0.0186427
-0.00223379
-0.0163218
-0.174384
-0.150514
0.0430378
-0.00278661
0.045621
-0.00150725
0.043832
0.00171369
-0.00177707
-0.014988
-0.00198718
-0.0137652
-0.152006
-0.162869
-0.00470293
-0.0187968
-0.167732
0.20641
0.149686
0.213548
0.0291756
-0.114305
0.12858
-0.00783794
-0.125198
0.126941
-0.0116917
-0.139938
0.174209
0.100433
0.0847562
0.193241
0.0957939
0.0987613
-0.331241
-0.331435
-0.00271305
-0.0298319
0.134954
-0.0105152
-0.149667
0.131522
-0.0124353
-0.116946
0.122578
-0.487844
-0.30439
-0.329718
0.184536
0.0873253
0.100194
0.189075
0.0963772
0.126866
0.280746
-0.131935
-0.00683425
-0.00570818
-0.265409
-0.0807831
-0.132221
-0.105837
-0.0753873
0.213526
-0.184753
0.197413
-0.106221
-0.117019
-0.0945602
-0.142071
-0.205436
0.194365
-0.219736
0.14048
-0.151095
-0.142307
-0.319148
0.00726138
-0.0339141
0.0203296
0.00236801
0.0250689
0.0108643
0.00464702
0.0334841
-0.0192295
-0.000314688
-0.00884036
-0.000960893
0.0339342
-0.00687076
0.000209017
-0.0011942
-0.00679855
-0.0191989
0.000498697
-0.0232957
0.000543183
0.0195502
0.00215222
0.00642179
-0.0339798
0.0472379
-0.000883508
0.0460839
-0.00163349
0.000826343
-0.0470708
0.00156317
-0.0462541
0.0444743
-0.0017251
0.0470938
0.000291571
0.00160705
-0.0462225
0.0010859
-0.0470942
0.133536
0.00191817
-0.130512
0.123028
-0.0190016
-0.00660755
-0.190226
-0.24234
-0.0664924
-0.106571
-0.162492
-0.0877415
-0.0882847
-0.169268
0.100501
0.0871348
0.178619
0.146768
0.210949
0.198171
-0.114487
0.0281777
0.127739
-0.121388
-0.00530266
0.124989
-0.130167
-0.00587718
0.00652056
0.190741
0.242608
0.0189891
-0.12291
0.130758
-0.0018163
-0.133534
0.133964
3.2589e-06
-0.133903
0.0668809
0.107953
0.162885
0.0885391
0.0960029
0.178705
-0.105939
-0.0669573
-0.162008
0.129682
-0.130234
-0.000902756
0.122004
-0.189683
-0.00675885
-0.240535
-0.0197386
)
;
    }
    outlet
    {
        type            calculated;
        value           nonuniform List<scalar> 
217
(
-0.00583877
0.0076317
-0.0105813
-0.00670536
-0.0122348
-0.00877557
0.00306151
-0.00806579
0.010034
-0.000250024
0.00719788
-0.000120941
-0.00798321
0.00766371
0.000817214
0.00325795
0.00706084
0.010479
0.000302979
0.0113949
-0.000238916
-0.0105669
-0.00372975
-0.00739822
0.0078617
-0.0263488
0.000221901
-0.0286912
0.000319789
-0.000744323
0.0261634
-8.43132e-05
0.0298266
-0.0286317
0.000368185
-0.0262052
0.000438781
-0.000101311
0.0290819
-0.000211415
0.0263969
-0.0851298
-0.00281919
0.0775532
-0.0927727
-0.00695244
-0.021481
0.118264
0.143839
0.0327923
0.0597
0.0925133
0.0453619
0.050036
0.0993276
-0.0543813
-0.0437813
-0.101624
-0.0852265
-0.131528
-0.116568
0.0958576
-0.00573504
-0.0722313
0.0777823
0.00579953
-0.076916
0.076815
-7.69182e-05
-0.131316
-0.085357
-0.116231
-0.00553561
0.0961007
-0.0725647
0.00706503
0.0796412
-0.0794176
0.00335737
0.0829984
-0.0435975
-0.0546498
-0.101714
-0.0495055
-0.0497722
-0.105078
0.0536881
0.0437829
0.101053
-0.077673
0.0718277
-0.00587238
-0.0954876
0.0845773
0.130174
0.114859
0.00559632
-0.00723765
0.0067281
0.000407206
0.00770875
0.00978937
0.0121822
0.00133676
0.0138094
0.00158412
-0.00488091
-0.0503053
-0.00206421
-0.0312222
-0.0337502
-0.0234892
0.00211021
-0.0146021
-0.00279783
-0.02708
0.0226121
-0.00484099
-0.0485769
-0.00582952
-0.0519594
-0.0334737
-0.0324647
0.00672106
-0.0103797
0.0125749
0.00169692
0.00781804
0.00161781
0.00107754
0.0042454
0.00359542
-0.0268436
0.000526122
-0.0304344
9.16093e-05
-0.000492287
0.00539882
-0.000204418
0.00814917
0.097678
0.0889704
-0.0293299
5.33467e-05
-0.0278531
0.000312222
-0.0155984
0.000154172
-0.00025484
0.00802688
-0.000591368
0.0062808
0.0880739
0.0928525
-0.000609812
0.000458312
0.0786879
-0.143908
-0.118135
0.0222341
0.00770099
0.0933793
-0.0786998
0.0050757
0.0887149
-0.0885773
0.00203402
0.0904504
-0.0917772
-0.0583444
-0.0336397
0.0814958
-0.128081
0.126092
-0.131381
0.0543768
0.0696655
0.040215
0.11322
0.138812
-0.141627
0.141204
-0.141207
0.103172
0.134011
-0.0268543
-0.103446
-0.049151
-0.0479164
0.185096
0.18018
-0.00236711
-0.0140206
-0.0932129
-0.000803067
0.0863715
-0.101097
-0.011882
0.040861
-0.125606
0.320731
0.179031
0.190015
-0.103238
-0.0426882
-0.0529679
-0.1089
-0.0528526
-0.0720701
-0.194299
0.106999
0.00978299
0.00490819
0.166781
0.0420529
0.0728841
0.0582298
)
;
    }
    wall
    {
        type            calculated;
        value           nonuniform List<scalar> 
1558
(
0.00226474
0.00201585
-0.000775114
0.000338073
-0.000242072
0.000384524
-0.0106478
0.0585904
0.000671796
-0.00434396
0.00215908
-0.00103756
0.00172649
-0.000745595
0.001044
-0.00113096
0.00162586
0.000672192
5.10803e-05
0.000351501
0.000209675
0.000339814
-0.0023215
0.00147934
0.000123249
0.000331041
-0.000291196
0.000206816
0.166623
0.00645014
0.000246873
0.000549609
-0.00114077
0.000341307
-0.000102988
0.000407144
0.00315576
0.000662996
-0.000795631
-0.0598895
0.0106458
-0.00257638
0.00971321
0.00354889
-0.0022428
-0.00106174
-0.00170458
-7.04119e-05
-0.0061222
-0.163191
0.0178359
0.00435067
0.006707
0.00206944
0.00256357
0.00146834
0.00134477
0.000911497
0.00109815
-0.0180691
0.00353755
-0.00289538
0.00204989
0.000367753
0.000846301
0.000118633
0.000918172
0.000569798
0.00115294
0.000538068
0.00189377
0.000925328
0.000458589
0.00173253
-0.0140389
0.000821893
0.000177906
-0.00028684
-0.000421257
-0.000723989
-0.00123416
-0.00149942
-0.00221114
4.96234e-05
-0.00105322
0.0141455
-0.117008
0.129947
0.00318
-0.0890005
0.13194
0.015704
0.00561136
0.152512
0.0576573
0.134557
0.17535
0.285621
0.0684356
0.164127
0.0341805
-0.00593296
-0.00445306
0.010596
-0.016392
-0.00458696
-0.122962
0.0267652
0.198729
-0.159488
0.000692047
0.162145
-0.00892888
0.117494
0.193316
0.0699752
-0.139647
0.137661
-0.136177
-0.153791
-0.00156418
0.146766
-0.14093
-0.000776646
0.13673
0.00731209
-0.0295632
-0.00372494
-0.0286833
-0.390282
-0.0823878
0.000619363
-0.318123
-0.217762
0.0770495
-0.0323431
-0.164804
0.15907
0.00692926
-0.144371
0.159714
0.00702612
-0.13856
0.145639
0.00246039
-0.131536
-0.000645464
0.128624
-0.126005
-0.00158946
0.118449
-0.128153
-0.00990848
0.0971155
-0.145014
-0.0537733
-0.00171063
-0.193559
-0.119773
0.00892364
-8.46236e-06
-0.127021
0.131107
0.000900843
0.1363
-0.137452
0.139806
-0.0691112
0
0
0
0
0
0
0
0
0
0
0
0
0
0
0
0
0
0
0
0
0
0
0
0
0
0
0
0
0
0
0
0
0
0
0
0
0
0
0
0
0
0
0
0
0
0
0
0
0
0
0
0
0
0
0
0
0
0
0
0
0
0
0
0
0
0
0
0
0
0
0
0
0
0
0
0
0
0
0
0
0
0
0
0
0
0
0
0
0
0
0
0
0
0
0
0
0
0
0
0
0
0
0
0
0
0
0
0
0
0
0
0
0
0
0
0
0
0
0
0
0
0
0
0
0
0
0
0
0
0
0
0
0
0
0
0
0
0
0
0
0
0
0
0
0
0
0
0
0
0
0
0
0
0
0
0
0
0
0
0
0
0
0
0
0
0
0
0
0
0
0
0
0
0
0
0
0
0
0
0
0
0
0
0
0
0
0
0
-0.243236
0.00818142
-0.00691546
-0.00777587
0.00388483
-0.00180558
0.00938314
0.00430867
0.000466928
-0.00154715
-0.000446298
-0.000754258
0.0500693
-0.0108995
0.0100518
0.00280144
0.00223628
-0.000447949
-0.000265065
-0.000268423
-4.97352e-05
-0.000507129
-0.0119032
-0.00119702
-0.0331975
-0.0800697
-0.00102085
-0.0082042
-0.000275863
0.00103504
-0.0181937
-0.00210048
0.00012508
0.00188464
0.000192385
0.00142207
0.000186888
-0.000479062
0.00160993
0.000419029
-0.000139294
-1.98121e-05
-0.00013283
-0.000144355
-0.00243828
0.00127893
-0.00023986
-0.000221266
-0.000637741
-0.000101975
0.166833
0.00668034
0.00081674
4.70216e-05
0.00115041
-0.000424076
0.00158189
-0.000922152
-5.29253e-05
-0.00165599
0.00483832
-0.00319557
0.0147713
0.00687485
0.0314164
-0.00282561
0.00281248
-0.00284713
-0.00170122
-0.00146674
-0.000960196
-0.000549808
-0.000115735
-7.30271e-05
-0.00467115
-0.00514075
0.00197281
-0.000233145
0.00366952
0.000638128
0.00342728
-0.0364248
-0.0114829
0.000510499
0.00170624
0.000313542
0.000654107
-0.00397826
-0.0022331
0.000314405
0.000265565
0.00108807
0.00070449
0.00195148
0.00153963
0.000566794
0.00277124
-0.0137536
0.00235484
0.000189163
7.78861e-05
0.000118257
-0.000438476
-0.00220465
-0.00229009
5.41268e-05
-0.00135812
4.44714e-05
-0.00278625
-0.00154328
0.00678357
0.000974493
0.00169902
0.0124474
-0.237713
0.236303
-0.252656
0.221237
-0.264956
-0.261964
-0.37899
0.147858
-0.267305
0.242853
-0.234447
0.23583
-0.216016
0.215505
-0.203765
0.0702153
-0.14091
0.140589
-0.140486
0.199386
-0.192608
0.188218
-0.182387
0.183221
-0.16855
0.187573
-0.123394
0.144357
-0.147889
0.145107
-0.145089
0.236785
0.222283
0.0725173
0.29822
0.210672
0.00808658
0.0843827
0.2257
-0.0136208
-0.0135364
-0.138528
0.0141352
0.185214
-0.152754
0.0029263
0.160919
0.0880127
-0.00573299
-0.013244
-0.150958
0.000836032
0.152614
-0.138458
0.000281757
0.137997
-0.00812795
-0.00548481
-0.204956
-0.031234
0.00167293
0.00254756
3.22184e-05
-0.135958
-0.000143544
0.133738
-0.126937
-0.00247266
0.119982
-0.13304
-0.0101775
0.0979655
-0.148319
-0.054647
-0.00136958
-0.194312
-0.120105
0.010235
0.00380596
-0.000508537
0.00154525
0.0171823
-0.0838114
0.234491
-0.222437
0.223462
0
0
0
0
0
0
0
0
0
0
0
0
0
0
0
0
0
0
0
0
0
0
0
0
0
0
0
0
0
0
0
0
0
0
0
0
0
0
0
0
0
0
0
0
0
0
0
0
0
0
0
0
0
0
0
0
0
0
0
0
0
0
0
0
0
0
0
0
0
0
0
0
0
0
0
0
0
0
0
0
0
0
0
0
0
0
0
0
0
0
0
0
0
0
0
0
0
0
0
0
0
0
0
0
0
0
0
0
0
0
0
0
0
0
0
0
0
0
0
0
0
0
0
0
0
0
0
0
0
0
0
0
0
0
0
0
0
0
0
0
0
0
0
0
0
0
0
0
0
0
0
0
0
0
0
0
0
0
0
0
0
0
0
0
0
0
0
0
0
0
0
0
0
0
0
0
0
0
0
0
0
0
0
0
0
0
0
0
0
0
0
0
0
0
0
0
0
0
0
0
0
0
0
0
0
0
0
0
0
0
0
0
0
0
0
0
0
0
0
0
0
0
0
0
0
0
0
0
0
0
0
0
0
0
0
0
0
0
0
0
0
0
0
0
0
0
0
0
0
0
0
0
0
0
0
0
0
0
0
0
0
0
0
0
0
0
0
0
0
0
0
0
0
0
0
0
0
0
0
0
0
0
0
0
0
0
0
0
0
0
0
0
0
0
0
0
0
0
0
0
0
0
0
0
0
0
0
0
0
0
0
0
0
0
0
0
0
0
0
0
0
0
0
0
0
0
0
0
0
0
0
0
0
0
0
0
0
0
0
0
0
0
0
0
0
0
0
0
0
0
0
0
0
0
0
0
0
0
0
0
0
0
0
0
0
0
0
0
0
0
0
0
0
0
0
0
0
0
0
0
0
0
0
0
0
0
0
0
0
0
0
0
0
0
0
0
0
0
0
0
0
0
0
0
0
0
0
0
0
0
0
0
0
0
0
0
0
0
0
0
0
-0.0111705
-0.051478
-0.0161001
0.0113043
0.00248359
0.00263082
6.43159e-05
-0.00797491
-0.00560834
-0.000491847
-0.00193854
0.00128886
0.000320874
0.000220547
0.00014562
-0.0831661
0.0132039
-0.0295474
0.00135723
-0.000903069
0.00194836
-0.00045152
4.72943e-05
6.35469e-05
0.00014964
0.000124417
-0.00551135
-0.0047691
-0.00305215
0.0152492
0.0455897
-0.000959082
0.00467001
-0.00027334
-1.69899e-05
0.00896309
-0.00129173
-0.000106366
-0.000205132
2.62555e-05
0.000311506
-0.00271795
-0.00201057
0.00204227
-0.000118291
0.00334935
0.00113335
0.000191685
0.000203131
-3.17897e-05
0.000212613
0.0141273
0.0078358
0.0835609
0.0302074
-0.000939526
0.000156541
-0.00138468
9.37376e-05
0.0296229
-0.0127418
0.000273467
0.000171929
0.000415179
0.000431209
-0.000795037
-0.00152687
-0.00281217
0.00124523
-0.00760838
0.00154544
-0.030037
-0.0137662
-0.0122351
-0.00103573
0.000703679
-0.00728963
0.000885879
0.00291058
0.000296499
0.00135594
6.78516e-06
0.00224699
0.00264323
0.00037275
-0.000204595
-0.000132244
-0.000339615
-0.0013686
-0.00557638
-0.0140317
-0.00238775
-0.00637192
-0.00165927
-0.00368698
0.0184418
0.00384374
-0.000931321
-0.00170747
-0.000533606
-0.000682003
-0.00104546
-0.00231774
0.00277577
0.00227642
-0.00050772
-0.000433124
-0.00089483
-0.00049341
0.00326054
0.016573
-0.00154015
-0.000557902
-0.00144901
-0.000337228
0.0279102
0.00985689
0.000860655
-0.00030748
-0.000103871
-0.000117454
0.000417138
-0.0022429
-0.00203532
0.000127858
0.00118852
0.000134527
0.00127452
-0.00317807
-0.0165857
-0.000916563
-0.00983007
-0.0279318
-0.194927
0.185546
-0.200507
0.197894
0.211762
-0.213773
0.226081
-0.226276
0.245858
-0.231807
0.276774
-0.181453
0.372901
0.131531
0.363053
-0.208719
0.237652
-0.234163
0.233692
-0.209777
0.211602
-0.223576
0.225334
-0.243966
0.231005
-0.275732
0.181139
-0.233726
0.234003
-0.237341
0.208711
-0.371986
-0.362797
-0.130936
0.0139858
-0.089884
0.00840548
0.00314982
-0.0198068
-0.00306232
-0.138038
0.00688218
-0.000184724
0.00165481
0.00437873
-0.00177642
-0.0129941
0.13215
0.0180926
-0.00573612
-0.00687152
-0.00479464
0.00562967
0.00792839
0.029991
0.138523
0.000239081
-0.00677281
-3.59293e-05
-0.00435395
-0.00700423
-0.0293448
-0.0726564
-0.223758
-0.239507
0.146317
-0.147433
0.152985
-0.151363
0.124819
-0.192559
0.17169
-0.189206
0.187145
-0.193475
0.199392
-0.202155
0.153686
-0.15799
0.153215
-0.157275
0.147927
0.155239
0.239506
-0.10408
0.182845
-0.180633
0.178816
0
0
0
0
0
0
0
0
0
0
0
0
0
0
0
0
0
0
0
0
0
0
0
0
0
0
0
0
0
0
0
0
0
0
0
0
0
0
0
0
0
0
0
0
0
0
0
0
0
0
0
0
0
0
0
0
0
0
0
0
0
0
0
0
0
0
0
0
0
0
0
0
0
0
0
0
0
0
0
0
0
0
0
0
0
0
0
0
0
0
0
0
0
0
0
0
0
0
0
0
0
0
0
0
0
0
0
0
0
0
0
0
0
0
0
0
0
0
0
0
0
0
0
0
0
0
0
0
0
0
0
0
0
0
0
0
0
0
0
0
0
0
0
0
0
0
0
0
0
0
0
0
0
0
0
0
0
0
0
0
0
0
0
0
0
0
0
0
0
0
0
0
0
0
0
0
0.00224219
0.00246564
0.000141065
-0.00100297
-0.000535168
-0.00171319
0.00145708
0.0266292
-0.0869367
0.00173351
-0.0167527
-0.000206004
-0.000937953
0.190231
-0.00309565
-0.00386364
-0.00638733
0.0220489
0.00289774
0.00426438
-0.000779573
-0.00158668
-0.000534932
-0.00102041
0.00963331
0.00816906
0.000821255
-0.000433175
0.0043853
-8.59246e-05
-0.24226
-0.00530044
-0.00202955
-0.00414109
-0.000412644
-0.0016663
-0.00192912
-0.00393548
-0.00499821
0.000514128
-0.00730107
0.00139846
-0.029488
-0.0147428
-0.0837563
0.0477439
-0.00300089
0.00204283
-0.00137193
0.00159646
0.00283826
0.00126243
0.00133453
0.000267062
0.0114371
-0.0291919
-0.00712908
-0.001417
-0.00362667
-0.000738293
-0.00153415
-0.000796824
-0.000823339
-0.000551988
-0.00150483
-0.00349276
-0.00158678
-0.00218994
0.0750317
-0.00107004
-0.000692432
-0.000714051
0.00069788
-0.000516814
-0.000163374
-0.000813205
-0.000321297
-0.00135439
-0.00114914
0.0033067
-0.00228798
0.0318487
-0.000941885
0.000862607
0.00441429
0.00100563
0.00209077
-0.0386032
-0.00388039
0.000517932
0.00220387
-0.000427841
0.00122848
-0.00557561
-0.0183049
-0.00314563
-0.0112872
-0.030231
0.0477718
0.112193
-0.145385
-0.0198546
0.0123338
-0.0700203
0.134323
-0.134618
-0.00407177
-0.0677239
0.150174
0.150122
0.00128146
-0.147289
0.16212
0.002657
-0.152183
0.183194
0.0153226
-0.136434
0.225349
0.0847351
0.00896153
0.296534
0.20936
-0.0108491
-0.00639731
-0.012678
-0.00613604
-0.0292356
-0.136474
-0.0852895
-0.113397
-0.185939
-0.0212792
-0.0948413
-0.012034
0.00973015
0.00885589
-0.00619103
0.0118305
0.00461157
0.0903713
-0.0174523
-0.14087
0.126264
0.000226826
-0.128004
0.00392304
-0.000792341
0.0276103
0.0847683
-0.0830739
0.232579
-0.217173
0.22134
-0.0739466
-0.160832
0.214061
-0.225003
0.225631
-0.239593
0.23234
-0.273778
0.178322
-0.227301
0.22858
-0.236369
0.206443
-0.371358
-0.361912
-0.128418
0.136334
0.0019858
-0.130692
0.141687
0.00130206
-0.138119
-0.0113368
0.00269764
-0.00158181
-0.0119268
0.00175368
-0.00899627
0.103681
0.395074
)
;
    }
}


// ************************************************************************* //
